0.35
ahs
0;1
2
-0.600496;0.007402;-2.904781;0.661318;1.294583;1.653345;1
108;4
3;0.23066789;0.22467148;0.22732534
0.171746;0.471946;1.653345;0.0;0.3329;0.943;0.030411;0.613546;1.603358;0.0;0.3329;0.943;-0.110924;0.471946;1.653345;0.0;0.3329;0.943
36;-1;0;0
0.452378;0.259877;-1.234902;0.8749;0.4662;-0.1313;0.030411;1.294583;-0.373381;0.8749;0.4662;-0.1313;0.661318;0.165305;-0.178804;0.8749;0.4662;-0.1313;-0.391556;0.213997;1.016081;-0.8626;0.4996;0.08;0.030411;0.903518;1.259756;-0.8626;0.4996;0.08;0.030411;0.984757;0.752673;-0.8626;0.4996;0.08;0.030411;1.294583;-0.373381;-0.8544;0.5011;0.1379;-0.600496;0.165305;-0.178804;-0.8544;0.5011;0.1379;0.030411;0.984757;0.752673;-0.8544;0.5011;0.1379;-0.391556;0.259877;-1.234902;-0.5523;0.3016;-0.7771;0.030411;1.032355;-1.234967;-0.5523;0.3016;-0.7771;0.030411;0.606189;-1.400383;-0.5523;0.3016;-0.7771;0.030411;0.984757;0.752673;0.8544;0.5011;0.1379;0.661318;0.165305;-0.178804;0.8544;0.5011;0.1379;0.030411;1.294583;-0.373381;0.8544;0.5011;0.1379;0.452378;0.259877;-1.234902;0.8684;0.4744;-0.1444;0.030411;1.032355;-1.234967;0.8684;0.4744;-0.1444;0.030411;1.294583;-0.373381;0.8684;0.4744;-0.1444;-0.391556;0.259877;-1.234902;-0.8749;0.4662;-0.1313;-0.600496;0.165305;-0.178804;-0.8749;0.4662;-0.1313;0.030411;1.294583;-0.373381;-0.8749;0.4662;-0.1313;-0.391556;0.259877;-1.234902;-0.8684;0.4744;-0.1444;0.030411;1.294583;-0.373381;-0.8684;0.4744;-0.1444;0.030411;1.032355;-1.234967;-0.8684;0.4744;-0.1444;0.452378;0.259877;-1.234902;0.5523;0.3016;-0.7771;0.030411;0.606189;-1.400383;0.5523;0.3016;-0.7771;0.030411;1.032355;-1.234967;0.5523;0.3016;-0.7771;0.030411;0.984757;0.752673;0.8509;0.5096;0.128;0.452378;0.213997;1.016081;0.8509;0.5096;0.128;0.661318;0.165305;-0.178804;0.8509;0.5096;0.128;-0.600496;0.165305;-0.178804;-0.8509;0.5096;0.128;-0.391556;0.213997;1.016081;-0.8509;0.5096;0.128;0.030411;0.984757;0.752673;-0.8509;0.5096;0.128;0.452378;0.213997;1.016081;0.8626;0.4996;0.08;0.030411;0.984757;0.752673;0.8626;0.4996;0.08;0.030411;0.903518;1.259756;0.8626;0.4996;0.08
51;0.90354544;0.7646337;0.61880165
0.661318;0.165305;-0.178804;-0.0;-0.9992;0.0407;0.452378;0.213997;1.016081;-0.0;-0.9992;0.0407;-0.600496;0.165305;-0.178804;-0.0;-0.9992;0.0407;0.452378;0.259877;-1.234902;0.0;-0.4311;-0.9023;-0.391556;0.259877;-1.234902;0.0;-0.4311;-0.9023;0.030411;0.606189;-1.400383;0.0;-0.4311;-0.9023;0.661318;0.165305;-0.178804;-0.0;-0.996;-0.0892;-0.600496;0.165305;-0.178804;-0.0;-0.996;-0.0892;-0.391556;0.259877;-1.234902;-0.0;-0.996;-0.0892;0.030411;0.903518;1.259756;-0.4735;0.6731;0.5681;-0.110924;0.471946;1.653345;-0.4735;0.6731;0.5681;0.030411;0.613546;1.603358;-0.4735;0.6731;0.5681;0.452378;0.213997;1.016081;-0.0;-0.9269;0.3752;-0.110924;0.471946;1.653345;-0.0;-0.9269;0.3752;-0.391556;0.213997;1.016081;-0.0;-0.9269;0.3752;0.452378;0.213997;1.016081;0.8658;0.461;0.1946;0.030411;0.903518;1.259756;0.8658;0.461;0.1946;0.171746;0.471946;1.653345;0.8658;0.461;0.1946;0.171746;0.471946;1.653345;0.4735;0.6731;0.5681;0.030411;0.903518;1.259756;0.4735;0.6731;0.5681;0.030411;0.613546;1.603358;0.4735;0.6731;0.5681;-0.391556;0.259877;-1.234902;-0.0;-0.996;-0.0892;0.452378;0.259877;-1.234902;-0.0;-0.996;-0.0892;0.661318;0.165305;-0.178804;-0.0;-0.996;-0.0892;-0.391556;0.213997;1.016081;-0.8658;0.461;0.1946;-0.110924;0.471946;1.653345;-0.8658;0.461;0.1946;0.030411;0.903518;1.259756;-0.8658;0.461;0.1946;0.452378;0.213997;1.016081;-0.0;-0.9992;0.0407;-0.391556;0.213997;1.016081;-0.0;-0.9992;0.0407;-0.600496;0.165305;-0.178804;-0.0;-0.9992;0.0407;0.452378;0.213997;1.016081;-0.0;-0.9269;0.3752;0.171746;0.471946;1.653345;-0.0;-0.9269;0.3752;-0.110924;0.471946;1.653345;-0.0;-0.9269;0.3752;0.011622;0.007402;0.990455;-0.5156;0.5138;0.6856;0.011622;0.907276;0.316075;-0.5156;0.5138;0.6856;-0.283897;0.007402;0.768206;-0.5156;0.5138;0.6856;0.307142;0.007402;-0.791277;0.5491;0.4068;0.7301;0.011622;0.963239;-1.101637;0.5491;0.4068;0.7301;0.011622;0.007402;-0.569028;0.5491;0.4068;0.7301;-0.283897;0.007402;0.768206;0.0;-0.449;-0.8936;0.011622;0.907276;0.316075;0.0;-0.449;-0.8936;0.307142;0.007402;0.768206;0.0;-0.449;-0.8936;-0.283897;0.007402;-0.791277;0.0;-0.3088;-0.9511;0.011622;0.963239;-1.101637;0.0;-0.3088;-0.9511;0.307142;0.007402;-0.791277;0.0;-0.3088;-0.9511;0.307142;0.007402;0.768206;0.5156;0.5138;0.6856;0.011622;0.907276;0.316075;0.5156;0.5138;0.6856;0.011622;0.007402;0.990455;0.5156;0.5138;0.6856;0.011622;0.007402;-0.569028;-0.5491;0.4068;0.7301;0.011622;0.963239;-1.101637;-0.5491;0.4068;0.7301;-0.283897;0.007402;-0.791277;-0.5491;0.4068;0.7301
18;0.34371763;0.34371763;0.34371763
0.010584;0.927597;-2.438548;0.4727;0.8434;0.2555;0.010584;0.549913;-1.191653;0.4727;0.8434;0.2555;0.432552;0.711864;-2.50703;0.4727;0.8434;0.2555;0.432552;0.711864;-2.50703;-0.0;-0.9925;-0.1222;0.010584;0.549913;-1.191653;-0.0;-0.9925;-0.1222;-0.411383;0.711864;-2.50703;-0.0;-0.9925;-0.1222;-0.411383;0.711864;-2.50703;-0.4727;0.8434;0.2555;0.010584;0.549913;-1.191653;-0.4727;0.8434;0.2555;0.010584;0.927597;-2.438548;-0.4727;0.8434;0.2555;-0.411383;0.711864;-2.50703;-0.4526;0.8915;-0.0197;0.010584;0.927597;-2.438548;-0.4526;0.8915;-0.0197;0.010584;0.917283;-2.904781;-0.4526;0.8915;-0.0197;0.432552;0.711864;-2.50703;0.0;-0.8885;-0.4589;-0.411383;0.711864;-2.50703;0.0;-0.8885;-0.4589;0.010584;0.917283;-2.904781;0.0;-0.8885;-0.4589;0.010584;0.927597;-2.438548;0.4526;0.8915;-0.0197;0.432552;0.711864;-2.50703;0.4526;0.8915;-0.0197;0.010584;0.917283;-2.904781;0.4526;0.8915;-0.0197
-1.573545;0.034022;-6.077888;1.573545;2.868427;3.363388;2
210;5
78;-1;0;0
0.0;2.117119;-2.552903;0.6058;0.6729;-0.4245;1.573545;1.565408;-1.181668;0.6058;0.6729;-0.4245;0.84592;1.355455;-2.552902;0.6058;0.6729;-0.4245;-1.573545;1.565408;-1.181669;-0.6669;0.6955;0.2674;-1.0E-6;2.015271;1.572872;-0.6669;0.6955;0.2674;-0.0;2.868427;-0.646427;-0.6669;0.6955;0.2674;-1.573545;1.565408;-1.181669;-0.6058;0.6729;-0.4245;0.0;2.117119;-2.552903;-0.6058;0.6729;-0.4245;-0.845919;1.355455;-2.552903;-0.6058;0.6729;-0.4245;0.0;2.117119;-2.552903;0.2875;0.3193;-0.903;0.84592;1.355455;-2.552902;0.2875;0.3193;-0.903;0.0;1.302889;-2.840775;0.2875;0.3193;-0.903;0.936966;1.279626;1.626651;0.6166;0.7753;0.1368;-1.0E-6;1.858128;2.571304;0.6166;0.7753;0.1368;0.806088;1.233286;2.47919;0.6166;0.7753;0.1368;-1.0E-6;2.015271;1.572872;0.5956;0.7743;0.2138;0.936966;1.279626;1.626651;0.5956;0.7743;0.2138;1.573545;1.565408;-1.181668;0.5956;0.7743;0.2138;-0.936968;1.279626;1.62665;-0.6084;0.784;0.1234;-1.0E-6;1.858128;2.571304;-0.6084;0.784;0.1234;-1.0E-6;2.015271;1.572872;-0.6084;0.784;0.1234;0.0;2.117119;-2.552903;0.5424;0.7816;-0.308;-0.0;2.868427;-0.646427;0.5424;0.7816;-0.308;1.573545;1.565408;-1.181668;0.5424;0.7816;-0.308;-0.936968;1.279626;1.62665;-0.5956;0.7743;0.2138;-1.0E-6;2.015271;1.572872;-0.5956;0.7743;0.2138;-1.573545;1.565408;-1.181669;-0.5956;0.7743;0.2138;-1.573545;1.565408;-1.181669;-0.5424;0.7816;-0.308;-0.0;2.868427;-0.646427;-0.5424;0.7816;-0.308;0.0;2.117119;-2.552903;-0.5424;0.7816;-0.308;0.936966;1.279626;1.626651;0.6084;0.784;0.1234;-1.0E-6;2.015271;1.572872;0.6084;0.784;0.1234;-1.0E-6;1.858128;2.571304;0.6084;0.784;0.1234;1.573545;1.565408;-1.181668;0.6669;0.6955;0.2674;-0.0;2.868427;-0.646427;0.6669;0.6955;0.2674;-1.0E-6;2.015271;1.572872;0.6669;0.6955;0.2674;-0.936968;1.279626;1.62665;-0.6166;0.7753;0.1368;-0.80609;1.233285;2.479189;-0.6166;0.7753;0.1368;-1.0E-6;1.858128;2.571304;-0.6166;0.7753;0.1368;-0.845919;1.355455;-2.552903;-0.2875;0.3193;-0.903;0.0;2.117119;-2.552903;-0.2875;0.3193;-0.903;0.0;1.302889;-2.840775;-0.2875;0.3193;-0.903;-1.14588;0.047117;1.624463;-0.662;0.5867;0.4665;-0.881893;0.034022;2.015547;-0.662;0.5867;0.4665;-0.153431;2.377124;0.102246;-0.662;0.5867;0.4665;0.862027;0.034022;2.015547;-0.8066;0.2123;0.5516;0.133565;2.237284;0.102246;-0.8066;0.2123;0.5516;0.598041;0.047118;1.624463;-0.8066;0.2123;0.5516;-0.617907;0.047118;1.624463;0.0;-0.5469;-0.8372;-1.14588;0.047117;1.624463;0.0;-0.5469;-0.8372;-0.153431;2.377124;0.102246;0.0;-0.5469;-0.8372;0.598041;0.047118;1.624463;0.0;-0.5707;-0.8211;0.133565;2.237284;0.102246;0.0;-0.5707;-0.8211;1.126014;0.047118;1.624463;0.0;-0.5707;-0.8211;-0.881893;0.034022;2.015547;0.809;0.1999;0.5528;-0.617907;0.047118;1.624463;0.809;0.1999;0.5528;-0.153431;2.377124;0.102246;0.809;0.1999;0.5528;1.126014;0.047118;1.624463;0.6467;0.6107;0.457;0.133565;2.237284;0.102246;0.6467;0.6107;0.457;0.862027;0.034022;2.015547;0.6467;0.6107;0.457;-1.14588;0.052749;-1.627159;-0.7192;0.4807;0.5016;-0.881893;0.039653;-1.236075;-0.7192;0.4807;0.5016;-0.153431;2.055626;-2.123532;-0.7192;0.4807;0.5016;0.862027;0.039653;-1.236075;-0.8283;-0.0581;0.5572;0.133565;1.915786;-2.123532;-0.8283;-0.0581;0.5572;0.598041;0.052749;-1.627159;-0.8283;-0.0581;0.5572;-0.617907;0.052749;-1.627159;0.0;-0.2406;-0.9706;-1.14588;0.052749;-1.627159;0.0;-0.2406;-0.9706;-0.153431;2.055626;-2.123532;0.0;-0.2406;-0.9706;0.598041;0.052749;-1.627159;0.0;-0.2575;-0.9663;0.133565;1.915786;-2.123532;0.0;-0.2575;-0.9663;1.126014;0.052749;-1.627159;0.0;-0.2575;-0.9663;-0.881893;0.039653;-1.236075;0.8285;-0.054;0.5574;-0.617907;0.052749;-1.627159;0.8285;-0.054;0.5574;-0.153431;2.055626;-2.123532;0.8285;-0.054;0.5574;1.126014;0.052749;-1.627159;0.7061;0.5077;0.4936;0.133565;1.915786;-2.123532;0.7061;0.5077;0.4936;0.862027;0.039653;-1.236075;0.7061;0.5077;0.4936
63;0.34371763;0.34371763;0.34371763
-0.737342;1.300366;-3.859289;-0.0;-0.9993;-0.0379;0.74472;1.35687;-5.349489;-0.0;-0.9993;-0.0379;0.737342;1.300365;-3.85929;-0.0;-0.9993;-0.0379;0.0;1.551209;-3.859289;-0.4025;0.9116;0.0831;-0.263138;1.322185;-2.620847;-0.4025;0.9116;0.0831;0.0;1.438361;-2.620847;-0.4025;0.9116;0.0831;-0.744721;1.35687;-5.349488;-0.3187;0.9463;-0.0544;-0.0;1.607714;-5.349488;-0.3187;0.9463;-0.0544;-0.0;1.565876;-6.077888;-0.3187;0.9463;-0.0544;-0.737342;1.300366;-3.859289;0.0;-0.9998;0.0176;0.263139;1.322185;-2.620847;0.0;-0.9998;0.0176;-0.263138;1.322185;-2.620847;0.0;-0.9998;0.0176;0.0;1.551209;-3.859289;0.319;0.9471;0.0359;0.74472;1.35687;-5.349489;0.319;0.9471;0.0359;-0.0;1.607714;-5.349488;0.319;0.9471;0.0359;0.0;1.551209;-3.859289;-0.3218;0.9461;0.0375;-0.744721;1.35687;-5.349488;-0.3218;0.9461;0.0375;-0.737342;1.300366;-3.859289;-0.3218;0.9461;0.0375;0.263139;1.322185;-2.620847;0.4025;0.9116;0.0831;0.0;1.551209;-3.859289;0.4025;0.9116;0.0831;0.0;1.438361;-2.620847;0.4025;0.9116;0.0831;0.74472;1.35687;-5.349489;-0.0;-0.9612;-0.2758;-0.744721;1.35687;-5.349488;-0.0;-0.9612;-0.2758;-0.0;1.565876;-6.077888;-0.0;-0.9612;-0.2758;-0.0;1.607714;-5.349488;0.3187;0.9463;-0.0544;0.74472;1.35687;-5.349489;0.3187;0.9463;-0.0544;-0.0;1.565876;-6.077888;0.3187;0.9463;-0.0544;-0.301054;1.643172;2.009056;0.1972;0.4354;-0.8784;-0.51551;1.905915;2.091146;0.1972;0.4354;-0.8784;-0.104322;1.807149;2.134507;0.1972;0.4354;-0.8784;0.483389;1.489629;2.184737;0.5668;-0.2215;-0.7935;0.300582;1.643172;2.011312;0.5668;-0.2215;-0.7935;0.515038;1.905915;2.091146;0.5668;-0.2215;-0.7935;-0.104322;1.807149;2.134507;-0.0511;0.2154;0.9752;-0.51551;1.905915;2.091146;-0.0511;0.2154;0.9752;-0.48386;1.489629;2.184737;-0.0511;0.2154;0.9752;0.10385;1.807149;2.134507;0.0511;0.2154;0.9752;0.483389;1.489629;2.184737;0.0511;0.2154;0.9752;0.515038;1.905915;2.091146;0.0511;0.2154;0.9752;-0.48386;1.489629;2.184737;-0.5729;-0.221;-0.7893;-0.51551;1.905915;2.091146;-0.5729;-0.221;-0.7893;-0.301054;1.643172;2.009056;-0.5729;-0.221;-0.7893;0.300582;1.643172;2.011312;-0.1958;0.4279;-0.8823;0.10385;1.807149;2.134507;-0.1958;0.4279;-0.8823;0.515038;1.905915;2.091146;-0.1958;0.4279;-0.8823;-0.737342;1.300366;-3.859289;-0.0;-0.9993;-0.0379;-0.744721;1.35687;-5.349488;-0.0;-0.9993;-0.0379;0.74472;1.35687;-5.349489;-0.0;-0.9993;-0.0379;0.0;1.551209;-3.859289;-0.3203;0.9414;0.106;-0.737342;1.300366;-3.859289;-0.3203;0.9414;0.106;-0.263138;1.322185;-2.620847;-0.3203;0.9414;0.106;-0.737342;1.300366;-3.859289;0.0;-0.9998;0.0176;0.737342;1.300365;-3.85929;0.0;-0.9998;0.0176;0.263139;1.322185;-2.620847;0.0;-0.9998;0.0176;0.0;1.551209;-3.859289;0.3218;0.9461;0.0375;0.737342;1.300365;-3.85929;0.3218;0.9461;0.0375;0.74472;1.35687;-5.349489;0.3218;0.9461;0.0375;0.0;1.551209;-3.859289;-0.319;0.9471;0.0359;-0.0;1.607714;-5.349488;-0.319;0.9471;0.0359;-0.744721;1.35687;-5.349488;-0.319;0.9471;0.0359;0.263139;1.322185;-2.620847;0.3203;0.9414;0.106;0.737342;1.300365;-3.85929;0.3203;0.9414;0.106;0.0;1.551209;-3.859289;0.3203;0.9414;0.106
3;0.23066789;0.22467148;0.22732534
-1.0E-6;1.0233;3.363388;-0.0;0.4389;0.8985;0.233195;1.254913;3.250256;-0.0;0.4389;0.8985;-0.233198;1.254913;3.250256;-0.0;0.4389;0.8985
57;0.90354544;0.7646337;0.61880165
-0.077629;0.294493;-0.640536;-0.6885;-0.7152;-0.1202;-0.845919;1.355455;-2.552903;-0.6885;-0.7152;-0.1202;0.0;0.541132;-2.552902;-0.6885;-0.7152;-0.1202;0.84592;1.355455;-2.552902;0.6921;-0.7189;-0.0646;-0.077629;0.294493;-0.640536;0.6921;-0.7189;-0.0646;0.0;0.541132;-2.552902;0.6921;-0.7189;-0.0646;-0.077629;0.294493;-0.640536;-0.6611;-0.7467;0.0739;-0.936968;1.279626;1.62665;-0.6611;-0.7467;0.0739;-1.573545;1.565408;-1.181669;-0.6611;-0.7467;0.0739;-1.0E-6;1.858128;2.571304;-0.5863;0.695;0.4161;-0.80609;1.233285;2.479189;-0.5863;0.695;0.4161;-0.233198;1.254913;3.250256;-0.5863;0.695;0.4161;-0.077629;0.294493;-0.640536;0.6901;-0.7234;0.0222;0.806088;1.233286;2.47919;0.6901;-0.7234;0.0222;-1.0E-6;0.456952;2.240514;0.6901;-0.7234;0.0222;-0.077629;0.294493;-0.640536;-0.6749;-0.7352;0.0636;-0.80609;1.233285;2.479189;-0.6749;-0.7352;0.0636;-0.936968;1.279626;1.62665;-0.6749;-0.7352;0.0636;-1.0E-6;0.456952;2.240514;-0.5556;-0.71;0.4327;-0.233198;1.254913;3.250256;-0.5556;-0.71;0.4327;-0.80609;1.233285;2.479189;-0.5556;-0.71;0.4327;-1.0E-6;1.858128;2.571304;0.5863;0.695;0.4161;0.233195;1.254913;3.250256;0.5863;0.695;0.4161;0.806088;1.233286;2.47919;0.5863;0.695;0.4161;-1.0E-6;0.456952;2.240514;0.7415;-0.599;0.3021;0.233195;1.254913;3.250256;0.7415;-0.599;0.3021;-1.0E-6;1.0233;3.363388;0.7415;-0.599;0.3021;-0.077629;0.294493;-0.640536;-0.5931;-0.7811;-0.1951;-1.573545;1.565408;-1.181669;-0.5931;-0.7811;-0.1951;-0.845919;1.355455;-2.552903;-0.5931;-0.7811;-0.1951;0.84592;1.355455;-2.552902;0.5637;-0.8071;-0.1755;1.573545;1.565408;-1.181668;0.5637;-0.8071;-0.1755;-0.077629;0.294493;-0.640536;0.5637;-0.8071;-0.1755;0.84592;1.355455;-2.552902;0.3222;-0.3347;-0.8856;0.0;0.541132;-2.552902;0.3222;-0.3347;-0.8856;0.0;1.302889;-2.840775;0.3222;-0.3347;-0.8856;-0.077629;0.294493;-0.640536;0.6301;-0.7746;0.0546;0.936966;1.279626;1.626651;0.6301;-0.7746;0.0546;0.806088;1.233286;2.47919;0.6301;-0.7746;0.0546;-0.077629;0.294493;-0.640536;-0.6833;-0.7277;0.0594;-1.0E-6;0.456952;2.240514;-0.6833;-0.7277;0.0594;-0.80609;1.233285;2.479189;-0.6833;-0.7277;0.0594;-1.0E-6;0.456952;2.240514;-0.7415;-0.599;0.3021;-1.0E-6;1.0233;3.363388;-0.7415;-0.599;0.3021;-0.233198;1.254913;3.250256;-0.7415;-0.599;0.3021;-1.0E-6;1.858128;2.571304;-0.0;0.7476;0.6642;-0.233198;1.254913;3.250256;-0.0;0.7476;0.6642;0.233195;1.254913;3.250256;-0.0;0.7476;0.6642;-1.0E-6;0.456952;2.240514;0.5556;-0.71;0.4327;0.806088;1.233286;2.47919;0.5556;-0.71;0.4327;0.233195;1.254913;3.250256;0.5556;-0.71;0.4327;0.0;0.541132;-2.552902;-0.3222;-0.3347;-0.8856;-0.845919;1.355455;-2.552903;-0.3222;-0.3347;-0.8856;0.0;1.302889;-2.840775;-0.3222;-0.3347;-0.8856;-0.077629;0.294493;-0.640536;0.6213;-0.7811;0.0614;1.573545;1.565408;-1.181668;0.6213;-0.7811;0.0614;0.936966;1.279626;1.626651;0.6213;-0.7811;0.0614
9;0.90354544;0.90354544;0.90354544
4.43E-4;0.688214;3.216155;-0.3435;0.1608;0.9253;4.43E-4;1.370729;3.097557;-0.3435;0.1608;0.9253;-0.225159;0.679848;3.133848;-0.3435;0.1608;0.9253;-0.225159;0.679848;3.133848;0.0;-0.0525;-0.9986;4.43E-4;1.370729;3.097557;0.0;-0.0525;-0.9986;0.226046;0.679848;3.133848;0.0;-0.0525;-0.9986;0.226046;0.679848;3.133848;0.3435;0.1608;0.9253;4.43E-4;1.370729;3.097557;0.3435;0.1608;0.9253;4.43E-4;0.688214;3.216155;0.3435;0.1608;0.9253
13
INFO;NameId;434;DescId;435;price;115000;dpPerMin;135;range;3;placeSound;thud
MATERIAL;second;0;count;13;CUSTOM;0.583184;0.46348011;0.3798219;1000;BEIGE;40000;GREY;50000;DARK_BROWN;40000;DARK_ORANGE;100000;BLACK;120000;WHITE;400000;LILAC;500000;MUD_GREEN;900000;PINK;1000000;RUBY_RED;1000000;GOLD;1500000;LIGHT_BLUE;2000000
LIFE;averagePop;4.4;averageLife;30.0;popFactors;0;breedMat;15.0;breedTime;10.858185;parentId;41;count;550;reqs;2;LIFE;type;2;enviroType;0;classification;pnw143;count;3;LIFE;type;2;enviroType;0;classification;ptg113;count;1;FALL_DEATH;fallTime;1.5;totalTime;2.5;angle;60;particles;0;enviroReqCount;2;reqId;5;likedSpecies;1;pnw;influence;0.4;reqId;2;barren;0;goodBiomes;7;0;1;2;5;6;8;7;ideal;70;influence;0.7
GROWTH;dynamic;1;growthTime;10.0;modelStages;2
MOVEMENT;9;speed;0.5;xRot;0;minRot;-25;maxRot;25;rockSpeed;2.5;swimHeight;0.5;hasEgg;0;swimFactor;1.8
EQUIP;count;2;youngPos;0;0.35;1;oldPos;0;0.35;1
AI;PATROL_WITH_SWIM
BEAVER;
EATING;maxHunger;50;HungerPerHour;2.7;eatRadius;0.15;EatingAnims;2;0;3;DietOptionCount;2;eo101;WHOLE;0;pnw;WHOLE;1
FLEE;safeRange;3;land;1;swim;1;hidePlace;es102
DROP;itemId;104
NESTING;classification;es102;hatchStage;2;decreasesModel;0
NAME
