0.35
eo
0;1
1
-1.607472;0.043561;-2.483218;2.722006;0.514303;0.485431;1
42;1
42;-1.0;0.0;0.0
-1.438039;0.346566;0.29263;0.165;0.2773;0.9465;0.387045;0.065;0.056946;0.165;0.2773;0.9465;0.33535;0.425945;-0.039802;0.165;0.2773;0.9465;-1.415857;0.043561;0.485431;-0.7987;0.2803;0.5324;-1.438039;0.346566;0.29263;-0.7987;0.2803;0.5324;-1.607472;0.043561;0.197989;-0.7987;0.2803;0.5324;0.185418;0.150966;-0.250089;-0.1675;0.6549;-0.7369;-1.438039;0.346566;0.29263;-0.1675;0.6549;-0.7369;0.33535;0.425945;-0.039802;-0.1675;0.6549;-0.7369;0.33535;0.425945;-0.039802;-0.4247;0.6846;-0.5924;1.064482;0.165189;-0.863867;-0.4247;0.6846;-0.5924;0.185418;0.150966;-0.250089;-0.4247;0.6846;-0.5924;1.064482;0.165189;-0.863867;-0.6466;0.7614;-0.0478;1.224589;0.307965;-0.755255;-0.6466;0.7614;-0.0478;1.595212;0.514303;-2.483218;-0.6466;0.7614;-0.0478;0.33535;0.425945;-0.039802;0.632;0.1318;0.7637;1.233115;0.070083;-0.721273;0.632;0.1318;0.7637;1.224589;0.307965;-0.755255;0.632;0.1318;0.7637;0.33535;0.425945;-0.039802;0.0336;0.5955;-0.8026;2.722006;0.294647;-0.037398;0.0336;0.5955;-0.8026;0.185418;0.150966;-0.250089;0.0336;0.5955;-0.8026;1.233115;0.070083;-0.721273;-0.2742;-0.9176;-0.2877;1.064482;0.165189;-0.863867;-0.2742;-0.9176;-0.2877;1.595212;0.514303;-2.483218;-0.2742;-0.9176;-0.2877;1.224589;0.307965;-0.755255;0.974;0.0659;0.2168;1.233115;0.070083;-0.721273;0.974;0.0659;0.2168;1.595212;0.514303;-2.483218;0.974;0.0659;0.2168;0.387045;0.065;0.056946;0.0134;0.2607;0.9653;2.722006;0.294647;-0.037398;0.0134;0.2607;0.9653;0.33535;0.425945;-0.039802;0.0134;0.2607;0.9653;-1.438039;0.346566;0.29263;0.189;0.537;0.8222;-1.415857;0.043561;0.485431;0.189;0.537;0.8222;0.387045;0.065;0.056946;0.189;0.537;0.8222;0.185418;0.150966;-0.250089;-0.2441;0.4109;-0.8784;-1.607472;0.043561;0.197989;-0.2441;0.4109;-0.8784;-1.438039;0.346566;0.29263;-0.2441;0.4109;-0.8784;0.33535;0.425945;-0.039802;-0.3288;0.777;-0.5368;1.224589;0.307965;-0.755255;-0.3288;0.777;-0.5368;1.064482;0.165189;-0.863867;-0.3288;0.777;-0.5368;0.33535;0.425945;-0.039802;0.6485;0.2824;0.7069;0.387045;0.065;0.056946;0.6485;0.2824;0.7069;1.233115;0.070083;-0.721273;0.6485;0.2824;0.7069
2
MATERIAL;hasSecond;0;count;1;CUSTOM;0.425;0.35;0.28;100
DECAY;24
