0.35;name;676
eo
0;1
1
-1.652946;0.044837;-1.083358;1.480227;0.511787;1.2701;1
51;2
18;0.38536924;0.4034605;0.32146007
-0.383273;0.511787;0.027949;0.1019;0.9369;-0.3344;0.113267;0.336627;-0.311481;0.1019;0.9369;-0.3344;-0.535482;0.151434;-1.027963;0.1019;0.9369;-0.3344;0.113267;0.336627;-0.311481;0.1115;0.9815;-0.1556;0.958731;0.345044;0.347753;0.1115;0.9815;-0.1556;0.730211;0.144159;-1.083358;0.1115;0.9815;-0.1556;0.730211;0.144159;-1.083358;-0.1692;0.9794;-0.1105;0.958731;0.345044;0.347753;-0.1692;0.9794;-0.1105;1.480227;0.316133;-0.7072;-0.1692;0.9794;-0.1105;-0.482493;0.127039;0.609475;0.1961;0.9764;-0.0905;-1.046081;0.257244;0.793036;0.1961;0.9764;-0.0905;-0.177535;0.127039;1.2701;0.1961;0.9764;-0.0905;-0.383273;0.511787;0.027949;0.2485;0.9596;-0.1317;0.306065;0.435115;0.769905;0.2485;0.9596;-0.1317;0.113267;0.336627;-0.311481;0.2485;0.9596;-0.1317;0.113267;0.336627;-0.311481;0.0704;0.9922;-0.1029;0.306065;0.435115;0.769905;0.0704;0.9922;-0.1029;0.958731;0.345044;0.347753;0.0704;0.9922;-0.1029
33;-1.0;0.0;0.0
-0.383273;0.511787;0.027949;-0.1728;0.9395;-0.2957;-0.535482;0.151434;-1.027963;-0.1728;0.9395;-0.2957;-1.494535;0.394233;0.303885;-0.1728;0.9395;-0.2957;-0.595446;0.052507;0.409036;0.1337;0.5955;0.7921;-0.383273;0.511787;0.027949;0.1337;0.5955;0.7921;-1.494535;0.394233;0.303885;0.1337;0.5955;0.7921;-0.535482;0.151434;-1.027963;0.4583;0.6671;-0.5874;0.113267;0.336627;-0.311481;0.4583;0.6671;-0.5874;0.032021;0.055399;-0.694255;0.4583;0.6671;-0.5874;-0.383273;0.511787;0.027949;-0.5744;0.5653;0.592;0.032021;0.14719;0.778975;-0.5744;0.5653;0.592;0.306065;0.435115;0.769905;-0.5744;0.5653;0.592;0.032021;0.055399;-0.694255;-0.3757;0.7831;-0.4956;0.113267;0.336627;-0.311481;-0.3757;0.7831;-0.4956;0.730211;0.144159;-1.083358;-0.3757;0.7831;-0.4956;0.032021;0.14719;0.778975;0.4553;-0.4085;0.7911;0.958731;0.345044;0.347753;0.4553;-0.4085;0.7911;0.306065;0.435115;0.769905;0.4553;-0.4085;0.7911;0.958731;0.345044;0.347753;0.7881;-0.4658;0.4024;0.900668;0.044837;0.113976;0.7881;-0.4658;0.4024;1.480227;0.316133;-0.7072;0.7881;-0.4658;0.4024;-0.177535;0.127039;1.2701;-0.1503;0.8496;0.5055;-1.046081;0.257244;0.793036;-0.1503;0.8496;0.5055;-1.652946;0.127039;0.831423;-0.1503;0.8496;0.5055;-1.652946;0.127039;0.831423;-0.1613;0.5009;-0.8504;-1.046081;0.257244;0.793036;-0.1613;0.5009;-0.8504;-0.482493;0.127039;0.609475;-0.1613;0.5009;-0.8504;-0.383273;0.511787;0.027949;-0.4441;0.6847;0.5779;-0.595446;0.052507;0.409036;-0.4441;0.6847;0.5779;0.032021;0.14719;0.778975;-0.4441;0.6847;0.5779;0.032021;0.14719;0.778975;0.4387;-0.6034;0.6659;0.900668;0.044837;0.113976;0.4387;-0.6034;0.6659;0.958731;0.345044;0.347753;0.4387;-0.6034;0.6659
3
MATERIAL;hasTwoNaturals;0;count;1;CUSTOM;0.425;0.35;0.28;10
DECAY;6
FOOD;1;912;20;WHOLE;PARTICLE_DEATH;isColour;1;Spawn;0;PPS;8;Speed;0.6;Gravity;0.2;Life;0.5;Scale;0.05;Colour;1;1;1;Additive;0;Alpha;1;FadeIn;0.1;FadeOut;0.8;HasDir;1;Dir;0;1;0;Deviation;0.3;Offset;0;0;0;LifeError;0.4;ScaleError;0.1;SpeedError;0.1;RandomRot;1;HasXRot;0
