1.0
es
1;1
5
-0.942921;0.019305;-0.778661;0.496741;0.165652;1.4E-45;1
24;1
24;-1.0;0.0;-1.0
0.476165;0.032657;-0.043285;-0.3519;-0.5417;0.7634;-0.942921;0.165652;-0.603076;-0.3519;-0.5417;0.7634;-0.834806;0.019305;-0.657079;-0.3519;-0.5417;0.7634;-0.942921;0.165652;-0.603076;0.0393;0.9991;-0.0134;0.496741;0.115377;-0.128114;0.0393;0.9991;-0.0134;-0.871049;0.160469;-0.778661;0.0393;0.9991;-0.0134;0.433131;0.144187;-0.030209;0.8418;0.27;0.4675;0.476165;0.032657;-0.043285;0.8418;0.27;0.4675;0.496741;0.115377;-0.128114;0.8418;0.27;0.4675;0.496741;0.115377;-0.128114;0.3401;-0.5621;-0.754;-0.834806;0.019305;-0.657079;0.3401;-0.5621;-0.754;-0.871049;0.160469;-0.778661;0.3401;-0.5621;-0.754;-0.834806;0.019305;-0.657079;-0.8147;-0.4841;-0.3192;-0.942921;0.165652;-0.603076;-0.8147;-0.4841;-0.3192;-0.871049;0.160469;-0.778661;-0.8147;-0.4841;-0.3192;0.476165;0.032657;-0.043285;-0.3755;-0.2495;0.8926;0.433131;0.144187;-0.030209;-0.3755;-0.2495;0.8926;-0.942921;0.165652;-0.603076;-0.3755;-0.2495;0.8926;-0.942921;0.165652;-0.603076;0.1055;0.9704;-0.217;0.433131;0.144187;-0.030209;0.1055;0.9704;-0.217;0.496741;0.115377;-0.128114;0.1055;0.9704;-0.217;0.496741;0.115377;-0.128114;0.301;-0.7182;-0.6273;0.476165;0.032657;-0.043285;0.301;-0.7182;-0.6273;-0.834806;0.019305;-0.657079;0.301;-0.7182;-0.6273
-1.596793;-0.005349;-1.656028;1.543885;0.535585;1.438535;1
72;1
72;-1.0;0.0;-1.0
-1.528699;0.326474;0.078378;-0.1901;-0.962;0.196;1.404294;0.022055;1.429328;-0.1901;-0.962;0.196;-1.596793;0.381522;0.282473;-0.1901;-0.962;0.196;1.404294;0.022055;1.429328;-0.1804;0.6995;0.6914;-1.507145;0.535585;0.149999;-0.1804;0.6995;0.6914;-1.596793;0.381522;0.282473;-0.1804;0.6995;0.6914;1.404294;0.022055;1.429328;0.5394;-0.2164;0.8138;1.543885;-0.005349;1.32952;0.5394;-0.2164;0.8138;1.512108;0.153352;1.392783;0.5394;-0.2164;0.8138;1.512108;0.153352;1.392783;0.3955;0.2609;-0.8806;-1.528699;0.326474;0.078378;0.3955;0.2609;-0.8806;-1.507145;0.535585;0.149999;0.3955;0.2609;-0.8806;-1.528699;0.326474;0.078378;-0.9069;0.2172;-0.3611;-1.596793;0.381522;0.282473;-0.9069;0.2172;-0.3611;-1.507145;0.535585;0.149999;-0.9069;0.2172;-0.3611;0.355854;0.005615;-0.488272;-0.3519;-0.6121;0.7082;-1.439768;0.240738;-1.177299;-0.3519;-0.6121;0.7082;-1.302966;0.062928;-1.262994;-0.3519;-0.6121;0.7082;-1.439768;0.240738;-1.177299;0.0393;0.9959;0.082;0.38189;0.12005;-0.585128;0.0393;0.9959;0.082;-1.348826;0.255416;-1.399084;0.0393;0.9959;0.082;0.301401;0.144513;-0.458331;0.8418;0.2241;0.4911;0.355854;0.005615;-0.488272;0.8418;0.2241;0.4911;0.38189;0.12005;-0.585128;0.8418;0.2241;0.4911;0.38189;0.12005;-0.585128;0.3401;-0.4875;-0.8042;-1.302966;0.062928;-1.262994;0.3401;-0.4875;-0.8042;-1.348826;0.255416;-1.399084;0.3401;-0.4875;-0.8042;-1.302966;0.062928;-1.262994;-0.8147;-0.4514;-0.3639;-1.439768;0.240738;-1.177299;-0.8147;-0.4514;-0.3639;-1.348826;0.255416;-1.399084;-0.8147;-0.4514;-0.3639;-0.665723;0.020369;1.438535;-0.3442;-0.9381;-0.0396;-1.145412;0.325938;-1.632989;-0.3442;-0.9381;-0.0396;-1.024138;0.280103;-1.601414;-0.3442;-0.9381;-0.0396;-1.145412;0.325938;-1.632989;-0.5532;0.8262;0.1068;-0.783878;0.183104;1.344309;-0.5532;0.8262;0.1068;-1.037596;0.401105;-1.656028;-0.5532;0.8262;0.1068;-0.884492;-0.003991;1.409069;-0.166;0.4011;0.9009;-0.665723;0.020369;1.438535;-0.166;0.4011;0.9009;-0.783878;0.183104;1.344309;-0.166;0.4011;0.9009;-0.783878;0.183104;1.344309;0.9941;0.0751;-0.0786;-1.024138;0.280103;-1.601414;0.9941;0.0751;-0.0786;-1.037596;0.401105;-1.656028;0.9941;0.0751;-0.0786;-1.024138;0.280103;-1.601414;0.0854;-0.402;-0.9117;-1.145412;0.325938;-1.632989;0.0854;-0.402;-0.9117;-1.037596;0.401105;-1.656028;0.0854;-0.402;-0.9117;-1.528699;0.326474;0.078378;-0.1383;-0.9873;0.0777;1.543885;-0.005349;1.32952;-0.1383;-0.9873;0.0777;1.404294;0.022055;1.429328;-0.1383;-0.9873;0.0777;1.404294;0.022055;1.429328;-0.2853;0.4672;0.8368;1.512108;0.153352;1.392783;-0.2853;0.4672;0.8368;-1.507145;0.535585;0.149999;-0.2853;0.4672;0.8368;1.512108;0.153352;1.392783;0.3818;0.4072;-0.8297;1.543885;-0.005349;1.32952;0.3818;0.4072;-0.8297;-1.528699;0.326474;0.078378;0.3818;0.4072;-0.8297;0.355854;0.005615;-0.488272;-0.3755;-0.3336;0.8647;0.301401;0.144513;-0.458331;-0.3755;-0.3336;0.8647;-1.439768;0.240738;-1.177299;-0.3755;-0.3336;0.8647;-1.439768;0.240738;-1.177299;0.1055;0.9867;-0.1234;0.301401;0.144513;-0.458331;0.1055;0.9867;-0.1234;0.38189;0.12005;-0.585128;0.1055;0.9867;-0.1234;0.38189;0.12005;-0.585128;0.301;-0.6551;-0.693;0.355854;0.005615;-0.488272;0.301;-0.6551;-0.693;-1.302966;0.062928;-1.262994;0.301;-0.6551;-0.693;-0.665723;0.020369;1.438535;0.1255;-0.9851;-0.1176;-0.884492;-0.003991;1.409069;0.1255;-0.9851;-0.1176;-1.145412;0.325938;-1.632989;0.1255;-0.9851;-0.1176;-1.145412;0.325938;-1.632989;-0.8543;0.5037;0.1279;-0.884492;-0.003991;1.409069;-0.8543;0.5037;0.1279;-0.783878;0.183104;1.344309;-0.8543;0.5037;0.1279;-0.783878;0.183104;1.344309;0.8213;0.5684;-0.0483;-0.665723;0.020369;1.438535;0.8213;0.5684;-0.0483;-1.024138;0.280103;-1.601414;0.8213;0.5684;-0.0483
-1.779204;-0.959667;-2.761747;2.090591;2.51895;2.25431;1
108;1
108;-1.0;0.0;-1.0
2.061368;0.167093;1.763059;0.1161;-0.8648;-0.4885;-1.344371;0.114653;1.046325;0.1161;-0.8648;-0.4885;2.090591;0.310759;1.515652;0.1161;-0.8648;-0.4885;-1.344371;0.114653;1.046325;0.0191;0.865;-0.5014;2.060133;0.454674;1.762766;0.0191;0.865;-0.5014;2.090591;0.310759;1.515652;0.0191;0.865;-0.5014;-1.344371;0.114653;1.046325;-0.9928;0.0418;-0.1121;-1.381624;-0.007547;1.330783;-0.9928;0.0418;-0.1121;-1.364569;0.301748;1.29497;-0.9928;0.0418;-0.1121;2.060133;0.454674;1.762766;-0.1246;5.0E-4;0.9922;-1.381624;-0.007547;1.330783;-0.1246;5.0E-4;0.9922;2.061368;0.167093;1.763059;-0.1246;5.0E-4;0.9922;2.061368;0.167093;1.763059;0.9928;0.0044;0.1198;2.090591;0.310759;1.515652;0.9928;0.0044;0.1198;2.060133;0.454674;1.762766;0.9928;0.0044;0.1198;0.634406;2.311656;0.610083;0.9892;-0.1305;0.0663;0.428908;-0.959667;-2.761747;0.9892;-0.1305;0.0663;0.668804;2.489728;0.447334;0.9892;-0.1305;0.0663;0.668804;2.489728;0.447334;-0.3733;0.6457;-0.6661;0.428908;-0.959667;-2.761747;-0.3733;0.6457;-0.6661;0.44274;2.425935;0.512182;-0.3733;0.6457;-0.6661;0.44274;2.425935;0.512182;-0.6158;-0.5464;0.5677;0.428908;-0.959667;-2.761747;-0.6158;-0.5464;0.5677;0.634406;2.311656;0.610083;-0.6158;-0.5464;0.5677;0.634406;2.311656;0.610083;0.0227;0.6721;0.7401;0.668804;2.489728;0.447334;0.0227;0.6721;0.7401;0.44274;2.425935;0.512182;0.0227;0.6721;0.7401;0.228775;2.323417;-0.706529;-0.5869;-0.7258;-0.3588;1.010567;0.27248;2.162863;-0.5869;-0.7258;-0.3588;0.041883;2.410256;-0.576488;-0.5869;-0.7258;-0.3588;1.010567;0.27248;2.162863;-0.3681;0.6654;0.6494;0.259645;2.51895;-0.564423;-0.3681;0.6654;0.6494;0.041883;2.410256;-0.576488;-0.3681;0.6654;0.6494;1.010567;0.27248;2.162863;-0.2987;-0.4327;0.8506;1.175999;0.178217;2.173009;-0.2987;-0.4327;0.8506;1.158922;0.349842;2.25431;-0.2987;-0.4327;0.8506;1.158922;0.349842;2.25431;0.9613;0.0456;-0.2716;0.228775;2.323417;-0.706529;0.9613;0.0456;-0.2716;0.259645;2.51895;-0.564423;0.9613;0.0456;-0.2716;0.228775;2.323417;-0.706529;-0.2545;0.5945;-0.7627;0.041883;2.410256;-0.576488;-0.2545;0.5945;-0.7627;0.259645;2.51895;-0.564423;-0.2545;0.5945;-0.7627;1.003446;1.021183;-0.992755;0.0467;-0.5305;0.8464;-1.779204;0.249264;-1.322874;0.0467;-0.5305;0.8464;-1.554891;0.060403;-1.453636;0.0467;-0.5305;0.8464;-1.779204;0.249264;-1.322874;-0.3008;0.951;0.0717;0.990003;1.110881;-1.132934;-0.3008;0.951;0.0717;-1.678355;0.30378;-1.622774;-0.3008;0.951;0.0717;0.895858;1.148635;-1.000315;0.712;0.6205;0.3288;1.003446;1.021183;-0.992755;0.712;0.6205;0.3288;0.990003;1.110881;-1.132934;0.712;0.6205;0.3288;0.990003;1.110881;-1.132934;0.2897;-0.4428;-0.8486;-1.554891;0.060403;-1.453636;0.2897;-0.4428;-0.8486;-1.678355;0.30378;-1.622774;0.2897;-0.4428;-0.8486;-1.554891;0.060403;-1.453636;-0.7143;-0.6058;-0.3503;-1.779204;0.249264;-1.322874;-0.7143;-0.6058;-0.3503;-1.678355;0.30378;-1.622774;-0.7143;-0.6058;-0.3503;-0.904799;0.357161;1.516232;-0.3574;-0.9338;0.0173;-1.431134;0.496207;-1.853969;-0.3574;-0.9338;0.0173;-1.298067;0.445915;-1.819324;-0.3574;-0.9338;0.0173;-1.431134;0.496207;-1.853969;-0.5625;0.8247;0.0583;-1.034443;0.53572;1.412844;-0.5625;0.8247;0.0583;-1.312833;0.578683;-1.879249;-0.5625;0.8247;0.0583;-1.144841;0.330431;1.483901;-0.166;0.4011;0.9009;-0.904799;0.357161;1.516232;-0.166;0.4011;0.9009;-1.034443;0.53572;1.412844;-0.166;0.4011;0.9009;-1.034443;0.53572;1.412844;0.9939;0.073;-0.0831;-1.298067;0.445915;-1.819324;0.9939;0.073;-0.0831;-1.312833;0.578683;-1.879249;0.9939;0.073;-0.0831;-1.298067;0.445915;-1.819324;0.0854;-0.402;-0.9117;-1.431134;0.496207;-1.853969;0.0854;-0.402;-0.9117;-1.312833;0.578683;-1.879249;0.0854;-0.402;-0.9117;2.061368;0.167093;1.763059;0.0946;-0.9191;-0.3824;-1.381624;-0.007547;1.330783;0.0946;-0.9191;-0.3824;-1.344371;0.114653;1.046325;0.0946;-0.9191;-0.3824;-1.344371;0.114653;1.046325;0.046;0.8;-0.5982;-1.364569;0.301748;1.29497;0.046;0.8;-0.5982;2.060133;0.454674;1.762766;0.046;0.8;-0.5982;2.060133;0.454674;1.762766;-0.1397;0.1215;0.9827;-1.364569;0.301748;1.29497;-0.1397;0.1215;0.9827;-1.381624;-0.007547;1.330783;-0.1397;0.1215;0.9827;0.228775;2.323417;-0.706529;-0.4216;-0.7881;-0.4485;1.175999;0.178217;2.173009;-0.4216;-0.7881;-0.4485;1.010567;0.27248;2.162863;-0.4216;-0.7881;-0.4485;1.010567;0.27248;2.162863;-0.6282;0.5068;0.5904;1.158922;0.349842;2.25431;-0.6282;0.5068;0.5904;0.259645;2.51895;-0.564423;-0.6282;0.5068;0.5904;1.158922;0.349842;2.25431;0.9662;0.1824;-0.182;1.175999;0.178217;2.173009;0.9662;0.1824;-0.182;0.228775;2.323417;-0.706529;0.9662;0.1824;-0.182;1.003446;1.021183;-0.992755;-0.1087;-0.0329;0.9935;0.895858;1.148635;-1.000315;-0.1087;-0.0329;0.9935;-1.779204;0.249264;-1.322874;-0.1087;-0.0329;0.9935;-1.779204;0.249264;-1.322874;-0.243;0.8738;-0.4212;0.895858;1.148635;-1.000315;-0.243;0.8738;-0.4212;0.990003;1.110881;-1.132934;-0.243;0.8738;-0.4212;0.990003;1.110881;-1.132934;0.3806;-0.7619;-0.524;1.003446;1.021183;-0.992755;0.3806;-0.7619;-0.524;-1.554891;0.060403;-1.453636;0.3806;-0.7619;-0.524;-0.904799;0.357161;1.516232;0.1184;-0.9912;-0.0594;-1.144841;0.330431;1.483901;0.1184;-0.9912;-0.0594;-1.431134;0.496207;-1.853969;0.1184;-0.9912;-0.0594;-1.431134;0.496207;-1.853969;-0.8618;0.4976;0.0986;-1.144841;0.330431;1.483901;-0.8618;0.4976;0.0986;-1.034443;0.53572;1.412844;-0.8618;0.4976;0.0986;-1.034443;0.53572;1.412844;0.8286;0.5536;-0.083;-0.904799;0.357161;1.516232;0.8286;0.5536;-0.083;-1.298067;0.445915;-1.819324;0.8286;0.5536;-0.083
-2.118484;-1.045507;-3.031703;2.097457;3.281235;2.433032;1
156;1
156;-1.0;0.0;-1.0
2.065621;0.182039;1.89784;0.1161;-0.8648;-0.4885;-1.644756;0.124908;1.116995;0.1161;-0.8648;-0.4885;2.097457;0.338556;1.628302;0.1161;-0.8648;-0.4885;-1.644756;0.124908;1.116995;0.0191;0.865;-0.5014;2.064275;0.495344;1.89752;0.0191;0.865;-0.5014;2.097457;0.338556;1.628302;0.0191;0.865;-0.5014;-1.644756;0.124908;1.116995;-0.9928;0.0418;-0.1121;-1.685341;-0.008222;1.426897;-0.9928;0.0418;-0.1121;-1.666761;0.328739;1.387881;-0.9928;0.0418;-0.1121;2.064275;0.495344;1.89752;-0.1246;5.0E-4;0.9922;-1.685341;-0.008222;1.426897;-0.1246;5.0E-4;0.9922;2.065621;0.182039;1.89784;-0.1246;5.0E-4;0.9922;2.065621;0.182039;1.89784;0.9928;0.0044;0.1198;2.097457;0.338556;1.628302;0.9928;0.0044;0.1198;2.064275;0.495344;1.89752;0.9928;0.0044;0.1198;1.271984;0.015869;-2.386913;-0.8123;-0.1605;-0.5607;-1.382038;2.662596;0.70019;-0.8123;-0.1605;-0.5607;1.319331;0.240726;-2.519863;-0.8123;-0.1605;-0.5607;1.319331;0.240726;-2.519863;0.5563;0.8176;-0.1482;-1.255021;2.603503;0.850968;0.5563;0.8176;-0.1482;1.483169;0.164504;-2.325376;0.5563;0.8176;-0.1482;-1.382038;2.662596;0.70019;-0.5505;0.5077;0.6627;-1.418744;2.488273;0.803261;-0.5505;0.5077;0.6627;-1.255021;2.603503;0.850968;-0.5505;0.5077;0.6627;-1.255021;2.603503;0.850968;0.2501;-0.6517;0.716;1.271984;0.015869;-2.386913;0.2501;-0.6517;0.716;1.483169;0.164504;-2.325376;0.2501;-0.6517;0.716;1.271984;0.015869;-2.386913;0.5505;-0.5077;-0.6627;1.319331;0.240726;-2.519863;0.5505;-0.5077;-0.6627;1.483169;0.164504;-2.325376;0.5505;-0.5077;-0.6627;0.511019;2.51843;0.641732;0.9892;-0.1305;0.0663;0.28714;-1.045507;-3.031703;0.9892;-0.1305;0.0663;0.548494;2.71243;0.464426;0.9892;-0.1305;0.0663;0.548494;2.71243;0.464426;-0.3733;0.6457;-0.6661;0.28714;-1.045507;-3.031703;-0.3733;0.6457;-0.6661;0.302209;2.64293;0.535074;-0.3733;0.6457;-0.6661;0.302209;2.64293;0.535074;-0.6158;-0.5464;0.5677;0.28714;-1.045507;-3.031703;-0.6158;-0.5464;0.5677;0.511019;2.51843;0.641732;-0.6158;-0.5464;0.5677;0.511019;2.51843;0.641732;0.0227;0.6721;0.7401;0.548494;2.71243;0.464426;0.0227;0.6721;0.7401;0.302209;2.64293;0.535074;0.0227;0.6721;0.7401;-0.656294;3.106884;0.162248;-0.2671;-0.4439;-0.8553;-1.598774;0.030676;2.053177;-0.2671;-0.4439;-0.8553;-0.892133;3.228313;0.172861;-0.2671;-0.4439;-0.8553;-1.598774;0.030676;2.053177;-0.6836;0.4763;0.553;-0.707231;3.281235;0.355859;-0.6836;0.4763;0.553;-0.892133;3.228313;0.172861;-0.6836;0.4763;0.553;-1.598774;0.030676;2.053177;-0.184;-0.8546;0.4856;-1.321797;0.039395;2.173482;-0.184;-0.8546;0.4856;-1.552988;0.170697;2.316926;-0.184;-0.8546;0.4856;-1.552988;0.170697;2.316926;0.9494;-0.0642;0.3076;-0.656294;3.106884;0.162248;0.9494;-0.0642;0.3076;-0.707231;3.281235;0.355859;0.9494;-0.0642;0.3076;-0.656294;3.106884;0.162248;0.3549;0.7392;-0.5723;-0.892133;3.228313;0.172861;0.3549;0.7392;-0.5723;-0.707231;3.281235;0.355859;0.3549;0.7392;-0.5723;0.069105;2.531243;-0.792649;-0.5869;-0.7258;-0.3588;0.920827;0.296853;2.333406;-0.5869;-0.7258;-0.3588;-0.134504;2.62585;-0.650976;-0.5869;-0.7258;-0.3588;0.920827;0.296853;2.333406;-0.3681;0.6654;0.6494;0.102736;2.744266;-0.637832;-0.3681;0.6654;0.6494;-0.134504;2.62585;-0.650976;-0.3681;0.6654;0.6494;0.920827;0.296853;2.333406;-0.2987;-0.4327;0.8506;1.101057;0.194158;2.34446;-0.2987;-0.4327;0.8506;1.082452;0.381135;2.433032;-0.2987;-0.4327;0.8506;1.082452;0.381135;2.433032;0.9613;0.0456;-0.2716;0.069105;2.531243;-0.792649;0.9613;0.0456;-0.2716;0.102736;2.744266;-0.637832;0.9613;0.0456;-0.2716;0.069105;2.531243;-0.792649;-0.2545;0.5945;-0.7627;-0.134504;2.62585;-0.650976;-0.2545;0.5945;-0.7627;0.102736;2.744266;-0.637832;-0.2545;0.5945;-0.7627;0.913069;2.577661;-0.115959;0.0362;-0.5394;0.8413;-2.118484;0.271561;-1.464125;0.0362;-0.5394;0.8413;-1.874107;0.065806;-1.606583;0.0362;-0.5394;0.8413;-2.118484;0.271561;-1.464125;-0.6073;0.7922;-0.0602;0.898424;2.675382;-0.268677;-0.6073;0.7922;-0.0602;-2.008614;0.330953;-1.790851;-0.6073;0.7922;-0.0602;0.795857;2.716513;-0.124194;0.712;0.6205;0.3288;0.913069;2.577661;-0.115959;0.712;0.6205;0.3288;0.898424;2.675382;-0.268677;0.712;0.6205;0.3288;0.898424;2.675382;-0.268677;0.5927;-0.2347;-0.7704;-1.874107;0.065806;-1.606583;0.5927;-0.2347;-0.7704;-2.008614;0.330953;-1.790851;0.5927;-0.2347;-0.7704;-1.874107;0.065806;-1.606583;-0.7143;-0.6058;-0.3503;-2.118484;0.271561;-1.464125;-0.7143;-0.6058;-0.3503;-2.008614;0.330953;-1.790851;-0.7143;-0.6058;-0.3503;-1.263624;2.497772;1.628935;-0.4044;-0.8648;0.2977;-0.822299;1.027352;-2.042726;-0.4044;-0.8648;0.2977;-0.677329;0.972561;-2.004982;-0.4044;-0.8648;0.2977;-0.822299;1.027352;-2.042726;-0.5775;0.6991;-0.4216;-1.404865;2.692303;1.516298;-0.5775;0.6991;-0.4216;-0.693417;1.117206;-2.070267;-0.5775;0.6991;-0.4216;-1.525138;2.468652;1.593712;-0.166;0.4011;0.9009;-1.263624;2.497772;1.628935;-0.166;0.4011;0.9009;-1.404865;2.692303;1.516298;-0.166;0.4011;0.9009;-1.404865;2.692303;1.516298;0.9789;0.164;0.1221;-0.677329;0.972561;-2.004982;0.9789;0.164;0.1221;-0.693417;1.117206;-2.070267;0.9789;0.164;0.1221;-0.677329;0.972561;-2.004982;0.0854;-0.402;-0.9117;-0.822299;1.027352;-2.042726;0.0854;-0.402;-0.9117;-0.693417;1.117206;-2.070267;0.0854;-0.402;-0.9117;2.065621;0.182039;1.89784;0.0946;-0.9191;-0.3824;-1.685341;-0.008222;1.426897;0.0946;-0.9191;-0.3824;-1.644756;0.124908;1.116995;0.0946;-0.9191;-0.3824;-1.644756;0.124908;1.116995;0.046;0.8;-0.5982;-1.666761;0.328739;1.387881;0.046;0.8;-0.5982;2.064275;0.495344;1.89752;0.046;0.8;-0.5982;2.064275;0.495344;1.89752;-0.1397;0.1215;0.9827;-1.666761;0.328739;1.387881;-0.1397;0.1215;0.9827;-1.685341;-0.008222;1.426897;-0.1397;0.1215;0.9827;1.271984;0.015869;-2.386913;-0.8123;-0.1605;-0.5607;-1.418744;2.488273;0.803261;-0.8123;-0.1605;-0.5607;-1.382038;2.662596;0.70019;-0.8123;-0.1605;-0.5607;1.319331;0.240726;-2.519863;0.5563;0.8176;-0.1482;-1.382038;2.662596;0.70019;0.5563;0.8176;-0.1482;-1.255021;2.603503;0.850968;0.5563;0.8176;-0.1482;-1.255021;2.603503;0.850968;0.2501;-0.6517;0.716;-1.418744;2.488273;0.803261;0.2501;-0.6517;0.716;1.271984;0.015869;-2.386913;0.2501;-0.6517;0.716;-0.656294;3.106884;0.162248;0.3434;-0.5659;-0.7495;-1.321797;0.039395;2.173482;0.3434;-0.5659;-0.7495;-1.598774;0.030676;2.053177;0.3434;-0.5659;-0.7495;-1.598774;0.030676;2.053177;-0.9613;0.2747;0.0211;-1.552988;0.170697;2.316926;-0.9613;0.2747;0.0211;-0.707231;3.281235;0.355859;-0.9613;0.2747;0.0211;-1.552988;0.170697;2.316926;0.6256;0.3283;0.7077;-1.321797;0.039395;2.173482;0.6256;0.3283;0.7077;-0.656294;3.106884;0.162248;0.6256;0.3283;0.7077;0.069105;2.531243;-0.792649;-0.4216;-0.7881;-0.4485;1.101057;0.194158;2.34446;-0.4216;-0.7881;-0.4485;0.920827;0.296853;2.333406;-0.4216;-0.7881;-0.4485;0.920827;0.296853;2.333406;-0.6282;0.5068;0.5904;1.082452;0.381135;2.433032;-0.6282;0.5068;0.5904;0.102736;2.744266;-0.637832;-0.6282;0.5068;0.5904;1.082452;0.381135;2.433032;0.9662;0.1824;-0.182;1.101057;0.194158;2.34446;0.9662;0.1824;-0.182;0.069105;2.531243;-0.792649;0.9662;0.1824;-0.182;0.913069;2.577661;-0.115959;-0.2811;-0.1814;0.9424;0.795857;2.716513;-0.124194;-0.2811;-0.1814;0.9424;-2.118484;0.271561;-1.464125;-0.2811;-0.1814;0.9424;-2.118484;0.271561;-1.464125;-0.4064;0.7613;-0.5052;0.795857;2.716513;-0.124194;-0.4064;0.7613;-0.5052;0.898424;2.675382;-0.268677;-0.4064;0.7613;-0.5052;0.898424;2.675382;-0.268677;0.7211;-0.5502;-0.4212;0.913069;2.577661;-0.115959;0.7211;-0.5502;-0.4212;-1.874107;0.065806;-1.606583;0.7211;-0.5502;-0.4212;-1.263624;2.497772;1.628935;0.0523;-0.9249;0.3767;-1.525138;2.468652;1.593712;0.0523;-0.9249;0.3767;-0.822299;1.027352;-2.042726;0.0523;-0.9249;0.3767;-0.822299;1.027352;-2.042726;-0.8773;0.3633;-0.3136;-1.525138;2.468652;1.593712;-0.8773;0.3633;-0.3136;-1.404865;2.692303;1.516298;-0.8773;0.3633;-0.3136;-1.404865;2.692303;1.516298;0.831;0.5479;-0.0959;-1.263624;2.497772;1.628935;0.831;0.5479;-0.0959;-0.677329;0.972561;-2.004982;0.831;0.5479;-0.0959
-2.655507;-1.135245;-3.445908;2.261067;3.562869;2.487874;1
228;1
228;-1.0;0.0;-1.0
-2.121476;-0.061901;1.77223;0.8628;-0.4998;-0.0756;-1.049862;2.25965;-1.345506;0.8628;-0.4998;-0.0756;-1.998944;0.121522;1.957805;0.8628;-0.4998;-0.0756;-1.998944;0.121522;1.957805;-0.0562;0.8379;0.5428;-1.208712;2.306525;-1.333175;-0.0562;0.8379;0.5428;-2.282672;0.134402;1.908527;-0.0562;0.8379;0.5428;-1.049862;2.25965;-1.345506;0.1315;0.6439;-0.7537;-1.166761;2.180803;-1.433259;0.1315;0.6439;-0.7537;-1.208712;2.306525;-1.333175;0.1315;0.6439;-0.7537;-1.208712;2.306525;-1.333175;-0.8099;-0.3267;-0.4872;-2.121476;-0.061901;1.77223;-0.8099;-0.3267;-0.4872;-2.282672;0.134402;1.908527;-0.8099;-0.3267;-0.4872;-2.121476;-0.061901;1.77223;-0.1588;-0.6478;0.7451;-1.998944;0.121522;1.957805;-0.1588;-0.6478;0.7451;-2.282672;0.134402;1.908527;-0.1588;-0.6478;0.7451;2.226498;0.197664;1.906746;0.0012;-0.8648;-0.5021;-2.18629;0.683808;1.058879;0.0012;-0.8648;-0.5021;2.261067;0.367615;1.614073;0.0012;-0.8648;-0.5021;-2.18629;0.683808;1.058879;0.1224;0.8641;-0.4882;2.225037;0.53786;1.906398;0.1224;0.8641;-0.4882;2.261067;0.367615;1.614073;0.1224;0.8641;-0.4882;-2.18629;0.683808;1.058879;-0.9928;0.0418;-0.1121;-2.230359;0.53925;1.39538;-0.9928;0.0418;-0.1121;-2.210184;0.905133;1.353016;-0.9928;0.0418;-0.1121;2.225037;0.53786;1.906398;-0.1139;5.0E-4;0.9935;-2.230359;0.53925;1.39538;-0.1139;5.0E-4;0.9935;2.226498;0.197664;1.906746;-0.1139;5.0E-4;0.9935;2.226498;0.197664;1.906746;0.9928;0.0044;0.1198;2.261067;0.367615;1.614073;0.9928;0.0044;0.1198;2.225037;0.53786;1.906398;0.9928;0.0044;0.1198;1.364743;0.017231;-2.745775;-0.8123;-0.1605;-0.5607;-1.517079;2.891131;0.6063;-0.8123;-0.1605;-0.5607;1.416153;0.261388;-2.890136;-0.8123;-0.1605;-0.5607;1.416153;0.261388;-2.890136;0.5563;0.8176;-0.1482;-1.37916;2.826967;0.770019;0.5563;0.8176;-0.1482;1.594054;0.178624;-2.678956;0.5563;0.8176;-0.1482;-1.517079;2.891131;0.6063;-0.5505;0.5077;0.6627;-1.556936;2.701846;0.718217;-0.5505;0.5077;0.6627;-1.37916;2.826967;0.770019;-0.5505;0.5077;0.6627;-1.37916;2.826967;0.770019;0.2501;-0.6517;0.716;1.364743;0.017231;-2.745775;0.2501;-0.6517;0.716;1.594054;0.178624;-2.678956;0.2501;-0.6517;0.716;1.364743;0.017231;-2.745775;0.5505;-0.5077;-0.6627;1.416153;0.261388;-2.890136;0.5505;-0.5077;-0.6627;1.594054;0.178624;-2.678956;0.5505;-0.5077;-0.6627;0.590816;2.734591;0.542823;0.9888;-0.1367;0.0594;0.295367;-1.135245;-3.445908;0.9888;-0.1367;0.0594;0.631508;2.945243;0.350299;0.9888;-0.1367;0.0594;0.631508;2.945243;0.350299;-0.3733;0.6482;-0.6637;0.295367;-1.135245;-3.445908;-0.3733;0.6482;-0.6637;0.364083;2.869778;0.427011;-0.3733;0.6482;-0.6637;0.364083;2.869778;0.427011;-0.6155;-0.5424;0.5718;0.295367;-1.135245;-3.445908;-0.6155;-0.5424;0.5718;0.590816;2.734591;0.542823;-0.6155;-0.5424;0.5718;0.590816;2.734591;0.542823;0.0227;0.6721;0.7401;0.631508;2.945243;0.350299;0.0227;0.6721;0.7401;0.364083;2.869778;0.427011;0.0227;0.6721;0.7401;-0.729043;3.373553;0.022185;-0.2671;-0.4439;-0.8553;-1.752418;0.033309;2.075416;-0.2671;-0.4439;-0.8553;-0.985125;3.505405;0.033709;-0.2671;-0.4439;-0.8553;-1.752418;0.033309;2.075416;-0.6836;0.4763;0.553;-0.784352;3.562869;0.232414;-0.6836;0.4763;0.553;-0.985125;3.505405;0.033709;-0.6836;0.4763;0.553;-1.752418;0.033309;2.075416;-0.184;-0.8546;0.4856;-1.451668;0.042776;2.206047;-0.184;-0.8546;0.4856;-1.702702;0.185349;2.361803;-0.184;-0.8546;0.4856;-1.702702;0.185349;2.361803;0.9494;-0.0642;0.3076;-0.729043;3.373553;0.022185;0.9494;-0.0642;0.3076;-0.784352;3.562869;0.232414;0.9494;-0.0642;0.3076;-0.729043;3.373553;0.022185;0.3549;0.7392;-0.5723;-0.985125;3.505405;0.033709;0.3549;0.7392;-0.5723;-0.784352;3.562869;0.232414;0.3549;0.7392;-0.5723;1.712974;0.427127;0.729511;-0.3653;-0.4122;-0.8347;-1.997177;2.233853;1.46081;-0.3653;-0.4122;-0.8347;-1.940603;2.476674;1.316128;-0.3653;-0.4122;-0.8347;-1.997177;2.233853;1.46081;-0.1544;-0.4724;0.8677;1.699976;0.376312;1.107209;-0.1544;-0.4724;0.8677;-1.926536;2.473837;1.604034;-0.1544;-0.4724;0.8677;1.605756;0.090503;0.873022;0.9517;-0.3068;-0.0085;1.712974;0.427127;0.729511;0.9517;-0.3068;-0.0085;1.699976;0.376312;1.107209;0.9517;-0.3068;-0.0085;1.699976;0.376312;1.107209;0.499;0.8665;-0.0158;-1.940603;2.476674;1.316128;0.499;0.8665;-0.0158;-1.926536;2.473837;1.604034;0.499;0.8665;-0.0158;-1.940603;2.476674;1.316128;-0.9658;0.2546;0.0497;-1.997177;2.233853;1.46081;-0.9658;0.2546;0.0497;-1.926536;2.473837;1.604034;-0.9658;0.2546;0.0497;0.058618;2.748504;-1.014673;-0.5869;-0.7258;-0.3588;0.983445;0.322333;2.379697;-0.5869;-0.7258;-0.3588;-0.162467;2.851231;-0.860839;-0.5869;-0.7258;-0.3588;0.983445;0.322333;2.379697;-0.3681;0.6654;0.6494;0.095136;2.979811;-0.846567;-0.3681;0.6654;0.6494;-0.162467;2.851231;-0.860839;-0.3681;0.6654;0.6494;0.983445;0.322333;2.379697;-0.2987;-0.4327;0.8506;1.179144;0.210823;2.391699;-0.2987;-0.4327;0.8506;1.158943;0.413848;2.487874;-0.2987;-0.4327;0.8506;1.158943;0.413848;2.487874;0.9613;0.0456;-0.2716;0.058618;2.748504;-1.014673;0.9613;0.0456;-0.2716;0.095136;2.979811;-0.846567;0.9613;0.0456;-0.2716;0.058618;2.748504;-1.014673;-0.2545;0.5945;-0.7628;-0.162467;2.851231;-0.860839;-0.2545;0.5945;-0.7628;0.095136;2.979811;-0.846567;-0.2545;0.5945;-0.7628;0.975022;2.798906;-0.279901;0.0362;-0.5394;0.8413;-2.316735;0.294869;-1.743782;0.0362;-0.5394;0.8413;-2.051383;0.071455;-1.898468;0.0362;-0.5394;0.8413;-2.316735;0.294869;-1.743782;-0.6073;0.7922;-0.0602;0.959119;2.905015;-0.445727;-0.6073;0.7922;-0.0602;-2.197435;0.359359;-2.098552;-0.6073;0.7922;-0.0602;0.847749;2.949677;-0.288844;0.712;0.6205;0.3288;0.975022;2.798906;-0.279901;0.712;0.6205;0.3288;0.959119;2.905015;-0.445727;0.712;0.6205;0.3288;0.959119;2.905015;-0.445727;0.5927;-0.2347;-0.7704;-2.051383;0.071455;-1.898468;0.5927;-0.2347;-0.7704;-2.197435;0.359359;-2.098552;0.5927;-0.2347;-0.7704;-2.051383;0.071455;-1.898468;-0.7143;-0.6058;-0.3503;-2.316735;0.294869;-1.743782;-0.7143;-0.6058;-0.3503;-2.197435;0.359359;-2.098552;-0.7143;-0.6058;-0.3503;-1.388501;2.71216;1.614759;-0.4023;-0.8716;0.28;-0.909297;1.210376;-2.372046;-0.4023;-0.8716;0.28;-0.751884;1.150882;-2.331063;-0.4023;-0.8716;0.28;-0.909297;1.210376;-2.372046;-0.5792;0.7059;-0.4077;-1.541865;2.923388;1.492455;-0.5792;0.7059;-0.4077;-0.769352;1.307942;-2.401951;-0.5792;0.7059;-0.4077;-1.672461;2.680541;1.576513;-0.166;0.4011;0.9009;-1.388501;2.71216;1.614759;-0.166;0.4011;0.9009;-1.541865;2.923388;1.492455;-0.166;0.4011;0.9009;-1.541865;2.923388;1.492455;0.9782;0.1654;0.1254;-0.751884;1.150882;-2.331063;0.9782;0.1654;0.1254;-0.769352;1.307942;-2.401951;0.9782;0.1654;0.1254;-0.751884;1.150882;-2.331063;0.0854;-0.402;-0.9117;-0.909297;1.210376;-2.372046;0.0854;-0.402;-0.9117;-0.769352;1.307942;-2.401951;0.0854;-0.402;-0.9117;-2.121476;-0.061901;1.77223;0.6722;-0.6856;-0.2795;-1.166761;2.180803;-1.433259;0.6722;-0.6856;-0.2795;-1.049862;2.25965;-1.345506;0.6722;-0.6856;-0.2795;-1.998944;0.121522;1.957805;0.2721;0.7703;0.5767;-1.049862;2.25965;-1.345506;0.2721;0.7703;0.5767;-1.208712;2.306525;-1.333175;0.2721;0.7703;0.5767;-1.208712;2.306525;-1.333175;-0.9448;-0.0586;-0.3224;-1.166761;2.180803;-1.433259;-0.9448;-0.0586;-0.3224;-2.121476;-0.061901;1.77223;-0.9448;-0.0586;-0.3224;2.226498;0.197664;1.906746;-0.0247;-0.9173;-0.3973;-2.230359;0.53925;1.39538;-0.0247;-0.9173;-0.3973;-2.18629;0.683808;1.058879;-0.0247;-0.9173;-0.3973;-2.18629;0.683808;1.058879;0.1394;0.7967;-0.5881;-2.210184;0.905133;1.353016;0.1394;0.7967;-0.5881;2.225037;0.53786;1.906398;0.1394;0.7967;-0.5881;2.225037;0.53786;1.906398;-0.1131;0.1204;0.9863;-2.210184;0.905133;1.353016;-0.1131;0.1204;0.9863;-2.230359;0.53925;1.39538;-0.1131;0.1204;0.9863;1.364743;0.017231;-2.745775;-0.8123;-0.1605;-0.5607;-1.556936;2.701846;0.718217;-0.8123;-0.1605;-0.5607;-1.517079;2.891131;0.6063;-0.8123;-0.1605;-0.5607;1.416153;0.261388;-2.890136;0.5563;0.8176;-0.1482;-1.517079;2.891131;0.6063;0.5563;0.8176;-0.1482;-1.37916;2.826967;0.770019;0.5563;0.8176;-0.1482;-1.37916;2.826967;0.770019;0.2501;-0.6517;0.716;-1.556936;2.701846;0.718217;0.2501;-0.6517;0.716;1.364743;0.017231;-2.745775;0.2501;-0.6517;0.716;-0.729043;3.373553;0.022185;0.3434;-0.5659;-0.7495;-1.451668;0.042776;2.206047;0.3434;-0.5659;-0.7495;-1.752418;0.033309;2.075416;0.3434;-0.5659;-0.7495;-1.752418;0.033309;2.075416;-0.9613;0.2747;0.0211;-1.702702;0.185349;2.361803;-0.9613;0.2747;0.0211;-0.784352;3.562869;0.232414;-0.9613;0.2747;0.0211;-1.702702;0.185349;2.361803;0.6256;0.3283;0.7077;-1.451668;0.042776;2.206047;0.6256;0.3283;0.7077;-0.729043;3.373553;0.022185;0.6256;0.3283;0.7077;1.712974;0.427127;0.729511;-0.317;-0.2847;-0.9047;1.605756;0.090503;0.873022;-0.317;-0.2847;-0.9047;-1.997177;2.233853;1.46081;-0.317;-0.2847;-0.9047;-1.997177;2.233853;1.46081;-0.2139;-0.576;0.789;1.605756;0.090503;0.873022;-0.2139;-0.576;0.789;1.699976;0.376312;1.107209;-0.2139;-0.576;0.789;1.699976;0.376312;1.107209;0.501;0.8553;0.1323;1.712974;0.427127;0.729511;0.501;0.8553;0.1323;-1.940603;2.476674;1.316128;0.501;0.8553;0.1323;0.058618;2.748504;-1.014673;-0.4216;-0.7881;-0.4485;1.179144;0.210823;2.391699;-0.4216;-0.7881;-0.4485;0.983445;0.322333;2.379697;-0.4216;-0.7881;-0.4485;0.983445;0.322333;2.379697;-0.6282;0.5068;0.5904;1.158943;0.413848;2.487874;-0.6282;0.5068;0.5904;0.095136;2.979811;-0.846567;-0.6282;0.5068;0.5904;1.158943;0.413848;2.487874;0.9662;0.1824;-0.182;1.179144;0.210823;2.391699;0.9662;0.1824;-0.182;0.058618;2.748504;-1.014673;0.9662;0.1824;-0.182;0.975022;2.798906;-0.279901;-0.2811;-0.1814;0.9424;0.847749;2.949677;-0.288844;-0.2811;-0.1814;0.9424;-2.316735;0.294869;-1.743782;-0.2811;-0.1814;0.9424;-2.316735;0.294869;-1.743782;-0.4064;0.7613;-0.5052;0.847749;2.949677;-0.288844;-0.4064;0.7613;-0.5052;0.959119;2.905015;-0.445727;-0.4064;0.7613;-0.5052;0.959119;2.905015;-0.445727;0.7211;-0.5502;-0.4212;0.975022;2.798906;-0.279901;0.7211;-0.5502;-0.4212;-2.051383;0.071455;-1.898468;0.7211;-0.5502;-0.4212;-1.388501;2.71216;1.614759;0.0556;-0.9321;0.3578;-1.672461;2.680541;1.576513;0.0556;-0.9321;0.3578;-0.909297;1.210376;-2.372046;0.0556;-0.9321;0.3578;-0.909297;1.210376;-2.372046;-0.8786;0.3665;-0.3063;-1.672461;2.680541;1.576513;-0.8786;0.3665;-0.3063;-1.541865;2.923388;1.492455;-0.8786;0.3665;-0.3063;-1.541865;2.923388;1.492455;0.829;0.5527;-0.0849;-1.388501;2.71216;1.614759;0.829;0.5527;-0.0849;-0.751884;1.150882;-2.331063;0.829;0.5527;-0.0849;-2.370495;0.240402;-0.164963;-0.7866;0.3242;-0.5254;-1.089962;2.948277;-0.411175;-0.7866;0.3242;-0.5254;-1.000396;2.913317;-0.566844;-0.7866;0.3242;-0.5254;-1.089962;2.948277;-0.411175;0.0248;0.1961;0.9803;-2.300661;0.111096;0.186904;0.0248;0.1961;0.9803;-0.912794;2.902811;-0.406555;0.0248;0.1961;0.9803;-2.655507;0.207864;0.086267;-0.1671;-0.9357;-0.3107;-2.370495;0.240402;-0.164963;-0.1671;-0.9357;-0.3107;-2.300661;0.111096;0.186904;-0.1671;-0.9357;-0.3107;-2.300661;0.111096;0.186904;0.7599;-0.4726;-0.4463;-1.000396;2.913317;-0.566844;0.7599;-0.4726;-0.4463;-0.912794;2.902811;-0.406555;0.7599;-0.4726;-0.4463;-1.000396;2.913317;-0.566844;0.2497;0.9656;-0.0732;-1.089962;2.948277;-0.411175;0.2497;0.9656;-0.0732;-0.912794;2.902811;-0.406555;0.2497;0.9656;-0.0732;-2.370495;0.240402;-0.164963;-0.6566;0.2457;-0.7131;-2.655507;0.207864;0.086267;-0.6566;0.2457;-0.7131;-1.089962;2.948277;-0.411175;-0.6566;0.2457;-0.7131;-1.089962;2.948277;-0.411175;-0.1906;0.2797;0.941;-2.655507;0.207864;0.086267;-0.1906;0.2797;0.941;-2.300661;0.111096;0.186904;-0.1906;0.2797;0.941;-2.300661;0.111096;0.186904;0.8172;-0.4692;-0.3346;-2.370495;0.240402;-0.164963;0.8172;-0.4692;-0.3346;-1.000396;2.913317;-0.566844;0.8172;-0.4692;-0.3346
4
MATERIAL;0.549;0.427;0.278;0.549;0.427;0.278
INFO;Beaver Den;A den made by beavers.;100;50;2;noIcon.png;thud
BUILD;6;300;fullBuiltAt;285
DECOMPOSE;timePerLoss;5
