1.0
es
1;1
6
-0.700203;0.019305;-0.662949;0.73946;0.165652;0.085503;1
24;1
24;-1.0;0.0;0.0
0.718884;0.032657;0.072426;-0.3519;-0.5417;0.7634;-0.700203;0.165652;-0.487364;-0.3519;-0.5417;0.7634;-0.592087;0.019305;-0.541368;-0.3519;-0.5417;0.7634;-0.700203;0.165652;-0.487364;0.0393;0.9991;-0.0134;0.73946;0.115377;-0.012403;0.0393;0.9991;-0.0134;-0.628331;0.160469;-0.662949;0.0393;0.9991;-0.0134;0.675849;0.144187;0.085503;0.8418;0.27;0.4675;0.718884;0.032657;0.072426;0.8418;0.27;0.4675;0.73946;0.115377;-0.012403;0.8418;0.27;0.4675;0.73946;0.115377;-0.012403;0.3401;-0.5621;-0.754;-0.592087;0.019305;-0.541368;0.3401;-0.5621;-0.754;-0.628331;0.160469;-0.662949;0.3401;-0.5621;-0.754;-0.592087;0.019305;-0.541368;-0.8147;-0.4841;-0.3192;-0.700203;0.165652;-0.487364;-0.8147;-0.4841;-0.3192;-0.628331;0.160469;-0.662949;-0.8147;-0.4841;-0.3192;0.718884;0.032657;0.072426;-0.3755;-0.2495;0.8926;0.675849;0.144187;0.085503;-0.3755;-0.2495;0.8926;-0.700203;0.165652;-0.487364;-0.3755;-0.2495;0.8926;-0.700203;0.165652;-0.487364;0.1055;0.9704;-0.217;0.675849;0.144187;0.085503;0.1055;0.9704;-0.217;0.73946;0.115377;-0.012403;0.1055;0.9704;-0.217;0.73946;0.115377;-0.012403;0.301;-0.7182;-0.6273;0.718884;0.032657;0.072426;0.301;-0.7182;-0.6273;-0.592087;0.019305;-0.541368;0.301;-0.7182;-0.6273
-1.062261;-0.005152;-1.551915;1.962475;0.515813;1.428408;1
72;1
72;-1.0;0.0;0.0
-0.996681;0.314422;0.118463;-0.1901;-0.962;0.196;1.828038;0.021241;1.419541;-0.1901;-0.962;0.196;-1.062261;0.367438;0.315024;-0.1901;-0.962;0.196;1.828038;0.021241;1.419541;-0.1804;0.6995;0.6914;-0.975922;0.515813;0.18744;-0.1804;0.6995;0.6914;-1.062261;0.367438;0.315024;-0.1804;0.6995;0.6914;1.828038;0.021241;1.419541;0.5394;-0.2164;0.8138;1.962475;-0.005152;1.323418;0.5394;-0.2164;0.8138;1.931871;0.147691;1.384345;0.5394;-0.2164;0.8138;1.931871;0.147691;1.384345;0.3955;0.2609;-0.8806;-0.996681;0.314422;0.118463;0.3955;0.2609;-0.8806;-0.975922;0.515813;0.18744;0.3955;0.2609;-0.8806;-0.996681;0.314422;0.118463;-0.9069;0.2172;-0.3611;-1.062261;0.367438;0.315024;-0.9069;0.2172;-0.3611;-0.975922;0.515813;0.18744;-0.9069;0.2172;-0.3611;0.818302;0.005407;-0.427268;-0.3519;-0.6121;0.7082;-0.911033;0.231851;-1.090859;-0.3519;-0.6121;0.7082;-0.779281;0.060605;-1.173391;-0.3519;-0.6121;0.7082;-0.911033;0.231851;-1.090859;0.0393;0.9959;0.082;0.843376;0.115618;-0.520549;0.0393;0.9959;0.082;-0.823448;0.245987;-1.304457;0.0393;0.9959;0.082;0.765859;0.139179;-0.398432;0.8418;0.2241;0.4911;0.818302;0.005407;-0.427268;0.8418;0.2241;0.4911;0.843376;0.115618;-0.520549;0.8418;0.2241;0.4911;0.843376;0.115618;-0.520549;0.3401;-0.4875;-0.8042;-0.779281;0.060605;-1.173391;0.3401;-0.4875;-0.8042;-0.823448;0.245987;-1.304457;0.3401;-0.4875;-0.8042;-0.779281;0.060605;-1.173391;-0.8147;-0.4514;-0.3639;-0.911033;0.231851;-1.090859;-0.8147;-0.4514;-0.3639;-0.823448;0.245987;-1.304457;-0.8147;-0.4514;-0.3639;-0.165563;0.019617;1.428408;-0.3442;-0.9381;-0.0396;-0.627544;0.313906;-1.529727;-0.3442;-0.9381;-0.0396;-0.510746;0.269762;-1.499318;-0.3442;-0.9381;-0.0396;-0.627544;0.313906;-1.529727;-0.5532;0.8262;0.1068;-0.279355;0.176344;1.33766;-0.5532;0.8262;0.1068;-0.523707;0.386298;-1.551915;-0.5532;0.8262;0.1068;-0.376255;-0.003844;1.40003;-0.166;0.4011;0.9009;-0.165563;0.019617;1.428408;-0.166;0.4011;0.9009;-0.279355;0.176344;1.33766;-0.166;0.4011;0.9009;-0.279355;0.176344;1.33766;0.9941;0.0751;-0.0786;-0.510746;0.269762;-1.499318;0.9941;0.0751;-0.0786;-0.523707;0.386298;-1.551915;0.9941;0.0751;-0.0786;-0.510746;0.269762;-1.499318;0.0854;-0.402;-0.9117;-0.627544;0.313906;-1.529727;0.0854;-0.402;-0.9117;-0.523707;0.386298;-1.551915;0.0854;-0.402;-0.9117;-0.996681;0.314422;0.118463;-0.1383;-0.9873;0.0777;1.962475;-0.005152;1.323418;-0.1383;-0.9873;0.0777;1.828038;0.021241;1.419541;-0.1383;-0.9873;0.0777;1.828038;0.021241;1.419541;-0.2853;0.4672;0.8368;1.931871;0.147691;1.384345;-0.2853;0.4672;0.8368;-0.975922;0.515813;0.18744;-0.2853;0.4672;0.8368;1.931871;0.147691;1.384345;0.3818;0.4072;-0.8297;1.962475;-0.005152;1.323418;0.3818;0.4072;-0.8297;-0.996681;0.314422;0.118463;0.3818;0.4072;-0.8297;0.818302;0.005407;-0.427268;-0.3755;-0.3336;0.8647;0.765859;0.139179;-0.398432;-0.3755;-0.3336;0.8647;-0.911033;0.231851;-1.090859;-0.3755;-0.3336;0.8647;-0.911033;0.231851;-1.090859;0.1055;0.9867;-0.1234;0.765859;0.139179;-0.398432;0.1055;0.9867;-0.1234;0.843376;0.115618;-0.520549;0.1055;0.9867;-0.1234;0.843376;0.115618;-0.520549;0.301;-0.6551;-0.693;0.818302;0.005407;-0.427268;0.301;-0.6551;-0.693;-0.779281;0.060605;-1.173391;0.301;-0.6551;-0.693;-0.165563;0.019617;1.428408;0.1255;-0.9851;-0.1176;-0.376255;-0.003844;1.40003;0.1255;-0.9851;-0.1176;-0.627544;0.313906;-1.529727;0.1255;-0.9851;-0.1176;-0.627544;0.313906;-1.529727;-0.8543;0.5037;0.1279;-0.376255;-0.003844;1.40003;-0.8543;0.5037;0.1279;-0.279355;0.176344;1.33766;-0.8543;0.5037;0.1279;-0.279355;0.176344;1.33766;0.8213;0.5684;-0.0483;-0.165563;0.019617;1.428408;0.8213;0.5684;-0.0483;-0.510746;0.269762;-1.499318;0.8213;0.5684;-0.0483
-1.41971;-0.827625;-2.401201;1.914157;1.195041;1.920182;1
108;1
108;-1.0;0.0;0.0
1.888981;0.14309;1.496966;0.1161;-0.8648;-0.4885;-1.045097;0.097912;0.879491;0.1161;-0.8648;-0.4885;1.914157;0.26686;1.283821;0.1161;-0.8648;-0.4885;-1.045097;0.097912;0.879491;0.0191;0.865;-0.5014;1.887918;0.390844;1.496712;0.0191;0.865;-0.5014;1.914157;0.26686;1.283821;0.0191;0.865;-0.5014;-1.045097;0.097912;0.879491;-0.9928;0.0418;-0.1121;-1.077191;-0.007364;1.124554;-0.9928;0.0418;-0.1121;-1.062498;0.259097;1.093701;-0.9928;0.0418;-0.1121;1.887918;0.390844;1.496712;-0.1246;5.0E-4;0.9922;-1.077191;-0.007364;1.124554;-0.1246;5.0E-4;0.9922;1.888981;0.14309;1.496966;-0.1246;5.0E-4;0.9922;1.888981;0.14309;1.496966;0.9928;0.0044;0.1198;1.914157;0.26686;1.283821;0.9928;0.0044;0.1198;1.887918;0.390844;1.496712;0.9928;0.0044;0.1198;0.833575;1.04163;1.041289;0.9822;-0.188;0.0019;0.482601;-0.827625;-2.401201;0.9822;-0.188;0.0019;0.86321;1.195041;0.901079;0.9822;-0.188;0.0019;0.86321;1.195041;0.901079;-0.3605;0.8133;-0.4566;0.482601;-0.827625;-2.401201;-0.3605;0.8133;-0.4566;0.668453;1.140082;0.956946;-0.3605;0.8133;-0.4566;0.668453;1.140082;0.956946;-0.6137;-0.6659;0.4242;0.482601;-0.827625;-2.401201;-0.6137;-0.6659;0.4242;0.833575;1.04163;1.041289;-0.6137;-0.6659;0.4242;0.833575;1.04163;1.041289;0.0227;0.6721;0.7401;0.86321;1.195041;0.901079;0.0227;0.6721;0.7401;0.668453;1.140082;0.956946;0.0227;0.6721;0.7401;0.667537;0.965271;0.5058;-0.5288;-0.8221;-0.211;1.271609;0.233883;1.8414;-0.5288;-0.8221;-0.211;0.506528;1.040084;0.617832;-0.5288;-0.8221;-0.211;1.271609;0.233883;1.8414;-0.3643;0.6566;0.6604;0.694131;1.133724;0.628226;-0.3643;0.6566;0.6604;0.506528;1.040084;0.617832;-0.3643;0.6566;0.6604;1.271609;0.233883;1.8414;-0.2987;-0.4327;0.8506;1.414132;0.152674;1.850142;-0.2987;-0.4327;0.8506;1.399419;0.30053;1.920182;-0.2987;-0.4327;0.8506;1.399419;0.30053;1.920182;0.905;0.1472;-0.3991;0.667537;0.965271;0.5058;0.905;0.1472;-0.3991;0.694131;1.133724;0.628226;0.905;0.1472;-0.3991;0.667537;0.965271;0.5058;-0.2545;0.5945;-0.7628;0.506528;1.040084;0.617832;-0.2545;0.5945;-0.7628;0.694131;1.133724;0.628226;-0.2545;0.5945;-0.7628;1.20504;0.13801;-0.770234;-0.1291;-0.6635;0.7369;-1.41971;0.213882;-1.161597;-0.1291;-0.6635;0.7369;-1.226463;0.051176;-1.27425;-0.1291;-0.6635;0.7369;-1.41971;0.213882;-1.161597;-0.0184;0.9848;0.1728;1.193458;0.215285;-0.890999;-0.0184;0.9848;0.1728;-1.332827;0.260848;-1.419965;-0.0184;0.9848;0.1728;1.112351;0.247811;-0.776746;0.712;0.6205;0.3288;1.20504;0.13801;-0.770234;0.712;0.6205;0.3288;1.193458;0.215285;-0.890999;0.712;0.6205;0.3288;1.193458;0.215285;-0.890999;0.1684;-0.5035;-0.8474;-1.226463;0.051176;-1.27425;0.1684;-0.5035;-0.8474;-1.332827;0.260848;-1.419965;0.1684;-0.5035;-0.8474;-1.226463;0.051176;-1.27425;-0.7143;-0.6058;-0.3503;-1.41971;0.213882;-1.161597;-0.7143;-0.6058;-0.3503;-1.332827;0.260848;-1.419965;-0.7143;-0.6058;-0.3503;-0.666402;0.306835;1.284321;-0.3665;-0.9285;0.0598;-1.119844;0.298725;-1.619141;-0.3665;-0.9285;0.0598;-1.005205;0.255397;-1.589295;-0.3665;-0.9285;0.0598;-1.119844;0.298725;-1.619141;-0.5686;0.8223;0.0217;-0.778091;0.460666;1.195251;-0.5686;0.8223;0.0217;-1.017927;0.369779;-1.64092;-0.5686;0.8223;0.0217;-0.8732;0.283808;1.256468;-0.166;0.4011;0.9009;-0.666402;0.306835;1.284321;-0.166;0.4011;0.9009;-0.778091;0.460666;1.195251;-0.166;0.4011;0.9009;-0.778091;0.460666;1.195251;0.9937;0.0716;-0.0863;-1.005205;0.255397;-1.589295;0.9937;0.0716;-0.0863;-1.017927;0.369779;-1.64092;0.9937;0.0716;-0.0863;-1.005205;0.255397;-1.589295;0.0854;-0.402;-0.9117;-1.119844;0.298725;-1.619141;0.0854;-0.402;-0.9117;-1.017927;0.369779;-1.64092;0.0854;-0.402;-0.9117;1.888981;0.14309;1.496966;0.0946;-0.9191;-0.3824;-1.077191;-0.007364;1.124554;0.0946;-0.9191;-0.3824;-1.045097;0.097912;0.879491;0.0946;-0.9191;-0.3824;-1.045097;0.097912;0.879491;0.046;0.8;-0.5982;-1.062498;0.259097;1.093701;0.046;0.8;-0.5982;1.887918;0.390844;1.496712;0.046;0.8;-0.5982;1.887918;0.390844;1.496712;-0.1397;0.1215;0.9827;-1.062498;0.259097;1.093701;-0.1397;0.1215;0.9827;-1.077191;-0.007364;1.124554;-0.1397;0.1215;0.9827;0.667537;0.965271;0.5058;-0.4673;-0.8473;-0.2526;1.414132;0.152674;1.850142;-0.4673;-0.8473;-0.2526;1.271609;0.233883;1.8414;-0.4673;-0.8473;-0.2526;1.271609;0.233883;1.8414;-0.6269;0.4526;0.6341;1.399419;0.30053;1.920182;-0.6269;0.4526;0.6341;0.694131;1.133724;0.628226;-0.6269;0.4526;0.6341;1.399419;0.30053;1.920182;0.9025;0.2544;-0.3475;1.414132;0.152674;1.850142;0.9025;0.2544;-0.3475;0.667537;0.965271;0.5058;0.9025;0.2544;-0.3475;1.20504;0.13801;-0.770234;-0.149;-0.0673;0.9865;1.112351;0.247811;-0.776746;-0.149;-0.0673;0.9865;-1.41971;0.213882;-1.161597;-0.149;-0.0673;0.9865;-1.41971;0.213882;-1.161597;0.026;0.9662;-0.2566;1.112351;0.247811;-0.776746;0.026;0.9662;-0.2566;1.193458;0.215285;-0.890999;0.026;0.9662;-0.2566;1.193458;0.215285;-0.890999;0.1421;-0.8275;-0.5431;1.20504;0.13801;-0.770234;0.1421;-0.8275;-0.5431;-1.226463;0.051176;-1.27425;0.1421;-0.8275;-0.5431;-0.666402;0.306835;1.284321;0.1126;-0.9935;-0.0148;-0.8732;0.283808;1.256468;0.1126;-0.9935;-0.0148;-1.119844;0.298725;-1.619141;0.1126;-0.9935;-0.0148;-1.119844;0.298725;-1.619141;-0.8668;0.4927;0.0769;-0.8732;0.283808;1.256468;-0.8668;0.4927;0.0769;-0.778091;0.460666;1.195251;-0.8668;0.4927;0.0769;-0.778091;0.460666;1.195251;0.8331;0.5424;-0.1079;-0.666402;0.306835;1.284321;0.8331;0.5424;-0.1079;-1.005205;0.255397;-1.589295;0.8331;0.5424;-0.1079
-1.60681;-0.959667;-2.798424;2.262983;2.606827;2.217633;1
132;1
132;-1.0;0.0;0.0
0.833409;2.424263;-0.272395;-0.3505;-0.4291;-0.8325;-0.792159;0.039496;1.641159;-0.3505;-0.4291;-0.8325;0.693494;2.606827;-0.307585;-0.3505;-0.4291;-0.8325;-0.792159;0.039496;1.641159;-0.5939;0.6754;0.437;0.821634;2.594102;-0.113776;-0.5939;0.6754;0.437;0.693494;2.606827;-0.307585;-0.5939;0.6754;0.437;-0.792159;0.039496;1.641159;-0.6239;-0.6638;0.4124;-0.597239;-0.045787;1.798786;-0.6239;-0.6638;0.4124;-0.754848;0.15165;1.878103;-0.6239;-0.6638;0.4124;-0.754848;0.15165;1.878103;0.8893;-0.2777;0.3633;0.833409;2.424263;-0.272395;0.8893;-0.2777;0.3633;0.821634;2.594102;-0.113776;0.8893;-0.2777;0.3633;0.833409;2.424263;-0.272395;0.745;0.4821;-0.4609;0.693494;2.606827;-0.307585;0.745;0.4821;-0.4609;0.821634;2.594102;-0.113776;0.745;0.4821;-0.4609;0.833409;2.424263;-0.272395;0.237;-0.7012;-0.6725;-0.597239;-0.045787;1.798786;0.237;-0.7012;-0.6725;-0.792159;0.039496;1.641159;0.237;-0.7012;-0.6725;-0.792159;0.039496;1.641159;-0.8694;0.4854;-0.0929;-0.754848;0.15165;1.878103;-0.8694;0.4854;-0.0929;0.821634;2.594102;-0.113776;-0.8694;0.4854;-0.0929;-0.754848;0.15165;1.878103;0.6513;0.2293;0.7233;-0.597239;-0.045787;1.798786;0.6513;0.2293;0.7233;0.833409;2.424263;-0.272395;0.6513;0.2293;0.7233;2.233761;0.167093;1.726382;0.1161;-0.8648;-0.4885;-1.171978;0.114653;1.009648;0.1161;-0.8648;-0.4885;2.262983;0.310759;1.478974;0.1161;-0.8648;-0.4885;-1.171978;0.114653;1.009648;0.0191;0.865;-0.5014;2.232526;0.454674;1.726088;0.0191;0.865;-0.5014;2.262983;0.310759;1.478974;0.0191;0.865;-0.5014;-1.171978;0.114653;1.009648;-0.9928;0.0418;-0.1121;-1.20923;-0.007547;1.294105;-0.9928;0.0418;-0.1121;-1.192176;0.301748;1.258293;-0.9928;0.0418;-0.1121;2.232526;0.454674;1.726088;-0.1246;5.0E-4;0.9922;-1.20923;-0.007547;1.294105;-0.1246;5.0E-4;0.9922;2.233761;0.167093;1.726382;-0.1246;5.0E-4;0.9922;2.233761;0.167093;1.726382;0.9928;0.0044;0.1198;2.262983;0.310759;1.478974;0.9928;0.0044;0.1198;2.232526;0.454674;1.726088;0.9928;0.0044;0.1198;0.806799;2.311656;0.573406;0.9892;-0.1305;0.0663;0.601302;-0.959667;-2.798424;0.9892;-0.1305;0.0663;0.841197;2.489728;0.410657;0.9892;-0.1305;0.0663;0.841197;2.489728;0.410657;-0.3733;0.6457;-0.6661;0.601302;-0.959667;-2.798424;-0.3733;0.6457;-0.6661;0.615133;2.425935;0.475505;-0.3733;0.6457;-0.6661;0.615133;2.425935;0.475505;-0.6158;-0.5464;0.5677;0.601302;-0.959667;-2.798424;-0.6158;-0.5464;0.5677;0.806799;2.311656;0.573406;-0.6158;-0.5464;0.5677;0.806799;2.311656;0.573406;0.0227;0.6721;0.7401;0.841197;2.489728;0.410657;0.0227;0.6721;0.7401;0.615133;2.425935;0.475505;0.0227;0.6721;0.7401;0.401168;2.323417;-0.743206;-0.5869;-0.7258;-0.3588;1.18296;0.27248;2.126186;-0.5869;-0.7258;-0.3588;0.214276;2.410256;-0.613165;-0.5869;-0.7258;-0.3588;1.18296;0.27248;2.126186;-0.3681;0.6654;0.6494;0.432038;2.51895;-0.6011;-0.3681;0.6654;0.6494;0.214276;2.410256;-0.613165;-0.3681;0.6654;0.6494;1.18296;0.27248;2.126186;-0.2987;-0.4327;0.8506;1.348392;0.178217;2.136332;-0.2987;-0.4327;0.8506;1.331315;0.349842;2.217633;-0.2987;-0.4327;0.8506;1.331315;0.349842;2.217633;0.9613;0.0456;-0.2716;0.401168;2.323417;-0.743206;0.9613;0.0456;-0.2716;0.432038;2.51895;-0.6011;0.9613;0.0456;-0.2716;0.401168;2.323417;-0.743206;-0.2545;0.5945;-0.7628;0.214276;2.410256;-0.613165;-0.2545;0.5945;-0.7628;0.432038;2.51895;-0.6011;-0.2545;0.5945;-0.7628;1.175839;1.021183;-1.029433;0.0467;-0.5305;0.8464;-1.60681;0.249264;-1.359551;0.0467;-0.5305;0.8464;-1.382498;0.060403;-1.490313;0.0467;-0.5305;0.8464;-1.60681;0.249264;-1.359551;-0.3008;0.951;0.0717;1.162396;1.110881;-1.169611;-0.3008;0.951;0.0717;-1.505961;0.30378;-1.659452;-0.3008;0.951;0.0717;1.068251;1.148635;-1.036992;0.712;0.6205;0.3288;1.175839;1.021183;-1.029433;0.712;0.6205;0.3288;1.162396;1.110881;-1.169611;0.712;0.6205;0.3288;1.162396;1.110881;-1.169611;0.2897;-0.4428;-0.8486;-1.382498;0.060403;-1.490313;0.2897;-0.4428;-0.8486;-1.505961;0.30378;-1.659452;0.2897;-0.4428;-0.8486;-1.382498;0.060403;-1.490313;-0.7143;-0.6058;-0.3503;-1.60681;0.249264;-1.359551;-0.7143;-0.6058;-0.3503;-1.505961;0.30378;-1.659452;-0.7143;-0.6058;-0.3503;-0.732406;0.357161;1.479555;-0.3574;-0.9338;0.0173;-1.25874;0.496207;-1.890647;-0.3574;-0.9338;0.0173;-1.125673;0.445915;-1.856002;-0.3574;-0.9338;0.0173;-1.25874;0.496207;-1.890647;-0.5625;0.8247;0.0583;-0.86205;0.53572;1.376166;-0.5625;0.8247;0.0583;-1.14044;0.578683;-1.915926;-0.5625;0.8247;0.0583;-0.972448;0.330431;1.447224;-0.166;0.4011;0.9009;-0.732406;0.357161;1.479555;-0.166;0.4011;0.9009;-0.86205;0.53572;1.376166;-0.166;0.4011;0.9009;-0.86205;0.53572;1.376166;0.9939;0.073;-0.0831;-1.125673;0.445915;-1.856002;0.9939;0.073;-0.0831;-1.14044;0.578683;-1.915926;0.9939;0.073;-0.0831;-1.125673;0.445915;-1.856002;0.0854;-0.402;-0.9117;-1.25874;0.496207;-1.890647;0.0854;-0.402;-0.9117;-1.14044;0.578683;-1.915926;0.0854;-0.402;-0.9117;2.233761;0.167093;1.726382;0.0946;-0.9191;-0.3824;-1.20923;-0.007547;1.294105;0.0946;-0.9191;-0.3824;-1.171978;0.114653;1.009648;0.0946;-0.9191;-0.3824;-1.171978;0.114653;1.009648;0.046;0.8;-0.5982;-1.192176;0.301748;1.258293;0.046;0.8;-0.5982;2.232526;0.454674;1.726088;0.046;0.8;-0.5982;2.232526;0.454674;1.726088;-0.1397;0.1215;0.9827;-1.192176;0.301748;1.258293;-0.1397;0.1215;0.9827;-1.20923;-0.007547;1.294105;-0.1397;0.1215;0.9827;0.401168;2.323417;-0.743206;-0.4216;-0.7881;-0.4485;1.348392;0.178217;2.136332;-0.4216;-0.7881;-0.4485;1.18296;0.27248;2.126186;-0.4216;-0.7881;-0.4485;1.18296;0.27248;2.126186;-0.6282;0.5068;0.5904;1.331315;0.349842;2.217633;-0.6282;0.5068;0.5904;0.432038;2.51895;-0.6011;-0.6282;0.5068;0.5904;1.331315;0.349842;2.217633;0.9662;0.1824;-0.182;1.348392;0.178217;2.136332;0.9662;0.1824;-0.182;0.401168;2.323417;-0.743206;0.9662;0.1824;-0.182;1.175839;1.021183;-1.029433;-0.1087;-0.0329;0.9935;1.068251;1.148635;-1.036992;-0.1087;-0.0329;0.9935;-1.60681;0.249264;-1.359551;-0.1087;-0.0329;0.9935;-1.60681;0.249264;-1.359551;-0.243;0.8738;-0.4212;1.068251;1.148635;-1.036992;-0.243;0.8738;-0.4212;1.162396;1.110881;-1.169611;-0.243;0.8738;-0.4212;1.162396;1.110881;-1.169611;0.3806;-0.7619;-0.524;1.175839;1.021183;-1.029433;0.3806;-0.7619;-0.524;-1.382498;0.060403;-1.490313;0.3806;-0.7619;-0.524;-0.732406;0.357161;1.479555;0.1184;-0.9912;-0.0594;-0.972448;0.330431;1.447224;0.1184;-0.9912;-0.0594;-1.25874;0.496207;-1.890647;0.1184;-0.9912;-0.0594;-1.25874;0.496207;-1.890647;-0.8618;0.4976;0.0986;-0.972448;0.330431;1.447224;-0.8618;0.4976;0.0986;-0.86205;0.53572;1.376166;-0.8618;0.4976;0.0986;-0.86205;0.53572;1.376166;0.8286;0.5536;-0.083;-0.732406;0.357161;1.479555;0.8286;0.5536;-0.083;-1.125673;0.445915;-1.856002;0.8286;0.5536;-0.083
-1.87311;-1.045507;-3.096609;2.342831;3.281235;2.368126;1
156;1
156;-1.0;0.0;0.0
2.310995;0.182039;1.832934;0.1161;-0.8648;-0.4885;-1.399382;0.124908;1.052089;0.1161;-0.8648;-0.4885;2.342831;0.338556;1.563396;0.1161;-0.8648;-0.4885;-1.399382;0.124908;1.052089;0.0191;0.865;-0.5014;2.309649;0.495344;1.832614;0.0191;0.865;-0.5014;2.342831;0.338556;1.563396;0.0191;0.865;-0.5014;-1.399382;0.124908;1.052089;-0.9928;0.0418;-0.1121;-1.439967;-0.008222;1.361991;-0.9928;0.0418;-0.1121;-1.421387;0.328739;1.322974;-0.9928;0.0418;-0.1121;2.309649;0.495344;1.832614;-0.1246;5.0E-4;0.9922;-1.439967;-0.008222;1.361991;-0.1246;5.0E-4;0.9922;2.310995;0.182039;1.832934;-0.1246;5.0E-4;0.9922;2.310995;0.182039;1.832934;0.9928;0.0044;0.1198;2.342831;0.338556;1.563396;0.9928;0.0044;0.1198;2.309649;0.495344;1.832614;0.9928;0.0044;0.1198;1.517358;0.015869;-2.451819;-0.8123;-0.1605;-0.5607;-1.136664;2.662596;0.635284;-0.8123;-0.1605;-0.5607;1.564705;0.240726;-2.584769;-0.8123;-0.1605;-0.5607;1.564705;0.240726;-2.584769;0.5563;0.8176;-0.1482;-1.009647;2.603503;0.786062;0.5563;0.8176;-0.1482;1.728543;0.164504;-2.390282;0.5563;0.8176;-0.1482;-1.136664;2.662596;0.635284;-0.5505;0.5077;0.6627;-1.17337;2.488273;0.738355;-0.5505;0.5077;0.6627;-1.009647;2.603503;0.786062;-0.5505;0.5077;0.6627;-1.009647;2.603503;0.786062;0.2501;-0.6517;0.716;1.517358;0.015869;-2.451819;0.2501;-0.6517;0.716;1.728543;0.164504;-2.390282;0.2501;-0.6517;0.716;1.517358;0.015869;-2.451819;0.5505;-0.5077;-0.6627;1.564705;0.240726;-2.584769;0.5505;-0.5077;-0.6627;1.728543;0.164504;-2.390282;0.5505;-0.5077;-0.6627;0.756393;2.51843;0.576826;0.9892;-0.1305;0.0663;0.532514;-1.045507;-3.096609;0.9892;-0.1305;0.0663;0.793868;2.71243;0.399519;0.9892;-0.1305;0.0663;0.793868;2.71243;0.399519;-0.3733;0.6457;-0.6661;0.532514;-1.045507;-3.096609;-0.3733;0.6457;-0.6661;0.547583;2.64293;0.470167;-0.3733;0.6457;-0.6661;0.547583;2.64293;0.470167;-0.6158;-0.5464;0.5677;0.532514;-1.045507;-3.096609;-0.6158;-0.5464;0.5677;0.756393;2.51843;0.576826;-0.6158;-0.5464;0.5677;0.756393;2.51843;0.576826;0.0227;0.6721;0.7401;0.793868;2.71243;0.399519;0.0227;0.6721;0.7401;0.547583;2.64293;0.470167;0.0227;0.6721;0.7401;-0.410919;3.106884;0.097342;-0.2671;-0.4439;-0.8553;-1.3534;0.030676;1.988271;-0.2671;-0.4439;-0.8553;-0.646759;3.228313;0.107955;-0.2671;-0.4439;-0.8553;-1.3534;0.030676;1.988271;-0.6836;0.4763;0.553;-0.461856;3.281235;0.290953;-0.6836;0.4763;0.553;-0.646759;3.228313;0.107955;-0.6836;0.4763;0.553;-1.3534;0.030676;1.988271;-0.184;-0.8546;0.4856;-1.076423;0.039395;2.108576;-0.184;-0.8546;0.4856;-1.307614;0.170697;2.25202;-0.184;-0.8546;0.4856;-1.307614;0.170697;2.25202;0.9494;-0.0642;0.3076;-0.410919;3.106884;0.097342;0.9494;-0.0642;0.3076;-0.461856;3.281235;0.290953;0.9494;-0.0642;0.3076;-0.410919;3.106884;0.097342;0.3549;0.7392;-0.5723;-0.646759;3.228313;0.107955;0.3549;0.7392;-0.5723;-0.461856;3.281235;0.290953;0.3549;0.7392;-0.5723;0.314479;2.531243;-0.857555;-0.5869;-0.7258;-0.3588;1.166201;0.296853;2.2685;-0.5869;-0.7258;-0.3588;0.11087;2.62585;-0.715882;-0.5869;-0.7258;-0.3588;1.166201;0.296853;2.2685;-0.3681;0.6654;0.6494;0.34811;2.744266;-0.702738;-0.3681;0.6654;0.6494;0.11087;2.62585;-0.715882;-0.3681;0.6654;0.6494;1.166201;0.296853;2.2685;-0.2987;-0.4327;0.8506;1.346431;0.194158;2.279553;-0.2987;-0.4327;0.8506;1.327826;0.381135;2.368126;-0.2987;-0.4327;0.8506;1.327826;0.381135;2.368126;0.9613;0.0456;-0.2716;0.314479;2.531243;-0.857555;0.9613;0.0456;-0.2716;0.34811;2.744266;-0.702738;0.9613;0.0456;-0.2716;0.314479;2.531243;-0.857555;-0.2545;0.5945;-0.7627;0.11087;2.62585;-0.715882;-0.2545;0.5945;-0.7627;0.34811;2.744266;-0.702738;-0.2545;0.5945;-0.7627;1.158444;2.577661;-0.180865;0.0362;-0.5394;0.8413;-1.87311;0.271561;-1.529031;0.0362;-0.5394;0.8413;-1.628733;0.065806;-1.671489;0.0362;-0.5394;0.8413;-1.87311;0.271561;-1.529031;-0.6073;0.7922;-0.0602;1.143798;2.675382;-0.333583;-0.6073;0.7922;-0.0602;-1.76324;0.330953;-1.855757;-0.6073;0.7922;-0.0602;1.041231;2.716513;-0.189101;0.712;0.6205;0.3288;1.158444;2.577661;-0.180865;0.712;0.6205;0.3288;1.143798;2.675382;-0.333583;0.712;0.6205;0.3288;1.143798;2.675382;-0.333583;0.5927;-0.2347;-0.7704;-1.628733;0.065806;-1.671489;0.5927;-0.2347;-0.7704;-1.76324;0.330953;-1.855757;0.5927;-0.2347;-0.7704;-1.628733;0.065806;-1.671489;-0.7143;-0.6058;-0.3503;-1.87311;0.271561;-1.529031;-0.7143;-0.6058;-0.3503;-1.76324;0.330953;-1.855757;-0.7143;-0.6058;-0.3503;-1.01825;2.497772;1.564028;-0.4044;-0.8648;0.2977;-0.576925;1.027352;-2.107632;-0.4044;-0.8648;0.2977;-0.431955;0.972561;-2.069888;-0.4044;-0.8648;0.2977;-0.576925;1.027352;-2.107632;-0.5775;0.6991;-0.4216;-1.15949;2.692303;1.451392;-0.5775;0.6991;-0.4216;-0.448042;1.117206;-2.135173;-0.5775;0.6991;-0.4216;-1.279763;2.468652;1.528805;-0.166;0.4011;0.9009;-1.01825;2.497772;1.564028;-0.166;0.4011;0.9009;-1.15949;2.692303;1.451392;-0.166;0.4011;0.9009;-1.15949;2.692303;1.451392;0.9789;0.164;0.1221;-0.431955;0.972561;-2.069888;0.9789;0.164;0.1221;-0.448042;1.117206;-2.135173;0.9789;0.164;0.1221;-0.431955;0.972561;-2.069888;0.0854;-0.402;-0.9117;-0.576925;1.027352;-2.107632;0.0854;-0.402;-0.9117;-0.448042;1.117206;-2.135173;0.0854;-0.402;-0.9117;2.310995;0.182039;1.832934;0.0946;-0.9191;-0.3824;-1.439967;-0.008222;1.361991;0.0946;-0.9191;-0.3824;-1.399382;0.124908;1.052089;0.0946;-0.9191;-0.3824;-1.399382;0.124908;1.052089;0.046;0.8;-0.5982;-1.421387;0.328739;1.322974;0.046;0.8;-0.5982;2.309649;0.495344;1.832614;0.046;0.8;-0.5982;2.309649;0.495344;1.832614;-0.1397;0.1215;0.9827;-1.421387;0.328739;1.322974;-0.1397;0.1215;0.9827;-1.439967;-0.008222;1.361991;-0.1397;0.1215;0.9827;1.517358;0.015869;-2.451819;-0.8123;-0.1605;-0.5607;-1.17337;2.488273;0.738355;-0.8123;-0.1605;-0.5607;-1.136664;2.662596;0.635284;-0.8123;-0.1605;-0.5607;1.564705;0.240726;-2.584769;0.5563;0.8176;-0.1482;-1.136664;2.662596;0.635284;0.5563;0.8176;-0.1482;-1.009647;2.603503;0.786062;0.5563;0.8176;-0.1482;-1.009647;2.603503;0.786062;0.2501;-0.6517;0.716;-1.17337;2.488273;0.738355;0.2501;-0.6517;0.716;1.517358;0.015869;-2.451819;0.2501;-0.6517;0.716;-0.410919;3.106884;0.097342;0.3434;-0.5659;-0.7495;-1.076423;0.039395;2.108576;0.3434;-0.5659;-0.7495;-1.3534;0.030676;1.988271;0.3434;-0.5659;-0.7495;-1.3534;0.030676;1.988271;-0.9613;0.2747;0.0211;-1.307614;0.170697;2.25202;-0.9613;0.2747;0.0211;-0.461856;3.281235;0.290953;-0.9613;0.2747;0.0211;-1.307614;0.170697;2.25202;0.6256;0.3283;0.7077;-1.076423;0.039395;2.108576;0.6256;0.3283;0.7077;-0.410919;3.106884;0.097342;0.6256;0.3283;0.7077;0.314479;2.531243;-0.857555;-0.4216;-0.7881;-0.4485;1.346431;0.194158;2.279553;-0.4216;-0.7881;-0.4485;1.166201;0.296853;2.2685;-0.4216;-0.7881;-0.4485;1.166201;0.296853;2.2685;-0.6282;0.5068;0.5904;1.327826;0.381135;2.368126;-0.6282;0.5068;0.5904;0.34811;2.744266;-0.702738;-0.6282;0.5068;0.5904;1.327826;0.381135;2.368126;0.9662;0.1824;-0.182;1.346431;0.194158;2.279553;0.9662;0.1824;-0.182;0.314479;2.531243;-0.857555;0.9662;0.1824;-0.182;1.158444;2.577661;-0.180865;-0.2811;-0.1814;0.9424;1.041231;2.716513;-0.189101;-0.2811;-0.1814;0.9424;-1.87311;0.271561;-1.529031;-0.2811;-0.1814;0.9424;-1.87311;0.271561;-1.529031;-0.4064;0.7613;-0.5052;1.041231;2.716513;-0.189101;-0.4064;0.7613;-0.5052;1.143798;2.675382;-0.333583;-0.4064;0.7613;-0.5052;1.143798;2.675382;-0.333583;0.7211;-0.5502;-0.4212;1.158444;2.577661;-0.180865;0.7211;-0.5502;-0.4212;-1.628733;0.065806;-1.671489;0.7211;-0.5502;-0.4212;-1.01825;2.497772;1.564028;0.0523;-0.9249;0.3767;-1.279763;2.468652;1.528805;0.0523;-0.9249;0.3767;-0.576925;1.027352;-2.107632;0.0523;-0.9249;0.3767;-0.576925;1.027352;-2.107632;-0.8773;0.3633;-0.3136;-1.279763;2.468652;1.528805;-0.8773;0.3633;-0.3136;-1.15949;2.692303;1.451392;-0.8773;0.3633;-0.3136;-1.15949;2.692303;1.451392;0.831;0.5479;-0.0959;-1.01825;2.497772;1.564028;0.831;0.5479;-0.0959;-0.431955;0.972561;-2.069888;0.831;0.5479;-0.0959
-2.42831;-1.135245;-3.445908;2.488265;3.562869;2.487874;1
228;1
228;-1.0;0.0;0.0
-1.894279;-0.061901;1.77223;0.8628;-0.4998;-0.0756;-0.822665;2.25965;-1.345506;0.8628;-0.4998;-0.0756;-1.771747;0.121522;1.957805;0.8628;-0.4998;-0.0756;-1.771747;0.121522;1.957805;-0.0562;0.8379;0.5428;-0.981515;2.306525;-1.333175;-0.0562;0.8379;0.5428;-2.055475;0.134402;1.908527;-0.0562;0.8379;0.5428;-0.822665;2.25965;-1.345506;0.1315;0.6439;-0.7537;-0.939564;2.180803;-1.433259;0.1315;0.6439;-0.7537;-0.981515;2.306525;-1.333175;0.1315;0.6439;-0.7537;-0.981515;2.306525;-1.333175;-0.8099;-0.3267;-0.4872;-1.894279;-0.061901;1.77223;-0.8099;-0.3267;-0.4872;-2.055475;0.134402;1.908527;-0.8099;-0.3267;-0.4872;-1.894279;-0.061901;1.77223;-0.1588;-0.6478;0.7451;-1.771747;0.121522;1.957805;-0.1588;-0.6478;0.7451;-2.055475;0.134402;1.908527;-0.1588;-0.6478;0.7451;2.453696;0.197664;1.906746;0.0012;-0.8648;-0.5021;-1.959093;0.683808;1.058879;0.0012;-0.8648;-0.5021;2.488265;0.367615;1.614073;0.0012;-0.8648;-0.5021;-1.959093;0.683808;1.058879;0.1224;0.8641;-0.4882;2.452235;0.53786;1.906398;0.1224;0.8641;-0.4882;2.488265;0.367615;1.614073;0.1224;0.8641;-0.4882;-1.959093;0.683808;1.058879;-0.9928;0.0418;-0.1121;-2.003162;0.53925;1.39538;-0.9928;0.0418;-0.1121;-1.982987;0.905133;1.353016;-0.9928;0.0418;-0.1121;2.452235;0.53786;1.906398;-0.1139;5.0E-4;0.9935;-2.003162;0.53925;1.39538;-0.1139;5.0E-4;0.9935;2.453696;0.197664;1.906746;-0.1139;5.0E-4;0.9935;2.453696;0.197664;1.906746;0.9928;0.0044;0.1198;2.488265;0.367615;1.614073;0.9928;0.0044;0.1198;2.452235;0.53786;1.906398;0.9928;0.0044;0.1198;1.59194;0.017231;-2.745775;-0.8123;-0.1605;-0.5607;-1.289882;2.891131;0.6063;-0.8123;-0.1605;-0.5607;1.64335;0.261388;-2.890136;-0.8123;-0.1605;-0.5607;1.64335;0.261388;-2.890136;0.5563;0.8176;-0.1482;-1.151962;2.826967;0.770019;0.5563;0.8176;-0.1482;1.821251;0.178624;-2.678956;0.5563;0.8176;-0.1482;-1.289882;2.891131;0.6063;-0.5505;0.5077;0.6627;-1.329738;2.701846;0.718217;-0.5505;0.5077;0.6627;-1.151962;2.826967;0.770019;-0.5505;0.5077;0.6627;-1.151962;2.826967;0.770019;0.2501;-0.6517;0.716;1.59194;0.017231;-2.745775;0.2501;-0.6517;0.716;1.821251;0.178624;-2.678956;0.2501;-0.6517;0.716;1.59194;0.017231;-2.745775;0.5505;-0.5077;-0.6627;1.64335;0.261388;-2.890136;0.5505;-0.5077;-0.6627;1.821251;0.178624;-2.678956;0.5505;-0.5077;-0.6627;0.818013;2.734591;0.542823;0.9888;-0.1367;0.0594;0.522564;-1.135245;-3.445908;0.9888;-0.1367;0.0594;0.858705;2.945243;0.350299;0.9888;-0.1367;0.0594;0.858705;2.945243;0.350299;-0.3733;0.6482;-0.6637;0.522564;-1.135245;-3.445908;-0.3733;0.6482;-0.6637;0.59128;2.869778;0.427011;-0.3733;0.6482;-0.6637;0.59128;2.869778;0.427011;-0.6155;-0.5424;0.5718;0.522564;-1.135245;-3.445908;-0.6155;-0.5424;0.5718;0.818013;2.734591;0.542823;-0.6155;-0.5424;0.5718;0.818013;2.734591;0.542823;0.0227;0.6721;0.7401;0.858705;2.945243;0.350299;0.0227;0.6721;0.7401;0.59128;2.869778;0.427011;0.0227;0.6721;0.7401;-0.501845;3.373553;0.022185;-0.2671;-0.4439;-0.8553;-1.525221;0.033309;2.075416;-0.2671;-0.4439;-0.8553;-0.757928;3.505405;0.033709;-0.2671;-0.4439;-0.8553;-1.525221;0.033309;2.075416;-0.6836;0.4763;0.553;-0.557154;3.562869;0.232414;-0.6836;0.4763;0.553;-0.757928;3.505405;0.033709;-0.6836;0.4763;0.553;-1.525221;0.033309;2.075416;-0.184;-0.8546;0.4856;-1.22447;0.042776;2.206047;-0.184;-0.8546;0.4856;-1.475505;0.185349;2.361803;-0.184;-0.8546;0.4856;-1.475505;0.185349;2.361803;0.9494;-0.0642;0.3076;-0.501845;3.373553;0.022185;0.9494;-0.0642;0.3076;-0.557154;3.562869;0.232414;0.9494;-0.0642;0.3076;-0.501845;3.373553;0.022185;0.3549;0.7392;-0.5723;-0.757928;3.505405;0.033709;0.3549;0.7392;-0.5723;-0.557154;3.562869;0.232414;0.3549;0.7392;-0.5723;1.940171;0.427127;0.729511;-0.3653;-0.4122;-0.8347;-1.76998;2.233853;1.46081;-0.3653;-0.4122;-0.8347;-1.713406;2.476674;1.316128;-0.3653;-0.4122;-0.8347;-1.76998;2.233853;1.46081;-0.1544;-0.4724;0.8677;1.927173;0.376312;1.107209;-0.1544;-0.4724;0.8677;-1.699339;2.473837;1.604034;-0.1544;-0.4724;0.8677;1.832953;0.090503;0.873022;0.9517;-0.3068;-0.0085;1.940171;0.427127;0.729511;0.9517;-0.3068;-0.0085;1.927173;0.376312;1.107209;0.9517;-0.3068;-0.0085;1.927173;0.376312;1.107209;0.499;0.8665;-0.0158;-1.713406;2.476674;1.316128;0.499;0.8665;-0.0158;-1.699339;2.473837;1.604034;0.499;0.8665;-0.0158;-1.713406;2.476674;1.316128;-0.9658;0.2546;0.0497;-1.76998;2.233853;1.46081;-0.9658;0.2546;0.0497;-1.699339;2.473837;1.604034;-0.9658;0.2546;0.0497;0.285815;2.748504;-1.014673;-0.5869;-0.7258;-0.3588;1.210642;0.322333;2.379697;-0.5869;-0.7258;-0.3588;0.06473;2.851231;-0.860839;-0.5869;-0.7258;-0.3588;1.210642;0.322333;2.379697;-0.3681;0.6654;0.6494;0.322333;2.979811;-0.846567;-0.3681;0.6654;0.6494;0.06473;2.851231;-0.860839;-0.3681;0.6654;0.6494;1.210642;0.322333;2.379697;-0.2987;-0.4327;0.8506;1.406342;0.210823;2.391699;-0.2987;-0.4327;0.8506;1.38614;0.413848;2.487874;-0.2987;-0.4327;0.8506;1.38614;0.413848;2.487874;0.9613;0.0456;-0.2716;0.285815;2.748504;-1.014673;0.9613;0.0456;-0.2716;0.322333;2.979811;-0.846567;0.9613;0.0456;-0.2716;0.285815;2.748504;-1.014673;-0.2545;0.5945;-0.7628;0.06473;2.851231;-0.860839;-0.2545;0.5945;-0.7628;0.322333;2.979811;-0.846567;-0.2545;0.5945;-0.7628;1.202219;2.798906;-0.279901;0.0362;-0.5394;0.8413;-2.089538;0.294869;-1.743782;0.0362;-0.5394;0.8413;-1.824186;0.071455;-1.898468;0.0362;-0.5394;0.8413;-2.089538;0.294869;-1.743782;-0.6073;0.7922;-0.0602;1.186316;2.905015;-0.445727;-0.6073;0.7922;-0.0602;-1.970238;0.359359;-2.098552;-0.6073;0.7922;-0.0602;1.074946;2.949677;-0.288844;0.712;0.6205;0.3288;1.202219;2.798906;-0.279901;0.712;0.6205;0.3288;1.186316;2.905015;-0.445727;0.712;0.6205;0.3288;1.186316;2.905015;-0.445727;0.5927;-0.2347;-0.7704;-1.824186;0.071455;-1.898468;0.5927;-0.2347;-0.7704;-1.970238;0.359359;-2.098552;0.5927;-0.2347;-0.7704;-1.824186;0.071455;-1.898468;-0.7143;-0.6058;-0.3503;-2.089538;0.294869;-1.743782;-0.7143;-0.6058;-0.3503;-1.970238;0.359359;-2.098552;-0.7143;-0.6058;-0.3503;-1.161304;2.71216;1.614759;-0.4023;-0.8716;0.28;-0.682099;1.210376;-2.372046;-0.4023;-0.8716;0.28;-0.524686;1.150882;-2.331063;-0.4023;-0.8716;0.28;-0.682099;1.210376;-2.372046;-0.5792;0.7059;-0.4077;-1.314667;2.923388;1.492455;-0.5792;0.7059;-0.4077;-0.542155;1.307942;-2.401951;-0.5792;0.7059;-0.4077;-1.445264;2.680541;1.576513;-0.166;0.4011;0.9009;-1.161304;2.71216;1.614759;-0.166;0.4011;0.9009;-1.314667;2.923388;1.492455;-0.166;0.4011;0.9009;-1.314667;2.923388;1.492455;0.9782;0.1654;0.1254;-0.524686;1.150882;-2.331063;0.9782;0.1654;0.1254;-0.542155;1.307942;-2.401951;0.9782;0.1654;0.1254;-0.524686;1.150882;-2.331063;0.0854;-0.402;-0.9117;-0.682099;1.210376;-2.372046;0.0854;-0.402;-0.9117;-0.542155;1.307942;-2.401951;0.0854;-0.402;-0.9117;-1.894279;-0.061901;1.77223;0.6722;-0.6856;-0.2795;-0.939564;2.180803;-1.433259;0.6722;-0.6856;-0.2795;-0.822665;2.25965;-1.345506;0.6722;-0.6856;-0.2795;-1.771747;0.121522;1.957805;0.2721;0.7703;0.5767;-0.822665;2.25965;-1.345506;0.2721;0.7703;0.5767;-0.981515;2.306525;-1.333175;0.2721;0.7703;0.5767;-0.981515;2.306525;-1.333175;-0.9448;-0.0586;-0.3224;-0.939564;2.180803;-1.433259;-0.9448;-0.0586;-0.3224;-1.894279;-0.061901;1.77223;-0.9448;-0.0586;-0.3224;2.453696;0.197664;1.906746;-0.0247;-0.9173;-0.3973;-2.003162;0.53925;1.39538;-0.0247;-0.9173;-0.3973;-1.959093;0.683808;1.058879;-0.0247;-0.9173;-0.3973;-1.959093;0.683808;1.058879;0.1394;0.7967;-0.5881;-1.982987;0.905133;1.353016;0.1394;0.7967;-0.5881;2.452235;0.53786;1.906398;0.1394;0.7967;-0.5881;2.452235;0.53786;1.906398;-0.1131;0.1204;0.9863;-1.982987;0.905133;1.353016;-0.1131;0.1204;0.9863;-2.003162;0.53925;1.39538;-0.1131;0.1204;0.9863;1.59194;0.017231;-2.745775;-0.8123;-0.1605;-0.5607;-1.329738;2.701846;0.718217;-0.8123;-0.1605;-0.5607;-1.289882;2.891131;0.6063;-0.8123;-0.1605;-0.5607;1.64335;0.261388;-2.890136;0.5563;0.8176;-0.1482;-1.289882;2.891131;0.6063;0.5563;0.8176;-0.1482;-1.151962;2.826967;0.770019;0.5563;0.8176;-0.1482;-1.151962;2.826967;0.770019;0.2501;-0.6517;0.716;-1.329738;2.701846;0.718217;0.2501;-0.6517;0.716;1.59194;0.017231;-2.745775;0.2501;-0.6517;0.716;-0.501845;3.373553;0.022185;0.3434;-0.5659;-0.7495;-1.22447;0.042776;2.206047;0.3434;-0.5659;-0.7495;-1.525221;0.033309;2.075416;0.3434;-0.5659;-0.7495;-1.525221;0.033309;2.075416;-0.9613;0.2747;0.0211;-1.475505;0.185349;2.361803;-0.9613;0.2747;0.0211;-0.557154;3.562869;0.232414;-0.9613;0.2747;0.0211;-1.475505;0.185349;2.361803;0.6256;0.3283;0.7077;-1.22447;0.042776;2.206047;0.6256;0.3283;0.7077;-0.501845;3.373553;0.022185;0.6256;0.3283;0.7077;1.940171;0.427127;0.729511;-0.317;-0.2847;-0.9047;1.832953;0.090503;0.873022;-0.317;-0.2847;-0.9047;-1.76998;2.233853;1.46081;-0.317;-0.2847;-0.9047;-1.76998;2.233853;1.46081;-0.2139;-0.576;0.789;1.832953;0.090503;0.873022;-0.2139;-0.576;0.789;1.927173;0.376312;1.107209;-0.2139;-0.576;0.789;1.927173;0.376312;1.107209;0.501;0.8553;0.1323;1.940171;0.427127;0.729511;0.501;0.8553;0.1323;-1.713406;2.476674;1.316128;0.501;0.8553;0.1323;0.285815;2.748504;-1.014673;-0.4216;-0.7881;-0.4485;1.406342;0.210823;2.391699;-0.4216;-0.7881;-0.4485;1.210642;0.322333;2.379697;-0.4216;-0.7881;-0.4485;1.210642;0.322333;2.379697;-0.6282;0.5068;0.5904;1.38614;0.413848;2.487874;-0.6282;0.5068;0.5904;0.322333;2.979811;-0.846567;-0.6282;0.5068;0.5904;1.38614;0.413848;2.487874;0.9662;0.1824;-0.182;1.406342;0.210823;2.391699;0.9662;0.1824;-0.182;0.285815;2.748504;-1.014673;0.9662;0.1824;-0.182;1.202219;2.798906;-0.279901;-0.2811;-0.1814;0.9424;1.074946;2.949677;-0.288844;-0.2811;-0.1814;0.9424;-2.089538;0.294869;-1.743782;-0.2811;-0.1814;0.9424;-2.089538;0.294869;-1.743782;-0.4064;0.7613;-0.5052;1.074946;2.949677;-0.288844;-0.4064;0.7613;-0.5052;1.186316;2.905015;-0.445727;-0.4064;0.7613;-0.5052;1.186316;2.905015;-0.445727;0.7211;-0.5502;-0.4212;1.202219;2.798906;-0.279901;0.7211;-0.5502;-0.4212;-1.824186;0.071455;-1.898468;0.7211;-0.5502;-0.4212;-1.161304;2.71216;1.614759;0.0556;-0.9321;0.3578;-1.445264;2.680541;1.576513;0.0556;-0.9321;0.3578;-0.682099;1.210376;-2.372046;0.0556;-0.9321;0.3578;-0.682099;1.210376;-2.372046;-0.8786;0.3665;-0.3063;-1.445264;2.680541;1.576513;-0.8786;0.3665;-0.3063;-1.314667;2.923388;1.492455;-0.8786;0.3665;-0.3063;-1.314667;2.923388;1.492455;0.829;0.5527;-0.0849;-1.161304;2.71216;1.614759;0.829;0.5527;-0.0849;-0.524686;1.150882;-2.331063;0.829;0.5527;-0.0849;-2.143297;0.240402;-0.164963;-0.7866;0.3242;-0.5254;-0.862765;2.948277;-0.411175;-0.7866;0.3242;-0.5254;-0.773199;2.913317;-0.566844;-0.7866;0.3242;-0.5254;-0.862765;2.948277;-0.411175;0.0248;0.1961;0.9803;-2.073464;0.111096;0.186904;0.0248;0.1961;0.9803;-0.685597;2.902811;-0.406555;0.0248;0.1961;0.9803;-2.42831;0.207864;0.086267;-0.1671;-0.9357;-0.3107;-2.143297;0.240402;-0.164963;-0.1671;-0.9357;-0.3107;-2.073464;0.111096;0.186904;-0.1671;-0.9357;-0.3107;-2.073464;0.111096;0.186904;0.7599;-0.4726;-0.4463;-0.773199;2.913317;-0.566844;0.7599;-0.4726;-0.4463;-0.685597;2.902811;-0.406555;0.7599;-0.4726;-0.4463;-0.773199;2.913317;-0.566844;0.2497;0.9656;-0.0732;-0.862765;2.948277;-0.411175;0.2497;0.9656;-0.0732;-0.685597;2.902811;-0.406555;0.2497;0.9656;-0.0732;-2.143297;0.240402;-0.164963;-0.6566;0.2457;-0.7131;-2.42831;0.207864;0.086267;-0.6566;0.2457;-0.7131;-0.862765;2.948277;-0.411175;-0.6566;0.2457;-0.7131;-0.862765;2.948277;-0.411175;-0.1906;0.2797;0.941;-2.42831;0.207864;0.086267;-0.1906;0.2797;0.941;-2.073464;0.111096;0.186904;-0.1906;0.2797;0.941;-2.073464;0.111096;0.186904;0.8172;-0.4692;-0.3346;-2.143297;0.240402;-0.164963;0.8172;-0.4692;-0.3346;-0.773199;2.913317;-0.566844;0.8172;-0.4692;-0.3346
4
MATERIAL;hasTwoNaturals;0;count;1;CUSTOM;0.549;0.427;0.278;10
INFO;NameId;436;DescId;437;price;50000;dpPerMin;0;range;2;placeSound;thud
BUILD;6;300;fullBuiltAt;275
DECOMPOSE;timePerLoss;8
