0.4
pnf
0;1
3
-0.433258;-0.348848;-0.862111;0.425914;2.205499;0.811246;1
27;2
18;0.6865032;0.90354544;0.5736225;0.1
-0.001283;-0.348848;0.002225;0.787;0.4174;-0.4544;-0.433258;1.346327;0.811246;0.787;0.4174;-0.4544;0.20545;-0.348848;0.360297;0.787;0.4174;-0.4544;0.20545;-0.348848;0.360297;-0.3091;-0.3515;0.8837;-0.433258;1.346327;0.811246;-0.3091;-0.3515;0.8837;-0.04266;-0.348848;0.273497;-0.3091;-0.3515;0.8837;-0.04266;-0.348848;0.273497;-0.9729;-0.1771;-0.1484;-0.433258;1.346327;0.811246;-0.9729;-0.1771;-0.1484;-0.001283;-0.348848;0.002225;-0.9729;-0.1771;-0.1484;0.21443;-0.343732;-0.158495;0.0205;0.3311;0.9434;0.161762;1.664567;-0.862111;0.0205;0.3311;0.9434;-0.185912;-0.219616;-0.193337;0.0205;0.3311;0.9434;-0.185912;-0.219616;-0.193337;-0.6557;-0.1422;-0.7415;0.161762;1.664567;-0.862111;-0.6557;-0.1422;-0.7415;0.030021;-0.309432;-0.367077;-0.6557;-0.1422;-0.7415;0.030021;-0.309432;-0.367077;0.7139;-0.2148;-0.6665;0.161762;1.664567;-0.862111;0.7139;-0.2148;-0.6665;0.21443;-0.343732;-0.158495;0.7139;-0.2148;-0.6665
9;0.6675845;0.7748127;0.40586993;0.1
-0.0;-0.348848;-0.136768;0.8602;-0.1162;-0.4966;0.425914;2.205499;0.003477;0.8602;-0.1162;-0.4966;0.091161;-0.348848;0.021126;0.8602;-0.1162;-0.4966;0.091161;-0.348848;0.021126;0.0;0.0069;1.0;0.425914;2.205499;0.003477;0.0;0.0069;1.0;-0.091161;-0.348848;0.021126;0.0;0.0069;1.0;-0.091161;-0.348848;0.021126;-0.8535;0.1694;-0.4928;0.425914;2.205499;0.003477;-0.8535;0.1694;-0.4928;-0.0;-0.348848;-0.136768;-0.8535;0.1694;-0.4928
-0.440801;-2.270457;-0.885854;0.669783;4.210553;1.416616;1
72;3
36;0.6865032;0.90354544;0.5736225;0.1
-0.140381;1.777122;0.563073;0.68;0.4552;-0.5748;-0.254516;3.025449;1.416616;0.68;0.4552;-0.5748;0.059314;1.60723;0.664762;0.68;0.4552;-0.5748;0.059314;1.60723;0.664762;-0.1273;-0.4864;0.8644;-0.254516;3.025449;1.416616;-0.1273;-0.4864;0.8644;-0.357861;1.560621;0.57708;-0.1273;-0.4864;0.8644;-0.357861;1.560621;0.57708;-0.5018;0.4565;-0.7347;-0.254516;3.025449;1.416616;-0.5018;0.4565;-0.7347;-0.140381;1.777122;0.563073;-0.5018;0.4565;-0.7347;-0.357861;1.560621;0.57708;-0.2129;0.1514;-0.9653;-0.140381;1.777122;0.563073;-0.2129;0.1514;-0.9653;0.147625;-0.484901;0.14473;-0.2129;0.1514;-0.9653;-0.041249;1.657379;-0.33844;-0.3796;0.2745;0.8835;-0.321832;3.031095;-0.885854;-0.3796;0.2745;0.8835;-0.304805;1.534732;-0.413562;-0.3796;0.2745;0.8835;0.059314;1.60723;0.664762;-0.1732;-0.2445;0.9541;-0.357861;1.560621;0.57708;-0.1732;-0.2445;0.9541;0.147625;-0.484901;0.14473;-0.1732;-0.2445;0.9541;-0.140381;1.777122;0.563073;0.5842;0.2189;-0.7815;0.059314;1.60723;0.664762;0.5842;0.2189;-0.7815;0.147625;-0.484901;0.14473;0.5842;0.2189;-0.7815;-0.304805;1.534732;-0.413562;-0.0826;-0.3008;-0.9501;-0.321832;3.031095;-0.885854;-0.0826;-0.3008;-0.9501;0.193336;1.504286;-0.447212;-0.0826;-0.3008;-0.9501;0.193336;1.504286;-0.447212;0.5874;0.4003;0.7034;-0.321832;3.031095;-0.885854;0.5874;0.4003;0.7034;-0.041249;1.657379;-0.33844;0.5874;0.4003;0.7034;0.193336;1.504286;-0.447212;0.4877;0.1345;0.8626;-0.041249;1.657379;-0.33844;0.4877;0.1345;0.8626;-0.011458;-0.603992;-0.002673;0.4877;0.1345;0.8626;-0.304805;1.534732;-0.413562;-0.0781;-0.1984;-0.977;0.193336;1.504286;-0.447212;-0.0781;-0.1984;-0.977;-0.011458;-0.603992;-0.002673;-0.0781;-0.1984;-0.977;-0.041249;1.657379;-0.33844;-0.329;0.1345;0.9347;-0.304805;1.534732;-0.413562;-0.329;0.1345;0.9347;-0.011458;-0.603992;-0.002673;-0.329;0.1345;0.9347
18;0.6675845;0.7748127;0.40586993;0.1
0.1693;-2.270457;-0.0;0.759;0.0751;-0.6467;-0.389314;2.601006;-0.089817;0.759;0.0751;-0.6467;-0.28594;2.584636;0.02961;0.759;0.0751;-0.6467;-0.28594;2.584636;0.02961;0.6866;-0.3426;-0.6413;-0.389314;2.601006;-0.089817;0.6866;-0.3426;-0.6413;0.392476;4.210553;-0.112763;0.6866;-0.3426;-0.6413;0.1693;-2.270457;-0.0;0.1952;0.0123;0.9807;-0.28594;2.584636;0.02961;0.1952;0.0123;0.9807;-0.440801;2.602168;0.060208;0.1952;0.0123;0.9807;-0.440801;2.602168;0.060208;0.1944;0.0048;0.9809;-0.28594;2.584636;0.02961;0.1944;0.0048;0.9809;0.392476;4.210553;-0.112763;0.1944;0.0048;0.9809;0.1693;-2.270457;-0.0;-0.94;-0.1137;-0.3217;-0.440801;2.602168;0.060208;-0.94;-0.1137;-0.3217;-0.389314;2.601006;-0.089817;-0.94;-0.1137;-0.3217;-0.389314;2.601006;-0.089817;-0.8602;0.4136;-0.2984;-0.440801;2.602168;0.060208;-0.8602;0.4136;-0.2984;0.392476;4.210553;-0.112763;-0.8602;0.4136;-0.2984
18;-1.0;0.0;0.0;0.1
0.45371;3.050708;-0.166592;0.6664;0.4727;0.5765;0.027962;3.52758;-0.065468;0.6664;0.4727;0.5765;0.311428;2.978998;0.056668;0.6664;0.4727;0.5765;0.22918;2.895102;-0.19118;-0.0227;0.1879;-0.9819;0.027962;3.52758;-0.065468;-0.0227;0.1879;-0.9819;0.45371;3.050708;-0.166592;-0.0227;0.1879;-0.9819;0.542138;3.639345;-0.027385;-0.8727;-0.2922;0.3911;0.346523;4.116519;-0.107418;-0.8727;-0.2922;0.3911;0.467506;3.584779;-0.234663;-0.8727;-0.2922;0.3911;0.669783;3.684593;-0.209513;0.7063;0.3888;0.5916;0.346523;4.116519;-0.107418;0.7063;0.3888;0.5916;0.542138;3.639345;-0.027385;0.7063;0.3888;0.5916;0.467506;3.584779;-0.234663;0.0055;0.2339;-0.9722;0.346523;4.116519;-0.107418;0.0055;0.2339;-0.9722;0.669783;3.684593;-0.209513;0.0055;0.2339;-0.9722;0.311428;2.978998;0.056668;-0.8477;-0.3491;0.3995;0.027962;3.52758;-0.065468;-0.8477;-0.3491;0.3995;0.22918;2.895102;-0.19118;-0.8477;-0.3491;0.3995
-0.766732;-2.100586;-1.768224;2.513535;6.720185;2.434588;1
120;3
36;0.6865032;0.90354544;0.5736225;0.1
-0.248403;2.067235;0.654994;0.7013;0.553;-0.4498;-0.766732;4.171821;2.434588;0.7013;0.553;-0.4498;-0.016725;1.869539;0.773154;0.7013;0.553;-0.4498;-0.016725;1.869539;0.773154;-0.0989;-0.6033;0.7914;-0.766732;4.171821;2.434588;-0.0989;-0.6033;0.7914;-0.50077;1.815459;0.671417;-0.0989;-0.6033;0.7914;-0.50077;1.815459;0.671417;-0.519;0.4738;-0.7115;-0.766732;4.171821;2.434588;-0.519;0.4738;-0.7115;-0.248403;2.067235;0.654994;-0.519;0.4738;-0.7115;-0.50077;1.815459;0.671417;-0.2222;0.16;-0.9618;-0.248403;2.067235;0.654994;-0.2222;0.16;-0.9618;0.086619;-0.392331;0.168357;-0.2222;0.16;-0.9618;-0.133089;2.003886;-0.39369;-0.5899;0.5096;0.6263;-0.133089;3.693191;-1.768224;-0.5899;0.5096;0.6263;-0.413719;1.785778;-0.48052;-0.5899;0.5096;0.6263;-0.016725;1.869539;0.773154;-0.1704;-0.2618;0.95;-0.50077;1.815459;0.671417;-0.1704;-0.2618;0.95;0.086619;-0.392331;0.168357;-0.1704;-0.2618;0.95;-0.248403;2.067235;0.654994;0.5924;0.2333;-0.7712;-0.016725;1.869539;0.773154;0.5924;0.2333;-0.7712;0.086619;-0.392331;0.168357;0.5924;0.2333;-0.7712;-0.413719;1.785778;-0.48052;-0.0952;-0.5473;-0.8315;-0.133089;3.693191;-1.768224;-0.0952;-0.5473;-0.8315;0.147542;1.749356;-0.520774;-0.0952;-0.5473;-0.8315;0.147542;1.749356;-0.520774;0.6785;0.4636;0.5698;-0.133089;3.693191;-1.768224;0.6785;0.4636;0.5698;-0.133089;2.003886;-0.39369;0.6785;0.4636;0.5698;0.147542;1.749356;-0.520774;0.5218;0.1567;0.8385;-0.133089;2.003886;-0.39369;0.5218;0.1567;0.8385;0.03456;-0.644812;-0.00311;0.5218;0.1567;0.8385;-0.413719;1.785778;-0.48052;-0.0833;-0.2068;-0.9748;0.147542;1.749356;-0.520774;-0.0833;-0.2068;-0.9748;0.03456;-0.644812;-0.00311;-0.0833;-0.2068;-0.9748;-0.133089;2.003886;-0.39369;-0.3723;0.1123;0.9213;-0.413719;1.785778;-0.48052;-0.3723;0.1123;0.9213;0.03456;-0.644812;-0.00311;-0.3723;0.1123;0.9213
36;0.6675845;0.7748127;0.40586993;0.1
0.20959;5.521599;-0.192656;-0.5388;0.7756;-0.3287;0.169519;5.555807;-0.046244;-0.5388;0.7756;-0.3287;2.143492;6.720185;-0.534529;-0.5388;0.7756;-0.3287;0.282907;5.441835;-0.076105;0.3071;-0.6842;-0.6615;0.20959;5.521599;-0.192656;0.3071;-0.6842;-0.6615;2.143492;6.720185;-0.534529;0.3071;-0.6842;-0.6615;0.111833;-2.100586;-0.0;0.759;0.0748;-0.6467;-0.535049;3.688844;-0.089289;0.759;0.0748;-0.6467;-0.432284;3.672571;0.029436;0.759;0.0748;-0.6467;-0.535049;3.688844;-0.089289;0.6945;-0.3192;-0.6449;0.282907;5.441835;-0.076105;0.6945;-0.3192;-0.6449;-0.432284;3.672571;0.029436;0.6945;-0.3192;-0.6449;0.111833;-2.100586;-0.0;0.1953;0.0134;0.9807;-0.432284;3.672571;0.029436;0.1953;0.0134;0.9807;-0.586233;3.69;0.059854;0.1953;0.0134;0.9807;-0.586233;3.69;0.059854;0.222;-0.0345;0.9744;0.282907;5.441835;-0.076105;0.222;-0.0345;0.9744;0.169519;5.555807;-0.046244;0.222;-0.0345;0.9744;0.169519;5.555807;-0.046244;0.2455;-0.0097;0.9693;0.282907;5.441835;-0.076105;0.2455;-0.0097;0.9693;2.143492;6.720185;-0.534529;0.2455;-0.0097;0.9693;0.111833;-2.100586;-0.0;-0.9404;-0.11;-0.3219;-0.586233;3.69;0.059854;-0.9404;-0.11;-0.3219;-0.535049;3.688844;-0.089289;-0.9404;-0.11;-0.3219;-0.535049;3.688844;-0.089289;-0.8835;0.3408;-0.3214;0.169519;5.555807;-0.046244;-0.8835;0.3408;-0.3214;0.20959;5.521599;-0.192656;-0.8835;0.3408;-0.3214;-0.535049;3.688844;-0.089289;0.6898;-0.317;-0.6509;0.20959;5.521599;-0.192656;0.6898;-0.317;-0.6509;0.282907;5.441835;-0.076105;0.6898;-0.317;-0.6509;-0.586233;3.69;0.059854;0.1917;-0.019;0.9813;-0.432284;3.672571;0.029436;0.1917;-0.019;0.9813;0.282907;5.441835;-0.076105;0.1917;-0.019;0.9813;-0.535049;3.688844;-0.089289;-0.8879;0.3422;-0.3074;-0.586233;3.69;0.059854;-0.8879;0.3422;-0.3074;0.169519;5.555807;-0.046244;-0.8879;0.3422;-0.3074
48;-1.0;0.0;0.0;0.1
1.655305;5.517074;0.541568;-0.7469;-0.3482;0.5664;0.909447;5.926148;-0.190541;-0.7469;-0.3482;0.5664;1.43739;5.000151;-0.063583;-0.7469;-0.3482;0.5664;0.578842;4.38449;0.47625;-0.7343;-0.5906;-0.3346;0.135834;5.236079;-0.054795;-0.7343;-0.5906;-0.3346;0.955571;4.372735;-0.329812;-0.7343;-0.5906;-0.3346;0.294021;3.58981;-0.165735;0.2311;0.2406;-0.9427;-0.145771;4.544219;-0.029929;0.2311;0.2406;-0.9427;0.71204;4.038371;0.051211;0.2311;0.2406;-0.9427;1.958462;5.620862;-0.218845;0.2773;0.9309;0.2376;0.909447;5.926148;-0.190541;0.2773;0.9309;0.2376;1.655305;5.517074;0.541568;0.2773;0.9309;0.2376;1.305838;4.872501;0.317756;-0.1294;0.4754;0.8702;0.135834;5.236079;-0.054795;-0.1294;0.4754;0.8702;0.578842;4.38449;0.47625;-0.1294;0.4754;0.8702;0.71204;4.038371;0.051211;0.2992;0.6233;0.7225;-0.145771;4.544219;-0.029929;0.2992;0.6233;0.7225;0.273552;3.779715;0.45598;0.2992;0.6233;0.7225;0.955571;4.372735;-0.329812;0.4061;0.604;-0.6858;0.135834;5.236079;-0.054795;0.4061;0.604;-0.6858;1.305838;4.872501;0.317756;0.4061;0.604;-0.6858;0.955571;4.372735;-0.329812;0.5764;-0.7675;0.2806;1.305838;4.872501;0.317756;0.5764;-0.7675;0.2806;0.578842;4.38449;0.47625;0.5764;-0.7675;0.2806;0.273552;3.779715;0.45598;-0.898;-0.4282;0.1012;-0.145771;4.544219;-0.029929;-0.898;-0.4282;0.1012;0.294021;3.58981;-0.165735;-0.898;-0.4282;0.1012;0.294021;3.58981;-0.165735;0.6488;-0.7215;0.2418;0.71204;4.038371;0.051211;0.6488;-0.7215;0.2418;0.273552;3.779715;0.45598;0.6488;-0.7215;0.2418;1.43739;5.000151;-0.063583;-0.0786;-0.1793;-0.9806;0.909447;5.926148;-0.190541;-0.0786;-0.1793;-0.9806;1.958462;5.620862;-0.218845;-0.0786;-0.1793;-0.9806;1.43739;5.000151;-0.063583;0.7731;-0.5921;0.2274;1.958462;5.620862;-0.218845;0.7731;-0.5921;0.2274;1.655305;5.517074;0.541568;0.7731;-0.5921;0.2274;2.372557;6.041916;0.061931;-0.6703;-0.4463;0.5929;1.691336;6.437509;-0.410438;-0.6703;-0.4463;0.5929;2.278488;5.754726;-0.26056;-0.6703;-0.4463;0.5929;2.513535;6.118171;-0.34994;0.3296;0.9017;0.2798;1.691336;6.437509;-0.410438;0.3296;0.9017;0.2798;2.372557;6.041916;0.061931;0.3296;0.9017;0.2798;2.278488;5.754726;-0.26056;-0.0171;-0.2284;-0.9734;1.691336;6.437509;-0.410438;-0.0171;-0.2284;-0.9734;2.513535;6.118171;-0.34994;-0.0171;-0.2284;-0.9734;2.278488;5.754726;-0.26056;0.8446;-0.4978;0.1969;2.513535;6.118171;-0.34994;0.8446;-0.4978;0.1969;2.372557;6.041916;0.061931;0.8446;-0.4978;0.1969
6
SPREADER;8;0.1;0.1;0.1;6.5;5;
MATERIAL;hasTwoNaturals;1;count;8;CUSTOM;0.906;0.482;0.624;20000;CUSTOM;0.514;0.498;0.816;25000;YELLOW;50000;CYAN;85000;LIGHT_BLUE;70000;ORANGE;90000;RED;120000;WHITE;300000
INFO;NameId;450;DescId;451;price;6600;dpPerMin;0;range;2;placeSound;grassPlace
LIFE;averagePop;6.5;averageLife;6.5;popFactors;1;0.1;breedMat;3.25;breedTime;2.35196;parentId;115;count;195;reqs;2;LIFE;type;2;enviroType;0;classification;ahs;count;3;MATERIAL;colour;PURPLE;FADE_DEATH;0.5;enviroReqCount;3;reqId;2;growsBarren;0;biomes;1;8;idealFactor;95;influence;0.85;reqId;3;badBiomes;3;4;5;6;influence;0.9;reqId;1;minAltitude;0;maxAltitude;30;influence;0.8
GROWTH;dynamic;0;growthTime;2.1666667;modelStages;3;subStages;1
FOOD;2;901;6;SAMPLE;902;9;WHOLE;PARTICLE_DEATH;isColour;1;Spawn;0;PPS;8;Speed;0.6;Gravity;0.2;Life;0.5;Scale;0.05;Colour;1;1;1;Additive;0;Alpha;1;FadeIn;0.1;FadeOut;0.8;HasDir;1;Dir;0;1;0;Deviation;0.3;Offset;0;0;0;LifeError;0.4;ScaleError;0.1;SpeedError;0.1;RandomRot;1;HasXRot;0;effect;0;time;35
