1.0;name;-1;modelIndex;0
em
0;1
4
-1.204543;0.056423;-0.846071;0.9039;0.409058;0.702871;1
66;2
15;0.90354544;0.90354544;0.90354544
-1.204543;0.056423;0.487503;-0.887;0.4503;-0.1023;-1.062272;0.257477;0.138968;-0.887;0.4503;-0.1023;-1.142909;0.056423;-0.046654;-0.887;0.4503;-0.1023;0.135423;0.350349;0.202285;0.0938;0.9806;0.172;0.497417;0.333129;0.103107;0.0938;0.9806;0.172;-0.00385;0.409058;-0.05652;0.0938;0.9806;0.172;0.555053;0.340217;-0.229381;0.0907;0.9907;-0.1013;0.186323;0.363243;-0.334247;0.0907;0.9907;-0.1013;-0.00385;0.409058;-0.05652;0.0907;0.9907;-0.1013;0.555053;0.340217;-0.229381;0.1357;0.9897;0.0446;-0.00385;0.409058;-0.05652;0.1357;0.9897;0.0446;0.497417;0.333129;0.103107;0.1357;0.9897;0.0446;-1.204543;0.056423;0.487503;-0.591;0.7793;0.2083;-0.939604;0.28902;0.369003;-0.591;0.7793;0.2083;-1.062272;0.257477;0.138968;-0.591;0.7793;0.2083
51;0.548462;0.30964044;0.31730622
0.135423;0.350349;0.202285;-0.2303;0.9149;0.3315;-0.00385;0.409058;-0.05652;-0.2303;0.9149;0.3315;-0.633211;0.273426;-0.119368;-0.2303;0.9149;0.3315;-1.142909;0.056423;-0.046654;-0.237;0.2413;-0.9411;-0.633211;0.273426;-0.119368;-0.237;0.2413;-0.9411;-0.601216;0.056423;-0.18306;-0.237;0.2413;-0.9411;-0.062654;0.056423;-0.669854;-0.2041;0.7932;-0.5737;0.186323;0.363243;-0.334247;-0.2041;0.7932;-0.5737;0.432715;0.056423;-0.846071;-0.2041;0.7932;-0.5737;0.896112;0.056423;0.259984;0.5368;0.8364;0.1109;0.555053;0.340217;-0.229381;0.5368;0.8364;0.1109;0.497417;0.333129;0.103107;0.5368;0.8364;0.1109;0.24546;0.056423;0.702871;-0.122;0.5574;0.8213;-0.939604;0.28902;0.369003;-0.122;0.5574;0.8213;-1.204543;0.056423;0.487503;-0.122;0.5574;0.8213;-0.601216;0.056423;-0.18306;-0.3894;0.8142;-0.4308;-0.00385;0.409058;-0.05652;-0.3894;0.8142;-0.4308;-0.062654;0.056423;-0.669854;-0.3894;0.8142;-0.4308;0.432715;0.056423;-0.846071;0.3056;0.8405;-0.4474;0.555053;0.340217;-0.229381;0.3056;0.8405;-0.4474;0.9039;0.056423;-0.524253;0.3056;0.8405;-0.4474;0.24546;0.056423;0.702871;0.1702;0.8656;0.4709;0.497417;0.333129;0.103107;0.1702;0.8656;0.4709;0.135423;0.350349;0.202285;0.1702;0.8656;0.4709;-1.062272;0.257477;0.138968;-0.0899;0.992;-0.0881;-0.939604;0.28902;0.369003;-0.0899;0.992;-0.0881;-0.633211;0.273426;-0.119368;-0.0899;0.992;-0.0881;-0.633211;0.273426;-0.119368;-0.0683;0.9949;-0.0746;-0.939604;0.28902;0.369003;-0.0683;0.9949;-0.0746;0.135423;0.350349;0.202285;-0.0683;0.9949;-0.0746;-1.142909;0.056423;-0.046654;-0.385;0.7047;-0.596;-1.062272;0.257477;0.138968;-0.385;0.7047;-0.596;-0.633211;0.273426;-0.119368;-0.385;0.7047;-0.596;-0.062654;0.056423;-0.669854;-0.4217;0.803;-0.4212;-0.00385;0.409058;-0.05652;-0.4217;0.803;-0.4212;0.186323;0.363243;-0.334247;-0.4217;0.803;-0.4212;0.896112;0.056423;0.259984;0.6343;0.7731;0.0063;0.9039;0.056423;-0.524253;0.6343;0.7731;0.0063;0.555053;0.340217;-0.229381;0.6343;0.7731;0.0063;0.24546;0.056423;0.702871;0.0284;0.8647;0.5015;0.135423;0.350349;0.202285;0.0284;0.8647;0.5015;-0.939604;0.28902;0.369003;0.0284;0.8647;0.5015;-0.601216;0.056423;-0.18306;0.034;0.2861;-0.9576;-0.633211;0.273426;-0.119368;0.034;0.2861;-0.9576;-0.00385;0.409058;-0.05652;0.034;0.2861;-0.9576;0.432715;0.056423;-0.846071;0.1802;0.8795;-0.4405;0.186323;0.363243;-0.334247;0.1802;0.8795;-0.4405;0.555053;0.340217;-0.229381;0.1802;0.8795;-0.4405;0.24546;0.056423;0.702871;0.3465;0.7879;0.5091;0.896112;0.056423;0.259984;0.3465;0.7879;0.5091;0.497417;0.333129;0.103107;0.3465;0.7879;0.5091
-1.044565;0.054262;-0.782559;0.742558;0.402497;0.466539;1
45;2
9;0.90354544;0.90354544;0.90354544
0.232835;0.356699;0.042835;0.0938;0.9806;0.172;0.515225;0.343266;-0.034533;0.0938;0.9806;0.172;0.124189;0.402497;-0.159057;0.0938;0.9806;0.172;0.416364;0.357776;-0.334808;0.1503;0.9886;-0.0017;0.124189;0.402497;-0.159057;0.1503;0.9886;-0.0017;0.515225;0.343266;-0.034533;0.1503;0.9886;-0.0017;-1.044565;0.054262;0.399558;-0.6497;0.7593;0.0378;-0.773882;0.291902;0.278488;-0.6497;0.7593;0.0378;-0.941915;0.156969;0.100935;-0.6497;0.7593;0.0378
36;0.548462;0.30964044;0.31730622
0.232835;0.356699;0.042835;-0.4663;0.7749;0.4267;0.124189;0.402497;-0.159057;-0.4663;0.7749;0.4267;-0.210968;0.209275;-0.174393;-0.4663;0.7749;0.4267;0.155718;0.054262;-0.782559;0.108;0.7926;-0.6001;0.416364;0.357776;-0.334808;0.108;0.7926;-0.6001;0.742558;0.054262;-0.676937;0.108;0.7926;-0.6001;0.733447;0.054262;0.163448;0.8477;0.4643;-0.2567;0.416364;0.357776;-0.334808;0.8477;0.4643;-0.2567;0.515225;0.343266;-0.034533;0.8477;0.4643;-0.2567;0.313269;0.054262;0.466539;-0.0429;0.4919;0.8696;-0.773882;0.291902;0.278488;-0.0429;0.4919;0.8696;-1.044565;0.054262;0.399558;-0.0429;0.4919;0.8696;-0.210968;0.209275;-0.174393;-0.4285;0.7795;-0.457;0.124189;0.402497;-0.159057;-0.4285;0.7795;-0.457;0.155718;0.054262;-0.782559;-0.4285;0.7795;-0.457;0.313269;0.054262;0.466539;0.1886;0.8159;0.5466;0.515225;0.343266;-0.034533;0.1886;0.8159;0.5466;0.232835;0.356699;0.042835;0.1886;0.8159;0.5466;-0.941915;0.156969;0.100935;-0.2287;0.8671;-0.4425;-0.773882;0.291902;0.278488;-0.2287;0.8671;-0.4425;-0.210968;0.209275;-0.174393;-0.2287;0.8671;-0.4425;-0.210968;0.209275;-0.174393;-0.1402;0.9286;-0.3437;-0.773882;0.291902;0.278488;-0.1402;0.9286;-0.3437;0.232835;0.356699;0.042835;-0.1402;0.9286;-0.3437;0.155718;0.054262;-0.782559;-0.1619;0.858;-0.4874;0.124189;0.402497;-0.159057;-0.1619;0.858;-0.4874;0.416364;0.357776;-0.334808;-0.1619;0.858;-0.4874;0.733447;0.054262;0.163448;0.6853;0.7282;0.0074;0.742558;0.054262;-0.676937;0.6853;0.7282;0.0074;0.416364;0.357776;-0.334808;0.6853;0.7282;0.0074;0.313269;0.054262;0.466539;0.0805;0.8184;0.5689;0.232835;0.356699;0.042835;0.0805;0.8184;0.5689;-0.773882;0.291902;0.278488;0.0805;0.8184;0.5689;0.313269;0.054262;0.466539;0.4142;0.7062;0.5742;0.733447;0.054262;0.163448;0.4142;0.7062;0.5742;0.515225;0.343266;-0.034533;0.4142;0.7062;0.5742
-0.971172;0.023083;-0.56898;0.81684;0.506519;0.473177;1
36;2
15;0.90354544;0.90354544;0.90354544
0.2566;0.023083;0.397621;0.0679;0.4124;0.9085;-0.785294;0.294301;0.352423;0.0679;0.4124;0.9085;-0.971172;0.058883;0.473177;0.0679;0.4124;0.9085;-0.951755;0.160629;0.176531;-0.1412;0.848;-0.5108;-0.785294;0.294301;0.352423;-0.1412;0.848;-0.5108;-0.112727;0.227442;0.055517;-0.1412;0.848;-0.5108;0.25244;0.409326;0.11181;0.2124;0.9714;0.1061;0.560874;0.380817;-0.244707;0.2124;0.9714;0.1061;0.021871;0.506519;-0.316649;0.2124;0.9714;0.1061;0.051275;0.023083;-0.56898;0.2223;0.4617;-0.8587;0.021871;0.506519;-0.316649;0.2223;0.4617;-0.8587;0.560874;0.380817;-0.244707;0.2223;0.4617;-0.8587;-0.971172;0.058883;0.473177;-0.7248;0.6649;0.1806;-0.785294;0.294301;0.352423;-0.7248;0.6649;0.1806;-0.951755;0.160629;0.176531;-0.7248;0.6649;0.1806
21;0.548462;0.30964044;0.31730622
0.25244;0.409326;0.11181;-0.4554;0.7835;0.4228;0.021871;0.506519;-0.316649;-0.4554;0.7835;0.4228;-0.112727;0.227442;0.055517;-0.4554;0.7835;0.4228;0.051275;0.023083;-0.56898;0.2684;0.4085;-0.8724;0.560874;0.380817;-0.244707;0.2684;0.4085;-0.8724;0.81684;0.023083;-0.333468;0.2684;0.4085;-0.8724;-0.112727;0.227442;0.055517;-0.956;0.0879;-0.2798;0.021871;0.506519;-0.316649;-0.956;0.0879;-0.2798;0.051275;0.023083;-0.56898;-0.956;0.0879;-0.2798;0.2566;0.023083;0.397621;0.6995;0.4299;0.5708;0.560874;0.380817;-0.244707;0.6995;0.4299;0.5708;0.25244;0.409326;0.11181;0.6995;0.4299;0.5708;-0.112727;0.227442;0.055517;-0.2356;0.6861;-0.6883;-0.785294;0.294301;0.352423;-0.2356;0.6861;-0.6883;0.25244;0.409326;0.11181;-0.2356;0.6861;-0.6883;0.2566;0.023083;0.397621;0.7326;0.3849;0.5614;0.81684;0.023083;-0.333468;0.7326;0.3849;0.5614;0.560874;0.380817;-0.244707;0.7326;0.3849;0.5614;0.2566;0.023083;0.397621;0.1194;0.5914;0.7975;0.25244;0.409326;0.11181;0.1194;0.5914;0.7975;-0.785294;0.294301;0.352423;0.1194;0.5914;0.7975
-0.836578;0.029982;-0.5847;0.719699;0.338043;0.410107;1
33;2
18;0.90354544;0.90354544;0.90354544
0.107739;0.074952;0.360913;0.0578;0.4152;0.9079;-0.701176;0.255987;0.329617;0.0578;0.4152;0.9079;-0.836578;0.098848;0.410107;0.0578;0.4152;0.9079;-0.822607;0.166763;0.212108;-0.0716;0.8286;-0.5552;-0.701176;0.255987;0.329617;-0.0716;0.8286;-0.5552;-0.030888;0.15688;0.09533;-0.0716;0.8286;-0.5552;-0.836578;0.098848;0.410107;-0.6938;0.6948;0.1894;-0.701176;0.255987;0.329617;-0.6938;0.6948;0.1894;-0.822607;0.166763;0.212108;-0.6938;0.6948;0.1894;-0.1211;0.160956;-0.078293;-0.6845;0.6524;-0.3255;0.153311;0.296881;-0.382918;-0.6845;0.6524;-0.3255;-0.005114;0.029982;-0.5847;-0.6845;0.6524;-0.3255;-0.1211;0.160956;-0.078293;-0.1437;0.9454;0.2924;0.481856;0.320035;-0.29634;-0.1437;0.9454;0.2924;0.153311;0.296881;-0.382918;-0.1437;0.9454;0.2924;-0.005114;0.029982;-0.5847;0.1829;0.5215;-0.8334;0.153311;0.296881;-0.382918;0.1829;0.5215;-0.8334;0.481856;0.320035;-0.29634;0.1829;0.5215;-0.8334
15;0.548462;0.30964044;0.31730622
-0.030888;0.15688;0.09533;-0.2806;0.2757;-0.9194;-0.701176;0.255987;0.329617;-0.2806;0.2757;-0.9194;-0.103053;0.338043;0.171671;-0.2806;0.2757;-0.9194;0.107739;0.074952;0.360913;0.1134;0.6385;0.7613;-0.103053;0.338043;0.171671;0.1134;0.6385;0.7613;-0.701176;0.255987;0.329617;0.1134;0.6385;0.7613;-0.005114;0.029982;-0.5847;0.4031;0.2089;-0.891;0.481856;0.320035;-0.29634;0.4031;0.2089;-0.891;0.719699;0.029982;-0.256739;0.4031;0.2089;-0.891;-0.1211;0.160956;-0.078293;0.2445;0.3252;0.9135;0.719699;0.029982;-0.256739;0.2445;0.3252;0.9135;0.481856;0.320035;-0.29634;0.2445;0.3252;0.9135;-0.103053;0.338043;0.171671;0.838;0.4585;-0.296;0.107739;0.074952;0.360913;0.838;0.4585;-0.296;-0.030888;0.15688;0.09533;0.838;0.4585;-0.296
3
INFO;NameId;447;DescId;448;price;5;dpPerMin;0;range;2;placeSound;thud
ITEM;DecayTime;500
FOOD;1;903;120;TO_SHARE;portions;8
