1.1
pnh
0;1
3
-0.357104;-0.1507;-0.044104;0.102744;0.762899;0.398084;1
33;2
9;0.84926736;0.90354544;0.6064726;0.15
0.008337;-0.1507;-0.044104;0.8593;0.1246;-0.4961;-0.043879;0.599555;0.053947;0.8593;0.1246;-0.4961;0.035568;-0.1507;0.003063;0.8593;0.1246;-0.4961;0.035568;-0.1507;0.003063;0.0;-0.0677;0.9977;-0.043879;0.599555;0.053947;0.0;-0.0677;0.9977;-0.018895;-0.1507;0.003063;0.0;-0.0677;0.9977;-0.018895;-0.1507;0.003063;-0.866;0.0051;-0.5;-0.043879;0.599555;0.053947;-0.866;0.0051;-0.5;0.008337;-0.1507;-0.044104;-0.866;0.0051;-0.5
24;0.7821961;0.90354544;0.54128724;0.15
-0.023113;0.290523;0.039103;0.6934;0.5375;-0.4798;0.102744;0.448629;0.398084;0.6934;0.5375;-0.4798;0.080187;0.301257;0.20041;0.6934;0.5375;-0.4798;0.080187;0.301257;0.20041;-0.306;-0.7462;0.5912;0.102744;0.448629;0.398084;-0.306;-0.7462;0.5912;-0.032512;0.356771;0.212152;-0.306;-0.7462;0.5912;-0.032512;0.356771;0.212152;-0.1314;0.9234;-0.3606;0.102744;0.448629;0.398084;-0.1314;0.9234;-0.3606;-0.023113;0.290523;0.039103;-0.1314;0.9234;-0.3606;-0.023113;0.290523;0.039103;-0.394;-0.8653;0.3099;0.080187;0.301257;0.20041;-0.394;-0.8653;0.3099;-0.032512;0.356771;0.212152;-0.394;-0.8653;0.3099;-0.041089;0.515795;0.043146;0.5747;0.4758;0.6658;-0.357104;0.762899;0.139329;0.5747;0.4758;0.6658;-0.217034;0.596512;0.13733;0.5747;0.4758;0.6658;-0.217034;0.596512;0.13733;-0.7594;-0.6378;-0.1287;-0.357104;0.762899;0.139329;-0.7594;-0.6378;-0.1287;-0.225131;0.627422;0.031914;-0.7594;-0.6378;-0.1287;-0.225131;0.627422;0.031914;0.4973;0.7821;-0.3755;-0.357104;0.762899;0.139329;0.4973;0.7821;-0.3755;-0.041089;0.515795;0.043146;0.4973;0.7821;-0.3755;-0.041089;0.515795;0.043146;-0.4979;-0.8418;-0.2086;-0.217034;0.596512;0.13733;-0.4979;-0.8418;-0.2086;-0.225131;0.627422;0.031914;-0.4979;-0.8418;-0.2086
-0.672839;-0.148329;-0.801112;0.76443;1.603048;0.988854;1
84;2
36;0.84926736;0.90354544;0.6064726;0.12
-0.052758;0.725657;0.044065;0.858;0.1362;-0.4953;0.065394;-0.148329;0.008385;0.858;0.1362;-0.4953;0.02195;-0.148329;-0.066864;0.858;0.1362;-0.4953;-0.022048;0.737735;0.095866;0.0;-0.0983;0.9952;-0.021495;-0.148329;0.008385;0.0;-0.0983;0.9952;0.065394;-0.148329;0.008385;0.0;-0.0983;0.9952;-0.052758;0.725657;0.044065;-0.857;-0.2526;-0.4492;-0.083467;0.737735;0.095866;-0.857;-0.2526;-0.4492;-0.095886;1.603048;-0.36712;-0.857;-0.2526;-0.4492;-0.021495;-0.148329;0.008385;-0.866;-0.0106;-0.5;-0.052758;0.725657;0.044065;-0.866;-0.0106;-0.5;0.02195;-0.148329;-0.066864;-0.866;-0.0106;-0.5;-0.083467;0.737735;0.095866;-0.6531;0.554;-0.5163;0.244961;1.299965;0.283694;-0.6531;0.554;-0.5163;-0.052758;0.725657;0.044065;-0.6531;0.554;-0.5163;-0.083467;0.737735;0.095866;0.0;0.4718;0.8817;-0.022048;0.737735;0.095866;0.0;0.4718;0.8817;-0.095886;1.603048;-0.36712;0.0;0.4718;0.8817;-0.022048;0.737735;0.095866;0.8641;-0.1781;-0.4707;-0.052758;0.725657;0.044065;0.8641;-0.1781;-0.4707;-0.095886;1.603048;-0.36712;0.8641;-0.1781;-0.4707;-0.022048;0.737735;0.095866;0.0;-0.3169;0.9485;0.244961;1.299965;0.283694;0.0;-0.3169;0.9485;-0.083467;0.737735;0.095866;0.0;-0.3169;0.9485;-0.052758;0.725657;0.044065;0.8564;-0.2571;-0.4477;0.244961;1.299965;0.283694;0.8564;-0.2571;-0.4477;-0.022048;0.737735;0.095866;0.8564;-0.2571;-0.4477;-0.052758;0.725657;0.044065;0.8382;0.1349;-0.5284;-0.022048;0.737735;0.095866;0.8382;0.1349;-0.5284;0.065394;-0.148329;0.008385;0.8382;0.1349;-0.5284;-0.022048;0.737735;0.095866;0.0;-0.0983;0.9952;-0.083467;0.737735;0.095866;0.0;-0.0983;0.9952;-0.021495;-0.148329;0.008385;0.0;-0.0983;0.9952;-0.021495;-0.148329;0.008385;-0.8612;-0.0101;-0.5082;-0.083467;0.737735;0.095866;-0.8612;-0.0101;-0.5082;-0.052758;0.725657;0.044065;-0.8612;-0.0101;-0.5082
48;0.7821961;0.90354544;0.54128724;0.12
-0.037092;1.535008;-0.801112;0.45;0.8324;0.3234;-0.080275;1.323622;-0.196983;0.45;0.8324;0.3234;0.039395;1.377499;-0.502151;0.45;0.8324;0.3234;0.039395;1.377499;-0.502151;-0.0999;-0.9724;-0.2109;-0.080275;1.323622;-0.196983;-0.0999;-0.9724;-0.2109;-0.154146;1.398041;-0.505181;-0.0999;-0.9724;-0.2109;-0.154146;1.398041;-0.505181;-0.3146;0.9027;0.2934;-0.080275;1.323622;-0.196983;-0.3146;0.9027;0.2934;-0.037092;1.535008;-0.801112;-0.3146;0.9027;0.2934;-0.037092;1.535008;-0.801112;-0.0875;-0.8904;-0.4467;0.039395;1.377499;-0.502151;-0.0875;-0.8904;-0.4467;-0.154146;1.398041;-0.505181;-0.0875;-0.8904;-0.4467;-0.023048;0.480255;0.057361;0.7617;0.5382;-0.3608;0.230628;0.745768;0.988854;0.7617;0.5382;-0.3608;0.198019;0.444129;0.470142;0.7617;0.5382;-0.3608;0.198019;0.444129;0.470142;-0.3255;-0.8084;0.4905;0.230628;0.745768;0.988854;-0.3255;-0.8084;0.4905;-0.074847;0.572797;0.501127;-0.3255;-0.8084;0.4905;-0.074847;0.572797;0.501127;-0.1881;0.9568;-0.2215;0.230628;0.745768;0.988854;-0.1881;0.9568;-0.2215;-0.023048;0.480255;0.057361;-0.1881;0.9568;-0.2215;-0.023048;0.480255;0.057361;-0.4092;-0.9016;0.1403;0.198019;0.444129;0.470142;-0.4092;-0.9016;0.1403;-0.074847;0.572797;0.501127;-0.4092;-0.9016;0.1403;-0.048767;0.613869;0.049306;0.6123;0.4658;0.6388;-0.672839;1.14158;0.262619;0.6123;0.4658;0.6388;-0.419086;0.815577;0.25714;0.6123;0.4658;0.6388;-0.419086;0.815577;0.25714;-0.7845;-0.6086;-0.1188;-0.672839;1.14158;0.262619;-0.7845;-0.6086;-0.1188;-0.435569;0.876842;0.052106;-0.7845;-0.6086;-0.1188;-0.435569;0.876842;0.052106;0.5183;0.7664;-0.3796;-0.672839;1.14158;0.262619;0.5183;0.7664;-0.3796;-0.048767;0.613869;0.049306;0.5183;0.7664;-0.3796;-0.048767;0.613869;0.049306;-0.5521;-0.81;-0.1976;-0.419086;0.815577;0.25714;-0.5521;-0.81;-0.1976;-0.435569;0.876842;0.052106;-0.5521;-0.81;-0.1976;0.130233;1.073672;0.188141;0.2363;0.4814;-0.8441;0.76443;1.357712;0.527658;0.2363;0.4814;-0.8441;0.461567;1.116001;0.305029;0.2363;0.4814;-0.8441;0.461567;1.116001;0.305029;0.1766;-0.7774;0.6038;0.76443;1.357712;0.527658;0.1766;-0.7774;0.6038;0.352702;1.202895;0.44875;0.1766;-0.7774;0.6038;0.352702;1.202895;0.44875;-0.3124;0.9299;-0.1944;0.76443;1.357712;0.527658;-0.3124;0.9299;-0.1944;0.130233;1.073672;0.188141;-0.3124;0.9299;-0.1944;0.130233;1.073672;0.188141;-0.059;-0.8734;0.4834;0.461567;1.116001;0.305029;-0.059;-0.8734;0.4834;0.352702;1.202895;0.44875;-0.059;-0.8734;0.4834
-0.952054;-0.07751;-0.909139;1.126379;2.706164;1.102266;1
120;2
36;0.84926736;0.90354544;0.6064726;0.1
-0.059911;0.950328;0.042642;0.8596;0.1216;-0.4963;0.079446;-0.07751;0.032154;0.8596;0.1216;-0.4963;0.01232;-0.07751;-0.084111;0.8596;0.1216;-0.4963;-0.021766;0.965331;0.106984;0.0;-0.0716;0.9974;-0.054806;-0.07751;0.032154;0.0;-0.0716;0.9974;0.079446;-0.07751;0.032154;0.0;-0.0716;0.9974;-0.059911;0.950328;0.042642;-0.8657;-0.1386;-0.4809;-0.098055;0.965331;0.106984;-0.8657;-0.1386;-0.4809;-0.102399;2.706164;-0.386772;-0.8657;-0.1386;-0.4809;-0.054806;-0.07751;0.032154;-0.866;8.0E-4;-0.5;-0.059911;0.950328;0.042642;-0.866;8.0E-4;-0.5;0.01232;-0.07751;-0.084111;-0.866;8.0E-4;-0.5;-0.098055;0.965331;0.106984;-0.6575;0.5477;-0.5175;0.424529;1.812276;0.339419;-0.6575;0.5477;-0.5175;-0.059911;0.950328;0.042642;-0.6575;0.5477;-0.5175;-0.098055;0.965331;0.106984;0.0;0.2729;0.9621;-0.021766;0.965331;0.106984;0.0;0.2729;0.9621;-0.102399;2.706164;-0.386772;0.0;0.2729;0.9621;-0.021766;0.965331;0.106984;0.8659;-0.099;-0.4903;-0.059911;0.950328;0.042642;0.8659;-0.099;-0.4903;-0.102399;2.706164;-0.386772;0.8659;-0.099;-0.4903;-0.021766;0.965331;0.106984;0.0;-0.2647;0.9643;0.424529;1.812276;0.339419;0.0;-0.2647;0.9643;-0.098055;0.965331;0.106984;0.0;-0.2647;0.9643;-0.059911;0.950328;0.042642;0.8441;-0.3285;-0.4238;0.424529;1.812276;0.339419;0.8441;-0.3285;-0.4238;-0.021766;0.965331;0.106984;0.8441;-0.3285;-0.4238;-0.059911;0.950328;0.042642;0.8416;0.1195;-0.5268;-0.021766;0.965331;0.106984;0.8416;0.1195;-0.5268;0.079446;-0.07751;0.032154;0.8416;0.1195;-0.5268;-0.021766;0.965331;0.106984;0.0;-0.0716;0.9974;-0.098055;0.965331;0.106984;0.0;-0.0716;0.9974;-0.054806;-0.07751;0.032154;0.0;-0.0716;0.9974;-0.054806;-0.07751;0.032154;-0.8601;9.0E-4;-0.5101;-0.098055;0.965331;0.106984;-0.8601;9.0E-4;-0.5101;-0.059911;0.950328;0.042642;-0.8601;9.0E-4;-0.5101
84;0.7821961;0.90354544;0.54128724;0.1
-0.072021;1.312208;-0.909139;0.3923;0.9194;0.0298;-0.072021;1.282687;0.002438;0.3923;0.9194;0.0298;0.053121;1.245137;-0.486887;0.3923;0.9194;0.0298;0.053121;1.245137;-0.486887;0.0;-0.9971;0.0765;-0.072021;1.282687;0.002438;0.0;-0.9971;0.0765;-0.197163;1.245137;-0.486887;0.0;-0.9971;0.0765;-0.197163;1.245137;-0.486887;-0.3923;0.9194;0.0298;-0.072021;1.282687;0.002438;-0.3923;0.9194;0.0298;-0.072021;1.312208;-0.909139;-0.3923;0.9194;0.0298;-0.072021;1.312208;-0.909139;0.0;-0.9876;-0.1569;0.053121;1.245137;-0.486887;0.0;-0.9876;-0.1569;-0.197163;1.245137;-0.486887;0.0;-0.9876;-0.1569;-0.031185;0.532842;0.065003;0.757;0.5944;-0.2711;0.181873;0.734639;1.102266;0.757;0.5944;-0.2711;0.161476;0.517096;0.568397;0.757;0.5944;-0.2711;0.161476;0.517096;0.568397;-0.3724;-0.8544;0.3624;0.181873;0.734639;1.102266;-0.3724;-0.8544;0.3624;-0.06999;0.628907;0.594189;-0.3724;-0.8544;0.3624;-0.06999;0.628907;0.594189;-0.0459;0.9823;-0.1817;0.181873;0.734639;1.102266;-0.0459;0.9823;-0.1817;-0.031185;0.532842;0.065003;-0.0459;0.9823;-0.1817;-0.031185;0.532842;0.065003;-0.4191;-0.8982;0.1323;0.161476;0.517096;0.568397;-0.4191;-0.8982;0.1323;-0.06999;0.628907;0.594189;-0.4191;-0.8982;0.1323;-0.271617;2.330277;0.839202;0.2758;0.752;-0.5987;0.345944;1.683166;0.310848;0.2758;0.752;-0.5987;-0.084615;1.993717;0.502581;0.2758;0.752;-0.5987;-0.084615;1.993717;0.502581;-0.5119;-0.8348;0.2027;0.345944;1.683166;0.310848;-0.5119;-0.8348;0.2027;0.052077;1.958536;0.702868;-0.5119;-0.8348;0.2027;0.052077;1.958536;0.702868;0.7718;0.6195;0.1434;0.345944;1.683166;0.310848;0.7718;0.6195;0.1434;-0.271617;2.330277;0.839202;0.7718;0.6195;0.1434;-0.271617;2.330277;0.839202;-0.6514;-0.6861;0.3241;-0.084615;1.993717;0.502581;-0.6514;-0.6861;0.3241;0.052077;1.958536;0.702868;-0.6514;-0.6861;0.3241;-0.063206;1.859499;-0.166168;0.9155;0.3927;-0.0869;-0.335283;2.629787;0.448572;0.9155;0.3927;-0.0869;-0.152993;2.158459;0.238946;0.9155;0.3927;-0.0869;-0.152993;2.158459;0.238946;-0.7094;-0.4967;0.5;-0.335283;2.629787;0.448572;-0.7094;-0.4967;0.5;-0.319584;2.230857;0.074498;-0.7094;-0.4967;0.5;-0.319584;2.230857;0.074498;0.3062;0.6575;-0.6884;-0.335283;2.629787;0.448572;0.3062;0.6575;-0.6884;-0.063206;1.859499;-0.166168;0.3062;0.6575;-0.6884;-0.063206;1.859499;-0.166168;-0.6452;-0.6761;0.3559;-0.152993;2.158459;0.238946;-0.6452;-0.6761;0.3559;-0.319584;2.230857;0.074498;-0.6452;-0.6761;0.3559;-0.056052;0.844463;0.057214;0.4624;0.6413;0.6123;-0.952054;1.289676;0.267547;0.4624;0.6413;0.6123;-0.506322;0.972458;0.2632;0.4624;0.6413;0.6123;-0.506322;0.972458;0.2632;-0.5715;-0.8006;-0.1802;-0.952054;1.289676;0.267547;-0.5715;-0.8006;-0.1802;-0.527588;1.040421;0.028751;-0.5715;-0.8006;-0.1802;-0.527588;1.040421;0.028751;0.3846;0.8899;-0.2452;-0.952054;1.289676;0.267547;0.3846;0.8899;-0.2452;-0.056052;0.844463;0.057214;0.3846;0.8899;-0.2452;-0.056052;0.844463;0.057214;-0.3617;-0.9037;-0.2292;-0.506322;0.972458;0.2632;-0.3617;-0.9037;-0.2292;-0.527588;1.040421;0.028751;-0.3617;-0.9037;-0.2292;0.229086;1.469035;0.260565;0.3268;0.5944;-0.7348;1.126379;1.670832;0.82286;0.3268;0.5944;-0.7348;0.726199;1.453289;0.468899;0.3268;0.5944;-0.7348;0.726199;1.453289;0.468899;0.0049;-0.8544;0.5196;1.126379;1.670832;0.82286;0.0049;-0.8544;0.5196;0.584991;1.5651;0.654107;0.0049;-0.8544;0.5196;0.584991;1.5651;0.654107;-0.1631;0.9823;-0.0923;1.126379;1.670832;0.82286;-0.1631;0.9823;-0.0923;0.229086;1.469035;0.260565;-0.1631;0.9823;-0.0923;0.229086;1.469035;0.260565;-0.1938;-0.8982;0.3945;0.726199;1.453289;0.468899;-0.1938;-0.8982;0.3945;0.584991;1.5651;0.654107;-0.1938;-0.8982;0.3945;-0.09156;2.223114;-0.264908;-0.3246;0.8342;-0.4457;0.770313;2.502316;-0.370102;-0.3246;0.8342;-0.4457;0.314774;2.290576;-0.434605;-0.3246;0.8342;-0.4457;0.314774;2.290576;-0.434605;0.4153;-0.9084;0.0489;0.770313;2.502316;-0.370102;0.4153;-0.9084;0.0489;0.337388;2.31426;-0.186472;0.4153;-0.9084;0.0489;0.337388;2.31426;-0.186472;-0.2538;0.9085;0.3321;0.770313;2.502316;-0.370102;-0.2538;0.9085;0.3321;-0.09156;2.223114;-0.264908;-0.2538;0.9085;0.3321;-0.09156;2.223114;-0.264908;0.194;-0.9781;0.0757;0.314774;2.290576;-0.434605;0.194;-0.9781;0.0757;0.337388;2.31426;-0.186472;0.194;-0.9781;0.0757
4
SPREADER;0;0.1;0.1;0.1;6.5;5;
INFO;NameId;371;DescId;372;price;490;dpPerMin;0;range;2;placeSound;grassPlace
LIFE;averagePop;5.5;averageLife;8.5;popFactors;1;0.5;breedMat;4.25;breedTime;3.0762532;parentId;20;breedCount;280;reqs;2;TRANSFORM;size;1.05;LIFE;type;2;enviroType;1;biome;GRASSLAND;amount;0.85;FADE_DEATH;0.5;enviroReqCount;2;reqId;2;barren;0;goodBiomes;3;0;7;9;ideal;90;influence;0.95;reqId;5;likedSpecies;2;ers;pnf;influence;0.95
GROWTH;dynamic;0;growthTime;2.8333333;modelStages;3;subStages;1
FOOD;1;902;20;WHOLE;PARTICLE_DEATH;isColour;1;Spawn;0;PPS;8;Speed;0.6;Gravity;0.2;Life;0.5;Scale;0.05;Colour;0.8492;0.9035;0.6064;Additive;0;Alpha;1;FadeIn;0.1;FadeOut;0.8;HasDir;1;Dir;0;1;0;Deviation;0.3;Offset;0;0;0;LifeError;0.4;ScaleError;0.1;SpeedError;0.1;RandomRot;1;HasXRot;0
