1.0
pnh
0;1
3
-0.225851;-0.157073;-0.218663;0.414678;0.7168;0.235522;1
33;2
9;0.7680231;0.90354544;0.49721014;0.15
-0.001511;-0.157073;-0.017238;0.8647;-0.0554;-0.4992;0.013018;0.7168;-0.089079;0.8647;-0.0554;-0.4992;0.036046;-0.157073;0.047811;0.8647;-0.0554;-0.4992;0.036046;-0.157073;0.047811;-0.0;0.1548;0.988;0.013018;0.7168;-0.089079;-0.0;0.1548;0.988;-0.039067;-0.157073;0.047811;-0.0;0.1548;0.988;-0.039067;-0.157073;0.047811;-0.8657;-0.0267;-0.4998;0.013018;0.7168;-0.089079;-0.8657;-0.0267;-0.4998;-0.001511;-0.157073;-0.017238;-0.8657;-0.0267;-0.4998
24;-1;0;0;0.15
0.414678;0.642818;0.193901;0.7603;-0.5864;-0.2795;-4.12E-4;0.206762;-0.020255;0.7603;-0.5864;-0.2795;0.216129;0.49333;-0.032511;0.7603;-0.5864;-0.2795;0.216129;0.49333;-0.032511;-0.7972;0.6033;0.0205;-4.12E-4;0.206762;-0.020255;-0.7972;0.6033;0.0205;0.161854;0.412486;0.235522;-0.7972;0.6033;0.0205;0.161854;0.412486;0.235522;0.6793;-0.719;0.1473;-4.12E-4;0.206762;-0.020255;0.6793;-0.719;0.1473;0.414678;0.642818;0.193901;0.6793;-0.719;0.1473;0.414678;0.642818;0.193901;-0.6626;0.7436;0.0901;0.216129;0.49333;-0.032511;-0.6626;0.7436;0.0901;0.161854;0.412486;0.235522;-0.6626;0.7436;0.0901;-0.018786;0.431696;-0.186748;-0.1767;-0.5114;-0.841;0.006133;0.13832;-0.013568;-0.1767;-0.5114;-0.841;-0.225851;0.55572;-0.218663;-0.1767;-0.5114;-0.841;-0.20411;0.410992;-0.024166;0.5573;0.4567;0.6934;0.006133;0.13832;-0.013568;0.5573;0.4567;0.6934;-0.018786;0.431696;-0.186748;0.5573;0.4567;0.6934;-0.225851;0.55572;-0.218663;-0.7353;-0.5805;-0.3498;0.006133;0.13832;-0.013568;-0.7353;-0.5805;-0.3498;-0.20411;0.410992;-0.024166;-0.7353;-0.5805;-0.3498;-0.225851;0.55572;-0.218663;0.376;0.763;0.5258;-0.20411;0.410992;-0.024166;0.376;0.763;0.5258;-0.018786;0.431696;-0.186748;0.376;0.763;0.5258
-0.556989;-0.126414;-0.590195;0.635736;1.551446;0.352436;1
57;2
9;0.7680231;0.90354544;0.49721014;0.15
-2.46E-4;-0.126414;-0.040196;0.8655;-0.0347;-0.4997;-2.46E-4;1.551446;-0.15666;0.8655;-0.0347;-0.4997;0.053254;-0.126414;0.052469;0.8655;-0.0347;-0.4997;0.053254;-0.126414;0.052469;-0.0;0.1237;0.9923;-2.46E-4;1.551446;-0.15666;-0.0;0.1237;0.9923;-0.053747;-0.126414;0.052469;-0.0;0.1237;0.9923;-0.053747;-0.126414;0.052469;-0.8655;-0.0347;-0.4997;-2.46E-4;1.551446;-0.15666;-0.8655;-0.0347;-0.4997;-2.46E-4;-0.126414;-0.040196;-0.8655;-0.0347;-0.4997
48;-1;0;0;0.15
-0.082122;1.342026;0.187332;0.0502;-0.6438;0.7636;0.004067;1.022798;-0.087478;0.0502;-0.6438;0.7636;0.143313;1.475965;0.28545;0.0502;-0.6438;0.7636;-0.22447;0.967299;-0.085231;-0.7027;-0.6538;-0.2807;-0.015866;0.739224;-0.076219;-0.7027;-0.6538;-0.2807;-0.403227;1.079832;0.100174;-0.7027;-0.6538;-0.2807;0.635736;0.757255;0.215134;0.589;-0.7638;-0.264;0.001454;0.359871;-0.05018;0.589;-0.7638;-0.264;0.403416;0.687434;-0.101194;0.589;-0.7638;-0.264;0.220361;1.322819;0.063616;-0.2755;0.5834;-0.7641;0.004067;1.022798;-0.087478;-0.2755;0.5834;-0.7641;-0.082122;1.342026;0.187332;-0.2755;0.5834;-0.7641;-0.189012;0.939882;0.217086;0.7382;0.6741;-0.0254;-0.015866;0.739224;-0.076219;0.7382;0.6741;-0.0254;-0.22447;0.967299;-0.085231;0.7382;0.6741;-0.0254;0.403416;0.687434;-0.101194;-0.6239;0.7777;0.0772;0.001454;0.359871;-0.05018;-0.6239;0.7777;0.0772;0.310394;0.567761;0.352436;-0.6239;0.7777;0.0772;-0.403227;1.079832;0.100174;-0.6038;-0.7776;0.1755;-0.015866;0.739224;-0.076219;-0.6038;-0.7776;0.1755;-0.189012;0.939882;0.217086;-0.6038;-0.7776;0.1755;-0.403227;1.079832;0.100174;0.5421;0.8402;0.0126;-0.189012;0.939882;0.217086;0.5421;0.8402;0.0126;-0.22447;0.967299;-0.085231;0.5421;0.8402;0.0126;0.310394;0.567761;0.352436;0.5169;-0.8549;0.0448;0.001454;0.359871;-0.05018;0.5169;-0.8549;0.0448;0.635736;0.757255;0.215134;0.5169;-0.8549;0.0448;0.635736;0.757255;0.215134;-0.4539;0.8801;0.1391;0.403416;0.687434;-0.101194;-0.4539;0.8801;0.1391;0.310394;0.567761;0.352436;-0.4539;0.8801;0.1391;0.143313;1.475965;0.28545;0.4681;-0.6428;0.6064;0.004067;1.022798;-0.087478;0.4681;-0.6428;0.6064;0.220361;1.322819;0.063616;0.4681;-0.6428;0.6064;0.143313;1.475965;0.28545;-0.1973;0.7734;-0.6024;0.220361;1.322819;0.063616;-0.1973;0.7734;-0.6024;-0.082122;1.342026;0.187332;-0.1973;0.7734;-0.6024;-0.2048;0.686268;-0.549359;-0.1489;-0.811;-0.5658;-0.023836;0.301361;-0.045317;-0.1489;-0.811;-0.5658;-0.556989;0.779409;-0.590195;-0.1489;-0.811;-0.5658;-0.545557;0.650997;-0.251037;0.3446;0.8017;0.4884;-0.023836;0.301361;-0.045317;0.3446;0.8017;0.4884;-0.2048;0.686268;-0.549359;0.3446;0.8017;0.4884;-0.556989;0.779409;-0.590195;-0.4447;-0.8425;-0.304;-0.023836;0.301361;-0.045317;-0.4447;-0.8425;-0.304;-0.545557;0.650997;-0.251037;-0.4447;-0.8425;-0.304;-0.556989;0.779409;-0.590195;0.2033;0.9179;0.3407;-0.545557;0.650997;-0.251037;0.2033;0.9179;0.3407;-0.2048;0.686268;-0.549359;0.2033;0.9179;0.3407
-1.001396;-0.309863;-0.993171;0.995568;2.398378;1.060884;1
93;2
9;0.7680231;0.90354544;0.49721014;0.15
0.004924;-0.309863;-0.032497;0.8658;-0.0249;-0.4998;0.004924;1.900603;-0.142462;0.8658;-0.0249;-0.4998;0.06241;-0.309863;0.067072;0.8658;-0.0249;-0.4998;0.06241;-0.309863;0.067072;-0.0;0.0944;0.9955;0.004924;1.900603;-0.142462;-0.0;0.0944;0.9955;-0.052562;-0.309863;0.067072;-0.0;0.0944;0.9955;-0.052562;-0.309863;0.067072;-0.8658;-0.0249;-0.4998;0.004924;1.900603;-0.142462;-0.8658;-0.0249;-0.4998;0.004924;-0.309863;-0.032497;-0.8658;-0.0249;-0.4998
84;-1;0;0;0.15
-0.162863;1.271215;0.712567;-0.0585;-0.9075;0.4159;9.84E-4;0.905141;-0.063179;-0.0585;-0.9075;0.4159;0.418292;1.393395;1.060884;-0.0585;-0.9075;0.4159;-0.615238;0.91874;-0.130556;-0.4299;-0.8797;-0.2031;0.008302;0.595024;-0.048311;-0.4299;-0.8797;-0.2031;-1.001396;1.028495;0.211516;-0.4299;-0.8797;-0.2031;0.995568;0.77089;0.322713;0.5273;-0.8012;-0.2829;0.006606;0.247052;-0.037115;0.5273;-0.8012;-0.2829;0.640234;0.696676;-0.129433;0.5273;-0.8012;-0.2829;0.58296;1.20593;0.412828;-0.0995;0.8916;-0.4418;9.84E-4;0.905141;-0.063179;-0.0995;0.8916;-0.4418;-0.162863;1.271215;0.712567;-0.0995;0.8916;-0.4418;-0.549057;0.857765;0.433499;0.4559;0.889;0.0426;0.008302;0.595024;-0.048311;0.4559;0.889;0.0426;-0.615238;0.91874;-0.130556;0.4559;0.889;0.0426;0.640234;0.696676;-0.129433;-0.5602;0.8172;0.1353;0.006606;0.247052;-0.037115;-0.5602;0.8172;0.1353;0.506442;0.495867;0.529329;-0.5602;0.8172;0.1353;-1.001396;1.028495;0.211516;-0.3797;-0.9229;0.064;0.008302;0.595024;-0.048311;-0.3797;-0.9229;0.064;-0.549057;0.857765;0.433499;-0.3797;-0.9229;0.064;-1.001396;1.028495;0.211516;0.3248;0.9436;0.0639;-0.549057;0.857765;0.433499;0.3248;0.9436;0.0639;-0.615238;0.91874;-0.130556;0.3248;0.9436;0.0639;0.506442;0.495867;0.529329;0.4781;-0.8776;-0.0364;0.006606;0.247052;-0.037115;0.4781;-0.8776;-0.0364;0.995568;0.77089;0.322713;0.4781;-0.8776;-0.0364;0.995568;0.77089;0.322713;-0.4211;0.8879;0.1852;0.640234;0.696676;-0.129433;-0.4211;0.8879;0.1852;0.506442;0.495867;0.529329;-0.4211;0.8879;0.1852;0.418292;1.393395;1.060884;0.214;-0.9225;0.3212;9.84E-4;0.905141;-0.063179;0.214;-0.9225;0.3212;0.58296;1.20593;0.412828;0.214;-0.9225;0.3212;0.418292;1.393395;1.060884;-0.0306;0.9581;-0.2849;0.58296;1.20593;0.412828;-0.0306;0.9581;-0.2849;-0.162863;1.271215;0.712567;-0.0306;0.9581;-0.2849;-0.268368;1.441799;-0.773986;0.5413;-0.6513;-0.5318;-0.001051;1.089012;-0.069928;0.5413;-0.6513;-0.5318;-0.636881;1.307096;-0.984094;0.5413;-0.6513;-0.5318;-0.666469;1.167317;-0.562576;-0.2851;0.8092;0.5137;-0.001051;1.089012;-0.069928;-0.2851;0.8092;0.5137;-0.268368;1.441799;-0.773986;-0.2851;0.8092;0.5137;-0.636881;1.307096;-0.984094;0.1149;-0.9453;-0.3054;-0.001051;1.089012;-0.069928;0.1149;-0.9453;-0.3054;-0.666469;1.167317;-0.562576;0.1149;-0.9453;-0.3054;-0.636881;1.307096;-0.984094;-0.4554;0.8541;0.2512;-0.666469;1.167317;-0.562576;-0.4554;0.8541;0.2512;-0.268368;1.441799;-0.773986;-0.4554;0.8541;0.2512;-0.169488;0.632738;-0.563892;-0.175;-0.7712;-0.612;0.014826;0.142288;0.001443;-0.175;-0.7712;-0.612;-0.570015;0.749306;-0.596261;-0.175;-0.7712;-0.612;-0.57167;0.584549;-0.211795;0.3767;0.757;0.5339;0.014826;0.142288;0.001443;0.3767;0.757;0.5339;-0.169488;0.632738;-0.563892;0.3767;0.757;0.5339;-0.570015;0.749306;-0.596261;-0.4809;-0.8051;-0.3471;0.014826;0.142288;0.001443;-0.4809;-0.8051;-0.3471;-0.57167;0.584549;-0.211795;-0.4809;-0.8051;-0.3471;-0.570015;0.749306;-0.596261;0.2292;0.8943;0.3842;-0.57167;0.584549;-0.211795;0.2292;0.8943;0.3842;-0.169488;0.632738;-0.563892;0.2292;0.8943;0.3842;0.47773;1.879006;-0.460627;0.3787;-0.8017;-0.4625;0.001103;1.45224;-0.111198;0.3787;-0.8017;-0.4625;0.360674;2.130934;-0.993171;0.3787;-0.8017;-0.4625;-0.098841;1.878613;-0.693967;-0.2432;0.7625;0.5996;0.001103;1.45224;-0.111198;-0.2432;0.7625;0.5996;0.47773;1.879006;-0.460627;-0.2432;0.7625;0.5996;0.360674;2.130934;-0.993171;0.0524;-0.8016;-0.5955;0.001103;1.45224;-0.111198;0.0524;-0.8016;-0.5955;-0.098841;1.878613;-0.693967;0.0524;-0.8016;-0.5955;0.360674;2.130934;-0.993171;-0.184;0.8723;0.4531;-0.098841;1.878613;-0.693967;-0.184;0.8723;0.4531;0.47773;1.879006;-0.460627;-0.184;0.8723;0.4531;-0.298438;2.259077;-0.593404;-0.4943;-0.8112;-0.3124;0.004924;1.900603;-0.142462;-0.4943;-0.8112;-0.3124;-0.552785;2.398378;-0.552713;-0.4943;-0.8112;-0.3124;-0.46072;2.300454;-0.314375;0.5856;0.7787;0.2251;0.004924;1.900603;-0.142462;0.5856;0.7787;0.2251;-0.298438;2.259077;-0.593404;0.5856;0.7787;0.2251;-0.552785;2.398378;-0.552713;-0.6346;-0.7696;-0.0711;0.004924;1.900603;-0.142462;-0.6346;-0.7696;-0.0711;-0.46072;2.300454;-0.314375;-0.6346;-0.7696;-0.0711;-0.552785;2.398378;-0.552713;0.4938;0.8547;0.1604;-0.46072;2.300454;-0.314375;0.4938;0.8547;0.1604;-0.298438;2.259077;-0.593404;0.4938;0.8547;0.1604
6
SPREADER;1;0;0;0;6;5;
MATERIAL;second;0;count;3;CUSTOM;0.48627222;0.5288201;0.29485956;2000;DARK_GREEN;15000;YELLOW_GREEN;20000
INFO;NameId;292;DescId;293;price;1800;dpPerMin;0;range;2;placeSound;grassPlace
LIFE;averagePop;5.5;averageLife;5.8;popFactors;0;breedMat;2.9;breedTime;2.0984335;parentId;108;count;100;reqCount;2;LIFE;type;2;enviroType;0;classification;ptf;count;3;LIFE;type;2;enviroType;0;classification;ers;count;3;FADE_DEATH;0.5;enviroReqCount;2;reqId;5;likedSpecies;2;ers;png;influence;0.6;reqId;2;barren;1;goodBiomes;2;0;1;idealFactor;80;influence;0.8
GROWTH;dynamic;0;growthTime;1.9333334;modelStages;3;subStages;1
FOOD;1;902;20;WHOLE;PARTICLE_DEATH;isColour;1;Spawn;0;PPS;8;Speed;0.6;Gravity;0.2;Life;0.5;Scale;0.05;Colour;0.48627222;0.5288201;0.29485956;Additive;0;Alpha;1;FadeIn;0.1;FadeOut;0.8;HasDir;1;Dir;0;1;0;Deviation;0.3;Offset;0;0;0;LifeError;0.4;ScaleError;0.1;SpeedError;0.1;RandomRot;1;HasXRot;0
