1.0
pnh
0;1
3
-0.462128;-0.148059;-0.276235;0.454369;0.643843;0.752181;1
51;2
27;0.7628486;0.77032864;0.55106384;0.15
-0.099191;-0.148059;-0.156433;0.7603;-0.3934;-0.5169;0.128555;0.449502;-0.276235;0.7603;-0.3934;-0.5169;-0.05536;-0.127726;-0.107435;0.7603;-0.3934;-0.5169;-0.05536;-0.127726;-0.107435;0.0906;0.2528;0.9633;0.128555;0.449502;-0.276235;0.0906;0.2528;0.9633;-0.120144;-0.104522;-0.107435;0.0906;0.2528;0.9633;-0.120144;-0.104522;-0.107435;-0.8204;0.2057;-0.5336;0.128555;0.449502;-0.276235;-0.8204;0.2057;-0.5336;-0.099191;-0.148059;-0.156433;-0.8204;0.2057;-0.5336;0.041374;-0.113041;0.093492;0.8454;-0.217;-0.4881;0.454369;0.615334;0.484974;0.8454;-0.217;-0.4881;0.074769;-0.113041;0.151334;0.8454;-0.217;-0.4881;0.074769;-0.113041;0.151334;0.0;-0.4164;0.9092;0.454369;0.615334;0.484974;0.0;-0.4164;0.9092;0.007978;-0.113041;0.151334;0.0;-0.4164;0.9092;0.007978;-0.113041;0.151334;-0.6896;0.605;-0.3981;0.454369;0.615334;0.484974;-0.6896;0.605;-0.3981;0.041374;-0.113041;0.093492;-0.6896;0.605;-0.3981;-0.047405;-0.131781;-0.001648;0.7606;0.3568;-0.5424;-0.255206;0.643843;0.217124;0.7606;0.3568;-0.5424;-0.023648;-0.100398;0.052313;0.7606;0.3568;-0.5424;-0.023648;-0.100398;0.052313;0.0099;-0.2133;0.9769;-0.255206;0.643843;0.217124;0.0099;-0.2133;0.9769;-0.088172;-0.117379;0.049261;0.0099;-0.2133;0.9769;-0.088172;-0.117379;0.049261;-0.785;-0.0359;-0.6185;-0.255206;0.643843;0.217124;-0.785;-0.0359;-0.6185;-0.047405;-0.131781;-0.001648;-0.785;-0.0359;-0.6185
24;0.35878164;0.40641138;0.3202312;0.15
0.030627;0.363288;0.456394;0.2039;0.9322;-0.2991;0.114292;0.439884;0.752181;0.2039;0.9322;-0.2991;0.319306;0.326606;0.538889;0.2039;0.9322;-0.2991;0.212388;0.190323;0.244336;-0.4133;-0.8463;0.3361;0.114292;0.439884;0.752181;-0.4133;-0.8463;0.3361;0.030627;0.363288;0.456394;-0.4133;-0.8463;0.3361;0.319306;0.326606;0.538889;-0.0465;-0.9;0.4333;0.114292;0.439884;0.752181;-0.0465;-0.9;0.4333;0.212388;0.190323;0.244336;-0.0465;-0.9;0.4333;0.212388;0.190323;0.244336;0.244;0.8434;-0.4788;0.030627;0.363288;0.456394;0.244;0.8434;-0.4788;0.319306;0.326606;0.538889;0.244;0.8434;-0.4788;-0.291411;0.444867;0.264395;0.8167;0.5478;0.1812;-0.171983;0.309527;0.135307;0.8167;0.5478;0.1812;-0.265615;0.483564;0.031159;0.8167;0.5478;0.1812;-0.462128;0.607467;0.151237;-0.7126;-0.6978;0.0723;-0.171983;0.309527;0.135307;-0.7126;-0.6978;0.0723;-0.291411;0.444867;0.264395;-0.7126;-0.6978;0.0723;-0.265615;0.483564;0.031159;-0.6555;-0.615;-0.4383;-0.171983;0.309527;0.135307;-0.6555;-0.615;-0.4383;-0.462128;0.607467;0.151237;-0.6555;-0.615;-0.4383;-0.462128;0.607467;0.151237;0.6056;0.7715;0.195;-0.291411;0.444867;0.264395;0.6056;0.7715;0.195;-0.265615;0.483564;0.031159;0.6056;0.7715;0.195
-0.913907;-0.162218;-1.018731;0.361744;1.286878;0.838946;1
75;2
27;0.7628486;0.77032864;0.55106384;0.15
-0.027757;-0.139149;0.096091;0.8577;-0.1381;-0.4952;0.339535;0.779691;0.476082;0.8577;-0.1381;-0.4952;0.013351;-0.139149;0.167294;0.8577;-0.1381;-0.4952;0.013351;-0.139149;0.167294;0.0;-0.3186;0.9479;0.339535;0.779691;0.476082;0.0;-0.3186;0.9479;-0.068866;-0.139149;0.167294;0.0;-0.3186;0.9479;-0.068866;-0.139149;0.167294;-0.7579;0.4839;-0.4376;0.339535;0.779691;0.476082;-0.7579;0.4839;-0.4376;-0.027757;-0.139149;0.096091;-0.7579;0.4839;-0.4376;0.153608;-0.139582;-0.151791;0.7611;-0.3879;-0.5199;0.271961;0.909767;-0.761525;0.7611;-0.3879;-0.5199;0.194929;-0.120412;-0.105598;0.7611;-0.3879;-0.5199;0.194929;-0.120412;-0.105598;0.1855;0.5179;0.8351;0.271961;0.909767;-0.761525;0.1855;0.5179;0.8351;0.133854;-0.098537;-0.105598;0.1855;0.5179;0.8351;0.133854;-0.098537;-0.105598;-0.9411;-0.0842;-0.3276;0.271961;0.909767;-0.761525;-0.9411;-0.0842;-0.3276;0.153608;-0.139582;-0.151791;-0.9411;-0.0842;-0.3276;-0.180322;-0.162218;-0.021021;0.8095;0.2771;-0.5176;-0.617731;1.286878;0.070684;0.8095;0.2771;-0.5176;-0.151078;-0.123586;0.045402;0.8095;0.2771;-0.5176;-0.151078;-0.123586;0.045402;-0.0391;-0.0308;0.9988;-0.617731;1.286878;0.070684;-0.0391;-0.0308;0.9988;-0.230505;-0.144489;0.041645;-0.0391;-0.0308;0.9988;-0.230505;-0.144489;0.041645;-0.7915;-0.2024;-0.5766;-0.617731;1.286878;0.070684;-0.7915;-0.2024;-0.5766;-0.180322;-0.162218;-0.021021;-0.7915;-0.2024;-0.5766
48;0.35878164;0.40641138;0.3202312;0.15
-0.210856;0.580516;0.465264;0.1834;0.9592;-0.2153;-0.062346;0.635983;0.838946;0.1834;0.9592;-0.2153;0.242159;0.523088;0.595426;0.1834;0.9592;-0.2153;0.120466;0.396508;0.216774;-0.3126;-0.9137;0.2598;-0.062346;0.635983;0.838946;-0.3126;-0.9137;0.2598;-0.210856;0.580516;0.465264;-0.3126;-0.9137;0.2598;0.242159;0.523088;0.595426;-0.0772;-0.9379;0.3383;-0.062346;0.635983;0.838946;-0.0772;-0.9379;0.3383;0.120466;0.396508;0.216774;-0.0772;-0.9379;0.3383;0.120466;0.396508;0.216774;0.2213;0.9013;-0.3724;-0.210856;0.580516;0.465264;0.2213;0.9013;-0.3724;0.242159;0.523088;0.595426;0.2213;0.9013;-0.3724;0.361744;0.636479;-0.792765;0.192;0.9065;0.3759;0.20392;0.763606;-1.018731;0.192;0.9065;0.3759;0.04722;0.692923;-0.768215;0.192;0.9065;0.3759;0.217099;0.4733;-0.500109;-0.0037;-0.8726;-0.4884;0.20392;0.763606;-1.018731;-0.0037;-0.8726;-0.4884;0.361744;0.636479;-0.792765;-0.0037;-0.8726;-0.4884;0.04722;0.692923;-0.768215;-0.3502;-0.8211;-0.4507;0.20392;0.763606;-1.018731;-0.3502;-0.8211;-0.4507;0.217099;0.4733;-0.500109;-0.3502;-0.8211;-0.4507;0.217099;0.4733;-0.500109;0.189;0.815;0.5478;0.361744;0.636479;-0.792765;0.189;0.815;0.5478;0.04722;0.692923;-0.768215;0.189;0.815;0.5478;-0.670817;0.955564;-0.181715;0.5851;0.7813;-0.2172;-0.913907;1.176864;-0.040608;0.5851;0.7813;-0.2172;-0.666375;1.054753;0.186976;0.5851;0.7813;-0.2172;-0.478758;0.770541;0.063462;-0.6797;-0.7332;-0.0209;-0.913907;1.176864;-0.040608;-0.6797;-0.7332;-0.0209;-0.670817;0.955564;-0.181715;-0.6797;-0.7332;-0.0209;-0.666375;1.054753;0.186976;-0.6746;-0.6197;0.4012;-0.913907;1.176864;-0.040608;-0.6746;-0.6197;0.4012;-0.478758;0.770541;0.063462;-0.6746;-0.6197;0.4012;-0.478758;0.770541;0.063462;0.7872;0.5931;-0.169;-0.670817;0.955564;-0.181715;0.7872;0.5931;-0.169;-0.666375;1.054753;0.186976;0.7872;0.5931;-0.169;-0.176618;0.6723;-0.178618;-0.6874;0.7253;-0.0385;-0.371414;0.499585;0.045916;-0.6874;0.7253;-0.0385;-0.138008;0.726208;0.147717;-0.6874;0.7253;-0.0385;0.069592;0.82256;-0.062666;0.5627;-0.815;-0.1387;-0.371414;0.499585;0.045916;0.5627;-0.815;-0.1387;-0.176618;0.6723;-0.178618;0.5627;-0.815;-0.1387;-0.138008;0.726208;0.147717;0.6114;-0.747;0.2612;-0.371414;0.499585;0.045916;0.6114;-0.747;0.2612;0.069592;0.82256;-0.062666;0.6114;-0.747;0.2612;0.069592;0.82256;-0.062666;-0.4894;0.8679;-0.0855;-0.176618;0.6723;-0.178618;-0.4894;0.8679;-0.0855;-0.138008;0.726208;0.147717;-0.4894;0.8679;-0.0855
-1.235469;-0.222187;-1.617501;0.783486;2.116083;1.153038;1
123;3
27;0.7628486;0.77032864;0.55106384;0.15
-0.021722;-0.19059;0.13556;0.8593;-0.1242;-0.4961;0.526486;2.062906;0.521063;0.8593;-0.1242;-0.4961;0.034584;-0.19059;0.233085;0.8593;-0.1242;-0.4961;0.034584;-0.19059;0.233085;0.0;-0.1268;0.9919;0.526486;2.062906;0.521063;0.0;-0.1268;0.9919;-0.078028;-0.19059;0.233085;0.0;-0.1268;0.9919;-0.078028;-0.19059;0.233085;-0.8304;0.284;-0.4794;0.526486;2.062906;0.521063;-0.8304;0.284;-0.4794;-0.021722;-0.19059;0.13556;-0.8304;0.284;-0.4794;0.224059;-0.198533;-0.215237;0.7626;-0.3771;-0.5257;0.560419;1.630199;-1.039104;0.7626;-0.3771;-0.5257;0.295786;-0.165257;-0.135054;0.7626;-0.3771;-0.5257;0.295786;-0.165257;-0.135054;0.1527;0.4264;0.8915;0.560419;1.630199;-1.039104;0.1527;0.4264;0.8915;0.189769;-0.127285;-0.135054;0.1527;0.4264;0.8915;0.189769;-0.127285;-0.135054;-0.9213;-0.0057;-0.3889;0.560419;1.630199;-1.039104;-0.9213;-0.0057;-0.3889;0.224059;-0.198533;-0.215237;-0.9213;-0.0057;-0.3889;-0.230688;-0.222187;-0.024847;0.8095;0.2771;-0.5176;-0.8298;1.762618;0.10076;0.8095;0.2771;-0.5176;-0.190633;-0.169274;0.066132;0.8095;0.2771;-0.5176;-0.190633;-0.169274;0.066132;-0.0391;-0.0308;0.9988;-0.8298;1.762618;0.10076;-0.0391;-0.0308;0.9988;-0.299422;-0.197905;0.060986;-0.0391;-0.0308;0.9988;-0.299422;-0.197905;0.060986;-0.7915;-0.2024;-0.5766;-0.8298;1.762618;0.10076;-0.7915;-0.2024;-0.5766;-0.230688;-0.222187;-0.024847;-0.7915;-0.2024;-0.5766
72;0.35878164;0.40641138;0.3202312;0.15
-0.27251;0.795125;0.641211;0.1834;0.9592;-0.2153;-0.069097;0.871098;1.153038;0.1834;0.9592;-0.2153;0.347978;0.716467;0.819492;0.1834;0.9592;-0.2153;0.109349;0.543091;0.300858;-0.3494;-0.8966;0.272;-0.069097;0.871098;1.153038;-0.3494;-0.8966;0.272;-0.27251;0.795125;0.641211;-0.3494;-0.8966;0.272;0.347978;0.716467;0.819492;-0.0707;-0.9358;0.3454;-0.069097;0.871098;1.153038;-0.0707;-0.9358;0.3454;0.109349;0.543091;0.300858;-0.0707;-0.9358;0.3454;0.335322;0.335242;-0.434327;-0.805;-0.5884;0.0763;-0.23437;1.078582;-0.711998;-0.805;-0.5884;0.0763;0.066607;0.647139;-0.863759;-0.805;-0.5884;0.0763;0.066607;0.647139;-0.863759;0.7136;0.6155;-0.3345;-0.23437;1.078582;-0.711998;0.7136;0.6155;-0.3345;0.10757;0.890961;-0.327763;0.7136;0.6155;-0.3345;0.10757;0.890961;-0.327763;-0.7716;-0.4096;0.4867;-0.23437;1.078582;-0.711998;-0.7716;-0.4096;0.4867;0.335322;0.335242;-0.434327;-0.7716;-0.4096;0.4867;0.335322;0.335242;-0.434327;0.8773;0.408;-0.2526;0.066607;0.647139;-0.863759;0.8773;0.408;-0.2526;0.10757;0.890961;-0.327763;0.8773;0.408;-0.2526;0.109349;0.543091;0.300858;0.2278;0.8871;-0.4014;-0.27251;0.795125;0.641211;0.2278;0.8871;-0.4014;0.347978;0.716467;0.819492;0.2278;0.8871;-0.4014;0.783486;1.381838;-1.190558;0.192;0.9065;0.3759;0.48529;1.622035;-1.617501;0.192;0.9065;0.3759;0.18922;1.488485;-1.144173;0.192;0.9065;0.3759;0.469135;1.190136;-0.824604;-0.0218;-0.8778;-0.4786;0.48529;1.622035;-1.617501;-0.0218;-0.8778;-0.4786;0.783486;1.381838;-1.190558;-0.0218;-0.8778;-0.4786;0.18922;1.488485;-1.144173;-0.3549;-0.8179;-0.4528;0.48529;1.622035;-1.617501;-0.3549;-0.8179;-0.4528;0.469135;1.190136;-0.824604;-0.3549;-0.8179;-0.4528;0.469135;1.190136;-0.824604;0.1877;0.7946;0.5774;0.783486;1.381838;-1.190558;0.1877;0.7946;0.5774;0.18922;1.488485;-1.144173;0.1877;0.7946;0.5774;-0.902512;1.308823;-0.244948;0.5851;0.7813;-0.2172;-1.235469;1.611934;-0.051675;0.5851;0.7813;-0.2172;-0.896427;1.44468;0.260043;0.5851;0.7813;-0.2172;-0.639452;1.055399;0.090868;-0.6797;-0.7332;-0.0209;-1.235469;1.611934;-0.051675;-0.6797;-0.7332;-0.0209;-0.902512;1.308823;-0.244948;-0.6797;-0.7332;-0.0209;-0.896427;1.44468;0.260043;-0.6746;-0.6197;0.4012;-1.235469;1.611934;-0.051675;-0.6746;-0.6197;0.4012;-0.639452;1.055399;0.090868;-0.6746;-0.6197;0.4012;-0.639452;1.055399;0.090868;0.7872;0.5931;-0.169;-0.902512;1.308823;-0.244948;0.7872;0.5931;-0.169;-0.896427;1.44468;0.260043;0.7872;0.5931;-0.169;0.667532;1.370358;0.20511;0.0901;0.868;0.4884;0.652192;1.64277;-0.276213;0.0901;0.868;0.4884;0.241371;1.494359;0.06337;0.0901;0.868;0.4884;0.295762;1.173153;0.384595;0.2146;-0.8471;-0.4862;0.652192;1.64277;-0.276213;0.2146;-0.8471;-0.4862;0.667532;1.370358;0.20511;0.2146;-0.8471;-0.4862;0.241371;1.494359;0.06337;-0.2863;-0.7013;-0.6528;0.652192;1.64277;-0.276213;-0.2863;-0.7013;-0.6528;0.295762;1.173153;0.384595;-0.2863;-0.7013;-0.6528;0.295762;1.173153;0.384595;-0.031;0.7042;0.7094;0.667532;1.370358;0.20511;-0.031;0.7042;0.7094;0.241371;1.494359;0.06337;-0.031;0.7042;0.7094;-0.221524;0.893636;-0.280835;-0.71;0.7034;-0.0322;-0.478329;0.650144;0.062683;-0.71;0.7034;-0.0322;-0.159506;0.980226;0.243345;-0.71;0.7034;-0.0322;0.173955;1.134993;-0.094586;0.5659;-0.8104;-0.1514;-0.478329;0.650144;0.062683;0.5659;-0.8104;-0.1514;-0.221524;0.893636;-0.280835;0.5659;-0.8104;-0.1514;-0.159506;0.980226;0.243345;0.6155;-0.7412;0.2679;-0.478329;0.650144;0.062683;0.6155;-0.7412;0.2679;0.173955;1.134993;-0.094586;0.6155;-0.7412;0.2679;0.173955;1.134993;-0.094586;-0.4894;0.8679;-0.0855;-0.221524;0.893636;-0.280835;-0.4894;0.8679;-0.0855;-0.159506;0.980226;0.243345;-0.4894;0.8679;-0.0855
24;0.9753164;1.0;0.57731706;0.15
0.417451;2.116083;0.444682;-0.8576;-0.318;0.4043;0.502271;1.96192;0.503342;-0.8576;-0.318;0.4043;0.523216;2.090485;0.648885;-0.8576;-0.318;0.4043;-0.851909;1.784287;0.185248;0.8659;0.1256;0.4841;-0.765407;1.566371;0.08705;0.8659;0.1256;0.4841;-0.757183;1.8086;0.009502;0.8659;0.1256;0.4841;0.648536;2.111246;0.455483;0.0369;-0.3376;-0.9406;0.502271;1.96192;0.503342;0.0369;-0.3376;-0.9406;0.417451;2.116083;0.444682;0.0369;-0.3376;-0.9406;-0.757183;1.8086;0.009502;0.0908;-0.3064;-0.9475;-0.765407;1.566371;0.08705;0.0908;-0.3064;-0.9475;-0.946634;1.741178;0.013145;0.0908;-0.3064;-0.9475;0.523216;2.090485;0.648885;0.7152;-0.5717;0.4021;0.502271;1.96192;0.503342;0.7152;-0.5717;0.4021;0.648536;2.111246;0.455483;0.7152;-0.5717;0.4021;0.523216;2.090485;0.648885;0.0153;0.9931;0.1165;0.648536;2.111246;0.455483;0.0153;0.9931;0.1165;0.417451;2.116083;0.444682;0.0153;0.9931;0.1165;-0.946634;1.741178;0.013145;-0.6959;-0.5059;0.5097;-0.765407;1.566371;0.08705;-0.6959;-0.5059;0.5097;-0.851909;1.784287;0.185248;-0.6959;-0.5059;0.5097;-0.851909;1.784287;0.185248;-0.3357;0.9406;-0.0508;-0.757183;1.8086;0.009502;-0.3357;0.9406;-0.0508;-0.946634;1.741178;0.013145;-0.3357;0.9406;-0.0508
5
SPREADER;8;0.1;0.1;0.1;6.5;5;
INFO;NameId;501;DescId;502;price;650;dpPerMin;0;range;2;placeSound;grassPlace
LIFE;averagePop;5.5;averageLife;8.0;popFactors;1;0.5;breedMat;4.0;breedTime;2.8922677;parentId;20;count;230;reqs;2;LIFE;type;2;enviroType;0;classification;pnm;count;2;MATERIAL;col;MUD_GREEN;FADE_DEATH;0.5;enviroReqCount;2;reqId;2;barren;1;goodBiomes;2;1;8;ideal;60;influence;0.75;reqId;5;likedSpecies;1;ptw;influence;0.2
GROWTH;dynamic;0;growthTime;2.6666667;modelStages;3;subStages;1
FOOD;1;902;21;WHOLE;PARTICLE_DEATH;isColour;1;Spawn;0;PPS;8;Speed;0.6;Gravity;0.2;Life;0.5;Scale;0.05;Colour;0.35878164;0.40641138;0.3202312;Additive;0;Alpha;1;FadeIn;0.1;FadeOut;0.8;HasDir;1;Dir;0;1;0;Deviation;0.3;Offset;0;0;0;LifeError;0.4;ScaleError;0.1;SpeedError;0.1;RandomRot;1;HasXRot;0

