1.0
pnh
0;1
3
-0.227872;-0.24443;-0.091468;0.051368;0.571876;0.081912;1
21;1
21;-1;0;0;0.15
0.012155;-0.24443;-0.02336;-0.7274;-0.168;-0.6654;-0.227872;0.571876;0.032869;-0.7274;-0.168;-0.6654;-0.07947;0.421827;-0.091468;-0.7274;-0.168;-0.6654;-0.07947;0.421827;-0.091468;0.7852;0.358;0.5052;-0.227872;0.571876;0.032869;0.7852;0.358;0.5052;-0.158712;0.350962;0.081912;0.7852;0.358;0.5052;-0.158712;0.350962;0.081912;-0.9563;-0.2855;0.0625;-0.227872;0.571876;0.032869;-0.9563;-0.2855;0.0625;0.012155;-0.24443;-0.02336;-0.9563;-0.2855;0.0625;0.012155;-0.24443;-0.02336;0.8691;0.1671;0.4655;-0.07947;0.421827;-0.091468;0.8691;0.1671;0.4655;-0.158712;0.350962;0.081912;0.8691;0.1671;0.4655;0.017933;-0.143681;-0.053442;0.9889;-0.0341;-0.1447;0.051368;0.438916;0.037791;0.9889;-0.0341;-0.1447;0.025375;-0.169806;0.003596;0.9889;-0.0341;-0.1447;0.025375;-0.169806;0.003596;-0.4697;-0.0295;0.8824;0.051368;0.438916;0.037791;-0.4697;-0.0295;0.8824;-0.0302;-0.174154;-0.026132;-0.4697;-0.0295;0.8824;-0.0302;-0.174154;-0.026132;-0.5616;0.1594;-0.8119;0.051368;0.438916;0.037791;-0.5616;0.1594;-0.8119;0.017933;-0.143681;-0.053442;-0.5616;0.1594;-0.8119
-0.4468;-0.211751;-0.565165;0.73619;0.904427;0.686285;1
66;1
66;-1;0;0;0.15
-0.030429;-0.211751;-0.023149;0.8364;-0.2593;-0.4829;0.169063;0.676837;-0.15475;0.8364;-0.2593;-0.4829;0.038328;-0.211751;0.095942;0.8364;-0.2593;-0.4829;0.038328;-0.211751;0.095942;0.0;0.2715;0.9624;0.169063;0.676837;-0.15475;0.0;0.2715;0.9624;-0.099186;-0.211751;0.095942;0.0;0.2715;0.9624;-0.099186;-0.211751;0.095942;-0.8598;0.1195;-0.4964;0.169063;0.676837;-0.15475;-0.8598;0.1195;-0.4964;-0.030429;-0.211751;-0.023149;-0.8598;0.1195;-0.4964;-0.035351;-0.146495;0.008512;0.553;-0.4802;0.6808;0.73619;0.82654;0.068147;0.553;-0.4802;0.6808;0.397253;0.532891;0.136336;0.553;-0.4802;0.6808;0.397253;0.532891;0.136336;-0.6603;0.6976;-0.2781;0.73619;0.82654;0.068147;-0.6603;0.6976;-0.2781;0.48573;0.510981;-0.128692;-0.6603;0.6976;-0.2781;0.48573;0.510981;-0.128692;0.7836;-0.6213;-0.0011;0.73619;0.82654;0.068147;0.7836;-0.6213;-0.0011;-0.035351;-0.146495;0.008512;0.7836;-0.6213;-0.0011;-0.035351;-0.146495;0.008512;-0.7764;0.5517;-0.3048;0.397253;0.532891;0.136336;-0.7764;0.5517;-0.3048;0.48573;0.510981;-0.128692;-0.7764;0.5517;-0.3048;-0.035351;-0.146495;0.008512;0.4893;-0.4422;-0.7517;0.033057;0.904427;-0.565165;0.4893;-0.4422;-0.7517;0.199044;0.702092;-0.33811;0.4893;-0.4422;-0.7517;0.199044;0.702092;-0.33811;-0.2131;0.6469;0.7322;0.033057;0.904427;-0.565165;-0.2131;0.6469;0.7322;-0.135328;0.607921;-0.352205;-0.2131;0.6469;0.7322;-0.135328;0.607921;-0.352205;-0.2906;-0.4438;-0.8477;0.033057;0.904427;-0.565165;-0.2906;-0.4438;-0.8477;-0.035351;-0.146495;0.008512;-0.2906;-0.4438;-0.8477;-0.035351;-0.146495;0.008512;-0.1533;0.4097;0.8993;0.199044;0.702092;-0.33811;-0.1533;0.4097;0.8993;-0.135328;0.607921;-0.352205;-0.1533;0.4097;0.8993;-0.035351;-0.146495;0.008512;-0.1905;-0.4915;0.8498;0.320706;0.887427;0.686285;-0.1905;-0.4915;0.8498;0.056899;0.669036;0.500849;-0.1905;-0.4915;0.8498;0.056899;0.669036;0.500849;-0.0944;0.7081;-0.6997;0.320706;0.887427;0.686285;-0.0944;0.7081;-0.6997;0.281503;0.629373;0.430425;-0.0944;0.7081;-0.6997;0.281503;0.629373;0.430425;0.7359;-0.5298;0.4216;0.320706;0.887427;0.686285;0.7359;-0.5298;0.4216;-0.035351;-0.146495;0.008512;0.7359;-0.5298;0.4216;-0.035351;-0.146495;0.008512;-0.1694;0.5233;-0.8351;0.056899;0.669036;0.500849;-0.1694;0.5233;-0.8351;0.281503;0.629373;0.430425;-0.1694;0.5233;-0.8351;-0.035351;-0.146495;0.008512;-0.7579;-0.2802;-0.5891;-0.4468;0.795084;0.089994;-0.7579;-0.2802;-0.5891;-0.209131;0.463609;-0.058123;-0.7579;-0.2802;-0.5891;-0.209131;0.463609;-0.058123;0.8348;0.4718;0.2837;-0.4468;0.795084;0.089994;0.8348;0.4718;0.2837;-0.285907;0.434463;0.216232;0.8348;0.4718;0.2837;-0.285907;0.434463;0.216232;-0.9156;-0.4017;0.0192;-0.4468;0.795084;0.089994;-0.9156;-0.4017;0.0192;-0.035351;-0.146495;0.008512;-0.9156;-0.4017;0.0192;-0.035351;-0.146495;0.008512;0.9128;0.2913;0.2864;-0.209131;0.463609;-0.058123;0.9128;0.2913;0.2864;-0.285907;0.434463;0.216232;0.9128;0.2913;0.2864;0.023214;-0.129848;0.011279;0.9387;-0.2502;-0.2371;0.274415;0.602082;0.233365;0.9387;-0.2502;-0.2371;0.03449;-0.169432;0.097697;0.9387;-0.2502;-0.2371;0.03449;-0.169432;0.097697;-0.4711;-0.0086;0.882;0.274415;0.602082;0.233365;-0.4711;-0.0086;0.882;-0.049711;-0.176019;0.052657;-0.4711;-0.0086;0.882;-0.049711;-0.176019;0.052657;-0.6334;0.4155;-0.6528;0.274415;0.602082;0.233365;-0.6334;0.4155;-0.6528;0.023214;-0.129848;0.011279;-0.6334;0.4155;-0.6528
-1.238075;-0.234236;-1.385479;1.420422;1.506;1.310976;1
87;1
87;-1;0;0;0.15
-0.007748;-0.234236;-0.057018;0.837;-0.2566;-0.4833;0.175644;1.059511;-0.426318;0.837;-0.2566;-0.4833;0.081591;-0.234236;0.097722;0.837;-0.2566;-0.4833;0.081591;-0.234236;0.097722;0.0;0.3754;0.9269;0.175644;1.059511;-0.426318;0.0;0.3754;0.9269;-0.097087;-0.234236;0.097722;0.0;0.3754;0.9269;-0.097087;-0.234236;0.097722;-0.8659;-0.02;-0.4999;0.175644;1.059511;-0.426318;-0.8659;-0.02;-0.4999;-0.007748;-0.234236;-0.057018;-0.8659;-0.02;-0.4999;-0.014143;-0.149447;-0.01588;-0.2313;-0.4217;-0.8767;-0.683712;1.506;-0.635465;-0.2313;-0.4217;-0.8767;-0.311134;1.181205;-0.577553;-0.2313;-0.4217;-0.8767;-0.311134;1.181205;-0.577553;0.4665;0.6434;0.6069;-0.683712;1.506;-0.635465;0.4665;0.6434;0.6069;-0.583708;1.15738;-0.342768;0.4665;0.6434;0.6069;-0.583708;1.15738;-0.342768;-0.8727;-0.4355;-0.2206;-0.683712;1.506;-0.635465;-0.8727;-0.4355;-0.2206;-0.014143;-0.149447;-0.01588;-0.8727;-0.4355;-0.2206;-0.014143;-0.149447;-0.01588;0.5694;0.4243;0.7041;-0.311134;1.181205;-0.577553;0.5694;0.4243;0.7041;-0.583708;1.15738;-0.342768;0.5694;0.4243;0.7041;-0.014143;-0.149447;-0.01588;0.4002;-0.6273;0.6681;1.420422;1.017245;0.22034;0.4002;-0.6273;0.6681;0.901147;0.743769;0.274595;0.4002;-0.6273;0.6681;0.901147;0.743769;0.274595;-0.4724;0.8532;-0.2209;1.420422;1.017245;0.22034;-0.4724;0.8532;-0.2209;1.014437;0.717174;-0.07047;-0.4724;0.8532;-0.2209;1.014437;0.717174;-0.07047;0.6377;-0.7634;-0.1026;1.420422;1.017245;0.22034;0.6377;-0.7634;-0.1026;-0.014143;-0.149447;-0.01588;0.6377;-0.7634;-0.1026;-0.014143;-0.149447;-0.01588;-0.6298;0.7309;-0.2631;0.901147;0.743769;0.274595;-0.6298;0.7309;-0.2631;1.014437;0.717174;-0.07047;-0.6298;0.7309;-0.2631;-0.014143;-0.149447;-0.01588;0.4626;-0.6841;-0.5639;0.146148;1.087885;-1.385479;0.4626;-0.6841;-0.5639;0.337359;0.902665;-1.003922;0.4626;-0.6841;-0.5639;0.337359;0.902665;-1.003922;-0.2516;0.8152;0.5218;0.146148;1.087885;-1.385479;-0.2516;0.8152;0.5218;-0.097106;0.780304;-1.022236;-0.2516;0.8152;0.5218;-0.097106;0.780304;-1.022236;-0.0754;-0.7355;-0.6733;0.146148;1.087885;-1.385479;-0.0754;-0.7355;-0.6733;-0.014143;-0.149447;-0.01588;-0.0754;-0.7355;-0.6733;-0.014143;-0.149447;-0.01588;-0.2271;0.7059;0.6709;0.337359;0.902665;-1.003922;-0.2271;0.7059;0.6709;-0.097106;0.780304;-1.022236;-0.2271;0.7059;0.6709;-0.014143;-0.149447;-0.01588;-0.2569;-0.6608;0.7052;0.553968;1.045709;1.310976;-0.2569;-0.6608;0.7052;0.168264;0.772927;0.914869;-0.2569;-0.6608;0.7052;0.168264;0.772927;0.914869;-0.0252;0.8346;-0.5503;0.553968;1.045709;1.310976;-0.0252;0.8346;-0.5503;0.460101;0.721392;0.823365;-0.0252;0.8346;-0.5503;0.460101;0.721392;0.823365;0.6706;-0.6707;0.317;0.553968;1.045709;1.310976;0.6706;-0.6707;0.317;-0.014143;-0.149447;-0.01588;0.6706;-0.6707;0.317;-0.014143;-0.149447;-0.01588;-0.0905;0.7162;-0.692;0.168264;0.772927;0.914869;-0.0905;0.7162;-0.692;0.460101;0.721392;0.823365;-0.0905;0.7162;-0.692;-0.014143;-0.149447;-0.01588;-0.8223;-0.5313;-0.2039;-1.238075;1.468522;0.703861;-0.8223;-0.5313;-0.2039;-0.846842;1.025895;0.279496;-0.8223;-0.5313;-0.2039;-0.846842;1.025895;0.279496;0.6635;0.7325;-0.1524;-1.238075;1.468522;0.703861;0.6635;0.7325;-0.1524;-0.72476;0.988023;0.628961;0.6635;0.7325;-0.1524;-0.72476;0.988023;0.628961;-0.5203;-0.6434;0.5615;-1.238075;1.468522;0.703861;-0.5203;-0.6434;0.5615;-0.014143;-0.149447;-0.01588;-0.5203;-0.6434;0.5615;-0.014143;-0.149447;-0.01588;0.7735;0.5996;-0.2052;-0.846842;1.025895;0.279496;0.7735;0.5996;-0.2052;-0.72476;0.988023;0.628961;0.7735;0.5996;-0.2052;-0.046612;-0.077941;0.034329;0.8842;0.4255;-0.1929;-0.485969;0.852733;0.073131;0.8842;0.4255;-0.1929;0.004712;-0.142362;0.127516;0.8842;0.4255;-0.1929;0.004712;-0.142362;0.127516;-0.4205;-0.1585;0.8933;-0.485969;0.852733;0.073131;-0.4205;-0.1585;0.8933;-0.097936;-0.184905;0.071645;-0.4205;-0.1585;0.8933;-0.097936;-0.184905;0.071645;-0.3759;-0.1393;-0.9161;-0.485969;0.852733;0.073131;-0.3759;-0.1393;-0.9161;-0.046612;-0.077941;0.034329;-0.3759;-0.1393;-0.9161;0.061953;-0.127817;-0.012284;0.9387;-0.2502;-0.2371;0.388349;0.823212;0.276281;0.9387;-0.2502;-0.2371;0.076604;-0.179249;0.100002;0.9387;-0.2502;-0.2371;0.076604;-0.179249;0.100002;-0.4711;-0.0086;0.882;0.388349;0.823212;0.276281;-0.4711;-0.0086;0.882;-0.032803;-0.187808;0.041479;-0.4711;-0.0086;0.882;-0.032803;-0.187808;0.041479;-0.6334;0.4155;-0.6528;0.388349;0.823212;0.276281;-0.6334;0.4155;-0.6528;0.061953;-0.127817;-0.012284;-0.6334;0.4155;-0.6528
6
SPREADER;1;0;0;0;6.5;5;
MATERIAL;second;0;count;3;CUSTOM;0.5752;0.5945;0.3093;2000;DARK_GREEN;15000;YELLOW_GREEN;20000
INFO;NameId;272;DescId;273;price;720;dpPerMin;0;range;2;placeSound;grassPlace
LIFE;averagePop;7.0;averageLife;7.5;popFactors;1;0.1;breedMat;3.75;breedTime;2.71286;parentId;-1;FADE_DEATH;0.5;enviroReqCount;4;reqId;1;minAltitude;15;maxAltitude;55;influence;0.65;reqId;3;badBiomes;4;3;4;6;9;influence;0.95;reqId;2;barren;1;goodBiomes;3;0;1;8;idealFactor;100;influence;0.7;reqId;5;likedSpecies;1;pt;influence;0.25
GROWTH;dynamic;0;growthTime;2.5;modelStages;3;subStages;1
FOOD;1;902;17;WHOLE;PARTICLE_DEATH;isColour;1;Spawn;0;PPS;8;Speed;0.6;Gravity;0.2;Life;0.5;Scale;0.05;Colour;0.57520425;0.59451693;0.3093229;Additive;0;Alpha;1;FadeIn;0.1;FadeOut;0.8;HasDir;1;Dir;0;1;0;Deviation;0.3;Offset;0;0;0;LifeError;0.4;ScaleError;0.1;SpeedError;0.1;RandomRot;1;HasXRot;0
