1.1
ptt
0;1
3
-1.005771;-0.033636;-0.939752;0.834904;2.101264;0.574268;1
90;2
54;-1.0;0.0;0.0;0.15
0.104053;2.101264;-0.939752;-0.6086;-0.2286;-0.7599;0.070095;1.1399;-0.62338;-0.6086;-0.2286;-0.7599;-0.511533;1.630464;-0.305114;-0.6086;-0.2286;-0.7599;-0.835983;1.942833;0.100405;-0.3474;0.3505;-0.8698;-0.177898;1.282438;-0.428529;-0.3474;0.3505;-0.8698;-1.005771;1.177286;-0.140279;-0.3474;0.3505;-0.8698;-0.835983;1.942833;0.100405;0.1787;0.7174;-0.6733;0.04573;1.880712;0.268275;0.1787;0.7174;-0.6733;-0.177898;1.282438;-0.428529;0.1787;0.7174;-0.6733;0.104053;2.101264;-0.939752;0.3561;-0.3034;-0.8838;0.834904;1.636311;-0.485636;0.3561;-0.3034;-0.8838;0.070095;1.1399;-0.62338;0.3561;-0.3034;-0.8838;-0.177898;1.282438;-0.428529;0.0573;-0.9795;-0.1929;-0.298043;1.077953;0.574268;0.0573;-0.9795;-0.1929;-1.005771;1.177286;-0.140279;0.0573;-0.9795;-0.1929;-0.177898;1.282438;-0.428529;0.9232;-0.383;0.0325;0.04573;1.880712;0.268275;0.9232;-0.383;0.0325;-0.298043;1.077953;0.574268;0.9232;-0.383;0.0325;0.181412;1.751199;0.150754;-0.3565;0.8819;0.3084;0.104053;2.101264;-0.939752;-0.3565;0.8819;0.3084;-0.511533;1.630464;-0.305114;-0.3565;0.8819;0.3084;0.181412;1.751199;0.150754;0.4019;0.8798;0.2539;0.834904;1.636311;-0.485636;0.4019;0.8798;0.2539;0.104053;2.101264;-0.939752;0.4019;0.8798;0.2539;-0.298043;1.077953;0.574268;-0.1433;0.4055;0.9028;0.04573;1.880712;0.268275;-0.1433;0.4055;0.9028;-0.835983;1.942833;0.100405;-0.1433;0.4055;0.9028;-0.298043;1.077953;0.574268;-0.7134;-0.0612;0.6981;-0.835983;1.942833;0.100405;-0.7134;-0.0612;0.6981;-1.005771;1.177286;-0.140279;-0.7134;-0.0612;0.6981;0.070095;1.1399;-0.62338;0.3898;-0.7492;0.5355;0.834904;1.636311;-0.485636;0.3898;-0.7492;0.5355;0.181412;1.751199;0.150754;0.3898;-0.7492;0.5355;0.070095;1.1399;-0.62338;-0.2797;-0.7335;0.6194;0.181412;1.751199;0.150754;-0.2797;-0.7335;0.6194;-0.511533;1.630464;-0.305114;-0.2797;-0.7335;0.6194;0.447004;0.971149;0.085317;0.0323;0.5074;-0.8611;0.078185;0.815927;-0.019976;0.0323;0.5074;-0.8611;-0.033895;1.124158;0.157424;0.0323;0.5074;-0.8611;0.122949;0.659254;0.355457;0.7856;-0.4364;0.4386;0.447004;0.971149;0.085317;0.7856;-0.4364;0.4386;0.272835;1.057596;0.483315;0.7856;-0.4364;0.4386;-0.033895;1.124158;0.157424;-0.7221;0.0503;0.6899;0.122949;0.659254;0.355457;-0.7221;0.0503;0.6899;0.272835;1.057596;0.483315;-0.7221;0.0503;0.6899;0.122949;0.659254;0.355457;0.4495;-0.8041;-0.3891;0.078185;0.815927;-0.019976;0.4495;-0.8041;-0.3891;0.447004;0.971149;0.085317;0.4495;-0.8041;-0.3891;-0.033895;1.124158;0.157424;-0.944;-0.329;-0.0247;0.078185;0.815927;-0.019976;-0.944;-0.329;-0.0247;0.122949;0.659254;0.355457;-0.944;-0.329;-0.0247;0.447004;0.971149;0.085317;0.2914;0.9533;-0.0795;-0.033895;1.124158;0.157424;0.2914;0.9533;-0.0795;0.272835;1.057596;0.483315;0.2914;0.9533;-0.0795
36;0.63423234;0.41779375;0.30703464;0.07
0.046686;0.776727;-0.083274;0.8657;-0.0254;-0.4998;0.125029;-0.033636;0.093652;0.8657;-0.0254;-0.4998;-0.0;-0.033636;-0.122905;0.8657;-0.0254;-0.4998;0.125029;-0.033636;0.093652;-0.0;0.0832;0.9965;-0.015627;0.76325;0.02715;-0.0;0.0832;0.9965;-0.125029;-0.033636;0.093652;-0.0;0.0832;0.9965;0.046686;0.776727;-0.083274;-0.788;-0.3727;-0.4901;-0.015627;0.76325;0.02715;-0.788;-0.3727;-0.4901;-0.524738;1.740694;0.10239;-0.788;-0.3727;-0.4901;-0.015627;0.76325;0.02715;-0.8635;0.0769;-0.4985;-0.0;-0.033636;-0.122905;-0.8635;0.0769;-0.4985;-0.125029;-0.033636;0.093652;-0.8635;0.0769;-0.4985;-0.015627;0.76325;0.02715;-0.8622;-0.0931;-0.4979;0.14784;1.927873;-0.473752;-0.8622;-0.0931;-0.4979;0.046686;0.776727;-0.083274;-0.8622;-0.0931;-0.4979;-0.015627;0.76325;0.02715;0.0149;-0.069;0.9975;0.108999;0.790203;0.02715;0.0149;-0.069;0.9975;-0.524738;1.740694;0.10239;0.0149;-0.069;0.9975;0.108999;0.790203;0.02715;0.7178;0.5156;-0.468;0.046686;0.776727;-0.083274;0.7178;0.5156;-0.468;-0.524738;1.740694;0.10239;0.7178;0.5156;-0.468;0.108999;0.790203;0.02715;-0.0874;0.4039;0.9106;0.14784;1.927873;-0.473752;-0.0874;0.4039;0.9106;-0.015627;0.76325;0.02715;-0.0874;0.4039;0.9106;0.046686;0.776727;-0.083274;0.8592;-0.2304;-0.4567;0.14784;1.927873;-0.473752;0.8592;-0.2304;-0.4567;0.108999;0.790203;0.02715;0.8592;-0.2304;-0.4567;0.046686;0.776727;-0.083274;0.8719;-0.0225;-0.4892;0.108999;0.790203;0.02715;0.8719;-0.0225;-0.4892;0.125029;-0.033636;0.093652;0.8719;-0.0225;-0.4892;0.125029;-0.033636;0.093652;-0.0173;0.0801;0.9966;0.108999;0.790203;0.02715;-0.0173;0.0801;0.9966;-0.015627;0.76325;0.02715;-0.0173;0.0801;0.9966;-0.015627;0.76325;0.02715;-0.8724;0.0739;-0.4833;0.046686;0.776727;-0.083274;-0.8724;0.0739;-0.4833;-0.0;-0.033636;-0.122905;-0.8724;0.0739;-0.4833
-4.036802;-0.082559;-3.478287;3.43123;6.753516;2.266257;3;0;extraBounds;3;-1.052831;3.794944;-3.336681;3.423238;6.742445;1.4E-45;-3.694109;2.566444;-1.145598;2.443061;5.699305;2.153021;-0.332873;0.002777;-0.513704;0.349668;3.660378;0.229456
351;3
72;0.63423234;0.41779375;0.30703464;0.03
-0.028491;-0.082559;-0.249276;0.7936;-0.1376;-0.5927;0.355777;1.745232;-0.159183;0.7936;-0.1376;-0.5927;0.322115;-0.080416;0.219617;0.7936;-0.1376;-0.5927;0.005482;1.681442;-0.042791;-0.3098;0.0369;0.9501;-0.050043;2.924864;-0.109175;-0.3098;0.0369;0.9501;-0.45231;2.917811;-0.240081;-0.3098;0.0369;0.9501;-0.028491;-0.082559;-0.249276;-0.99;0.0351;-0.1367;0.005482;1.681442;-0.042791;-0.99;0.0351;-0.1367;0.063545;1.70714;-0.456762;-0.99;0.0351;-0.1367;0.322115;-0.080416;0.219617;0.1753;0.1758;0.9687;0.005482;1.681442;-0.042791;0.1753;0.1758;0.9687;-0.193244;-0.078542;0.312534;0.1753;0.1758;0.9687;-0.45231;2.917811;-0.240081;-0.5682;-0.4523;-0.6875;-2.506104;4.925254;0.13678;-0.5682;-0.4523;-0.6875;-0.115746;2.903445;-0.508807;-0.5682;-0.4523;-0.6875;0.355777;1.745232;-0.159183;0.9295;0.327;-0.1704;-0.115746;2.903445;-0.508807;0.9295;0.327;-0.1704;-0.050043;2.924864;-0.109175;0.9295;0.327;-0.1704;0.063545;1.70714;-0.456762;-0.9188;-0.3644;-0.1515;0.005482;1.681442;-0.042791;-0.9188;-0.3644;-0.1515;-0.45231;2.917811;-0.240081;-0.9188;-0.3644;-0.1515;2.145079;5.26476;-1.597646;-0.6024;0.2233;-0.7663;-0.115746;2.903445;-0.508807;-0.6024;0.2233;-0.7663;-0.45231;2.917811;-0.240081;-0.6024;0.2233;-0.7663;-0.050043;2.924864;-0.109175;-0.24;0.6713;0.7013;2.145079;5.26476;-1.597646;-0.24;0.6713;0.7013;-0.45231;2.917811;-0.240081;-0.24;0.6713;0.7013;-0.115746;2.903445;-0.508807;0.702;-0.7079;-0.0775;2.145079;5.26476;-1.597646;0.702;-0.7079;-0.0775;-0.050043;2.924864;-0.109175;0.702;-0.7079;-0.0775;-0.028491;-0.082559;-0.249276;0.716;-0.1166;-0.6882;0.063545;1.70714;-0.456762;0.716;-0.1166;-0.6882;0.355777;1.745232;-0.159183;0.716;-0.1166;-0.6882;0.005482;1.681442;-0.042791;0.3041;0.0643;0.9505;0.355777;1.745232;-0.159183;0.3041;0.0643;0.9505;-0.050043;2.924864;-0.109175;0.3041;0.0643;0.9505;-0.028491;-0.082559;-0.249276;-0.9582;0.0514;-0.2814;-0.193244;-0.078542;0.312534;-0.9582;0.0514;-0.2814;0.005482;1.681442;-0.042791;-0.9582;0.0514;-0.2814;0.322115;-0.080416;0.219617;0.2782;0.1902;0.9415;0.355777;1.745232;-0.159183;0.2782;0.1902;0.9415;0.005482;1.681442;-0.042791;0.2782;0.1902;0.9415;0.063545;1.70714;-0.456762;-0.6222;-0.1269;-0.7725;-0.45231;2.917811;-0.240081;-0.6222;-0.1269;-0.7725;-0.115746;2.903445;-0.508807;-0.6222;-0.1269;-0.7725;0.355777;1.745232;-0.159183;0.7066;0.0753;-0.7036;0.063545;1.70714;-0.456762;0.7066;0.0753;-0.7036;-0.115746;2.903445;-0.508807;0.7066;0.0753;-0.7036;-0.45231;2.917811;-0.240081;-0.2712;-0.4383;0.8569;-0.050043;2.924864;-0.109175;-0.2712;-0.4383;0.8569;-2.506104;4.925254;0.13678;-0.2712;-0.4383;0.8569;-0.050043;2.924864;-0.109175;0.6164;0.7744;-0.1428;-0.115746;2.903445;-0.508807;0.6164;0.7744;-0.1428;-2.506104;4.925254;0.13678;0.6164;0.7744;-0.1428;0.472461;3.612477;-0.782317;0.2326;-0.4435;-0.8655;0.237255;4.993875;-1.553387;0.2326;-0.4435;-0.8655;0.628346;3.689732;-0.780007;0.2326;-0.4435;-0.8655;1.609802;3.465561;1.361374;0.7316;-0.6317;-0.2563;-0.028176;2.16627;-0.111764;0.7316;-0.6317;-0.2563;0.006727;2.292211;-0.322562;0.7316;-0.6317;-0.2563;1.609802;3.465561;1.361374;-0.6765;0.0182;0.7362;-0.11489;2.383114;-0.196797;-0.6765;0.0182;0.7362;-0.028176;2.16627;-0.111764;-0.6765;0.0182;0.7362;1.609802;3.465561;1.361374;0.0111;0.8155;-0.5787;0.006727;2.292211;-0.322562;0.0111;0.8155;-0.5787;-0.11489;2.383114;-0.196797;0.0111;0.8155;-0.5787;0.526457;3.675487;-0.682871;-0.8977;0.0881;0.4316;0.237255;4.993875;-1.553387;-0.8977;0.0881;0.4316;0.472461;3.612477;-0.782317;-0.8977;0.0881;0.4316;0.628346;3.689732;-0.780007;0.5382;0.5434;0.6442;0.237255;4.993875;-1.553387;0.5382;0.5434;0.6442;0.526457;3.675487;-0.682871;0.5382;0.5434;0.6442
156;-1.0;0.0;0.0;0.07
2.680513;2.812504;0.674255;0.0152;-0.8663;-0.4993;1.535033;2.240596;1.631653;0.0152;-0.8663;-0.4993;0.365018;2.967621;0.334759;0.0152;-0.8663;-0.4993;1.535033;2.240596;1.631653;0.659;-0.6286;0.4129;2.680513;2.812504;0.674255;0.659;-0.6286;0.4129;2.118216;3.268789;2.266257;0.659;-0.6286;0.4129;1.535033;2.240596;1.631653;-0.2678;-0.3915;0.8804;2.118216;3.268789;2.266257;-0.2678;-0.3915;0.8804;0.337094;3.224765;1.704961;-0.2678;-0.3915;0.8804;1.535033;2.240596;1.631653;-0.6244;-0.7699;0.1318;0.337094;3.224765;1.704961;-0.6244;-0.7699;0.1318;0.365018;2.967621;0.334759;-0.6244;-0.7699;0.1318;2.680513;2.812504;0.674255;0.0847;-0.5519;-0.8296;0.365018;2.967621;0.334759;0.0847;-0.5519;-0.8296;1.402166;3.637671;-0.005094;0.0847;-0.5519;-0.8296;2.118216;3.268789;2.266257;0.9469;0.0953;0.3071;2.680513;2.812504;0.674255;0.9469;0.0953;0.3071;2.461105;4.108144;0.948842;0.9469;0.0953;0.3071;0.337094;3.224765;1.704961;-0.2796;0.4414;0.8526;2.118216;3.268789;2.266257;-0.2796;0.4414;0.8526;0.881649;4.329194;1.311781;-0.2796;0.4414;0.8526;0.365018;2.967621;0.334759;-0.9059;0.4125;-0.0959;0.337094;3.224765;1.704961;-0.9059;0.4125;-0.0959;0.881649;4.329194;1.311781;-0.9059;0.4125;-0.0959;2.118216;3.268789;2.266257;0.2403;0.7891;0.5653;2.461105;4.108144;0.948842;0.2403;0.7891;0.5653;0.881649;4.329194;1.311781;0.2403;0.7891;0.5653;0.365018;2.967621;0.334759;-0.5733;0.61;-0.547;0.881649;4.329194;1.311781;-0.5733;0.61;-0.547;1.402166;3.637671;-0.005094;-0.5733;0.61;-0.547;2.680513;2.812504;0.674255;0.5792;0.2617;-0.772;1.402166;3.637671;-0.005094;0.5792;0.2617;-0.772;2.461105;4.108144;0.948842;0.5792;0.2617;-0.772;1.402166;3.637671;-0.005094;0.0188;0.8882;-0.459;0.881649;4.329194;1.311781;0.0188;0.8882;-0.459;2.461105;4.108144;0.948842;0.0188;0.8882;-0.459;1.970075;3.787703;-1.129662;0.5573;-0.5513;0.6209;3.43123;4.407606;-1.890754;0.5573;-0.5513;0.6209;2.842381;5.209711;-0.65002;0.5573;-0.5513;0.6209;3.43123;4.407606;-1.890754;0.3983;-0.9171;0.0177;1.970075;3.787703;-1.129662;0.3983;-0.9171;0.0177;2.427567;3.954299;-2.795407;0.3983;-0.9171;0.0177;1.970075;3.787703;-1.129662;-0.0545;-0.2889;0.9558;2.842381;5.209711;-0.65002;-0.0545;-0.2889;0.9558;1.38553;5.391842;-0.678075;-0.0545;-0.2889;0.9558;1.970075;3.787703;-1.129662;-0.4365;-0.3876;0.8119;1.38553;5.391842;-0.678075;-0.4365;-0.3876;0.8119;0.717814;4.349118;-1.534839;-0.4365;-0.3876;0.8119;1.970075;3.787703;-1.129662;-0.3505;-0.9175;-0.188;0.717814;4.349118;-1.534839;-0.3505;-0.9175;-0.188;2.427567;3.954299;-2.795407;-0.3505;-0.9175;-0.188;3.43123;4.407606;-1.890754;0.7033;-0.1898;-0.6851;2.427567;3.954299;-2.795407;0.7033;-0.1898;-0.6851;3.120816;5.484517;-2.507639;0.7033;-0.1898;-0.6851;2.427567;3.954299;-2.795407;-0.6113;-0.2518;-0.7503;0.717814;4.349118;-1.534839;-0.6113;-0.2518;-0.7503;1.521873;5.56885;-2.599257;-0.6113;-0.2518;-0.7503;1.38553;5.391842;-0.678075;0.1215;0.9876;0.0996;2.842381;5.209711;-0.65002;0.1215;0.9876;0.0996;1.521873;5.56885;-2.599257;0.1215;0.9876;0.0996;2.427567;3.954299;-2.795407;0.0647;0.156;-0.9856;1.521873;5.56885;-2.599257;0.0647;0.156;-0.9856;3.120816;5.484517;-2.507639;0.0647;0.156;-0.9856;2.842381;5.209711;-0.65002;0.9086;0.3714;0.1911;3.43123;4.407606;-1.890754;0.9086;0.3714;0.1911;3.120816;5.484517;-2.507639;0.9086;0.3714;0.1911;1.521873;5.56885;-2.599257;0.0433;0.9873;0.1526;2.842381;5.209711;-0.65002;0.0433;0.9873;0.1526;3.120816;5.484517;-2.507639;0.0433;0.9873;0.1526;-1.687687;5.277676;-1.082654;-0.1528;0.0726;-0.9856;-1.005077;3.677669;-1.306244;-0.1528;0.0726;-0.9856;-2.768075;3.216104;-1.06695;-0.1528;0.0726;-0.9856;-1.005077;3.677669;-1.306244;0.6506;0.3702;-0.663;-1.687687;5.277676;-1.082654;0.6506;0.3702;-0.663;-0.511915;4.510028;-0.357496;0.6506;0.3702;-0.663;-1.005077;3.677669;-1.306244;0.7966;-0.5949;0.1078;-0.511915;4.510028;-0.357496;0.7966;-0.5949;0.1078;-1.793055;3.007035;0.815235;0.7966;-0.5949;0.1078;-1.687687;5.277676;-1.082654;-0.2087;0.102;-0.9726;-2.768075;3.216104;-1.06695;-0.2087;0.102;-0.9726;-3.881256;4.315145;-0.71288;-0.2087;0.102;-0.9726;-0.511915;4.510028;-0.357496;0.5065;0.8578;0.0868;-1.687687;5.277676;-1.082654;0.5065;0.8578;0.0868;-1.428254;4.871474;1.418348;0.5065;0.8578;0.0868;-1.005077;3.677669;-1.306244;0.2192;-0.9508;-0.2191;-1.793055;3.007035;0.815235;0.2192;-0.9508;-0.2191;-2.768075;3.216104;-1.06695;0.2192;-0.9508;-0.2191;-1.687687;5.277676;-1.082654;-0.3403;0.4606;-0.8198;-3.881256;4.315145;-0.71288;-0.3403;0.4606;-0.8198;-3.054373;5.886065;-0.173407;-0.3403;0.4606;-0.8198;-1.687687;5.277676;-1.082654;0.4575;0.884;0.0961;-3.054373;5.886065;-0.173407;0.4575;0.884;0.0961;-1.428254;4.871474;1.418348;0.4575;0.884;0.0961;-0.511915;4.510028;-0.357496;0.8152;-0.3164;0.4851;-1.428254;4.871474;1.418348;0.8152;-0.3164;0.4851;-1.793055;3.007035;0.815235;0.8152;-0.3164;0.4851;-1.428254;4.871474;1.418348;0.0838;0.8769;0.4733;-3.054373;5.886065;-0.173407;0.0838;0.8769;0.4733;-3.630531;5.074813;1.431668;0.0838;0.8769;0.4733;-3.054373;5.886065;-0.173407;-0.8728;0.4831;-0.0691;-3.881256;4.315145;-0.71288;-0.8728;0.4831;-0.0691;-3.630531;5.074813;1.431668;-0.8728;0.4831;-0.0691;-3.881256;4.315145;-0.71288;-0.7155;-0.6904;-0.1064;-2.768075;3.216104;-1.06695;-0.7155;-0.6904;-0.1064;-3.413975;3.468673;1.638063;-0.7155;-0.6904;-0.1064;-3.881256;4.315145;-0.71288;-0.9816;-0.1125;0.1546;-3.413975;3.468673;1.638063;-0.9816;-0.1125;0.1546;-3.630531;5.074813;1.431668;-0.9816;-0.1125;0.1546;-3.413975;3.468673;1.638063;-0.2607;-0.965;0.0279;-2.768075;3.216104;-1.06695;-0.2607;-0.965;0.0279;-1.793055;3.007035;0.815235;-0.2607;-0.965;0.0279;-1.793055;3.007035;0.815235;0.3432;-0.3492;0.8719;-1.428254;4.871474;1.418348;0.3432;-0.3492;0.8719;-3.413975;3.468673;1.638063;0.3432;-0.3492;0.8719;-1.428254;4.871474;1.418348;0.018;0.1298;0.9914;-3.630531;5.074813;1.431668;0.018;0.1298;0.9914;-3.413975;3.468673;1.638063;0.018;0.1298;0.9914;0.717814;4.349118;-1.534839;-0.4273;-0.863;0.2695;-0.180564;5.153129;-0.384416;-0.4273;-0.863;0.2695;-1.160472;5.074893;-2.188398;-0.4273;-0.863;0.2695;-0.180564;5.153129;-0.384416;0.2332;-0.7021;0.6728;0.717814;4.349118;-1.534839;0.2332;-0.7021;0.6728;1.38553;5.391842;-0.678075;0.2332;-0.7021;0.6728;-0.180564;5.153129;-0.384416;0.068;0.5653;0.8221;1.38553;5.391842;-0.678075;0.068;0.5653;0.8221;-0.633373;6.714813;-1.420787;0.068;0.5653;0.8221;-0.180564;5.153129;-0.384416;-0.8782;0.0602;0.4744;-0.633373;6.714813;-1.420787;-0.8782;0.0602;0.4744;-1.160472;5.074893;-2.188398;-0.8782;0.0602;0.4744;-0.633373;6.714813;-1.420787;0.1778;0.6739;0.7171;1.38553;5.391842;-0.678075;0.1778;0.6739;0.7171;0.719053;6.753516;-1.792537;0.1778;0.6739;0.7171;-1.160472;5.074893;-2.188398;-0.951;0.3091;-0.0073;-0.633373;6.714813;-1.420787;-0.951;0.3091;-0.0073;-0.663143;6.592018;-2.748299;-0.951;0.3091;-0.0073;-0.633373;6.714813;-1.420787;-0.0534;0.9944;-0.0908;0.719053;6.753516;-1.792537;-0.0534;0.9944;-0.0908;-0.663143;6.592018;-2.748299;-0.0534;0.9944;-0.0908;0.717814;4.349118;-1.534839;-0.1147;-0.8121;-0.5722;-1.160472;5.074893;-2.188398;-0.1147;-0.8121;-0.5722;0.400674;5.763244;-3.478287;-0.1147;-0.8121;-0.5722;1.38553;5.391842;-0.678075;0.8555;0.5066;0.1074;1.521873;5.56885;-2.599257;0.8555;0.5066;0.1074;0.719053;6.753516;-1.792537;0.8555;0.5066;0.1074;1.521873;5.56885;-2.599257;0.3347;-0.7351;-0.5895;0.717814;4.349118;-1.534839;0.3347;-0.7351;-0.5895;0.400674;5.763244;-3.478287;0.3347;-0.7351;-0.5895;0.400674;5.763244;-3.478287;-0.6104;-0.0903;-0.7869;-1.160472;5.074893;-2.188398;-0.6104;-0.0903;-0.7869;-0.663143;6.592018;-2.748299;-0.6104;-0.0903;-0.7869;0.719053;6.753516;-1.792537;0.5155;0.6928;-0.5043;1.521873;5.56885;-2.599257;0.5155;0.6928;-0.5043;0.400674;5.763244;-3.478287;0.5155;0.6928;-0.5043;-0.663143;6.592018;-2.748299;0.2688;0.8075;-0.5251;0.719053;6.753516;-1.792537;0.2688;0.8075;-0.5251;0.400674;5.763244;-3.478287;0.2688;0.8075;-0.5251
123;1.0;0.8341644;0.4591403;0.12
-4.036802;4.284363;-0.780863;0.0308;0.3237;0.9457;-3.677418;4.250184;-0.780863;0.0308;0.3237;0.9457;-3.839045;4.569471;-0.884902;0.0308;0.3237;0.9457;-2.6035;4.278369;1.447021;-0.7626;0.456;-0.4588;-2.783192;4.291919;1.75914;-0.7626;0.456;-0.4588;-2.585435;4.517955;1.6551;-0.7626;0.456;-0.4588;-4.036802;4.284363;-0.780863;-0.0947;-0.9955;0.0;-3.85711;4.267273;-1.092982;-0.0947;-0.9955;0.0;-3.677418;4.250184;-0.780863;-0.0947;-0.9955;0.0;-2.783192;4.291919;1.75914;0.0299;0.3962;0.9177;-2.423809;4.264821;1.75914;0.0299;0.3962;0.9177;-2.585435;4.517955;1.6551;0.0299;0.3962;0.9177;-3.85711;4.267273;-1.092982;-0.7939;0.3763;-0.4776;-4.036802;4.284363;-0.780863;-0.7939;0.3763;-0.4776;-3.839045;4.569471;-0.884902;-0.7939;0.3763;-0.4776;-2.423809;4.264821;1.75914;-0.0752;-0.9972;0.0;-2.783192;4.291919;1.75914;-0.0752;-0.9972;0.0;-2.6035;4.278369;1.447021;-0.0752;-0.9972;0.0;-2.423809;4.264821;1.75914;0.8223;0.3365;-0.4588;-2.6035;4.278369;1.447021;0.8223;0.3365;-0.4588;-2.585435;4.517955;1.6551;0.8223;0.3365;-0.4588;-3.677418;4.250184;-0.780863;0.8402;0.2726;-0.4688;-3.85711;4.267273;-1.092982;0.8402;0.2726;-0.4688;-3.839045;4.569471;-0.884902;0.8402;0.2726;-0.4688;0.515975;5.323035;-2.79981;0.0296;0.4124;0.9105;0.875359;5.297205;-2.79981;0.0296;0.4124;0.9105;0.713733;5.538499;-2.903849;0.0296;0.4124;0.9105;0.515975;5.323035;-2.79981;-0.0078;-0.1081;0.9941;0.630422;4.358043;-2.90385;-0.0078;-0.1081;0.9941;0.875359;5.297205;-2.79981;-0.0078;-0.1081;0.9941;0.695668;5.31012;-3.111929;-0.7547;0.4734;-0.4541;0.515975;5.323035;-2.79981;-0.7547;0.4734;-0.4541;0.713733;5.538499;-2.903849;-0.7547;0.4734;-0.4541;0.695668;5.31012;-3.111929;-0.8665;-0.0492;-0.4968;0.630422;4.358043;-2.90385;-0.8665;-0.0492;-0.4968;0.515975;5.323035;-2.79981;-0.8665;-0.0492;-0.4968;0.875359;5.297205;-2.79981;0.8515;-0.167;-0.4971;0.630422;4.358043;-2.90385;0.8515;-0.167;-0.4971;0.695668;5.31012;-3.111929;0.8515;-0.167;-0.4971;0.875359;5.297205;-2.79981;0.8177;0.351;-0.4562;0.695668;5.31012;-3.111929;0.8177;0.351;-0.4562;0.713733;5.538499;-2.903849;0.8177;0.351;-0.4562;2.890318;4.765603;-1.024406;0.2842;0.1927;0.9392;3.159287;4.606114;-1.073076;0.2842;0.1927;0.9392;3.106894;5.001569;-1.138345;0.2842;0.1927;0.9392;3.087109;4.751458;-1.366225;-0.7547;0.4734;-0.4541;2.890318;4.765603;-1.024406;-0.7547;0.4734;-0.4541;3.106894;5.001569;-1.138345;-0.7547;0.4734;-0.4541;3.087109;4.751458;-1.366225;-0.5268;-0.806;-0.2699;3.159287;4.606114;-1.073076;-0.5268;-0.806;-0.2699;2.890318;4.765603;-1.024406;-0.5268;-0.806;-0.2699;3.159287;4.606114;-1.073076;0.9765;0.0977;-0.192;3.087109;4.751458;-1.366225;0.9765;0.0977;-0.192;3.106894;5.001569;-1.138345;0.9765;0.0977;-0.192;2.358558;2.434799;0.848353;-0.5123;-0.3298;0.793;2.19918;2.79611;0.895647;-0.5123;-0.3298;0.793;2.029745;2.526539;0.674067;-0.5123;-0.3298;0.793;2.30109;2.704748;0.572392;0.1839;-0.6832;-0.7067;2.358558;2.434799;0.848353;0.1839;-0.6832;-0.7067;2.029745;2.526539;0.674067;0.1839;-0.6832;-0.7067;2.30109;2.704748;0.572392;0.9085;0.3772;0.1798;2.19918;2.79611;0.895647;0.9085;0.3772;0.1798;2.358558;2.434799;0.848353;0.9085;0.3772;0.1798;2.029745;2.526539;0.674067;-0.6031;0.6974;-0.3872;2.19918;2.79611;0.895647;-0.6031;0.6974;-0.3872;2.30109;2.704748;0.572392;-0.6031;0.6974;-0.3872;0.703582;3.213443;2.0175;0.024;0.3468;0.9376;0.995995;3.193167;2.0175;0.024;0.3468;0.9376;0.868449;3.430889;1.932849;0.024;0.3468;0.9376;0.703582;3.213443;2.0175;-0.0079;-0.114;0.9934;0.782395;2.470316;1.932848;-0.0079;-0.114;0.9934;0.995995;3.193167;2.0175;-0.0079;-0.114;0.9934;0.849789;3.203305;1.763544;-0.7826;0.4116;-0.467;0.703582;3.213443;2.0175;-0.7826;0.4116;-0.467;0.868449;3.430889;1.932849;-0.7826;0.4116;-0.467;0.849789;3.203305;1.763544;-0.8667;-0.0352;-0.4976;0.782395;2.470316;1.932848;-0.8667;-0.0352;-0.4976;0.703582;3.213443;2.0175;-0.8667;-0.0352;-0.4976;0.995995;3.193167;2.0175;0.8471;-0.1923;-0.4954;0.782395;2.470316;1.932848;0.8471;-0.1923;-0.4954;0.849789;3.203305;1.763544;0.8471;-0.1923;-0.4954;0.995995;3.193167;2.0175;0.8365;0.2813;-0.4703;0.849789;3.203305;1.763544;0.8365;0.2813;-0.4703;0.868449;3.430889;1.932849;0.8365;0.2813;-0.4703;-0.331983;4.946505;-0.335021;0.0295;0.4248;0.9048;0.027401;4.921585;-0.335021;0.0295;0.4248;0.9048;-0.134225;5.154372;-0.43906;0.0295;0.4248;0.9048;-0.152291;4.934045;-0.64714;-0.7485;0.4867;-0.4504;-0.331983;4.946505;-0.335021;-0.7485;0.4867;-0.4504;-0.134225;5.154372;-0.43906;-0.7485;0.4867;-0.4504;0.027401;4.921585;-0.335021;-0.0692;-0.9976;0.0;-0.331983;4.946505;-0.335021;-0.0692;-0.9976;0.0;-0.152291;4.934045;-0.64714;-0.0692;-0.9976;0.0;0.027401;4.921585;-0.335021;0.814;0.3622;-0.4542;-0.152291;4.934045;-0.64714;0.814;0.3622;-0.4542;-0.134225;5.154372;-0.43906;0.814;0.3622;-0.4542;-3.452957;3.296409;1.226909;0.0303;0.3381;0.9406;-3.210655;3.274691;1.226909;0.0303;0.3381;0.9406;-3.313741;3.47906;1.156764;0.0303;0.3381;0.9406;-3.452957;3.296409;1.226909;-0.0095;-0.1064;0.9943;-3.397051;2.636042;1.156763;-0.0095;-0.1064;0.9943;-3.210655;3.274691;1.226909;-0.0095;-0.1064;0.9943;-3.331806;3.28555;1.016474;-0.7796;0.4137;-0.4702;-3.452957;3.296409;1.226909;-0.7796;0.4137;-0.4702;-3.313741;3.47906;1.156764;-0.7796;0.4137;-0.4702;-3.331806;3.28555;1.016474;-0.8669;-0.0205;-0.498;-3.397051;2.636042;1.156763;-0.8669;-0.0205;-0.498;-3.452957;3.296409;1.226909;-0.8669;-0.0205;-0.498;-3.210655;3.274691;1.226909;0.8461;-0.1924;-0.4971;-3.397051;2.636042;1.156763;0.8461;-0.1924;-0.4971;-3.331806;3.28555;1.016474;0.8461;-0.1924;-0.4971;-3.210655;3.274691;1.226909;0.8419;0.263;-0.4711;-3.331806;3.28555;1.016474;0.8419;0.263;-0.4711;-3.313741;3.47906;1.156764;0.8419;0.263;-0.4711;0.695668;5.31012;-3.111929;-0.7361;-0.5452;0.4012;0.875359;5.297205;-2.79981;-0.7361;-0.5452;0.4012;0.686895;5.511994;-2.853684;-0.7361;-0.5452;0.4012;0.515975;5.323035;-2.79981;0.0186;0.2586;0.9658;0.875359;5.297205;-2.79981;0.0186;0.2586;0.9658;0.686895;5.511994;-2.853684;0.0186;0.2586;0.9658;0.695668;5.31012;-3.111929;-0.725;0.5305;-0.4393;0.515975;5.323035;-2.79981;-0.725;0.5305;-0.4393;0.686895;5.511994;-2.853684;-0.725;0.5305;-0.4393
-6.92465;-0.228458;-5.909696;5.718717;12.184354;4.011289;1.66666666;0;extraBounds;3;-6.823061;4.398643;-3.324173;5.321987;9.589071;3.584788;-2.481739;6.25324;-5.68233;5.668405;12.038671;1.4E-45;-0.417905;-0.064026;-1.042637;0.645105;5.408377;0.364434
573;3
153;0.63423234;0.41779375;0.30703464;0.01
-0.76041;-0.228458;0.848041;-0.9648;0.263;0.0;-0.424971;1.001887;-0.161781;-0.9648;0.263;0.0;-0.76041;-0.228458;-0.763414;-0.9648;0.263;0.0;-0.76041;-0.228458;-0.763414;0.0;0.2669;-0.9637;0.235614;0.735013;-0.496602;0.0;0.2669;-0.9637;0.851044;-0.228458;-0.763414;0.0;0.2669;-0.9637;0.235614;0.735013;-0.496602;0.7593;0.5713;-0.3115;1.369016;-0.228458;0.499169;0.7593;0.5713;-0.3115;0.851044;-0.228458;-0.763414;0.7593;0.5713;-0.3115;1.369016;-0.228458;0.499169;0.1579;0.2163;0.9635;-0.097814;0.69884;0.531333;0.1579;0.2163;0.9635;-0.76041;-0.228458;0.848041;0.1579;0.2163;0.9635;0.235614;0.735013;-0.496602;0.9801;-0.1543;-0.1248;0.592961;2.90872;-0.377856;0.9801;-0.1543;-0.1248;0.402819;1.14672;0.307453;0.9801;-0.1543;-0.1248;0.009137;2.669789;-0.201716;-0.3086;0.0271;0.9508;-0.083405;4.874774;-0.294508;-0.3086;0.0271;0.9508;-0.75385;4.893715;-0.512685;-0.3086;0.0271;0.9508;-0.424971;1.001887;-0.161781;-0.9016;0.2432;0.3576;0.009137;2.669789;-0.201716;-0.9016;0.2432;0.3576;-0.186003;2.792075;-0.776827;-0.9016;0.2432;0.3576;0.402819;1.14672;0.307453;0.1123;0.341;0.9333;0.009137;2.669789;-0.201716;0.1123;0.341;0.9333;-0.097814;0.69884;0.531333;0.1123;0.341;0.9333;0.235614;0.735013;-0.496602;-0.2353;-0.1784;-0.9554;-0.186003;2.792075;-0.776827;-0.2353;-0.1784;-0.9554;0.397821;3.060905;-0.970813;-0.2353;-0.1784;-0.9554;-0.75385;4.893715;-0.512685;-0.6042;-0.3552;-0.7133;-2.858246;7.726687;-0.140841;-0.6042;-0.3552;-0.7133;-0.19291;4.839076;-0.960562;-0.6042;-0.3552;-0.7133;-0.186003;2.792075;-0.776827;-0.2779;-0.0868;-0.9567;-0.19291;4.839076;-0.960562;-0.2779;-0.0868;-0.9567;0.397821;3.060905;-0.970813;-0.2779;-0.0868;-0.9567;0.592961;2.90872;-0.377856;0.9295;0.327;-0.1704;-0.19291;4.839076;-0.960562;0.9295;0.327;-0.1704;-0.083405;4.874774;-0.294508;0.9295;0.327;-0.1704;-0.186003;2.792075;-0.776827;-0.9252;-0.2819;0.254;0.009137;2.669789;-0.201716;-0.9252;-0.2819;0.254;-0.75385;4.893715;-0.512685;-0.9252;-0.2819;0.254;-2.858246;7.726687;-0.140841;-0.9107;0.3155;0.2666;-2.914098;7.389701;0.067125;-0.9107;0.3155;0.2666;-2.756216;7.731493;0.201956;-0.9107;0.3155;0.2666;-0.75385;4.893715;-0.512685;-0.115;-0.3181;0.9411;-2.756216;7.731493;0.201956;-0.115;-0.3181;0.9411;-2.914098;7.389701;0.067125;-0.115;-0.3181;0.9411;-0.083405;4.874774;-0.294508;0.6939;0.6868;-0.2162;-2.858246;7.726687;-0.140841;0.6939;0.6868;-0.2162;-2.756216;7.731493;0.201956;0.6939;0.6868;-0.2162;0.245705;6.45996;-1.480718;-0.6267;-0.0792;-0.7752;-0.19291;4.839076;-0.960562;-0.6267;-0.0792;-0.7752;-0.75385;4.893715;-0.512685;-0.6267;-0.0792;-0.7752;0.579033;6.168384;-1.319061;-0.2122;0.6712;0.7103;-0.75385;4.893715;-0.512685;-0.2122;0.6712;0.7103;-0.083405;4.874774;-0.294508;-0.2122;0.6712;0.7103;-0.19291;4.839076;-0.960562;0.8461;-0.5213;-0.1112;0.579033;6.168384;-1.319061;0.8461;-0.5213;-0.1112;-0.083405;4.874774;-0.294508;0.8461;-0.5213;-0.1112;3.758508;8.26162;-2.573227;-0.5141;0.7162;-0.472;0.156361;6.219718;-1.747919;-0.5141;0.7162;-0.472;0.245705;6.45996;-1.480718;-0.5141;0.7162;-0.472;0.579033;6.168384;-1.319061;0.0146;0.4975;0.8673;3.758508;8.26162;-2.573227;0.0146;0.4975;0.8673;0.245705;6.45996;-1.480718;0.0146;0.4975;0.8673;0.156361;6.219718;-1.747919;0.3593;-0.8165;-0.4519;3.758508;8.26162;-2.573227;0.3593;-0.8165;-0.4519;0.579033;6.168384;-1.319061;0.3593;-0.8165;-0.4519;-0.76041;-0.228458;0.848041;-0.5862;0.6035;0.5405;-0.097814;0.69884;0.531333;-0.5862;0.6035;0.5405;-0.424971;1.001887;-0.161781;-0.5862;0.6035;0.5405;-0.76041;-0.228458;-0.763414;-0.2357;0.478;-0.8461;-0.424971;1.001887;-0.161781;-0.2357;0.478;-0.8461;0.235614;0.735013;-0.496602;-0.2357;0.478;-0.8461;0.235614;0.735013;-0.496602;0.7724;0.4856;-0.4093;0.402819;1.14672;0.307453;0.7724;0.4856;-0.4093;1.369016;-0.228458;0.499169;0.7724;0.4856;-0.4093;1.369016;-0.228458;0.499169;0.1874;0.2636;0.9463;0.402819;1.14672;0.307453;0.1874;0.2636;0.9463;-0.097814;0.69884;0.531333;0.1874;0.2636;0.9463;0.235614;0.735013;-0.496602;0.9305;-0.1344;-0.3407;0.397821;3.060905;-0.970813;0.9305;-0.1344;-0.3407;0.592961;2.90872;-0.377856;0.9305;-0.1344;-0.3407;0.009137;2.669789;-0.201716;0.269;0.0518;0.9618;0.592961;2.90872;-0.377856;0.269;0.0518;0.9618;-0.083405;4.874774;-0.294508;0.269;0.0518;0.9618;-0.424971;1.001887;-0.161781;-0.8375;0.2298;0.4958;-0.097814;0.69884;0.531333;-0.8375;0.2298;0.4958;0.009137;2.669789;-0.201716;-0.8375;0.2298;0.4958;0.402819;1.14672;0.307453;0.1384;0.346;0.928;0.592961;2.90872;-0.377856;0.1384;0.346;0.928;0.009137;2.669789;-0.201716;0.1384;0.346;0.928;0.235614;0.735013;-0.496602;-0.5098;-0.2179;-0.8322;-0.424971;1.001887;-0.161781;-0.5098;-0.2179;-0.8322;-0.186003;2.792075;-0.776827;-0.5098;-0.2179;-0.8322;-0.75385;4.893715;-0.512685;-0.5961;-0.3478;-0.7237;-2.914098;7.389701;0.067125;-0.5961;-0.3478;-0.7237;-2.858246;7.726687;-0.140841;-0.5961;-0.3478;-0.7237;-0.186003;2.792075;-0.776827;-0.6266;-0.0718;-0.776;-0.75385;4.893715;-0.512685;-0.6266;-0.0718;-0.776;-0.19291;4.839076;-0.960562;-0.6266;-0.0718;-0.776;0.592961;2.90872;-0.377856;0.9243;0.3084;-0.225;0.397821;3.060905;-0.970813;0.9243;0.3084;-0.225;-0.19291;4.839076;-0.960562;0.9243;0.3084;-0.225;-0.75385;4.893715;-0.512685;-0.2913;-0.4218;0.8586;-0.083405;4.874774;-0.294508;-0.2913;-0.4218;0.8586;-2.756216;7.731493;0.201956;-0.2913;-0.4218;0.8586;-0.083405;4.874774;-0.294508;0.7042;0.6934;-0.1529;-0.19291;4.839076;-0.960562;0.7042;0.6934;-0.1529;-2.858246;7.726687;-0.140841;0.7042;0.6934;-0.1529;0.245705;6.45996;-1.480718;-0.9574;0.2808;0.0677;0.156361;6.219718;-1.747919;-0.9574;0.2808;0.0677;-0.19291;4.839076;-0.960562;-0.9574;0.2808;0.0677;0.579033;6.168384;-1.319061;0.0307;0.5113;0.8589;0.245705;6.45996;-1.480718;0.0307;0.5113;0.8589;-0.75385;4.893715;-0.512685;0.0307;0.5113;0.8589;-0.19291;4.839076;-0.960562;0.5818;-0.509;-0.6344;0.156361;6.219718;-1.747919;0.5818;-0.509;-0.6344;0.579033;6.168384;-1.319061;0.5818;-0.509;-0.6344;0.245705;6.45996;-1.480718;-0.968;0.214;0.1312;0.493672;8.974163;-3.751994;-0.968;0.214;0.1312;0.156361;6.219718;-1.747919;-0.968;0.214;0.1312;0.579033;6.168384;-1.319061;0.2068;0.6445;0.7361;0.493672;8.974163;-3.751994;0.2068;0.6445;0.7361;0.245705;6.45996;-1.480718;0.2068;0.6445;0.7361;0.156361;6.219718;-1.747919;0.573;-0.5269;-0.6278;0.493672;8.974163;-3.751994;0.573;-0.5269;-0.6278;0.579033;6.168384;-1.319061;0.573;-0.5269;-0.6278;1.693258;3.675184;-0.136017;0.6842;-0.6872;0.2442;2.819339;5.929748;3.053109;0.6842;-0.6872;0.2442;1.46251;3.546912;0.149543;0.6842;-0.6872;0.2442;1.46251;3.546912;0.149543;0.0844;-0.9327;-0.3507;0.011211;3.820351;-0.926865;0.0844;-0.9327;-0.3507;1.693258;3.675184;-0.136017;0.0844;-0.9327;-0.3507;1.46251;3.546912;0.149543;-0.8968;-0.0275;0.4416;2.819339;5.929748;3.053109;-0.8968;-0.0275;0.4416;1.354259;3.894507;-0.048606;-0.8968;-0.0275;0.4416;1.354259;3.894507;-0.048606;-0.3915;0.3607;0.8466;-0.046959;3.61045;-0.575535;-0.3915;0.3607;0.8466;1.46251;3.546912;0.149543;-0.3915;0.3607;0.8466;1.354259;3.894507;-0.048606;0.3077;0.7224;-0.6193;2.819339;5.929748;3.053109;0.3077;0.7224;-0.6193;1.693258;3.675184;-0.136017;0.3077;0.7224;-0.6193;1.354259;3.894507;-0.048606;0.225;0.8799;-0.4184;0.011211;3.820351;-0.926865;0.225;0.8799;-0.4184;-0.191484;3.971856;-0.717257;0.225;0.8799;-0.4184;1.46251;3.546912;0.149543;0.1942;-0.8559;-0.4792;-0.046959;3.61045;-0.575535;0.1942;-0.8559;-0.4792;0.011211;3.820351;-0.926865;0.1942;-0.8559;-0.4792;1.354259;3.894507;-0.048606;-0.3803;0.2018;0.9026;-0.191484;3.971856;-0.717257;-0.3803;0.2018;0.9026;-0.046959;3.61045;-0.575535;-0.3803;0.2018;0.9026;1.354259;3.894507;-0.048606;0.3348;0.7466;-0.575;1.693258;3.675184;-0.136017;0.3348;0.7466;-0.575;0.011211;3.820351;-0.926865;0.3348;0.7466;-0.575
240;-1.0;0.0;0.0;0.05
2.616038;3.886629;2.603925;-0.2615;-0.762;-0.5924;4.669853;5.999943;-1.020989;-0.2615;-0.762;-0.5924;5.200551;4.406581;0.794234;-0.2615;-0.762;-0.5924;4.669853;5.999943;-1.020989;0.1313;-0.887;-0.4427;2.616038;3.886629;2.603925;0.1313;-0.887;-0.4427;0.090122;4.776792;0.07102;0.1313;-0.887;-0.4427;2.616038;3.886629;2.603925;0.5269;-0.6287;0.5719;5.200551;4.406581;0.794234;0.5269;-0.6287;0.5719;3.515083;5.920497;4.011289;0.5269;-0.6287;0.5719;2.616038;3.886629;2.603925;-0.3041;-0.4475;0.841;3.515083;5.920497;4.011289;-0.3041;-0.4475;0.841;0.200795;5.712028;2.701893;-0.3041;-0.4475;0.841;2.616038;3.886629;2.603925;-0.5681;-0.7676;0.2968;0.200795;5.712028;2.701893;-0.5681;-0.7676;0.2968;0.090122;4.776792;0.07102;-0.5681;-0.7676;0.2968;4.669853;5.999943;-1.020989;-0.0297;-0.6016;-0.7982;0.090122;4.776792;0.07102;-0.0297;-0.6016;-0.7982;2.158707;6.53678;-1.332308;-0.0297;-0.6016;-0.7982;3.515083;5.920497;4.011289;0.7795;-0.3003;0.5497;5.200551;4.406581;0.794234;0.7795;-0.3003;0.5497;5.247557;7.098205;2.197749;0.7795;-0.3003;0.5497;0.200795;5.712028;2.701893;-0.3059;0.6805;0.6659;3.515083;5.920497;4.011289;-0.3059;0.6805;0.6659;0.776402;7.293431;1.350148;-0.3059;0.6805;0.6659;0.090122;4.776792;0.07102;-0.9541;0.2927;-0.0639;0.200795;5.712028;2.701893;-0.9541;0.2927;-0.0639;0.776402;7.293431;1.350148;-0.9541;0.2927;-0.0639;5.200551;4.406581;0.794234;0.9744;0.0902;-0.2057;4.669853;5.999943;-1.020989;0.9744;0.0902;-0.2057;5.247557;7.098205;2.197749;0.9744;0.0902;-0.2057;3.515083;5.920497;4.011289;-0.058;0.8616;0.5042;5.247557;7.098205;2.197749;-0.058;0.8616;0.5042;0.776402;7.293431;1.350148;-0.058;0.8616;0.5042;0.090122;4.776792;0.07102;-0.7318;0.4567;-0.5059;0.776402;7.293431;1.350148;-0.7318;0.4567;-0.5059;2.158707;6.53678;-1.332308;-0.7318;0.4567;-0.5059;4.669853;5.999943;-1.020989;0.2366;0.7452;-0.6234;2.158707;6.53678;-1.332308;0.2366;0.7452;-0.6234;3.330245;8.003192;0.865332;0.2366;0.7452;-0.6234;5.247557;7.098205;2.197749;0.5888;0.7268;-0.3537;4.669853;5.999943;-1.020989;0.5888;0.7268;-0.3537;3.330245;8.003192;0.865332;0.5888;0.7268;-0.3537;0.776402;7.293431;1.350148;-0.0889;0.7598;0.644;5.247557;7.098205;2.197749;-0.0889;0.7598;0.644;3.330245;8.003192;0.865332;-0.0889;0.7598;0.644;2.158707;6.53678;-1.332308;-0.3154;0.8584;-0.4046;0.776402;7.293431;1.350148;-0.3154;0.8584;-0.4046;3.330245;8.003192;0.865332;-0.3154;0.8584;-0.4046;3.2277;6.115999;-2.119929;0.5439;-0.7483;0.3797;5.718717;7.34601;-3.263807;0.5439;-0.7483;0.3797;4.498272;7.593476;-1.02801;0.5439;-0.7483;0.3797;5.718717;7.34601;-3.263807;0.4744;-0.8756;0.0915;3.2277;6.115999;-2.119929;0.4744;-0.8756;0.0915;3.943186;6.19682;-5.0554;0.4744;-0.8756;0.0915;3.2277;6.115999;-2.119929;-0.1327;-0.5127;0.8482;4.498272;7.593476;-1.02801;-0.1327;-0.5127;0.8482;2.496681;7.844313;-1.189577;-0.1327;-0.5127;0.8482;3.2277;6.115999;-2.119929;-0.6225;-0.5585;0.5483;2.496681;7.844313;-1.189577;-0.6225;-0.5585;0.5483;1.231397;7.552177;-2.923455;-0.6225;-0.5585;0.5483;3.2277;6.115999;-2.119929;-0.5356;-0.8304;-0.1534;1.231397;7.552177;-2.923455;-0.5356;-0.8304;-0.1534;3.943186;6.19682;-5.0554;-0.5356;-0.8304;-0.1534;5.718717;7.34601;-3.263807;0.7679;-0.346;-0.5391;3.943186;6.19682;-5.0554;0.7679;-0.346;-0.5391;5.054426;8.799088;-5.142601;0.7679;-0.346;-0.5391;2.496681;7.844313;-1.189577;-0.0635;0.1306;0.9894;4.498272;7.593476;-1.02801;-0.0635;0.1306;0.9894;4.39894;9.09373;-1.232389;-0.0635;0.1306;0.9894;1.231397;7.552177;-2.923455;-0.5957;0.741;0.3099;2.496681;7.844313;-1.189577;-0.5957;0.741;0.3099;2.684466;9.25496;-4.201908;-0.5957;0.741;0.3099;3.943186;6.19682;-5.0554;-0.6308;-0.0434;-0.7747;1.231397;7.552177;-2.923455;-0.6308;-0.0434;-0.7747;2.684466;9.25496;-4.201908;-0.6308;-0.0434;-0.7747;4.498272;7.593476;-1.02801;0.8768;0.1214;0.4652;5.718717;7.34601;-3.263807;0.8768;0.1214;0.4652;4.39894;9.09373;-1.232389;0.8768;0.1214;0.4652;2.496681;7.844313;-1.189577;-0.5113;0.7901;0.3381;4.39894;9.09373;-1.232389;-0.5113;0.7901;0.3381;2.684466;9.25496;-4.201908;-0.5113;0.7901;0.3381;3.943186;6.19682;-5.0554;-0.3469;0.1169;-0.9306;2.684466;9.25496;-4.201908;-0.3469;0.1169;-0.9306;5.054426;8.799088;-5.142601;-0.3469;0.1169;-0.9306;5.718717;7.34601;-3.263807;0.9381;0.3394;-0.0692;5.054426;8.799088;-5.142601;0.9381;0.3394;-0.0692;4.873163;9.60939;-3.626163;0.9381;0.3394;-0.0692;4.39894;9.09373;-1.232389;0.8911;0.374;0.2571;5.718717;7.34601;-3.263807;0.8911;0.374;0.2571;4.873163;9.60939;-3.626163;0.8911;0.374;0.2571;2.684466;9.25496;-4.201908;-0.2005;0.9651;0.1682;4.39894;9.09373;-1.232389;-0.2005;0.9651;0.1682;4.873163;9.60939;-3.626163;-0.2005;0.9651;0.1682;5.054426;8.799088;-5.142601;-0.0183;0.8809;-0.4729;2.684466;9.25496;-4.201908;-0.0183;0.8809;-0.4729;4.873163;9.60939;-3.626163;-0.0183;0.8809;-0.4729;-2.321011;7.346179;-3.685041;-0.0753;-0.6192;-0.7816;-1.566915;5.429602;-2.239142;-0.0753;-0.6192;-0.7816;-4.613458;5.360173;-1.8908;-0.0753;-0.6192;-0.7816;-1.566915;5.429602;-2.239142;0.8316;-0.0866;-0.5485;-2.321011;7.346179;-3.685041;0.8316;-0.0866;-0.5485;-0.519252;7.910332;-1.042303;0.8316;-0.0866;-0.5485;-2.321011;7.346179;-3.685041;-0.3482;-0.3745;-0.8594;-4.613458;5.360173;-1.8908;-0.3482;-0.3745;-0.8594;-4.822332;8.22761;-3.055817;-0.3482;-0.3745;-0.8594;-2.321011;7.346179;-3.685041;0.0383;0.6503;-0.7587;-4.822332;8.22761;-3.055817;0.0383;0.6503;-0.7587;-2.499139;9.539489;-1.814138;0.0383;0.6503;-0.7587;-2.321011;7.346179;-3.685041;0.6472;0.5245;-0.5532;-2.499139;9.539489;-1.814138;0.6472;0.5245;-0.5532;-0.519252;7.910332;-1.042303;0.6472;0.5245;-0.5532;-1.566915;5.429602;-2.239142;0.8678;-0.4587;0.1911;-0.519252;7.910332;-1.042303;0.8678;-0.4587;0.1911;-1.825205;6.151965;0.667633;0.8678;-0.4587;0.1911;-4.822332;8.22761;-3.055817;-0.5753;-0.3435;-0.7423;-4.613458;5.360173;-1.8908;-0.5753;-0.3435;-0.7423;-6.46876;7.191909;-1.300684;-0.5753;-0.3435;-0.7423;-2.499139;9.539489;-1.814138;-0.1946;0.8337;-0.5167;-4.822332;8.22761;-3.055817;-0.1946;0.8337;-0.5167;-5.090621;9.810108;-0.401563;-0.1946;0.8337;-0.5167;-0.519252;7.910332;-1.042303;0.5507;0.7929;0.2609;-2.499139;9.539489;-1.814138;0.5507;0.7929;0.2609;-2.380424;8.119123;2.251362;0.5507;0.7929;0.2609;-1.566915;5.429602;-2.239142;0.0501;-0.9682;0.2451;-1.825205;6.151965;0.667633;0.0501;-0.9682;0.2451;-4.613458;5.360173;-1.8908;0.0501;-0.9682;0.2451;-4.822332;8.22761;-3.055817;-0.7516;0.5303;-0.3922;-6.46876;7.191909;-1.300684;-0.7516;0.5303;-0.3922;-5.090621;9.810108;-0.401563;-0.7516;0.5303;-0.3922;-2.499139;9.539489;-1.814138;0.2649;0.9127;0.3111;-5.090621;9.810108;-0.401563;0.2649;0.9127;0.3111;-2.380424;8.119123;2.251362;0.2649;0.9127;0.3111;-0.519252;7.910332;-1.042303;0.8557;-0.1557;0.4934;-2.380424;8.119123;2.251362;0.8557;-0.1557;0.4934;-1.825205;6.151965;0.667633;0.8557;-0.1557;0.4934;-2.380424;8.119123;2.251362;0.2832;0.9133;0.2928;-5.090621;9.810108;-0.401563;0.2832;0.9133;0.2928;-5.177118;8.821056;2.767156;0.2832;0.9133;0.2928;-5.090621;9.810108;-0.401563;-0.8098;0.5197;-0.2722;-6.46876;7.191909;-1.300684;-0.8098;0.5197;-0.2722;-6.92465;8.094986;1.77997;-0.8098;0.5197;-0.2722;-4.613458;5.360173;-1.8908;0.3889;-0.9103;-0.1421;-1.825205;6.151965;0.667633;0.3889;-0.9103;-0.1421;-3.804234;5.092757;2.037411;0.3889;-0.9103;-0.1421;-6.46876;7.191909;-1.300684;-0.7062;-0.5884;-0.3939;-4.613458;5.360173;-1.8908;-0.7062;-0.5884;-0.3939;-6.450522;5.219788;1.612325;-0.7062;-0.5884;-0.3939;-6.46876;7.191909;-1.300684;-0.9827;-0.1562;-0.0996;-6.450522;5.219788;1.612325;-0.9827;-0.1562;-0.0996;-6.92465;8.094986;1.77997;-0.9827;-0.1562;-0.0996;-6.450522;5.219788;1.612325;-0.0382;-0.9975;-0.06;-4.613458;5.360173;-1.8908;-0.0382;-0.9975;-0.06;-3.804234;5.092757;2.037411;-0.0382;-0.9975;-0.06;-3.804234;5.092757;2.037411;0.653;-0.3545;0.6693;-1.825205;6.151965;0.667633;0.653;-0.3545;0.6693;-2.380424;8.119123;2.251362;0.653;-0.3545;0.6693;-5.090621;9.810108;-0.401563;-0.4878;0.837;0.2479;-6.92465;8.094986;1.77997;-0.4878;0.837;0.2479;-5.177118;8.821056;2.767156;-0.4878;0.837;0.2479;-6.92465;8.094986;1.77997;-0.742;-0.1603;0.6509;-6.450522;5.219788;1.612325;-0.742;-0.1603;0.6509;-4.929392;6.342455;3.622785;-0.742;-0.1603;0.6509;-5.177118;8.821056;2.767156;-0.5481;0.2234;0.806;-6.92465;8.094986;1.77997;-0.5481;0.2234;0.806;-4.929392;6.342455;3.622785;-0.5481;0.2234;0.806;-6.450522;5.219788;1.612325;-0.1287;-0.8212;0.556;-3.804234;5.092757;2.037411;-0.1287;-0.8212;0.556;-4.929392;6.342455;3.622785;-0.1287;-0.8212;0.556;-3.804234;5.092757;2.037411;0.6186;-0.3411;0.7079;-2.380424;8.119123;2.251362;0.6186;-0.3411;0.7079;-4.929392;6.342455;3.622785;0.6186;-0.3411;0.7079;-2.380424;8.119123;2.251362;0.2521;0.3382;0.9067;-5.177118;8.821056;2.767156;0.2521;0.3382;0.9067;-4.929392;6.342455;3.622785;0.2521;0.3382;0.9067;-0.300939;8.588548;-0.753244;0.0625;-0.7204;0.6907;-0.499013;6.910746;-2.48517;0.0625;-0.7204;0.6907;1.418246;7.572192;-1.968871;0.0625;-0.7204;0.6907;-0.499013;6.910746;-2.48517;-0.6092;-0.5336;0.5866;-0.300939;8.588548;-0.753244;-0.6092;-0.5336;0.5866;-3.057634;9.064991;-3.1824;-0.6092;-0.5336;0.5866;-0.300939;8.588548;-0.753244;0.4037;-0.3352;0.8512;1.418246;7.572192;-1.968871;0.4037;-0.3352;0.8512;2.121751;10.128492;-1.295775;0.4037;-0.3352;0.8512;-0.300939;8.588548;-0.753244;0.0117;0.3158;0.9488;2.121751;10.128492;-1.295775;0.0117;0.3158;0.9488;-1.961467;10.904141;-1.503484;0.0117;0.3158;0.9488;-0.300939;8.588548;-0.753244;-0.6643;-0.2479;0.7052;-1.961467;10.904141;-1.503484;-0.6643;-0.2479;0.7052;-3.057634;9.064991;-3.1824;-0.6643;-0.2479;0.7052;-0.499013;6.910746;-2.48517;-0.6106;-0.7761;-0.1572;-3.057634;9.064991;-3.1824;-0.6106;-0.7761;-0.1572;-1.514571;8.159922;-4.70723;-0.6106;-0.7761;-0.1572;-1.961467;10.904141;-1.503484;0.059;0.5359;0.8422;2.121751;10.128492;-1.295775;0.059;0.5359;0.8422;0.02604;12.184354;-2.457126;0.059;0.5359;0.8422;-3.057634;9.064991;-3.1824;-0.8496;0.5269;-0.0225;-1.961467;10.904141;-1.503484;-0.8496;0.5269;-0.0225;-2.037088;10.610901;-5.516736;-0.8496;0.5269;-0.0225;-0.499013;6.910746;-2.48517;0.4008;-0.7081;-0.5813;-1.514571;8.159922;-4.70723;0.4008;-0.7081;-0.5813;1.418246;7.572192;-1.968871;0.4008;-0.7081;-0.5813;-1.961467;10.904141;-1.503484;-0.5577;0.8285;-0.05;0.02604;12.184354;-2.457126;-0.5577;0.8285;-0.05;-2.037088;10.610901;-5.516736;-0.5577;0.8285;-0.05;-3.057634;9.064991;-3.1824;-0.7543;-0.3452;-0.5584;-2.037088;10.610901;-5.516736;-0.7543;-0.3452;-0.5584;-1.514571;8.159922;-4.70723;-0.7543;-0.3452;-0.5584;-2.037088;10.610901;-5.516736;-0.6133;0.7898;0.0074;0.02604;12.184354;-2.457126;-0.6133;0.7898;0.0074;-0.385691;11.891063;-5.273902;-0.6133;0.7898;0.0074;0.02604;12.184354;-2.457126;0.5673;0.7589;0.3197;2.121751;10.128492;-1.295775;0.5673;0.7589;0.3197;1.88933;11.552822;-4.26415;0.5673;0.7589;0.3197;1.418246;7.572192;-1.968871;0.2837;-0.8291;-0.4818;-1.514571;8.159922;-4.70723;0.2837;-0.8291;-0.4818;0.667789;9.605406;-5.909696;0.2837;-0.8291;-0.4818;2.121751;10.128492;-1.295775;0.9433;-0.2981;0.1463;1.418246;7.572192;-1.968871;0.9433;-0.2981;0.1463;2.388444;9.307873;-4.687385;0.9433;-0.2981;0.1463;2.121751;10.128492;-1.295775;0.9769;0.2124;0.0254;2.388444;9.307873;-4.687385;0.9769;0.2124;0.0254;1.88933;11.552822;-4.26415;0.9769;0.2124;0.0254;2.388444;9.307873;-4.687385;0.1918;-0.8568;-0.4786;1.418246;7.572192;-1.968871;0.1918;-0.8568;-0.4786;0.667789;9.605406;-5.909696;0.1918;-0.8568;-0.4786;0.667789;9.605406;-5.909696;-0.2616;-0.3525;-0.8985;-1.514571;8.159922;-4.70723;-0.2616;-0.3525;-0.8985;-2.037088;10.610901;-5.516736;-0.2616;-0.3525;-0.8985;0.02604;12.184354;-2.457126;0.2023;0.9706;-0.1306;1.88933;11.552822;-4.26415;0.2023;0.9706;-0.1306;-0.385691;11.891063;-5.273902;0.2023;0.9706;-0.1306;1.88933;11.552822;-4.26415;0.588;0.2742;-0.761;2.388444;9.307873;-4.687385;0.588;0.2742;-0.761;0.667789;9.605406;-5.909696;0.588;0.2742;-0.761;-0.385691;11.891063;-5.273902;0.4198;0.4176;-0.8058;1.88933;11.552822;-4.26415;0.4198;0.4176;-0.8058;0.667789;9.605406;-5.909696;0.4198;0.4176;-0.8058;-2.037088;10.610901;-5.516736;-0.0489;0.2467;-0.9679;-0.385691;11.891063;-5.273902;-0.0489;0.2467;-0.9679;0.667789;9.605406;-5.909696;-0.0489;0.2467;-0.9679
180;1.0;0.8341644;0.4591403;0.05
-6.728004;7.140605;-1.413988;0.0308;0.3237;0.9457;-6.12903;7.083639;-1.413988;0.0308;0.3237;0.9457;-6.398408;7.615785;-1.587387;0.0308;0.3237;0.9457;-4.339167;7.130616;3.254843;-0.7626;0.456;-0.4588;-4.638654;7.153197;3.775041;-0.7626;0.456;-0.4588;-4.309059;7.529924;3.601642;-0.7626;0.456;-0.4588;-4.339167;7.130616;3.254843;-0.8664;-0.0541;-0.4964;-4.447909;5.688466;3.601641;-0.8664;-0.0541;-0.4964;-4.638654;7.153197;3.775041;-0.8664;-0.0541;-0.4964;-6.728004;7.140605;-1.413988;-0.009;-0.0944;0.9955;-6.537258;5.293087;-1.587388;-0.009;-0.0944;0.9955;-6.12903;7.083639;-1.413988;-0.009;-0.0944;0.9955;-4.638654;7.153197;3.775041;0.0299;0.3962;0.9177;-4.039681;7.108034;3.775041;0.0299;0.3962;0.9177;-4.309059;7.529924;3.601642;0.0299;0.3962;0.9177;-4.638654;7.153197;3.775041;-0.0089;-0.1187;0.9929;-4.447909;5.688466;3.601641;-0.0089;-0.1187;0.9929;-4.039681;7.108034;3.775041;-0.0089;-0.1187;0.9929;-6.428516;7.112122;-1.934187;-0.7939;0.3763;-0.4776;-6.728004;7.140605;-1.413988;-0.7939;0.3763;-0.4776;-6.398408;7.615785;-1.587387;-0.7939;0.3763;-0.4776;-6.428516;7.112122;-1.934187;-0.8669;-0.0429;-0.4967;-6.537258;5.293087;-1.587388;-0.8669;-0.0429;-0.4967;-6.728004;7.140605;-1.413988;-0.8669;-0.0429;-0.4967;-4.039681;7.108034;3.775041;0.8485;-0.1834;-0.4964;-4.447909;5.688466;3.601641;0.8485;-0.1834;-0.4964;-4.339167;7.130616;3.254843;0.8485;-0.1834;-0.4964;-4.039681;7.108034;3.775041;0.8223;0.3365;-0.4588;-4.339167;7.130616;3.254843;0.8223;0.3365;-0.4588;-4.309059;7.529924;3.601642;0.8223;0.3365;-0.4588;-6.12903;7.083639;-1.413988;0.8538;-0.1463;-0.4996;-6.537258;5.293087;-1.587388;0.8538;-0.1463;-0.4996;-6.428516;7.112122;-1.934187;0.8538;-0.1463;-0.4996;-6.12903;7.083639;-1.413988;0.8402;0.2726;-0.4688;-6.428516;7.112122;-1.934187;0.8402;0.2726;-0.4688;-6.398408;7.615785;-1.587387;0.8402;0.2726;-0.4688;-2.500192;9.946707;-5.140164;0.0292;0.4428;0.8962;-1.901218;9.907234;-5.140164;0.0292;0.4428;0.8962;-2.170596;10.275963;-5.313563;0.0292;0.4428;0.8962;-2.500192;9.946707;-5.140164;-0.0077;-0.1176;0.993;-2.309446;8.46965;-5.313563;-0.0077;-0.1176;0.993;-1.901218;9.907234;-5.140164;-0.0077;-0.1176;0.993;-2.200705;9.92697;-5.660362;-0.7392;0.5057;-0.4448;-2.500192;9.946707;-5.140164;-0.7392;0.5057;-0.4448;-2.170596;10.275963;-5.313563;-0.7392;0.5057;-0.4448;-2.200705;9.92697;-5.660362;-0.8663;-0.0536;-0.4967;-2.309446;8.46965;-5.313563;-0.8663;-0.0536;-0.4967;-2.500192;9.946707;-5.140164;-0.8663;-0.0536;-0.4967;-1.901218;9.907234;-5.140164;0.8493;-0.1814;-0.4958;-2.309446;8.46965;-5.313563;0.8493;-0.1814;-0.4958;-2.200705;9.92697;-5.660362;0.8493;-0.1814;-0.4958;-1.901218;9.907234;-5.140164;0.8083;0.3784;-0.451;-2.200705;9.92697;-5.660362;0.8083;0.3784;-0.451;-2.170596;10.275963;-5.313563;0.8083;0.3784;-0.451;0.859959;8.345659;-3.755506;0.0296;0.4124;0.9105;1.458932;8.302608;-3.755506;0.0296;0.4124;0.9105;1.189554;8.704765;-3.928905;0.0296;0.4124;0.9105;0.859959;8.345659;-3.755506;-0.0078;-0.1081;0.9941;1.050704;6.737338;-3.928905;-0.0078;-0.1081;0.9941;1.458932;8.302608;-3.755506;-0.0078;-0.1081;0.9941;1.159446;8.324134;-4.275704;-0.7547;0.4734;-0.4541;0.859959;8.345659;-3.755506;-0.7547;0.4734;-0.4541;1.189554;8.704765;-3.928905;-0.7547;0.4734;-0.4541;1.159446;8.324134;-4.275704;-0.8665;-0.0492;-0.4968;1.050704;6.737338;-3.928905;-0.8665;-0.0492;-0.4968;0.859959;8.345659;-3.755506;-0.8665;-0.0492;-0.4968;1.458932;8.302608;-3.755506;0.8515;-0.167;-0.4971;1.050704;6.737338;-3.928905;0.8515;-0.167;-0.4971;1.159446;8.324134;-4.275704;0.8515;-0.167;-0.4971;1.458932;8.302608;-3.755506;0.8177;0.351;-0.4562;1.159446;8.324134;-4.275704;0.8177;0.351;-0.4562;1.189554;8.704765;-3.928905;0.8177;0.351;-0.4562;4.817197;7.942671;-1.819893;0.0296;0.4124;0.9105;5.473166;7.895523;-1.819893;0.0296;0.4124;0.9105;5.178156;8.335948;-2.009792;0.0296;0.4124;0.9105;4.817197;7.942671;-1.819893;-0.008;-0.1114;0.9937;5.026093;6.234132;-2.009793;-0.008;-0.1114;0.9937;5.473166;7.895523;-1.819893;-0.008;-0.1114;0.9937;5.145182;7.919097;-2.389592;-0.7547;0.4734;-0.4541;4.817197;7.942671;-1.819893;-0.7547;0.4734;-0.4541;5.178156;8.335948;-2.009792;-0.7547;0.4734;-0.4541;5.145182;7.919097;-2.389592;-0.8664;-0.0507;-0.4967;5.026093;6.234132;-2.009793;-0.8664;-0.0507;-0.4967;4.817197;7.942671;-1.819893;-0.8664;-0.0507;-0.4967;5.473166;7.895523;-1.819893;0.8506;-0.1721;-0.4968;5.026093;6.234132;-2.009793;0.8506;-0.1721;-0.4968;5.145182;7.919097;-2.389592;0.8506;-0.1721;-0.4968;5.473166;7.895523;-1.819893;0.8177;0.351;-0.4562;5.145182;7.919097;-2.389592;0.8177;0.351;-0.4562;5.178156;8.335948;-2.009792;0.8177;0.351;-0.4562;4.718765;4.461251;1.386106;0.0304;0.3542;0.9347;5.337467;4.408101;1.386106;0.0304;0.3542;0.9347;5.059216;4.904608;1.206995;0.0304;0.3542;0.9347;4.718765;4.461251;1.386106;-0.009;-0.1044;0.9945;4.915793;2.737459;1.206994;-0.009;-0.1044;0.9945;5.337467;4.408101;1.386106;-0.009;-0.1044;0.9945;5.028116;4.434676;0.848773;-0.7815;0.4101;-0.4702;4.718765;4.461251;1.386106;-0.7815;0.4101;-0.4702;5.059216;4.904608;1.206995;-0.7815;0.4101;-0.4702;5.028116;4.434676;0.848773;-0.8667;-0.0475;-0.4966;4.915793;2.737459;1.206994;-0.8667;-0.0475;-0.4966;4.718765;4.461251;1.386106;-0.8667;-0.0475;-0.4966;5.337467;4.408101;1.386106;0.8518;-0.1616;-0.4984;4.915793;2.737459;1.206994;0.8518;-0.1616;-0.4984;5.028116;4.434676;0.848773;0.8518;-0.1616;-0.4984;5.337467;4.408101;1.386106;0.8332;0.2993;-0.4649;5.028116;4.434676;0.848773;0.8332;0.2993;-0.4649;5.059216;4.904608;1.206995;0.8332;0.2993;-0.4649;1.106963;5.360292;3.287974;0.0295;0.4248;0.9048;1.725665;5.317391;3.287974;0.0295;0.4248;0.9048;1.447415;5.718149;3.108864;0.0295;0.4248;0.9048;1.106963;5.360292;3.287974;-0.0089;-0.1289;0.9916;1.303991;3.968927;3.108863;-0.0089;-0.1289;0.9916;1.725665;5.317391;3.287974;-0.0089;-0.1289;0.9916;1.416314;5.338841;2.750642;-0.7485;0.4867;-0.4504;1.106963;5.360292;3.287974;-0.7485;0.4867;-0.4504;1.447415;5.718149;3.108864;-0.7485;0.4867;-0.4504;1.416314;5.338841;2.750642;-0.8662;-0.0588;-0.4963;1.303991;3.968927;3.108863;-0.8662;-0.0588;-0.4963;1.106963;5.360292;3.287974;-0.8662;-0.0588;-0.4963;1.725665;5.317391;3.287974;0.8459;-0.1988;-0.4949;1.303991;3.968927;3.108863;0.8459;-0.1988;-0.4949;1.416314;5.338841;2.750642;0.8459;-0.1988;-0.4949;1.725665;5.317391;3.287974;0.814;0.3622;-0.4542;1.416314;5.338841;2.750642;0.814;0.3622;-0.4542;1.447415;5.718149;3.108864;0.814;0.3622;-0.4542;-0.553305;8.244174;-0.670918;0.0295;0.4248;0.9048;0.045669;8.202641;-0.670918;0.0295;0.4248;0.9048;-0.223709;8.59062;-0.844317;0.0295;0.4248;0.9048;-0.553305;8.244174;-0.670918;-0.0089;-0.1289;0.9916;-0.362559;6.897174;-0.844318;-0.0089;-0.1289;0.9916;0.045669;8.202641;-0.670918;-0.0089;-0.1289;0.9916;-0.253818;8.223408;-1.191117;-0.7485;0.4867;-0.4504;-0.553305;8.244174;-0.670918;-0.7485;0.4867;-0.4504;-0.223709;8.59062;-0.844317;-0.7485;0.4867;-0.4504;-0.253818;8.223408;-1.191117;-0.8662;-0.0588;-0.4963;-0.362559;6.897174;-0.844318;-0.8662;-0.0588;-0.4963;-0.553305;8.244174;-0.670918;-0.8662;-0.0588;-0.4963;0.045669;8.202641;-0.670918;0.8459;-0.1988;-0.4949;-0.362559;6.897174;-0.844318;0.8459;-0.1988;-0.4949;-0.253818;8.223408;-1.191117;0.8459;-0.1988;-0.4949;0.045669;8.202641;-0.670918;0.814;0.3622;-0.4542;-0.253818;8.223408;-1.191117;0.814;0.3622;-0.4542;-0.223709;8.59062;-0.844317;0.814;0.3622;-0.4542;3.628529;5.941103;-4.489623;0.0306;0.3413;0.9395;4.284498;5.882307;-4.489623;0.0306;0.3413;0.9395;3.989488;6.431537;-4.679522;0.0306;0.3413;0.9395;3.628529;5.941103;-4.489623;-0.009;-0.1001;0.9949;3.837425;4.034269;-4.679523;-0.009;-0.1001;0.9949;4.284498;5.882307;-4.489623;-0.009;-0.1001;0.9949;3.956515;5.911705;-5.05932;-0.7869;0.3958;-0.4734;3.628529;5.941103;-4.489623;-0.7869;0.3958;-0.4734;3.989488;6.431537;-4.679522;-0.7869;0.3958;-0.4734;3.956515;5.911705;-5.05932;-0.8668;-0.0455;-0.4967;3.837425;4.034269;-4.679523;-0.8668;-0.0455;-0.4967;3.628529;5.941103;-4.489623;-0.8668;-0.0455;-0.4967;4.284498;5.882307;-4.489623;0.8527;-0.155;-0.4989;3.837425;4.034269;-4.679523;0.8527;-0.155;-0.4989;3.956515;5.911705;-5.05932;0.8527;-0.155;-0.4989;4.284498;5.882307;-4.489623;0.8363;0.2879;-0.4666;3.956515;5.911705;-5.05932;0.8363;0.2879;-0.4666;3.989488;6.431537;-4.679522;0.8363;0.2879;-0.4666;-5.754928;4.977486;1.932297;0.0303;0.3381;0.9406;-5.351092;4.941289;1.932297;0.0303;0.3381;0.9406;-5.522901;5.281904;1.81539;0.0303;0.3381;0.9406;-5.754928;4.977486;1.932297;-0.0073;-0.081;0.9967;-5.661751;3.530918;1.815389;-0.0073;-0.081;0.9967;-5.351092;4.941289;1.932297;-0.0073;-0.081;0.9967;-5.55301;4.959387;1.581572;-0.7796;0.4137;-0.4702;-5.754928;4.977486;1.932297;-0.7796;0.4137;-0.4702;-5.522901;5.281904;1.81539;-0.7796;0.4137;-0.4702;-5.55301;4.959387;1.581572;-0.8669;-0.0156;-0.4983;-5.661751;3.530918;1.815389;-0.8669;-0.0156;-0.4983;-5.754928;4.977486;1.932297;-0.8669;-0.0156;-0.4983;-5.351092;4.941289;1.932297;0.854;-0.1467;-0.4992;-5.661751;3.530918;1.815389;0.854;-0.1467;-0.4992;-5.55301;4.959387;1.581572;0.854;-0.1467;-0.4992;-5.351092;4.941289;1.932297;0.8419;0.263;-0.4711;-5.55301;4.959387;1.581572;0.8419;0.263;-0.4711;-5.522901;5.281904;1.81539;0.8419;0.263;-0.4711
6
MATERIAL;second;0;count;4;CUSTOM;0.5576203;0.71601146;0.4183206;2000;ORANGE;300000;RED;500000;DARK_PURPLE;1500000
INFO;NameId;364;DescId;365;price;36000;dpPerMin;0;range;2;placeSound;thud
LIFE;averagePop;2.7;averageLife;75.0;popFactors;2;0;0.3;breedMat;37.5;breedTime;27.137207;parentId;27;count;400;reqs;2;LIFE;type;2;enviroType;0;classification;ar;count;2;LIFE;type;2;enviroType;0;classification;pnm126;count;3;FALL_DEATH;fallTime;3;totalTime;5;fallenAngle;60;particleEffect;1;ExplodeTime;0.975;UseMaterial;1;Colour;1;Spawn;2;5;0;1;0;PPS;30;Speed;1.5;Gravity;0.3;Life;3;Scale;0.1;Colour;1;0;0;Additive;0;Alpha;1;FadeIn;0.1;FadeOut;0.8;HasDir;1;Dir;0;1;0;Varience;0.25;Offset;0;5;0;LifeError;0.4;ScaleError;0.3;SpeedError;0.4;RandRot;1;HasXRot;1;XRotSpeed;180;Stages;1;2;enviroReqCount;2;reqId;1;minAltitude;16;maxAltitude;60;influence;0.9;reqId;2;barren;0;goodBiomes;2;9;0;idealFactor;70;influence;0.75
GROWTH;dynamic;0;growthTime;25.0;modelStages;3;subStages;2
WOOD;cut time;5.5;bark factor;0.45;colour;0.63423234;0.41779375;0.30703464
PERCH;1;0.8943;4.307;-0.405
