0.8
pnx
0;1
3
-0.469928;-0.051377;-0.50379;0.538894;0.347274;0.521638;1
72;1
72;-1;0;0;0.15
-0.198759;0.182806;-0.20603;0.849879;0.497085;0.174841;-0.235774;0.211405;-0.107424;0.849879;0.497085;0.174841;-0.105779;-0.051377;0.007799;0.849879;0.497085;0.174841;-0.235774;0.211405;-0.107424;0.219123;0.88699;0.406415;-0.469928;0.347274;-0.277708;0.219123;0.88699;0.406415;-0.301295;0.192578;-0.031007;0.219123;0.88699;0.406415;-0.198759;0.182806;-0.20603;0.527238;0.848323;-0.048097;-0.469928;0.347274;-0.277708;0.527238;0.848323;-0.048097;-0.235774;0.211405;-0.107424;0.527238;0.848323;-0.048097;-0.301295;0.192578;-0.031007;-0.461867;-0.858547;-0.222633;-0.469928;0.347274;-0.277708;-0.461867;-0.858547;-0.222633;-0.198759;0.182806;-0.20603;-0.461867;-0.858547;-0.222633;-0.301295;0.192578;-0.031007;-0.694357;-0.615741;-0.372387;-0.198759;0.182806;-0.20603;-0.694357;-0.615741;-0.372387;-0.105779;-0.051377;0.007799;-0.694357;-0.615741;-0.372387;-0.235774;0.211405;-0.107424;0.5627;0.549242;0.617786;-0.301295;0.192578;-0.031007;0.5627;0.549242;0.617786;-0.105779;-0.051377;0.007799;0.5627;0.549242;0.617786;0.217924;0.15345;-0.216172;0.069338;0.672414;0.736869;0.095846;0.193122;-0.240884;0.069338;0.672414;0.736869;-0.019293;-0.038205;-0.018954;0.069338;0.672414;0.736869;0.095846;0.193122;-0.240884;-0.112217;0.972015;0.206336;0.186644;0.259419;-0.50379;-0.112217;0.972015;0.206336;0.015887;0.1925;-0.281444;-0.112217;0.972015;0.206336;0.217924;0.15345;-0.216172;0.235511;0.91995;0.313334;0.186644;0.259419;-0.50379;0.235511;0.91995;0.313334;0.095846;0.193122;-0.240884;0.235511;0.91995;0.313334;0.015887;0.1925;-0.281444;-0.072207;-0.938383;-0.33787;0.186644;0.259419;-0.50379;-0.072207;-0.938383;-0.33787;0.217924;0.15345;-0.216172;-0.072207;-0.938383;-0.33787;0.015887;0.1925;-0.281444;0.065493;-0.753838;-0.653768;0.217924;0.15345;-0.216172;0.065493;-0.753838;-0.653768;-0.019293;-0.038205;-0.018954;0.065493;-0.753838;-0.653768;0.095846;0.193122;-0.240884;-0.311747;0.734001;0.60332;0.015887;0.1925;-0.281444;-0.311747;0.734001;0.60332;-0.019293;-0.038205;-0.018954;-0.311747;0.734001;0.60332;0.206331;0.186626;0.217302;-0.728141;0.676107;-0.1124;0.232039;0.193552;0.092437;-0.728141;0.676107;-0.1124;0.016526;-0.049965;0.023812;-0.728141;0.676107;-0.1124;0.232039;0.193552;0.092437;-0.294107;0.816675;-0.496506;0.538894;0.308592;0.09989;-0.294107;0.816675;-0.496506;0.283002;0.157599;0.003111;-0.294107;0.816675;-0.496506;0.206331;0.186626;0.217302;-0.350536;0.936308;-0.020203;0.538894;0.308592;0.09989;-0.350536;0.936308;-0.020203;0.232039;0.193552;0.092437;-0.350536;0.936308;-0.020203;0.283002;0.157599;0.003111;0.413282;-0.870876;0.265938;0.538894;0.308592;0.09989;0.413282;-0.870876;0.265938;0.206331;0.186626;0.217302;0.413282;-0.870876;0.265938;0.283002;0.157599;0.003111;0.598468;-0.736991;0.314097;0.206331;0.186626;0.217302;0.598468;-0.736991;0.314097;0.016526;-0.049965;0.023812;0.598468;-0.736991;0.314097;0.232039;0.193552;0.092437;-0.535722;0.631947;-0.559984;0.283002;0.157599;0.003111;-0.535722;0.631947;-0.559984;0.016526;-0.049965;0.023812;-0.535722;0.631947;-0.559984;-0.217499;0.160521;0.272022;-0.126713;0.630085;-0.766106;-0.079708;0.205084;0.285878;-0.126713;0.630085;-0.766106;-0.047128;-0.044943;0.074852;-0.126713;0.630085;-0.766106;-0.079708;0.205084;0.285878;0.256722;0.878628;-0.402539;-0.196597;0.347256;0.521638;0.256722;0.878628;-0.402539;9.15E-4;0.202123;0.330835;0.256722;0.878628;-0.402539;-0.217499;0.160521;0.272022;-0.198401;0.792688;-0.576403;-0.196597;0.347256;0.521638;-0.198401;0.792688;-0.576403;-0.079708;0.205084;0.285878;-0.198401;0.792688;-0.576403;9.15E-4;0.202123;0.330835;-0.008972;-0.800317;0.599475;-0.196597;0.347256;0.521638;-0.008972;-0.800317;0.599475;-0.217499;0.160521;0.272022;-0.008972;-0.800317;0.599475;9.15E-4;0.202123;0.330835;-0.052156;-0.713614;0.698569;-0.217499;0.160521;0.272022;-0.052156;-0.713614;0.698569;-0.047128;-0.044943;0.074852;-0.052156;-0.713614;0.698569;-0.079708;0.205084;0.285878;0.398907;0.621235;-0.674459;9.15E-4;0.202123;0.330835;0.398907;0.621235;-0.674459;-0.047128;-0.044943;0.074852;0.398907;0.621235;-0.674459
-0.952344;-0.069575;-1.047531;1.257961;0.534453;1.149794;2
120;1
120;-1;0;0;0.15
-0.312645;0.464091;-0.454642;0.801904;0.582629;0.132023;-0.401964;0.533101;-0.216699;0.801904;0.582629;0.132023;-0.022139;-0.040669;0.008242;0.801904;0.582629;0.132023;-0.401964;0.533101;-0.216699;-0.181371;0.979644;0.085818;-0.952344;0.460219;-0.547965;-0.181371;0.979644;0.085818;-0.560068;0.487671;-0.0323;-0.181371;0.979644;0.085818;-0.312645;0.464091;-0.454642;0.033082;0.963134;-0.266884;-0.952344;0.460219;-0.547965;0.033082;0.963134;-0.266884;-0.401964;0.533101;-0.216699;0.033082;0.963134;-0.266884;-0.560068;0.487671;-0.0323;-0.001923;-0.998505;0.054598;-0.952344;0.460219;-0.547965;-0.001923;-0.998505;0.054598;-0.312645;0.464091;-0.454642;-0.001923;-0.998505;0.054598;-0.560068;0.487671;-0.0323;-0.645741;-0.683584;-0.340129;-0.312645;0.464091;-0.454642;-0.645741;-0.683584;-0.340129;-0.022139;-0.040669;0.008242;-0.645741;-0.683584;-0.340129;-0.401964;0.533101;-0.216699;0.534776;0.590838;0.604083;-0.560068;0.487671;-0.0323;0.534776;0.590838;0.604083;-0.022139;-0.040669;0.008242;0.534776;0.590838;0.604083;0.587487;0.395954;-0.553623;0.114383;0.75454;0.646168;0.287056;0.493586;-0.614438;0.114383;0.75454;0.646168;0.027758;-0.014325;0.024587;0.114383;0.75454;0.646168;0.287056;0.493586;-0.614438;0.186438;0.905362;-0.381451;0.493382;0.268623;-1.047531;0.186438;0.905362;-0.381451;0.090278;0.492055;-0.714254;0.186438;0.905362;-0.381451;0.587487;0.395954;-0.553623;0.348857;0.889279;-0.295724;0.493382;0.268623;-1.047531;0.348857;0.889279;-0.295724;0.287056;0.493586;-0.614438;0.348857;0.889279;-0.295724;0.090278;0.492055;-0.714254;-0.270669;-0.918455;0.288339;0.493382;0.268623;-1.047531;-0.270669;-0.918455;0.288339;0.587487;0.395954;-0.553623;-0.270669;-0.918455;0.288339;0.090278;0.492055;-0.714254;0.022584;-0.825526;-0.56386;0.587487;0.395954;-0.553623;0.022584;-0.825526;-0.56386;0.027758;-0.014325;0.024587;0.022584;-0.825526;-0.56386;0.287056;0.493586;-0.614438;-0.273965;0.803949;0.527818;0.090278;0.492055;-0.714254;-0.273965;0.803949;0.527818;0.027758;-0.014325;0.024587;-0.273965;0.803949;0.527818;0.535027;0.489213;0.454978;-0.663106;0.742424;-0.09534;0.598077;0.506199;0.148748;-0.663106;0.742424;-0.09534;0.012084;-0.037844;-0.012119;-0.663106;0.742424;-0.09534;0.598077;0.506199;0.148748;0.239143;0.940306;-0.242012;1.257961;0.379343;0.307962;0.239143;0.940306;-0.242012;0.723062;0.418025;-0.070321;0.239143;0.940306;-0.242012;0.535027;0.489213;0.454978;0.167302;0.981872;0.0889;1.257961;0.379343;0.307962;0.167302;0.981872;0.0889;0.598077;0.506199;0.148748;0.167302;0.981872;0.0889;0.723062;0.418025;-0.070321;-0.132481;-0.987396;0.086367;1.257961;0.379343;0.307962;-0.132481;-0.987396;0.086367;0.535027;0.489213;0.454978;-0.132481;-0.987396;0.086367;0.723062;0.418025;-0.070321;0.532395;-0.792291;0.297952;0.535027;0.489213;0.454978;0.532395;-0.792291;0.297952;0.012084;-0.037844;-0.012119;0.532395;-0.792291;0.297952;0.598077;0.506199;0.148748;-0.482315;0.682028;-0.549699;0.723062;0.418025;-0.070321;-0.482315;0.682028;-0.549699;0.012084;-0.037844;-0.012119;-0.482315;0.682028;-0.549699;-0.386421;0.419486;0.565003;-0.16895;0.728721;-0.663594;-0.030935;0.534453;0.600749;-0.16895;0.728721;-0.663594;0.030298;-0.027801;-0.032276;-0.16895;0.728721;-0.663594;-0.030935;0.534453;0.600749;-0.090335;0.969939;0.225898;-0.312305;0.380359;1.149794;-0.090335;0.969939;0.225898;0.177063;0.526814;0.716734;-0.090335;0.969939;0.225898;-0.386421;0.419486;0.565003;-0.315439;0.943297;0.103092;-0.312305;0.380359;1.149794;-0.315439;0.943297;0.103092;-0.030935;0.534453;0.600749;-0.315439;0.943297;0.103092;0.177063;0.526814;0.716734;0.210089;-0.973357;-0.091739;-0.312305;0.380359;1.149794;0.210089;-0.973357;-0.091739;-0.386421;0.419486;0.565003;0.210089;-0.973357;-0.091739;0.177063;0.526814;0.716734;-0.007538;-0.802911;0.595996;-0.386421;0.419486;0.565003;-0.007538;-0.802911;0.595996;0.030298;-0.027801;-0.032276;-0.007538;-0.802911;0.595996;-0.030935;0.534453;0.600749;0.360607;0.714377;-0.599628;0.177063;0.526814;0.716734;0.360607;0.714377;-0.599628;0.030298;-0.027801;-0.032276;0.360607;0.714377;-0.599628;-0.084114;-0.036667;0.058524;-0.729301;-0.4326;-0.530015;-0.083613;0.397282;-0.296345;-0.729301;-0.4326;-0.530015;-0.011871;-0.069575;-0.014022;-0.729301;-0.4326;-0.530015;-0.011871;-0.069575;-0.014022;0.613392;-0.337504;-0.714011;-0.083613;0.397282;-0.296345;0.613392;-0.337504;-0.714011;0.088967;-0.027914;0.052913;0.613392;-0.337504;-0.714011;0.038343;-0.069575;0.027922;-0.387371;-0.885342;0.257057;0.02278;-0.027914;0.147949;-0.387371;-0.885342;0.257057;-0.058638;-0.036667;-0.00489;-0.387371;-0.885342;0.257057;0.02278;-0.027914;0.147949;-0.648122;0.697623;0.305307;0.358484;0.411926;-0.144417;-0.648122;0.697623;0.305307;-0.058638;-0.036667;-0.00489;-0.648122;0.697623;0.305307;0.088967;-0.027914;0.052913;-0.006897;0.633015;0.774071;-0.083613;0.397282;-0.296345;-0.006897;0.633015;0.774071;-0.084114;-0.036667;0.058524;-0.006897;0.633015;0.774071;0.038343;-0.069575;0.027922;0.843501;-0.464034;0.270425;0.358484;0.411926;-0.144417;0.843501;-0.464034;0.270425;0.02278;-0.027914;0.147949;0.843501;-0.464034;0.270425;0.062467;-0.069575;0.066667;-0.19248;-0.885342;-0.4232;-0.053581;-0.027914;0.032296;-0.19248;-0.885342;-0.4232;0.110221;-0.036667;-0.023894;-0.19248;-0.885342;-0.4232;-0.058638;-0.036667;-0.00489;0.157781;-0.424085;-0.891751;0.358484;0.411926;-0.144417;0.157781;-0.424085;-0.891751;0.038343;-0.069575;0.027922;0.157781;-0.424085;-0.891751;-0.011871;-0.069575;-0.014022;0.059694;-0.885342;0.461074;0.088967;-0.027914;0.052913;0.059694;-0.885342;0.461074;-0.084114;-0.036667;0.058524;0.059694;-0.885342;0.461074;-0.053581;-0.027914;0.032296;-0.225227;0.618336;-0.752922;0.248403;0.415484;0.306111;-0.225227;0.618336;-0.752922;0.110221;-0.036667;-0.023894;-0.225227;0.618336;-0.752922;0.062467;-0.069575;0.066667;-0.367107;-0.294748;0.882229;0.248403;0.415484;0.306111;-0.367107;-0.294748;0.882229;-0.053581;-0.027914;0.032296;-0.367107;-0.294748;0.882229;0.110221;-0.036667;-0.023894;0.843318;-0.460219;0.277444;0.248403;0.415484;0.306111;0.843318;-0.460219;0.277444;0.062467;-0.069575;0.066667;0.843318;-0.460219;0.277444;-0.075849;-0.069575;0.025463;0.369274;-0.885342;-0.282449;-0.068369;-0.027914;-0.095337;0.369274;-0.885342;-0.282449;0.023114;-0.036667;0.051699;0.369274;-0.885342;-0.282449;-0.068369;-0.027914;-0.095337;0.71044;0.573443;-0.40788;-0.290563;0.431835;0.164001;0.71044;0.573443;-0.40788;0.023114;-0.036667;0.051699;0.71044;0.573443;-0.40788;-0.075849;-0.069575;0.025463;-0.921537;-0.345897;-0.176336;-0.290563;0.431835;0.164001;-0.921537;-0.345897;-0.176336;-0.068369;-0.027914;-0.095337;-0.921537;-0.345897;-0.176336;0.023114;-0.036667;0.051699;-0.142033;-0.319651;0.936796;-0.290563;0.431835;0.164001;-0.142033;-0.319651;0.936796;-0.075849;-0.069575;0.025463;-0.142033;-0.319651;0.936796
-2.35199;-0.078006;-2.158071;2.279284;1.030854;2.383228;2
270;1
270;-1;0;0;0.15
-0.940089;0.617036;0.609417;0.145726;-0.929685;0.338237;-1.698101;0.566867;0.798159;0.145726;-0.929685;0.338237;-1.193411;0.382282;0.073332;0.145726;-0.929685;0.338237;-1.193411;0.382282;0.073332;-0.223792;0.89581;-0.383953;-1.698101;0.566867;0.798159;-0.223792;0.89581;-0.383953;-0.939836;0.540672;0.295059;-0.223792;0.89581;-0.383953;-0.939836;0.540672;0.295059;-0.122166;0.964415;-0.234352;-1.698101;0.566867;0.798159;-0.122166;0.964415;-0.234352;-0.940089;0.617036;0.609417;-0.122166;0.964415;-0.234352;-0.281672;0.587635;-0.702536;0.629627;0.59209;0.502945;-0.547111;0.704381;-0.507686;0.629627;0.59209;0.502945;-0.388278;0.084336;0.023416;0.629627;0.59209;0.502945;-0.547111;0.704381;-0.507686;-0.212134;0.898343;0.384625;-0.772963;0.957173;-1.222642;-0.212134;0.898343;0.384625;-0.840784;0.628686;-0.492873;-0.212134;0.898343;0.384625;-0.281672;0.587635;-0.702536;0.488113;0.859798;0.149785;-0.772963;0.957173;-1.222642;0.488113;0.859798;0.149785;-0.547111;0.704381;-0.507686;0.488113;0.859798;0.149785;-0.840784;0.628686;-0.492873;-0.221198;-0.881405;-0.41731;-0.772963;0.957173;-1.222642;-0.221198;-0.881405;-0.41731;-0.281672;0.587635;-0.702536;-0.221198;-0.881405;-0.41731;-1.193411;0.382282;0.073332;0.20481;0.6704;-0.713126;-0.939836;0.540672;0.295059;0.20481;0.6704;-0.713126;-0.329421;0.086379;0.043313;0.20481;0.6704;-0.713157;-0.940089;0.617036;0.609417;-0.26722;-0.82992;0.4897;-1.193411;0.382282;0.073332;-0.26722;-0.82992;0.4897;-0.329421;0.086379;0.043313;-0.26722;-0.82992;0.4897;-0.939836;0.540672;0.295059;0.530686;0.823695;-0.199652;-0.940089;0.617036;0.609417;0.530686;0.823695;-0.199652;-0.329421;0.086379;0.043313;0.530686;0.823695;-0.199652;-0.840784;0.628686;-0.492873;-0.272225;-0.771569;-0.574908;-0.281672;0.587635;-0.702536;-0.272225;-0.771569;-0.574908;-0.388278;0.084336;0.023416;-0.272225;-0.771569;-0.574908;-0.547111;0.704381;-0.507686;-0.122868;0.627247;0.769036;-0.840784;0.628686;-0.492873;-0.122868;0.627247;0.769036;-0.388278;0.084336;0.023416;-0.122868;0.627247;0.769036;0.48993;0.611996;-0.126508;-0.203314;0.58974;0.781549;0.1951;0.781424;-0.331055;-0.203314;0.58974;0.781549;-0.305726;0.092188;0.058736;-0.203314;0.58974;0.781549;0.1951;0.781424;-0.331055;0.004028;0.983551;-0.180425;1.120699;0.692512;-0.794954;0.004028;0.983551;-0.180425;0.065298;0.724291;-0.645429;0.004028;0.983551;-0.180425;0.48993;0.611996;-0.126508;0.265603;0.894955;0.35844;1.120699;0.692512;-0.794954;0.265603;0.894955;0.35844;0.1951;0.781424;-0.331055;0.265603;0.894955;0.35844;0.065298;0.724291;-0.645429;-0.053591;-0.98413;-0.169103;1.120699;0.692512;-0.794954;-0.053591;-0.98413;-0.169103;0.48993;0.611996;-0.126508;-0.053591;-0.98413;-0.169103;0.065298;0.724291;-0.645429;0.393719;-0.777459;-0.490432;0.48993;0.611996;-0.126508;0.393719;-0.777459;-0.490432;-0.305726;0.092188;0.058736;0.393719;-0.777459;-0.490432;0.1951;0.781424;-0.331055;-0.740654;0.644856;0.188604;0.065298;0.724291;-0.645429;-0.740654;0.644856;0.188604;-0.305726;0.092188;0.058736;-0.740654;0.644856;0.188604;0.072778;0.547999;0.560911;-0.789483;0.59209;0.161534;0.091649;0.656497;0.255476;-0.789483;0.59209;0.161534;-0.381992;0.080253;0.052798;-0.789483;0.59209;0.161534;0.091649;0.656497;0.255476;-0.159581;0.898343;-0.409253;0.736415;0.891431;0.519725;-0.159581;0.898343;-0.409253;0.25584;0.58615;0.037026;-0.159581;0.898343;-0.409253;0.072778;0.547999;0.560911;-0.427625;0.859798;0.279;0.736415;0.891431;0.519725;-0.427625;0.859798;0.279;0.091649;0.656497;0.255476;-0.427625;0.859798;0.279;0.25584;0.58615;0.037026;0.462172;-0.881405;0.097293;0.736415;0.891431;0.519725;0.462172;-0.881405;0.097293;0.072778;0.547999;0.560911;0.462172;-0.881405;0.097293;0.25584;0.58615;0.037026;0.615894;-0.771569;0.159032;0.072778;0.547999;0.560911;0.615894;-0.771569;0.159032;-0.381992;0.080253;0.052798;0.615894;-0.771569;0.159032;0.091649;0.656497;0.255476;-0.512009;0.627247;-0.58684;0.25584;0.58615;0.037026;-0.512009;0.627247;-0.58684;-0.381992;0.080253;0.052798;-0.512009;0.627247;-0.58684;-0.623586;0.633691;0.589731;-0.548845;0.493027;-0.675008;-0.352562;0.724772;0.435882;-0.548845;0.493027;-0.675008;-0.411323;0.080417;0.013004;-0.548845;0.493027;-0.675008;-0.352562;0.724772;0.435882;0.258492;0.851955;-0.455275;0.020156;1.000296;1.163077;0.258492;0.851955;-0.455275;-0.080027;0.663131;0.475279;0.258492;0.851955;-0.455275;-0.623586;0.633691;0.589731;-0.38844;0.909879;-0.145634;0.020156;1.000296;1.163077;-0.38844;0.909879;-0.145634;-0.352562;0.724772;0.435882;-0.38844;0.909879;-0.145634;-0.080027;0.663131;0.475279;0.136967;-0.897183;0.419843;0.020156;1.000296;1.163077;0.136967;-0.897183;0.419843;-0.623586;0.633691;0.589731;0.136967;-0.897183;0.419843;-0.080027;0.663131;0.475279;0.187017;-0.673574;0.715018;-0.623586;0.633691;0.589731;0.187017;-0.673574;0.715018;-0.411323;0.080417;0.013004;0.187017;-0.673574;0.715018;-0.352562;0.724772;0.435882;0.236;0.518021;-0.822138;-0.080027;0.663131;0.475279;0.236;0.518021;-0.822138;-0.411323;0.080417;0.013004;0.236;0.518021;-0.822138;-1.067456;0.931658;1.754409;-0.3802;0.848445;0.368175;-1.165847;0.61468;2.383228;-0.3802;0.848445;0.368175;-0.735388;0.996789;1.947217;-0.3802;0.848445;0.368175;-0.735388;0.996789;1.947217;0.062624;0.719108;0.692038;-1.165847;0.61468;2.383228;0.062624;0.719108;0.692038;-0.381984;0.868357;2.048688;0.062624;0.719108;0.692038;-0.381984;0.868357;2.048688;0.103977;-0.894559;-0.434645;-1.165847;0.61468;2.383228;0.103977;-0.894559;-0.434645;-1.067456;0.931658;1.754409;0.103977;-0.894559;-0.434645;-0.381984;0.868357;2.048688;-0.174718;-0.964141;0.199591;-1.067456;0.931658;1.754409;-0.174718;-0.964141;0.199591;-1.122146;0.787959;1.012445;-0.174718;-0.964141;0.199591;0.081936;0.73998;1.261218;-0.162206;-0.750786;0.640278;-1.122146;0.787959;1.012445;-0.162206;-0.750786;0.640278;-0.162603;0.041423;0.38016;-0.162206;-0.750786;0.640278;-0.735388;0.996789;1.947217;0.325388;0.943602;0.060976;-0.381984;0.868357;2.048688;0.325388;0.943602;0.060976;-0.515087;0.977997;1.062745;0.325388;0.943602;0.060976;-1.067456;0.931658;1.754409;-0.158238;0.985534;-0.060335;-0.735388;0.996789;1.947217;-0.158238;0.985534;-0.060335;-0.515087;0.977997;1.062745;-0.158238;0.985534;-0.060335;-1.122146;0.787959;1.012445;-0.173528;0.729453;-0.661611;-0.515087;0.977997;1.062745;-0.173528;0.729453;-0.661611;-0.587946;0.098791;0.112491;-0.173528;0.729453;-0.661611;-0.515087;0.977997;1.062745;0.459304;0.629566;-0.626637;0.081936;0.73998;1.261218;0.459304;0.629566;-0.626637;-0.162603;0.041423;0.38016;0.459304;0.629566;-0.626637;0.825632;0.675611;-1.57211;0.546983;0.609943;-0.573321;0.699392;0.238041;-2.158071;0.546983;0.609943;-0.573321;0.488025;0.876713;-1.680264;0.546983;0.609943;-0.573321;0.488025;0.876713;-1.680264;0.132054;0.621418;-0.77224;0.699392;0.238041;-2.158071;0.132054;0.621418;-0.77224;0.088412;0.863399;-1.759319;0.132054;0.621418;-0.77224;0.088412;0.863399;-1.759319;-0.337474;-0.717917;0.608814;0.699392;0.238041;-2.158071;-0.337474;-0.717917;0.608814;0.825632;0.675611;-1.57211;-0.337474;-0.717917;0.608814;0.088412;0.863399;-1.759319;-0.225074;-0.970428;-0.087069;0.825632;0.675611;-1.57211;-0.225074;-0.970428;-0.087069;0.818519;0.608038;-0.800829;-0.225074;-0.970428;-0.087069;-0.396034;0.91663;-1.074694;-0.02823;-0.72338;-0.68984;0.818519;0.608038;-0.800829;-0.02823;-0.72338;-0.68984;-0.440842;0.080751;-0.196367;-0.02823;-0.72338;-0.68984;0.488025;0.876713;-1.680264;-0.017243;0.996582;-0.080599;0.088412;0.863399;-1.759319;-0.017243;0.996582;-0.080599;0.24319;0.936985;-0.882648;-0.017243;0.996582;-0.080599;0.825632;0.675611;-1.57211;0.489731;0.867733;0.08475;0.488025;0.876713;-1.680264;0.489731;0.867733;0.08475;0.24319;0.936985;-0.882648;0.489731;0.867733;0.08475;-1.702259;0.890359;-1.105138;-0.245552;0.800287;-0.546983;-2.35199;0.680117;-1.121038;-0.245552;0.800287;-0.546983;-1.886009;1.030854;-0.817083;-0.245552;0.800287;-0.546983;-1.886009;1.030854;-0.817083;-0.535417;0.83285;-0.140202;-2.35199;0.680117;-1.121038;-0.535417;0.83285;-0.140202;-2.064558;0.969535;-0.499531;-0.535417;0.83285;-0.140202;-2.064558;0.969535;-0.499531;0.288003;-0.912137;0.291543;-2.35199;0.680117;-1.121038;0.288003;-0.912137;0.291543;-1.702259;0.890359;-1.105138;0.288003;-0.912137;0.291543;-2.064558;0.969535;-0.499531;-0.208289;-0.978057;0.003235;-1.702259;0.890359;-1.105138;-0.208289;-0.978057;0.003235;-0.896208;0.719497;-0.861088;-0.208289;-0.978057;0.003235;-1.886009;1.030854;-0.817083;-0.00351;0.982208;0.187689;-2.064558;0.969535;-0.499531;-0.00351;0.982208;0.187689;-1.145113;0.945762;-0.357902;-0.00351;0.982208;0.187689;-1.702259;0.890359;-1.105138;0.27546;0.921506;-0.273721;-1.886009;1.030854;-0.817083;0.27546;0.921506;-0.273721;-1.145113;0.945762;-0.357902;0.27546;0.921506;-0.273721;1.627319;0.857705;0.989121;0.502945;0.857387;0.109165;2.279284;0.526707;0.585084;0.502945;0.857387;0.109165;1.638025;0.904622;0.571378;0.502945;0.857387;0.109165;1.638025;0.904622;0.571378;0.466048;0.775384;-0.426069;2.279284;0.526707;0.585084;0.466048;0.775384;-0.426069;1.572391;0.73559;0.191977;0.466048;0.775384;-0.426069;1.572391;0.73559;0.191977;-0.362987;-0.916959;0.165471;2.279284;0.526707;0.585084;-0.362987;-0.916959;0.165471;1.627319;0.857705;0.989121;-0.362987;-0.916959;0.165471;1.572391;0.73559;0.191977;0.12421;-0.982055;0.141881;1.627319;0.857705;0.989121;0.12421;-0.982055;0.141881;0.694878;0.739858;0.989826;0.12421;-0.982055;0.141881;1.638025;0.904622;0.571378;0.049104;0.909146;-0.413526;1.572391;0.73559;0.191977;0.049104;0.909146;-0.413526;0.835331;0.834579;0.322034;0.049104;0.909146;-0.413526;1.627319;0.857705;0.989121;-0.119602;0.986938;0.107761;1.638025;0.904622;0.571378;-0.119602;0.986938;0.107761;0.835331;0.834579;0.322034;-0.119602;0.986938;0.107761;0.835331;0.834579;0.322034;-0.579547;0.752159;0.313608;-0.305303;0.063869;0.062622;-0.579547;0.752159;0.313608;-0.162603;0.041423;0.38016;-0.579547;0.752159;0.313608;-0.305303;0.063869;0.062622;-0.170873;0.532029;-0.829279;0.835331;0.834579;0.322034;-0.170873;0.532029;-0.829279;0.031208;-0.078006;-0.097752;-0.170873;0.532029;-0.829279;0.818519;0.608038;-0.800829;0.212714;0.569536;0.793939;0.24319;0.936985;-0.882648;0.212714;0.569536;0.793939;0.031208;-0.078006;-0.097752;0.212714;0.569536;0.793939;0.24319;0.936985;-0.882648;-0.222755;0.711814;0.666066;-0.396034;0.91663;-1.074694;-0.222755;0.711814;0.666066;-0.440842;0.080751;-0.196367;-0.222755;0.711814;0.666066;-0.896208;0.719497;-0.861088;0.763909;0.638874;0.090579;-1.145113;0.945762;-0.357902;0.763909;0.638874;0.090579;-0.440842;0.080751;-0.196367;0.763909;0.638874;0.090579;0.081936;0.73998;1.261218;-0.064882;-0.990234;0.123173;-0.381984;0.868357;2.048688;-0.064882;-0.990234;0.123173;-1.122146;0.787959;1.012445;-0.064882;-0.990234;0.123173;-0.381984;0.868357;2.048688;0.353587;0.933714;0.056093;0.081936;0.73998;1.261218;0.353587;0.933714;0.056093;-0.515087;0.977997;1.062745;0.353587;0.933714;0.056093;-1.122146;0.787959;1.012445;-0.28251;0.945433;-0.162267;-1.067456;0.931658;1.754409;-0.28251;0.945433;-0.162267;-0.515087;0.977997;1.062745;-0.28251;0.945433;-0.162267;-0.515087;0.977997;1.062745;-0.028748;0.734794;-0.677633;-0.305303;0.063869;0.062622;-0.028748;0.734794;-0.677633;-0.587946;0.098791;0.112491;-0.028748;0.734794;-0.677633;-0.305303;0.063869;0.062622;0.788141;0.527573;-0.316904;-0.515087;0.977997;1.062745;0.788141;0.527573;-0.316904;-0.162603;0.041423;0.38016;0.788141;0.527573;-0.316904;-0.396034;0.91663;-1.074694;-0.22721;-0.970092;-0.08536;0.088412;0.863399;-1.759319;-0.22721;-0.970092;-0.08536;0.818519;0.608038;-0.800829;-0.22721;-0.970092;-0.08536;0.818519;0.608038;-0.800829;-0.072146;-0.672231;-0.736778;0.031208;-0.078006;-0.097752;-0.072146;-0.672231;-0.736778;-0.440842;0.080751;-0.196367;-0.072146;-0.672231;-0.736778;0.088412;0.863399;-1.759319;-0.006958;0.996551;-0.0824;-0.396034;0.91663;-1.074694;-0.006958;0.996551;-0.0824;0.24319;0.936985;-0.882648;-0.006958;0.996551;-0.0824;0.818519;0.608038;-0.800829;0.486038;0.870174;0.080691;0.825632;0.675611;-1.57211;0.486038;0.870174;0.080691;0.24319;0.936985;-0.882648;0.486038;0.870174;0.080691;-1.462095;0.822426;0.040468;-0.216407;-0.975982;-0.024415;-2.064558;0.969535;-0.499531;-0.216407;-0.975982;-0.024415;-0.896208;0.719497;-0.861088;-0.216407;-0.975982;-0.024415;-2.064558;0.969535;-0.499531;-0.018647;0.959197;0.282113;-1.462095;0.822426;0.040468;-0.018647;0.959197;0.282113;-1.145113;0.945762;-0.357902;-0.018647;0.959197;0.282113;-0.896208;0.719497;-0.861088;0.278512;0.919919;-0.275887;-1.702259;0.890359;-1.105138;0.278512;0.919919;-0.275887;-1.145113;0.945762;-0.357902;0.278512;0.919919;-0.275887;1.037333;0.557256;-0.275403;0.16245;-0.96942;0.183874;1.572391;0.73559;0.191977;0.16245;-0.96942;0.183874;0.694878;0.739858;0.989826;0.16245;-0.96942;0.183874;1.572391;0.73559;0.191977;0.050813;0.91232;-0.406293;1.037333;0.557256;-0.275403;0.050813;0.91232;-0.406293;0.835331;0.834579;0.322034;0.050813;0.91232;-0.406293;0.694878;0.739858;0.989826;-0.124485;0.985687;0.11362;1.627319;0.857705;0.989121;-0.124485;0.985687;0.11362;0.835331;0.834579;0.322034;-0.124485;0.985687;0.11362;0.24319;0.936985;-0.882648;0.531297;0.445998;0.720237;-0.305303;0.063869;0.062622;0.531297;0.445998;0.720237;0.031208;-0.078006;-0.097752;0.531297;0.445998;0.720237;-0.305303;0.063869;0.062622;-0.575304;0.739586;0.349284;0.24319;0.936985;-0.882648;-0.575304;0.739586;0.349284;-0.440842;0.080751;-0.196367;-0.575304;0.739586;0.349284;-1.145113;0.945762;-0.357902;0.755333;0.547838;-0.359569;-0.305303;0.063869;0.062622;0.755333;0.547838;-0.3596;-0.440842;0.080751;-0.196367;0.755333;0.547838;-0.359569;-1.122146;0.787959;1.012445;-0.372784;-0.830195;0.414441;-0.587946;0.098791;0.112491;-0.372784;-0.830195;0.414441;-0.162603;0.041423;0.38016;-0.372784;-0.830195;0.414441;-1.145113;0.945762;-0.357902;0.48674;0.646474;0.587451;-1.462095;0.822426;0.040468;0.48674;0.646474;0.587451;-0.587946;0.098791;0.112491;0.48674;0.646474;0.587451;-1.462095;0.822426;0.040468;-0.596271;-0.749016;-0.288736;-0.896208;0.719497;-0.861088;-0.596271;-0.749016;-0.288736;-0.587946;0.098791;0.112491;-0.596271;-0.749016;-0.288736;-0.305303;0.063869;0.062622;0.210517;0.57683;0.789239;-1.145113;0.945762;-0.357902;0.210517;0.57683;0.789239;-0.587946;0.098791;0.112491;0.210517;0.57683;0.789239;-0.896208;0.719497;-0.861088;-0.636799;-0.725516;-0.260903;-0.440842;0.080751;-0.196367;-0.636799;-0.725516;-0.260903;-0.587946;0.098791;0.112491;-0.636799;-0.725516;-0.260903;0.694878;0.739858;0.989826;-0.622791;0.782098;-0.020051;0.835331;0.834579;0.322034;-0.622791;0.782098;-0.020051;-0.162603;0.041423;0.38016;-0.622791;0.782098;-0.020051;0.835331;0.834579;0.322034;-0.524125;0.690878;-0.497909;1.037333;0.557256;-0.275403;-0.524125;0.690878;-0.497909;0.031208;-0.078006;-0.097752;-0.524125;0.690878;-0.497909;1.037333;0.557256;-0.275403;0.495773;-0.830439;0.254036;0.694878;0.739858;0.989826;0.495773;-0.830439;0.254036;-0.162603;0.041423;0.38016;0.495773;-0.830439;0.254036;0.031208;-0.078006;-0.097752;0.538377;-0.739921;0.403241;1.037333;0.557256;-0.275403;0.538377;-0.739921;0.403241;-0.162603;0.041423;0.38016;0.538377;-0.739921;0.403241
6
SPREADER;1;0.1;0.1;0.1;6;5;
MATERIAL;second;0;count;5;CUSTOM;0.282;0.376;0.227;2000;YELLOW_GREEN;20000;PALE_GREEN;80000;BEIGE;200000;DARK_ORANGE;1000000
INFO;NameId;280;DescId;281;price;3570;dpPerMin;0;range;2;placeSound;grassPlace
LIFE;averagePop;4.3;averageLife;14.0;popFactors;0;breedMat;7.0;breedTime;5.065867;parentId;108;chance;180;reqCount;2;MATERIAL;col;DARK_GREEN;TRANSFORM;size;1.1;FADE_DEATH;0.5;enviroReqCount;3;reqId;1;minAltitude;0;maxAltitude;60;influence;0.65;reqId;3;badBiomes;4;3;5;6;7;influence;0.8;reqId;2;barren;0;goodBiomes;2;1;8;ideal;40;influence;0.7
GROWTH;dynamic;0;growthTime;4.6666665;modelStages;3;subStages;2
FOOD;1;900;35;WHOLE;PARTICLE_DEATH;isColour;1;Spawn;0;PPS;8;Speed;0.6;Gravity;0.2;Life;0.5;Scale;0.05;Colour;1;1;1;Additive;0;Alpha;1;FadeIn;0.1;FadeOut;0.8;HasDir;1;Dir;0;1;0;Deviation;0.3;Offset;0;0;0;LifeError;0.4;ScaleError;0.1;SpeedError;0.1;RandomRot;1;HasXRot;0
