1.0
pts
0;1
3
-1.174113;-0.233316;-1.712437;0.435853;2.230815;0.22994;1
102;2
48;-1.0;0.0;0.0;0.1
0.435853;1.816108;-0.423609;-0.227;-0.0785;-0.9707;0.168653;1.003789;-0.295441;-0.227;-0.0785;-0.9707;-0.132688;2.007741;-0.30613;-0.227;-0.0785;-0.9707;-0.132688;2.007741;-0.30613;-0.708;-0.2053;0.6757;0.168653;1.003789;-0.295441;-0.708;-0.2053;0.6757;0.094994;1.999434;-0.07008;-0.708;-0.2053;0.6757;0.094994;1.999434;-0.07008;0.6857;-0.1121;0.7192;0.168653;1.003789;-0.295441;0.6857;-0.1121;0.7192;0.435853;1.816108;-0.423609;0.6857;-0.1121;0.7192;0.094994;1.999434;-0.07008;0.664;-0.1697;0.7282;0.435853;1.816108;-0.423609;0.664;-0.1697;0.7282;0.343972;2.131088;-0.266422;0.664;-0.1697;0.7282;-0.382596;1.897488;-1.0807;0.9127;0.4086;0.003;-0.531659;2.230815;-1.124161;0.9127;0.4086;0.003;-0.477917;2.106013;-0.471926;0.9127;0.4086;0.003;-0.382596;1.897488;-1.0807;0.9642;-0.1669;-0.206;-0.68543;0.639594;-1.479142;0.9642;-0.1669;-0.206;-0.484001;2.091207;-1.712437;0.9642;-0.1669;-0.206;-1.174113;1.901621;-1.420594;-0.3512;0.9042;-0.243;-0.531659;2.230815;-1.124161;-0.3512;0.9042;-0.243;-0.484001;2.091207;-1.712437;-0.3512;0.9042;-0.243;-0.484001;2.091207;-1.712437;-0.3646;-0.0982;-0.926;-0.68543;0.639594;-1.479142;-0.3646;-0.0982;-0.926;-1.174113;1.901621;-1.420594;-0.3646;-0.0982;-0.926;-0.477917;2.106013;-0.471926;0.1137;0.9775;0.1777;-0.531659;2.230815;-1.124161;0.1137;0.9775;0.1777;-1.075597;2.162453;-0.399809;0.1137;0.9775;0.1777;-1.174113;1.901621;-1.420594;-0.3881;-0.1921;0.9014;-0.68543;0.639594;-1.479142;-0.3881;-0.1921;0.9014;-0.382596;1.897488;-1.0807;-0.3881;-0.1921;0.9014;-0.382596;1.897488;-1.0807;-0.1151;-0.9597;0.2563;-1.075597;2.162453;-0.399809;-0.1151;-0.9597;0.2563;-1.174113;1.901621;-1.420594;-0.1151;-0.9597;0.2563;-0.132688;2.007741;-0.30613;-0.2623;0.9218;0.2855;0.094994;1.999434;-0.07008;-0.2623;0.9218;0.2855;0.343972;2.131088;-0.266422;-0.2623;0.9218;0.2855;0.435853;1.816108;-0.423609;-0.0383;0.4372;-0.8985;-0.132688;2.007741;-0.30613;-0.0383;0.4372;-0.8985;0.343972;2.131088;-0.266422;-0.0383;0.4372;-0.8985;-0.382596;1.897488;-1.0807;0.9137;0.4057;-0.0223;-0.484001;2.091207;-1.712437;0.9137;0.4057;-0.0223;-0.531659;2.230815;-1.124161;0.9137;0.4057;-0.0223;-1.174113;1.901621;-1.420594;-0.3743;0.9065;-0.1955;-1.075597;2.162453;-0.399809;-0.3743;0.9065;-0.1955;-0.531659;2.230815;-1.124161;-0.3743;0.9065;-0.1955;-0.382596;1.897488;-1.0807;-0.0513;-0.9472;0.3164;-0.477917;2.106013;-0.471926;-0.0513;-0.9472;0.3164;-1.075597;2.162453;-0.399809;-0.0513;-0.9472;0.3164
54;0.3931467;0.33384332;0.3072183;0.08
-0.834103;0.911153;0.040091;0.8448;0.2201;-0.4877;-0.517325;-0.233316;0.0722;0.8448;0.2201;-0.4877;-0.681535;-0.233316;-0.21222;0.8448;0.2201;-0.4877;-0.698026;1.050825;0.22994;0.0;-0.1219;0.9925;-0.845745;-0.233316;0.0722;0.0;-0.1219;0.9925;-0.517325;-0.233316;0.0722;0.0;-0.1219;0.9925;-0.97018;1.050825;0.22994;-0.8226;-0.0296;-0.5679;-0.610358;1.930147;-0.337073;-0.8226;-0.0296;-0.5679;-0.834103;0.911153;0.040091;-0.8226;-0.0296;-0.5679;-0.845745;-0.233316;0.0722;-0.866;-0.0052;-0.5;-0.834103;0.911153;0.040091;-0.866;-0.0052;-0.5;-0.681535;-0.233316;-0.21222;-0.866;-0.0052;-0.5;-0.610358;1.930147;-0.337073;-0.8519;-0.5153;-0.0939;-0.722439;2.0975;-0.23869;-0.8519;-0.5153;-0.0939;-0.593603;2.082892;-1.327131;-0.8519;-0.5153;-0.0939;-0.698026;1.050825;0.22994;0.0;0.4086;0.9127;-0.722439;2.0975;-0.23869;0.0;0.4086;0.9127;-0.97018;1.050825;0.22994;0.0;0.4086;0.9127;-0.698026;1.050825;0.22994;0.8537;-0.3397;-0.3948;-0.610358;1.930147;-0.337073;0.8537;-0.3397;-0.3948;-0.498277;2.0975;-0.23869;0.8537;-0.3397;-0.3948;-0.722439;2.0975;-0.23869;0.0;0.9999;-0.0134;-0.498277;2.0975;-0.23869;0.0;0.9999;-0.0134;-0.593603;2.082892;-1.327131;0.0;0.9999;-0.0134;-0.498277;2.0975;-0.23869;0.8468;-0.5277;-0.0671;-0.610358;1.930147;-0.337073;0.8468;-0.5277;-0.0671;-0.593603;2.082892;-1.327131;0.8468;-0.5277;-0.0671;-0.697882;1.5914;-0.183989;0.3747;-0.9108;-0.1735;0.321718;2.030414;-0.286785;0.3747;-0.9108;-0.1735;-0.671575;1.578794;-0.060975;0.3747;-0.9108;-0.1735;-0.671575;1.578794;-0.060975;0.0905;0.279;0.956;0.321718;2.030414;-0.286785;0.0905;0.279;0.956;-0.73709;1.723753;-0.097076;0.0905;0.279;0.956;-0.73709;1.723753;-0.097076;-0.285;0.4657;-0.8378;0.321718;2.030414;-0.286785;-0.285;0.4657;-0.8378;-0.697882;1.5914;-0.183989;-0.285;0.4657;-0.8378;-0.834103;0.911153;0.040091;0.73;0.1836;-0.6583;-0.698026;1.050825;0.22994;0.73;0.1836;-0.6583;-0.517325;-0.233316;0.0722;0.73;0.1836;-0.6583;-0.698026;1.050825;0.22994;0.0;-0.1219;0.9925;-0.97018;1.050825;0.22994;0.0;-0.1219;0.9925;-0.845745;-0.233316;0.0722;0.0;-0.1219;0.9925;-0.97018;1.050825;0.22994;-0.7474;-0.116;-0.6542;-0.722439;2.0975;-0.23869;-0.7474;-0.116;-0.6542;-0.610358;1.930147;-0.337073;-0.7474;-0.116;-0.6542;-0.845745;-0.233316;0.0722;-0.8155;-0.0079;-0.5787;-0.97018;1.050825;0.22994;-0.8155;-0.0079;-0.5787;-0.834103;0.911153;0.040091;-0.8155;-0.0079;-0.5787;-0.698026;1.050825;0.22994;0.0;0.4086;0.9127;-0.498277;2.0975;-0.23869;0.0;0.4086;0.9127;-0.722439;2.0975;-0.23869;0.0;0.4086;0.9127;-0.698026;1.050825;0.22994;0.8653;-0.3298;-0.3776;-0.834103;0.911153;0.040091;0.8653;-0.3298;-0.3776;-0.610358;1.930147;-0.337073;0.8653;-0.3298;-0.3776
-2.706851;-0.141877;-3.556617;3.990653;7.899105;2.138594;3;0;extraBounds;3;-3.02751;1.527266;-3.546879;-1.02751;4.656658;-1.967947;-1.972468;4.386772;-2.91399;3.562036;7.728701;1.389303;-0.349223;0.047258;-0.349223;0.349223;5.084933;0.349223
312;3
204;-1.0;0.0;0.0;0.04
0.927327;7.314325;-1.222206;-0.1914;0.2261;0.9551;0.228601;7.78407;-1.473442;-0.1914;0.2261;0.9551;0.356032;6.865738;-1.23055;-0.1914;0.2261;0.9551;0.228601;7.78407;-1.473442;-0.9784;-0.0861;0.1878;0.088378;7.734819;-2.226465;-0.9784;-0.0861;0.1878;0.356032;6.865738;-1.23055;-0.9784;-0.0861;0.1878;0.927327;7.314325;-1.222206;0.59;-0.7567;0.2815;0.356032;6.865738;-1.23055;0.59;-0.7567;0.2815;1.20162;7.122161;-2.313515;0.59;-0.7567;0.2815;0.228601;7.78407;-1.473442;0.3046;0.7601;0.574;0.927327;7.314325;-1.222206;0.3046;0.7601;0.574;1.171162;7.899105;-2.125906;0.3046;0.7601;0.574;0.088378;7.734819;-2.226465;0.0226;0.9973;-0.0694;0.228601;7.78407;-1.473442;0.0226;0.9973;-0.0694;0.526295;7.682987;-2.828364;0.0226;0.9973;-0.0694;0.356032;6.865738;-1.23055;-0.776;-0.5636;-0.2833;0.088378;7.734819;-2.226465;-0.776;-0.5636;-0.2833;0.563901;7.044249;-2.155111;-0.776;-0.5636;-0.2833;0.927327;7.314325;-1.222206;0.9687;-0.0217;0.2473;1.20162;7.122161;-2.313515;0.9687;-0.0217;0.2473;1.171162;7.899105;-2.125906;0.9687;-0.0217;0.2473;0.088378;7.734819;-2.226465;-0.705;-0.5337;-0.467;0.526295;7.682987;-2.828364;-0.705;-0.5337;-0.467;0.563901;7.044249;-2.155111;-0.705;-0.5337;-0.467;0.356032;6.865738;-1.23055;0.0772;-0.982;-0.1723;0.563901;7.044249;-2.155111;0.0772;-0.982;-0.1723;1.20162;7.122161;-2.313515;0.0772;-0.982;-0.1723;1.20162;7.122161;-2.313515;0.2657;-0.3443;0.9005;0.563901;7.044249;-2.155111;0.2657;-0.3443;0.9005;0.967125;5.807073;-2.747111;0.2657;-0.3443;0.9005;0.563901;7.044249;-2.155111;-0.9582;-0.2324;-0.167;0.526295;7.682987;-2.828364;-0.9582;-0.2324;-0.167;0.967125;5.807073;-2.747111;-0.9582;-0.2324;-0.167;0.526295;7.682987;-2.828364;-0.1993;0.973;-0.1164;0.228601;7.78407;-1.473442;-0.1993;0.973;-0.1164;1.171162;7.899105;-2.125906;-0.1993;0.973;-0.1164;1.171162;7.899105;-2.125906;0.9989;0.0303;0.0366;1.20162;7.122161;-2.313515;0.9989;0.0303;0.0366;1.22031;7.388332;-3.045085;0.9989;0.0303;0.0366;0.967125;5.807073;-2.747111;-0.3423;-0.1208;-0.9318;0.526295;7.682987;-2.828364;-0.3423;-0.1208;-0.9318;1.22031;7.388332;-3.045085;-0.3423;-0.1208;-0.9318;1.20162;7.122161;-2.313515;0.9858;-0.1644;-0.0346;0.967125;5.807073;-2.747111;0.9858;-0.1644;-0.0346;1.22031;7.388332;-3.045085;0.9858;-0.1644;-0.0346;0.526295;7.682987;-2.828364;0.219;0.8578;-0.465;1.171162;7.899105;-2.125906;0.219;0.8578;-0.465;1.22031;7.388332;-3.045085;0.219;0.8578;-0.465;-0.579563;4.065826;-1.549802;0.8207;-0.542;-0.1806;-1.135386;3.694642;-2.961816;0.8207;-0.542;-0.1806;-0.610456;4.260581;-2.274685;0.8207;-0.542;-0.1806;-1.135386;3.694642;-2.961816;0.9327;-0.0284;-0.3597;-0.579563;4.065826;-1.549802;0.9327;-0.0284;-0.3597;-0.713294;3.630783;-1.862215;0.9327;-0.0284;-0.3597;-0.610456;4.260581;-2.274685;0.7661;0.0658;-0.6394;-1.135386;3.694642;-2.961816;0.7661;0.0658;-0.6394;-1.192016;4.58723;-2.937872;0.7661;0.0658;-0.6394;-0.579563;4.065826;-1.549802;0.2494;0.9379;0.2413;-0.610456;4.260581;-2.274685;0.2494;0.9379;0.2413;-1.656266;4.566709;-2.383776;0.2494;0.9379;0.2413;-0.713294;3.630783;-1.862215;-0.5119;-0.3917;0.7645;-0.579563;4.065826;-1.549802;-0.5119;-0.3917;0.7645;-1.826524;3.427621;-2.711676;-0.5119;-0.3917;0.7645;-0.610456;4.260581;-2.274685;0.249;0.9374;0.2434;-1.192016;4.58723;-2.937872;0.249;0.9374;0.2434;-1.656266;4.566709;-2.383776;0.249;0.9374;0.2434;-0.579563;4.065826;-1.549802;0.0039;0.8595;0.5111;-1.656266;4.566709;-2.383776;0.0039;0.8595;0.5111;-1.880111;4.308809;-1.948383;0.0039;0.8595;0.5111;-0.579563;4.065826;-1.549802;-0.3328;-0.6289;0.7027;-1.880111;4.308809;-1.948383;-0.3328;-0.6289;0.7027;-1.826524;3.427621;-2.711676;-0.3328;-0.6289;0.7027;-0.713294;3.630783;-1.862215;0.301;-0.9383;-0.17;-1.826524;3.427621;-2.711676;0.301;-0.9383;-0.17;-1.135386;3.694642;-2.961816;0.301;-0.9383;-0.17;-1.656266;4.566709;-2.383776;-0.2911;0.9335;-0.2093;-1.192016;4.58723;-2.937872;-0.2911;0.9335;-0.2093;-2.122271;4.178029;-3.469186;-0.2911;0.9335;-0.2093;-1.192016;4.58723;-2.937872;0.5095;0.0554;-0.8587;-1.135386;3.694642;-2.961816;0.5095;0.0554;-0.8587;-2.046728;2.856037;-3.556617;0.5095;0.0554;-0.8587;-1.135386;3.694642;-2.961816;0.4162;-0.2613;0.871;-1.826524;3.427621;-2.711676;0.4162;-0.2613;0.871;-2.251165;1.461014;-3.098689;0.4162;-0.2613;0.871;-1.826524;3.427621;-2.711676;0.8337;-0.3317;0.4415;-1.880111;4.308809;-1.948383;0.8337;-0.3317;0.4415;-2.438354;1.820299;-2.763885;0.8337;-0.3317;0.4415;-1.880111;4.308809;-1.948383;-0.5171;0.8262;0.2236;-1.656266;4.566709;-2.383776;-0.5171;0.8262;0.2236;-2.706851;3.997638;-2.710451;-0.5171;0.8262;0.2236;-1.880111;4.308809;-1.948383;-0.654;-0.0991;0.75;-2.706851;3.997638;-2.710451;-0.654;-0.0991;0.75;-2.438354;1.820299;-2.763885;-0.654;-0.0991;0.75;-2.706851;3.997638;-2.710451;-0.4411;0.8882;-0.1287;-1.656266;4.566709;-2.383776;-0.4411;0.8882;-0.1287;-2.122271;4.178029;-3.469186;-0.4411;0.8882;-0.1287;-1.192016;4.58723;-2.937872;0.4658;0.0849;-0.8808;-2.046728;2.856037;-3.556617;0.4658;0.0849;-0.8808;-2.122271;4.178029;-3.469186;0.4658;0.0849;-0.8808;-1.135386;3.694642;-2.961816;0.7039;-0.3125;-0.6379;-2.251165;1.461014;-3.098689;0.7039;-0.3125;-0.6379;-2.046728;2.856037;-3.556617;0.7039;-0.3125;-0.6379;-1.826524;3.427621;-2.711676;0.6779;-0.2801;0.6797;-2.438354;1.820299;-2.763885;0.6779;-0.2801;0.6797;-2.251165;1.461014;-3.098689;0.6779;-0.2801;0.6797;-2.438354;1.820299;-2.763885;-0.7801;-0.081;-0.6203;-2.706851;3.997638;-2.710451;-0.7801;-0.081;-0.6203;-2.122271;4.178029;-3.469186;-0.7801;-0.081;-0.6203;-2.046728;2.856037;-3.556617;-0.8883;-0.0204;-0.4588;-2.251165;1.461014;-3.098689;-0.8883;-0.0204;-0.4588;-2.122271;4.178029;-3.469186;-0.8883;-0.0204;-0.4588;-2.251165;1.461014;-3.098689;-0.8826;-0.0222;-0.4697;-2.438354;1.820299;-2.763885;-0.8826;-0.0222;-0.4697;-2.122271;4.178029;-3.469186;-0.8826;-0.0222;-0.4697;2.60557;6.325833;-0.783882;-0.6265;-0.2333;-0.7436;1.750882;6.697906;-0.180502;-0.6265;-0.2333;-0.7436;2.534742;7.023965;-0.943215;-0.6265;-0.2333;-0.7436;3.990653;6.684103;-0.53632;0.2214;-0.1956;-0.9554;2.60557;6.325833;-0.783882;0.2214;-0.1956;-0.9554;2.534742;7.023965;-0.943215;0.2214;-0.1956;-0.9554;3.385573;6.885811;0.295927;0.5638;0.7969;0.2168;3.990653;6.684103;-0.53632;0.5638;0.7969;0.2168;3.357038;7.112053;-0.461586;0.5638;0.7969;0.2168;2.120517;7.285516;-0.172938;0.0666;0.9552;-0.2885;3.357038;7.112053;-0.461586;0.0666;0.9552;-0.2885;2.534742;7.023965;-0.943215;0.0666;0.9552;-0.2885;3.000141;6.143677;0.16691;0.2883;-0.9112;-0.2942;2.60557;6.325833;-0.783882;0.2883;-0.9112;-0.2942;3.990653;6.684103;-0.53632;0.2883;-0.9112;-0.2942;2.120517;7.285516;-0.172938;0.196;0.9416;0.2738;3.385573;6.885811;0.295927;0.196;0.9416;0.2738;3.357038;7.112053;-0.461586;0.196;0.9416;0.2738;3.000141;6.143677;0.16691;-0.4037;-0.9148;-0.0077;1.750882;6.697906;-0.180502;-0.4037;-0.9148;-0.0077;2.60557;6.325833;-0.783882;-0.4037;-0.9148;-0.0077;1.750882;6.697906;-0.180502;-0.7111;0.4542;-0.5366;2.120517;7.285516;-0.172938;-0.7111;0.4542;-0.5366;2.534742;7.023965;-0.943215;-0.7111;0.4542;-0.5366;3.385573;6.885811;0.295927;-0.2773;-0.023;0.9605;1.750882;6.697906;-0.180502;-0.2773;-0.023;0.9605;3.000141;6.143677;0.16691;-0.2773;-0.023;0.9605;1.750882;6.697906;-0.180502;-0.2939;0.1727;0.9401;3.385573;6.885811;0.295927;-0.2939;0.1727;0.9401;2.120517;7.285516;-0.172938;-0.2939;0.1727;0.9401;3.357038;7.112053;-0.461586;0.342;0.6283;-0.6988;3.990653;6.684103;-0.53632;0.342;0.6283;-0.6988;2.534742;7.023965;-0.943215;0.342;0.6283;-0.6988;3.990653;6.684103;-0.53632;0.8162;0.1004;0.569;3.385573;6.885811;0.295927;0.8162;0.1004;0.569;3.772989;4.467037;0.167063;0.8162;0.1004;0.569;3.990653;6.684103;-0.53632;-0.4811;-0.2218;-0.8481;3.772989;4.467037;0.167063;-0.4811;-0.2218;-0.8481;3.000141;6.143677;0.16691;-0.4811;-0.2218;-0.8481;3.000141;6.143677;0.16691;-0.1741;-0.0802;0.9815;3.772989;4.467037;0.167063;-0.1741;-0.0802;0.9815;3.385573;6.885811;0.295927;-0.1741;-0.0802;0.9815;-0.324108;4.310986;1.282922;-0.4189;-0.1073;0.9017;-0.175413;5.179585;1.455405;-0.4189;-0.1073;0.9017;-0.607592;5.449334;1.286741;-0.4189;-0.1073;0.9017;-1.065742;5.814218;0.694584;-0.4749;0.7468;0.4656;-1.436935;5.377431;1.016577;-0.4749;0.7468;0.4656;-0.590738;5.832565;1.149675;-0.4749;0.7468;0.4656;-0.590738;5.832565;1.149675;-0.151;0.3388;0.9287;-0.607592;5.449334;1.286741;-0.151;0.3388;0.9287;-0.175413;5.179585;1.455405;-0.151;0.3388;0.9287;-0.587695;5.426139;0.642173;0.2496;-0.3996;-0.8821;-1.283539;4.163888;1.017075;0.2496;-0.3996;-0.8821;-1.33394;4.935881;0.653112;0.2496;-0.3996;-0.8821;-0.587695;5.426139;0.642173;0.2084;-0.9772;0.0416;-0.607592;5.449334;1.286741;0.2084;-0.9772;0.0416;-1.202677;5.331262;1.494034;0.2084;-0.9772;0.0416;-0.587695;5.426139;0.642173;0.8831;-0.0587;-0.4655;-0.175413;5.179585;1.455405;0.8831;-0.0587;-0.4655;-0.324108;4.310986;1.282922;0.8831;-0.0587;-0.4655;-1.33394;4.935881;0.653112;-0.984;-0.1244;-0.1277;-1.283539;4.163888;1.017075;-0.984;-0.1244;-0.1277;-1.436935;5.377431;1.016577;-0.984;-0.1244;-0.1277;-0.607592;5.449334;1.286741;0.2557;0.3156;0.9138;-0.590738;5.832565;1.149675;0.2557;0.3156;0.9138;-1.202677;5.331262;1.494034;0.2557;0.3156;0.9138;-0.587695;5.426139;0.642173;0.493;0.6805;-0.542;-1.065742;5.814218;0.694584;0.493;0.6805;-0.542;-0.590738;5.832565;1.149675;0.493;0.6805;-0.542;-1.202677;5.331262;1.494034;-0.8963;-0.1131;0.4288;-1.436935;5.377431;1.016577;-0.8963;-0.1131;0.4288;-1.283539;4.163888;1.017075;-0.8963;-0.1131;0.4288;-0.587695;5.426139;0.642173;-0.0569;0.0644;-0.9963;-1.33394;4.935881;0.653112;-0.0569;0.0644;-0.9963;-1.065742;5.814218;0.694584;-0.0569;0.0644;-0.9963;-0.607592;5.449334;1.286741;-0.9702;-0.2415;-0.0213;-0.587695;5.426139;0.642173;-0.9702;-0.2415;-0.0213;-0.324108;4.310986;1.282922;-0.9702;-0.2415;-0.0213;-1.065742;5.814218;0.694584;-0.7915;0.2676;-0.5494;-1.33394;4.935881;0.653112;-0.7915;0.2676;-0.5494;-1.436935;5.377431;1.016577;-0.7915;0.2676;-0.5494;-0.587695;5.426139;0.642173;0.7935;-0.2765;0.5421;-1.202677;5.331262;1.494034;0.7935;-0.2765;0.5421;-1.283539;4.163888;1.017075;0.7935;-0.2765;0.5421;-0.587695;5.426139;0.642173;0.8607;0.3999;-0.3151;-0.590738;5.832565;1.149675;0.8607;0.3999;-0.3151;-0.175413;5.179585;1.455405;0.8607;0.3999;-0.3151;-1.202677;5.331262;1.494034;-0.4874;0.8133;0.3178;-0.590738;5.832565;1.149675;-0.4874;0.8133;0.3178;-1.436935;5.377431;1.016577;-0.4874;0.8133;0.3178
90;0.3931467;0.33384332;0.3072183;0.02
-2.174387;3.730121;-3.490833;0.634;-0.6783;-0.3714;0.402323;4.284207;-0.104278;0.634;-0.6783;-0.3714;0.273861;4.090238;0.03066;0.634;-0.6783;-0.3714;-2.174387;3.730121;-3.490833;-0.7867;-0.2348;0.571;0.273861;4.090238;0.03066;-0.7867;-0.2348;0.571;0.207195;4.301529;0.025677;-0.7867;-0.2348;0.571;-2.174387;3.730121;-3.490833;-0.0132;0.9883;-0.1516;0.207195;4.301529;0.025677;-0.0132;0.9883;-0.1516;0.402323;4.284207;-0.104278;-0.0132;0.9883;-0.1516;0.311935;4.718858;-0.372546;0.6372;0.6868;-0.3497;-0.350173;5.678211;0.305063;0.6372;0.6868;-0.3497;0.405811;4.695204;-0.247925;0.6372;0.6868;-0.3497;-0.350173;5.678211;0.305063;0.1529;-0.3926;0.9069;0.259654;4.635712;-0.249031;0.1529;-0.3926;0.9069;0.405811;4.695204;-0.247925;0.1529;-0.3926;0.9069;-0.52509;5.729354;0.143272;-0.8989;-0.2039;-0.3879;-0.530052;5.518616;0.265554;-0.8989;-0.2039;-0.3879;-1.269893;5.216714;2.138594;-0.8989;-0.2039;-0.3879;-0.530052;5.518616;0.265554;-0.754;-0.3508;-0.5553;0.311935;4.718858;-0.372546;-0.754;-0.3508;-0.5553;0.259654;4.635712;-0.249031;-0.754;-0.3508;-0.5553;-0.530052;5.518616;0.265554;0.6416;-0.7557;0.1316;-0.350173;5.678211;0.305063;0.6416;-0.7557;0.1316;-1.269893;5.216714;2.138594;0.6416;-0.7557;0.1316;-0.350173;5.678211;0.305063;0.0392;0.9642;0.2624;-0.52509;5.729354;0.143272;0.0392;0.9642;0.2624;-1.269893;5.216714;2.138594;0.0392;0.9642;0.2624;0.173296;-0.141877;0.290326;-0.9486;-0.0158;-0.3162;0.202646;3.44177;0.023118;-0.9486;-0.0158;-0.3162;0.353711;-0.141877;-0.250918;-0.9486;-0.0158;-0.3162;0.71454;-0.141877;0.109911;0.3161;-0.0323;0.9482;0.384382;3.495536;0.343697;0.3161;-0.0323;0.9482;0.173296;-0.141877;0.290326;0.3161;-0.0323;0.9482;0.353711;-0.141877;-0.250918;0.7046;0.0836;-0.7046;0.202646;3.44177;0.023118;0.7046;0.0836;-0.7046;0.71454;-0.141877;0.109911;0.7046;0.0836;-0.7046;0.173296;-0.141877;0.290326;0.0943;-0.0201;0.9953;0.384382;3.495536;0.343697;0.0943;-0.0201;0.9953;0.076028;3.779439;0.378641;0.0943;-0.0201;0.9953;0.384382;3.495536;0.343697;0.4317;0.3675;0.8238;0.727523;7.763945;-1.740146;0.4317;0.3675;0.8238;0.076028;3.779439;0.378641;0.4317;0.3675;0.8238;0.076028;3.779439;0.378641;-0.9467;-0.0163;-0.3217;0.727523;7.763945;-1.740146;-0.9467;-0.0163;-0.3217;0.202646;3.44177;0.023118;-0.9467;-0.0163;-0.3217;1.179661;6.726911;-5.73E-4;0.1934;0.0188;0.9809;1.196464;6.554017;-5.73E-4;0.1934;0.0188;0.9809;3.062446;6.564778;-0.368586;0.1934;0.0188;0.9809;0.4691;5.427361;-0.766686;0.8813;-0.3649;-0.3001;1.196464;6.554017;-5.73E-4;0.8813;-0.3649;-0.3001;0.489776;5.357367;-0.620875;0.8813;-0.3649;-0.3001;1.196464;6.554017;-5.73E-4;-0.4095;-0.2175;0.886;0.387867;5.483631;-0.636985;-0.4095;-0.2175;0.886;0.489776;5.357367;-0.620875;-0.4095;-0.2175;0.886;1.188062;6.640463;-0.151009;-0.023;0.8663;-0.4991;1.179661;6.726911;-5.73E-4;-0.023;0.8663;-0.4991;3.062446;6.564778;-0.368586;-0.023;0.8663;-0.4991;1.196464;6.554017;-5.73E-4;-0.0921;-0.8656;-0.4922;1.188062;6.640463;-0.151009;-0.0921;-0.8656;-0.4922;3.062446;6.564778;-0.368586;-0.0921;-0.8656;-0.4922;0.387867;5.483631;-0.636985;-0.5237;0.6114;-0.5932;1.188062;6.640463;-0.151009;-0.5237;0.6114;-0.5932;0.4691;5.427361;-0.766686;-0.5237;0.6114;-0.5932;0.173296;-0.141877;0.290326;-0.9467;-0.0162;-0.3217;0.076028;3.779439;0.378641;-0.9467;-0.0162;-0.3217;0.202646;3.44177;0.023118;-0.9467;-0.0162;-0.3217;0.384382;3.495536;0.343697;0.8542;-0.282;-0.4369;0.202646;3.44177;0.023118;0.8542;-0.282;-0.4369;0.727523;7.763945;-1.740146;0.8542;-0.282;-0.4369;0.71454;-0.141877;0.109911;0.8566;0.1102;-0.5041;0.202646;3.44177;0.023118;0.8566;0.1102;-0.5041;0.384382;3.495536;0.343697;0.8566;0.1102;-0.5041;0.4691;5.427361;-0.766686;0.8821;-0.3854;-0.2707;1.188062;6.640463;-0.151009;0.8821;-0.3854;-0.2707;1.196464;6.554017;-5.73E-4;0.8821;-0.3854;-0.2707;1.196464;6.554017;-5.73E-4;-0.5711;-0.0555;0.819;1.179661;6.726911;-5.73E-4;-0.5711;-0.0555;0.819;0.387867;5.483631;-0.636985;-0.5711;-0.0555;0.819;0.387867;5.483631;-0.636985;-0.6673;0.6291;-0.3988;1.179661;6.726911;-5.73E-4;-0.6673;0.6291;-0.3988;1.188062;6.640463;-0.151009;-0.6673;0.6291;-0.3988;0.311935;4.718858;-0.372546;0.5862;0.6967;-0.4135;-0.52509;5.729354;0.143272;0.5862;0.6967;-0.4135;-0.350173;5.678211;0.305063;0.5862;0.6967;-0.4135;-0.350173;5.678211;0.305063;0.1504;-0.394;0.9067;-0.530052;5.518616;0.265554;0.1504;-0.394;0.9067;0.259654;4.635712;-0.249031;0.1504;-0.394;0.9067;-0.530052;5.518616;0.265554;-0.7465;-0.3207;-0.583;-0.52509;5.729354;0.143272;-0.7465;-0.3207;-0.583;0.311935;4.718858;-0.372546;-0.7465;-0.3207;-0.583
18;0.53760076;0.5779625;0.41790125;0.03
1.32303;4.792896;0.088772;-0.3935;0.0657;0.917;1.359516;6.62767;-0.026941;-0.3935;0.0657;0.917;1.245188;6.565137;-0.07152;-0.3935;0.0657;0.917;1.32303;4.792896;0.088772;0.9996;-0.0211;-0.0194;1.357614;6.65142;-0.151025;0.9996;-0.0211;-0.0194;1.359516;6.62767;-0.026941;0.9996;-0.0211;-0.0194;1.32303;4.792896;0.088772;-0.5225;-0.0995;-0.8468;1.245188;6.565137;-0.07152;-0.5225;-0.0995;-0.8468;1.357614;6.65142;-0.151025;-0.5225;-0.0995;-0.8468;-0.699105;4.034346;-1.372938;-0.6627;-0.0567;0.7468;-0.691547;2.536996;-1.479949;-0.6627;-0.0567;0.7468;-0.593904;4.020602;-1.280627;-0.6627;-0.0567;0.7468;-0.593904;4.020602;-1.280627;0.9845;-0.0854;0.1532;-0.691547;2.536996;-1.479949;0.9845;-0.0854;0.1532;-0.576987;3.987515;-1.407748;0.9845;-0.0854;0.1532;-0.576987;3.987515;-1.407748;-0.2494;0.0678;-0.966;-0.691547;2.536996;-1.479949;-0.2494;0.0678;-0.966;-0.699105;4.034346;-1.372938;-0.2494;0.0678;-0.966
-5.650373;-0.02419;-7.062999;6.438377;14.120945;3.385276;1.66666666;0;extraBounds;4;-3.052334;6.553269;0.098745;-0.739888;10.104605;2.672194;-1.028633;7.547586;-5.999697;6.442191;13.511509;0.904768;-5.562082;0.93435;-7.141687;-1.26315;8.559314;-2.822459;-0.579537;0.021464;-0.638238;0.342713;9.160675;0.502911
516;3
294;-1.0;0.0;0.0;0.023
-0.472824;12.962577;-2.518543;0.0826;0.6429;0.7615;1.063941;12.882501;-2.617679;0.0826;0.6429;0.7615;0.338842;14.098775;-3.565948;0.0826;0.6429;0.7615;1.063941;12.882501;-2.617679;0.0715;0.151;0.9859;-0.472824;12.962577;-2.518543;0.0715;0.151;0.9859;0.070306;11.655169;-2.357697;0.0715;0.151;0.9859;-0.472824;12.962577;-2.518543;-0.6422;0.7145;0.2774;0.338842;14.098775;-3.565948;-0.6422;0.7145;0.2774;-1.203755;12.751017;-3.665705;-0.6422;0.7145;0.2774;-0.472824;12.962577;-2.518543;-0.7916;-0.2609;0.5525;-1.203755;12.751017;-3.665705;-0.7916;-0.2609;0.5525;0.070306;11.655169;-2.357697;-0.7916;-0.2609;0.5525;1.063941;12.882501;-2.617679;0.7539;-0.5273;0.392;0.070306;11.655169;-2.357697;0.7539;-0.5273;0.392;1.288233;12.161384;-4.01908;0.7539;-0.5273;0.392;0.338842;14.098775;-3.565948;0.4242;0.7004;0.574;1.063941;12.882501;-2.617679;0.4242;0.7004;0.574;1.428856;13.671302;-3.849958;0.4242;0.7004;0.574;-1.203755;12.751017;-3.665705;-0.658;0.753;0.0027;0.338842;14.098775;-3.565948;-0.658;0.753;0.0027;-0.451603;13.415112;-5.520824;-0.658;0.753;0.0027;0.070306;11.655169;-2.357697;-0.6036;-0.7936;-0.0769;-1.203755;12.751017;-3.665705;-0.6036;-0.7936;-0.0769;0.427581;11.622418;-4.824653;-0.6036;-0.7936;-0.0769;1.063941;12.882501;-2.617679;0.9701;-0.1143;0.2141;1.288233;12.161384;-4.01908;0.9701;-0.1143;0.2141;1.428856;13.671302;-3.849958;0.9701;-0.1143;0.2141;-1.203755;12.751017;-3.665705;-0.7033;-0.5292;-0.4746;-0.451603;13.415112;-5.520824;-0.7033;-0.5292;-0.4746;0.427581;11.622418;-4.824653;-0.7033;-0.5292;-0.4746;0.070306;11.655169;-2.357697;0.474;-0.8769;0.0803;0.427581;11.622418;-4.824653;0.474;-0.8769;0.0803;1.288233;12.161384;-4.01908;0.474;-0.8769;0.0803;0.338842;14.098775;-3.565948;0.4189;0.8413;0.3415;1.428856;13.671302;-3.849958;0.4189;0.8413;0.3415;1.459883;14.120945;-4.995782;0.4189;0.8413;0.3415;1.428856;13.671302;-3.849958;0.4326;-0.14;0.8907;1.288233;12.161384;-4.01908;0.4326;-0.14;0.8907;1.966121;11.375263;-4.471902;0.4326;-0.14;0.8907;1.288233;12.161384;-4.01908;-0.5128;-0.3517;0.7832;0.427581;11.622418;-4.824653;-0.5128;-0.3517;0.7832;1.519109;7.919122;-5.772898;-0.5128;-0.3517;0.7832;0.427581;11.622418;-4.824653;-0.847;-0.2291;0.4797;-0.451603;13.415112;-5.520824;-0.847;-0.2291;0.4797;0.906609;7.246402;-6.06847;-0.847;-0.2291;0.4797;-0.451603;13.415112;-5.520824;-0.6117;0.7905;-0.0291;0.338842;14.098775;-3.565948;-0.6117;0.7905;-0.0291;0.422708;14.09338;-5.47472;-0.6117;0.7905;-0.0291;-0.451603;13.415112;-5.520824;-0.0137;0.0854;-0.9963;0.422708;14.09338;-5.47472;-0.0137;0.0854;-0.9963;0.906609;7.246402;-6.06847;-0.0137;0.0854;-0.9963;0.422708;14.09338;-5.47472;-0.0248;0.9997;-0.0039;0.338842;14.098775;-3.565948;-0.0248;0.9997;-0.0039;1.459883;14.120945;-4.995782;-0.0248;0.9997;-0.0039;1.428856;13.671302;-3.849958;0.9743;0.1996;0.1047;1.966121;11.375263;-4.471902;0.9743;0.1996;0.1047;1.459883;14.120945;-4.995782;0.9743;0.1996;0.1047;1.288233;12.161384;-4.01908;0.1835;-0.367;0.9119;1.519109;7.919122;-5.772898;0.1835;-0.367;0.9119;1.966121;11.375263;-4.471902;0.1835;-0.367;0.9119;0.427581;11.622418;-4.824653;-0.1441;-0.2851;0.9476;0.906609;7.246402;-6.06847;-0.1441;-0.2851;0.9476;1.519109;7.919122;-5.772898;-0.1441;-0.2851;0.9476;1.459883;14.120945;-4.995782;0.9725;0.1444;-0.1828;1.966121;11.375263;-4.471902;0.9725;0.1444;-0.1828;1.510768;12.526158;-5.985371;0.9725;0.1444;-0.1828;0.906609;7.246402;-6.06847;-0.3575;0.0556;-0.9323;0.422708;14.09338;-5.47472;-0.3575;0.0556;-0.9323;1.510768;12.526158;-5.985371;-0.3575;0.0556;-0.9323;1.966121;11.375263;-4.471902;0.955;-0.0119;-0.2964;1.519109;7.919122;-5.772898;0.955;-0.0119;-0.2964;1.510768;12.526158;-5.985371;0.955;-0.0119;-0.2964;0.422708;14.09338;-5.47472;0.3516;0.5017;-0.7904;1.459883;14.120945;-4.995782;0.3516;0.5017;-0.7904;1.510768;12.526158;-5.985371;0.3516;0.5017;-0.7904;1.519109;7.919122;-5.772898;0.4694;-0.0398;-0.8821;0.906609;7.246402;-6.06847;0.4694;-0.0398;-0.8821;1.510768;12.526158;-5.985371;0.4694;-0.0398;-0.8821;-1.080924;6.312682;-3.516029;0.8115;-0.1339;-0.5689;-3.142765;6.18687;-6.427572;0.8115;-0.1339;-0.5689;-1.562921;7.340474;-4.445461;0.8115;-0.1339;-0.5689;-3.142765;6.18687;-6.427572;0.69;-0.555;-0.4647;-1.080924;6.312682;-3.516029;0.69;-0.555;-0.4647;-1.751012;5.626073;-3.691047;0.69;-0.555;-0.4647;-1.080924;6.312682;-3.516029;0.6946;0.6337;0.3405;-1.562921;7.340474;-4.445461;0.6946;0.6337;0.3405;-1.931907;6.819408;-2.723248;0.6946;0.6337;0.3405;-1.080924;6.312682;-3.516029;0.3691;-0.551;0.7484;-1.931907;6.819408;-2.723248;0.3691;-0.551;0.7484;-1.751012;5.626073;-3.691047;0.3691;-0.551;0.7484;-1.562921;7.340474;-4.445461;0.8097;-0.438;-0.3905;-3.142765;6.18687;-6.427572;0.8097;-0.438;-0.3905;-2.659391;7.476104;-6.871528;0.8097;-0.438;-0.3905;-1.931907;6.819408;-2.723248;0.369;0.8647;0.3407;-1.562921;7.340474;-4.445461;0.369;0.8647;0.3407;-3.661469;8.495414;-5.104196;0.369;0.8647;0.3407;-1.751012;5.626073;-3.691047;-0.5271;-0.5821;0.6192;-1.931907;6.819408;-2.723248;-0.5271;-0.5821;0.6192;-3.787128;5.816978;-5.244725;-0.5271;-0.5821;0.6192;-1.562921;7.340474;-4.445461;0.5181;0.8345;-0.1875;-2.659391;7.476104;-6.871528;0.5181;0.8345;-0.1875;-3.661469;8.495414;-5.104196;0.5181;0.8345;-0.1875;-1.931907;6.819408;-2.723248;-0.0836;0.7853;0.6135;-3.661469;8.495414;-5.104196;-0.0836;0.7853;0.6135;-4.467916;7.428686;-3.84865;-0.0836;0.7853;0.6135;-1.931907;6.819408;-2.723248;-0.4259;-0.6884;0.5871;-4.467916;7.428686;-3.84865;-0.4259;-0.6884;0.5871;-3.787128;5.816978;-5.244725;-0.4259;-0.6884;0.5871;-1.751012;5.626073;-3.691047;0.0986;-0.9638;-0.2477;-3.787128;5.816978;-5.244725;0.0986;-0.9638;-0.2477;-3.142765;6.18687;-6.427572;0.0986;-0.9638;-0.2477;-3.661469;8.495414;-5.104196;0.1767;0.8927;-0.4146;-2.659391;7.476104;-6.871528;0.1767;0.8927;-0.4146;-4.435547;7.766642;-7.003046;0.1767;0.8927;-0.4146;-2.659391;7.476104;-6.871528;0.8934;-0.4032;-0.1982;-3.142765;6.18687;-6.427572;0.8934;-0.4032;-0.1982;-4.189883;4.179241;-7.062999;0.8934;-0.4032;-0.1982;-3.142765;6.18687;-6.427572;0.8818;-0.242;0.4047;-3.787128;5.816978;-5.244725;0.8818;-0.242;0.4047;-4.563802;0.891171;-6.497184;0.8818;-0.242;0.4047;-3.787128;5.816978;-5.244725;0.6937;-0.2813;0.663;-4.467916;7.428686;-3.84865;0.6937;-0.2813;0.663;-4.906172;1.54831;-5.884821;0.6937;-0.2813;0.663;-4.467916;7.428686;-3.84865;-0.3946;0.8097;0.4344;-3.661469;8.495414;-5.104196;-0.3946;0.8097;0.4344;-5.650373;7.7218;-5.468969;-0.3946;0.8097;0.4344;-4.467916;7.428686;-3.84865;-0.8118;-0.1361;0.5678;-5.650373;7.7218;-5.468969;-0.8118;-0.1361;0.5678;-4.906172;1.54831;-5.884821;-0.8118;-0.1361;0.5678;-5.650373;7.7218;-5.468969;-0.3173;0.9214;-0.2243;-3.661469;8.495414;-5.104196;-0.3173;0.9214;-0.2243;-4.435547;7.766642;-7.003046;-0.3173;0.9214;-0.2243;-2.659391;7.476104;-6.871528;0.0774;0.022;-0.9968;-4.189883;4.179241;-7.062999;0.0774;0.022;-0.9968;-4.435547;7.766642;-7.003046;0.0774;0.022;-0.9968;-3.142765;6.18687;-6.427572;0.7531;-0.1938;-0.6287;-4.563802;0.891171;-6.497184;0.7531;-0.1938;-0.6287;-4.189883;4.179241;-7.062999;0.7531;-0.1938;-0.6287;-3.787128;5.816978;-5.244725;0.6783;-0.2797;0.6794;-4.906172;1.54831;-5.884821;0.6783;-0.2797;0.6794;-4.563802;0.891171;-6.497184;0.6783;-0.2797;0.6794;-4.435547;7.766642;-7.003046;-0.3021;-0.0048;-0.9533;-4.189883;4.179241;-7.062999;-0.3021;-0.0048;-0.9533;-5.106708;6.308086;-6.78308;-0.3021;-0.0048;-0.9533;-4.906172;1.54831;-5.884821;-0.9518;-0.0951;-0.2915;-5.650373;7.7218;-5.468969;-0.9518;-0.0951;-0.2915;-5.106708;6.308086;-6.78308;-0.9518;-0.0951;-0.2915;-4.189883;4.179241;-7.062999;-0.4849;-0.0945;-0.8695;-4.563802;0.891171;-6.497184;-0.4849;-0.0945;-0.8695;-5.106708;6.308086;-6.78308;-0.4849;-0.0945;-0.8695;-5.650373;7.7218;-5.468969;-0.7606;0.2603;-0.5947;-4.435547;7.766642;-7.003046;-0.7606;0.2603;-0.5947;-5.106708;6.308086;-6.78308;-0.7606;0.2603;-0.5947;-4.563802;0.891171;-6.497184;-0.9137;-0.1122;-0.3905;-4.906172;1.54831;-5.884821;-0.9137;-0.1122;-0.3905;-5.106708;6.308086;-6.78308;-0.9137;-0.1122;-0.3905;4.853075;10.825232;-2.482817;-0.0814;-0.007;-0.9967;2.918267;10.852957;-2.324993;-0.0814;-0.007;-0.9967;4.321203;11.913136;-2.447043;-0.0814;-0.007;-0.9967;6.341654;11.423978;-1.413688;0.4892;0.2665;-0.8304;4.853075;10.825232;-2.482817;0.4892;0.2665;-0.8304;4.321203;11.913136;-2.447043;0.4892;0.2665;-0.8304;5.91643;11.310033;0.784192;0.4756;0.8689;0.1371;6.341654;11.423978;-1.413688;0.4756;0.8689;0.1371;5.071982;12.065694;-1.076091;0.4756;0.8689;0.1371;3.37916;12.354798;-0.722578;0.1291;0.9753;-0.1792;5.071982;12.065694;-1.076091;0.1291;0.9753;-0.1792;4.321203;11.913136;-2.447043;0.1291;0.9753;-0.1792;3.169349;10.622193;-1.22284;-0.0302;-0.9797;-0.1982;2.918267;10.852957;-2.324993;-0.0302;-0.9797;-0.1982;4.853075;10.825232;-2.482817;-0.0302;-0.9797;-0.1982;5.012197;9.586761;0.150516;0.5663;-0.7321;-0.3785;4.853075;10.825232;-2.482817;0.5663;-0.7321;-0.3785;6.341654;11.423978;-1.413688;0.5663;-0.7321;-0.3785;3.37916;12.354798;-0.722578;0.2182;0.9347;0.2806;5.91643;11.310033;0.784192;0.2182;0.9347;0.2806;5.071982;12.065694;-1.076091;0.2182;0.9347;0.2806;5.012197;9.586761;0.150516;-0.1974;-0.8917;-0.4074;3.169349;10.622193;-1.22284;-0.1974;-0.8917;-0.4074;4.853075;10.825232;-2.482817;-0.1974;-0.8917;-0.4074;2.20169;11.3379;-0.846985;-0.5525;0.6748;-0.4893;4.321203;11.913136;-2.447043;-0.5525;0.6748;-0.4893;2.918267;10.852957;-2.324993;-0.5525;0.6748;-0.4893;5.012197;9.586761;0.150516;-0.5438;-0.0231;0.8389;6.438377;9.756191;1.079652;-0.5438;-0.0231;0.8389;5.91643;11.310033;0.784192;-0.5438;-0.0231;0.8389;3.169349;10.622193;-1.22284;-0.6019;-0.798;-0.03;2.20169;11.3379;-0.846985;-0.6019;-0.798;-0.03;2.918267;10.852957;-2.324993;-0.6019;-0.798;-0.03;2.20169;11.3379;-0.846985;-0.5459;0.6902;-0.475;3.37916;12.354798;-0.722578;-0.5459;0.6902;-0.475;4.321203;11.913136;-2.447043;-0.5459;0.6902;-0.475;5.91643;11.310033;0.784192;-0.5922;0.0145;0.8056;3.169349;10.622193;-1.22284;-0.5922;0.0145;0.8056;5.012197;9.586761;0.150516;-0.5922;0.0145;0.8056;2.20169;11.3379;-0.846985;-0.3773;0.3311;0.8649;5.91643;11.310033;0.784192;-0.3773;0.3311;0.8649;3.37916;12.354798;-0.722578;-0.3773;0.3311;0.8649;5.91643;11.310033;0.784192;-0.2843;-0.718;0.6353;2.20169;11.3379;-0.846985;-0.2843;-0.718;0.6353;3.169349;10.622193;-1.22284;-0.2843;-0.718;0.6353;5.071982;12.065694;-1.076091;0.3661;0.8814;-0.2986;6.341654;11.423978;-1.413688;0.3661;0.8814;-0.2986;4.321203;11.913136;-2.447043;0.3661;0.8814;-0.2986;6.438377;9.756191;1.079652;0.4423;-0.3353;0.8318;5.448755;6.394159;0.250442;0.4423;-0.3353;0.8318;6.081711;5.845861;-0.307128;0.4423;-0.3353;0.8318;6.341654;11.423978;-1.413688;0.9948;-0.0623;-0.0803;6.438377;9.756191;1.079652;0.9948;-0.0623;-0.0803;6.081711;5.845861;-0.307128;0.9948;-0.0623;-0.0803;6.341654;11.423978;-1.413688;-0.6853;-0.1162;-0.7189;5.448755;6.394159;0.250442;-0.6853;-0.1162;-0.7189;5.012197;9.586761;0.150516;-0.6853;-0.1162;-0.7189;5.012197;9.586761;0.150516;-0.5413;-0.0477;0.8395;5.448755;6.394159;0.250442;-0.5413;-0.0477;0.8395;6.438377;9.756191;1.079652;-0.5413;-0.0477;0.8395;6.341654;11.423978;-1.413688;0.9178;0.3455;0.1955;5.91643;11.310033;0.784192;0.9178;0.3455;0.1955;6.438377;9.756191;1.079652;0.9178;0.3455;0.1955;6.341654;11.423978;-1.413688;-0.7073;-0.1057;-0.699;6.081711;5.845861;-0.307128;-0.7073;-0.1057;-0.699;5.448755;6.394159;0.250442;-0.7073;-0.1057;-0.699;-1.063261;6.834957;1.831422;0.2775;-0.2181;0.9357;-0.815436;8.383545;2.118895;0.2775;-0.2181;0.9357;-1.491236;8.622732;2.375058;0.2775;-0.2181;0.9357;-1.35436;9.921865;0.10841;-0.6743;0.1888;-0.714;-2.917974;9.174656;1.387513;-0.6743;0.1888;-0.714;-2.629098;10.001133;1.333208;-0.6743;0.1888;-0.714;-1.35436;9.921865;0.10841;-0.5404;-0.6236;-0.5648;-1.152468;8.968847;0.967505;-0.5404;-0.6236;-0.5648;-1.949512;9.247276;1.422708;-0.5404;-0.6236;-0.5648;-1.535734;9.294496;1.837787;-0.0363;0.2684;0.9626;-0.815436;8.383545;2.118895;-0.0363;0.2684;0.9626;-1.246677;9.763004;1.718081;-0.0363;0.2684;0.9626;-1.949512;9.247276;1.422708;0.9701;-0.2402;-0.0344;-2.662313;6.373529;1.388343;0.9701;-0.2402;-0.0344;-2.801699;5.877074;0.924544;0.9701;-0.2402;-0.0344;-1.949512;9.247276;1.422708;0.1737;-0.9829;-0.0613;-1.535734;9.294496;1.837787;0.1737;-0.9829;-0.0613;-2.527542;9.097709;2.183276;0.1737;-0.9829;-0.0613;-1.152468;8.968847;0.967505;0.9423;-0.091;-0.3221;-0.815436;8.383545;2.118895;0.9423;-0.091;-0.3221;-1.063261;6.834957;1.831422;0.9423;-0.091;-0.3221;-2.746314;7.827899;0.521524;-0.9943;-0.0908;-0.0559;-2.662313;6.373529;1.388343;-0.9943;-0.0908;-0.0559;-2.917974;9.174656;1.387513;-0.9943;-0.0908;-0.0559;-1.535734;9.294496;1.837787;0.1134;0.6876;0.7172;-2.629098;10.001133;1.333208;0.1134;0.6876;0.7172;-2.527542;9.097709;2.183276;0.1134;0.6876;0.7172;-1.152468;8.968847;0.967505;0.9852;0.1639;-0.0497;-1.35436;9.921865;0.10841;0.9852;0.1639;-0.0497;-1.246677;9.763004;1.718081;0.9852;0.1639;-0.0497;-2.527542;9.097709;2.183276;-0.8979;-0.0818;0.4326;-2.917974;9.174656;1.387513;-0.8979;-0.0818;0.4326;-2.662313;6.373529;1.388343;-0.8979;-0.0818;0.4326;-2.629098;10.001133;1.333208;0.1454;0.9855;0.0875;-1.246677;9.763004;1.718081;0.1454;0.9855;0.0875;-1.35436;9.921865;0.10841;0.1454;0.9855;0.0875;-1.949512;9.247276;1.422708;0.8376;-0.5363;0.104;-2.746314;7.827899;0.521524;0.8376;-0.5363;0.104;-1.35436;9.921865;0.10841;0.8376;-0.5363;0.104;-1.152468;8.968847;0.967505;-0.9106;-0.2933;-0.2913;-1.491236;8.622732;2.375058;-0.9106;-0.2933;-0.2913;-1.535734;9.294496;1.837787;-0.9106;-0.2933;-0.2913;-1.35436;9.921865;0.10841;-0.6871;0.329;-0.6478;-2.746314;7.827899;0.521524;-0.6871;0.329;-0.6478;-2.917974;9.174656;1.387513;-0.6871;0.329;-0.6478;-1.535734;9.294496;1.837787;0.4599;0.573;0.6783;-1.491236;8.622732;2.375058;0.4599;0.573;0.6783;-0.815436;8.383545;2.118895;0.4599;0.573;0.6783;-1.949512;9.247276;1.422708;0.7983;-0.2048;0.5664;-2.527542;9.097709;2.183276;0.7983;-0.2048;0.5664;-2.662313;6.373529;1.388343;0.7983;-0.2048;0.5664;-1.949512;9.247276;1.422708;-0.1713;-0.9451;0.2782;-1.152468;8.968847;0.967505;-0.1713;-0.9451;0.2782;-1.535734;9.294496;1.837787;-0.1713;-0.9451;0.2782;-1.152468;8.968847;0.967505;0.9552;0.255;-0.15;-1.246677;9.763004;1.718081;0.9552;0.255;-0.15;-0.815436;8.383545;2.118895;0.9552;0.255;-0.15;-2.746314;7.827899;0.521524;-0.9738;0.0722;0.2154;-2.801699;5.877074;0.924544;-0.9738;0.0722;0.2154;-2.662313;6.373529;1.388343;-0.9738;0.0722;0.2154;-1.535734;9.294496;1.837787;-0.1939;0.3535;0.9151;-1.246677;9.763004;1.718081;-0.1939;0.3535;0.9151;-2.629098;10.001133;1.333208;-0.1939;0.3535;0.9151;-2.527542;9.097709;2.183276;-0.8374;0.3217;0.442;-2.629098;10.001133;1.333208;-0.8374;0.3217;0.442;-2.917974;9.174656;1.387513;-0.8374;0.3217;0.442;-1.949512;9.247276;1.422708;0.8373;-0.1333;-0.5303;-2.801699;5.877074;0.924544;0.8373;-0.1333;-0.5303;-2.746314;7.827899;0.521524;0.8373;-0.1333;-0.5303;-1.152468;8.968847;0.967505;-0.9528;-0.1473;-0.2655;-1.063261;6.834957;1.831422;-0.9528;-0.1473;-0.2655;-1.491236;8.622732;2.375058;-0.9528;-0.1473;-0.2655
168;0.3931467;0.33384332;0.3072183;0.008
-1.213727;6.40507;-2.873435;0.8502;-0.4323;-0.3005;-0.070346;7.029335;-0.536795;0.8502;-0.4323;-0.3005;-1.307482;6.110982;-2.715589;0.8502;-0.4323;-0.3005;-0.070346;7.029335;-0.536795;-0.6405;-0.5065;0.5772;-1.512614;6.389944;-2.698419;-0.6405;-0.5065;0.5772;-1.307482;6.110982;-2.715589;-0.6405;-0.5065;0.5772;-0.216259;7.381486;-0.443629;-0.2152;0.9335;-0.2868;-1.213727;6.40507;-2.873435;-0.2152;0.9335;-0.2868;-1.512614;6.389944;-2.698419;-0.2152;0.9335;-0.2868;-1.512614;6.389944;-2.698419;-0.0063;0.9971;0.0755;-1.213727;6.40507;-2.873435;-0.0063;0.9971;0.0755;-3.013098;6.620199;-5.865569;-0.0063;0.9971;0.0755;-1.307482;6.110982;-2.715589;-0.755;-0.5746;0.3159;-1.512614;6.389944;-2.698419;-0.755;-0.5746;0.3159;-3.013098;6.620199;-5.865569;-0.755;-0.5746;0.3159;-1.213727;6.40507;-2.873435;0.7319;-0.4884;-0.4752;-1.307482;6.110982;-2.715589;0.7319;-0.4884;-0.4752;-3.013098;6.620199;-5.865569;0.7319;-0.4884;-0.4752;0.148634;8.061932;-0.687403;0.6367;0.6875;-0.3491;-1.106704;9.675957;0.201656;0.6367;0.6875;-0.3491;0.265263;8.032543;-0.532576;0.6367;0.6875;-0.3491;-1.106704;9.675957;0.201656;0.1223;-0.3179;0.9402;0.08368;7.958632;-0.53395;0.1223;-0.3179;0.9402;0.265263;8.032543;-0.532576;0.1223;-0.3179;0.9402;-1.398232;9.761194;-0.067995;-0.8685;-0.2333;-0.4373;-1.406502;9.409966;0.135808;-0.8685;-0.2333;-0.4373;-2.75131;8.731431;3.168889;-0.8685;-0.2333;-0.4373;-1.406502;9.409966;0.135808;-0.6859;-0.4351;-0.5833;0.148634;8.061932;-0.687403;-0.6859;-0.4351;-0.5833;0.08368;7.958632;-0.53395;-0.6859;-0.4351;-0.5833;-1.406502;9.409966;0.135808;0.6447;-0.7555;0.1168;-1.106704;9.675957;0.201656;0.6447;-0.7555;0.1168;-2.75131;8.731431;3.168889;0.6447;-0.7555;0.1168;-1.106704;9.675957;0.201656;-0.0013;0.9531;0.3027;-1.398232;9.761194;-0.067995;-0.0013;0.9531;0.3027;-2.75131;8.731431;3.168889;-0.0013;0.9531;0.3027;0.0;-0.02419;-1.057159;0.7017;0.1229;-0.7017;0.306961;1.934019;-0.407348;0.7017;0.1229;-0.7017;1.0;-0.02419;-0.057159;0.7017;0.1229;-0.7017;1.0;-0.02419;-0.057159;0.6955;0.1805;0.6955;0.191809;1.000001;0.485291;0.6955;0.1805;0.6955;-0.0;-0.02419;0.942841;0.6955;0.1805;0.6955;-0.47205;2.137157;0.028555;-0.9405;-0.0457;-0.3368;-0.512061;6.078086;-0.394629;-0.9405;-0.0457;-0.3368;-0.191809;1.000001;-0.59961;-0.9405;-0.0457;-0.3368;-0.0;-0.02419;0.942841;-0.6998;0.1432;0.6998;-0.47205;2.137157;0.028555;-0.6998;0.1432;0.6998;-1.0;-0.02419;-0.057159;-0.6998;0.1432;0.6998;-1.0;-0.02419;-0.057159;-0.6955;0.1805;-0.6955;-0.191809;1.000001;-0.59961;-0.6955;0.1805;-0.6955;0.0;-0.02419;-1.057159;-0.6955;0.1805;-0.6955;0.144661;6.025436;0.245394;0.6605;-0.3074;-0.685;0.250952;10.407274;-1.618792;0.6605;-0.3074;-0.685;0.518967;10.480695;-1.393317;0.6605;-0.3074;-0.685;0.306961;1.934019;-0.407348;0.9894;0.0162;0.1446;0.144661;6.025436;0.245394;0.9894;0.0162;0.1446;0.191809;1.000001;0.485291;0.9894;0.0162;0.1446;-0.191809;1.000001;-0.59961;0.2895;0.0423;-0.9563;0.135288;5.775725;-0.289566;0.2895;0.0423;-0.9563;0.306961;1.934019;-0.407348;0.2895;0.0423;-0.9563;-0.47205;2.137157;0.028555;-0.0997;-0.0396;0.9942;0.144661;6.025436;0.245394;-0.0997;-0.0396;0.9942;-0.420425;6.545715;0.209469;-0.0997;-0.0396;0.9942;0.22211;10.511373;-1.277627;0.3397;0.6202;0.7071;0.518967;10.480695;-1.393317;0.3397;0.6202;0.7071;0.289188;13.860901;-4.247588;0.3397;0.6202;0.7071;0.144661;6.025436;0.245394;0.2264;0.3096;0.9235;0.22211;10.511373;-1.277627;0.2264;0.3096;0.9235;-0.420425;6.545715;0.209469;0.2264;0.3096;0.9235;0.135288;5.775725;-0.289566;0.0268;-0.2764;-0.9607;-0.512061;6.078086;-0.394629;0.0268;-0.2764;-0.9607;0.250952;10.407274;-1.618792;0.0268;-0.2764;-0.9607;-0.420425;6.545715;0.209469;-0.9841;0.1769;0.0123;0.250952;10.407274;-1.618792;-0.9841;0.1769;0.0123;-0.512061;6.078086;-0.394629;-0.9841;0.1769;0.0123;0.250952;10.407274;-1.618792;-0.9965;-0.0431;-0.0711;0.22211;10.511373;-1.277627;-0.9965;-0.0431;-0.0711;0.289188;13.860901;-4.247588;-0.9965;-0.0431;-0.0711;0.518967;10.480695;-1.393317;0.6401;-0.4698;-0.6079;0.250952;10.407274;-1.618792;0.6401;-0.4698;-0.6079;0.289188;13.860901;-4.247588;0.6401;-0.4698;-0.6079;1.596122;11.282598;-0.273509;0.2128;0.0207;0.9769;1.624126;10.994441;-0.273509;0.2128;0.0207;0.9769;4.580996;11.153568;-0.921091;0.2128;0.0207;0.9769;0.189283;9.250249;-1.201908;0.8051;-0.4691;-0.363;1.624126;10.994441;-0.273509;0.8051;-0.4691;-0.363;0.224954;9.085374;-0.90973;0.8051;-0.4691;-0.363;1.624126;10.994441;-0.273509;-0.3304;-0.0715;0.9411;0.153611;9.415123;-0.90973;-0.3304;-0.0715;0.9411;0.224954;9.085374;-0.90973;-0.3304;-0.0715;0.9411;1.610124;11.138518;-0.524235;-0.0712;0.8631;-0.5;1.596122;11.282598;-0.273509;-0.0712;0.8631;-0.5;4.580996;11.153568;-0.921091;-0.0712;0.8631;-0.5;1.624126;10.994441;-0.273509;-0.0617;-0.8669;-0.4947;1.610124;11.138518;-0.524235;-0.0617;-0.8669;-0.4947;4.580996;11.153568;-0.921091;-0.0617;-0.8669;-0.4947;0.153611;9.415123;-0.90973;-0.6367;0.6357;-0.4365;1.610124;11.138518;-0.524235;-0.6367;0.6357;-0.4365;0.189283;9.250249;-1.201908;-0.6367;0.6357;-0.4365;1.0;-0.02419;-0.057159;0.7925;0.3675;0.4868;0.306961;1.934019;-0.407348;0.7925;0.3675;0.4868;0.191809;1.000001;0.485291;0.7925;0.3675;0.4868;0.0;-0.02419;-1.057159;-0.2976;0.3424;-0.8912;-0.191809;1.000001;-0.59961;-0.2976;0.3424;-0.8912;0.306961;1.934019;-0.407348;-0.2976;0.3424;-0.8912;-0.47205;2.137157;0.028555;-0.9893;0.0056;0.1457;-0.420425;6.545715;0.209469;-0.9893;0.0056;0.1457;-0.512061;6.078086;-0.394629;-0.9893;0.0056;0.1457;-0.0;-0.02419;0.942841;0.0535;0.3989;0.9154;0.191809;1.000001;0.485291;0.0535;0.3989;0.9154;-0.47205;2.137157;0.028555;0.0535;0.3989;0.9154;-1.0;-0.02419;-0.057159;-0.7079;0.1998;-0.6775;-0.47205;2.137157;0.028555;-0.7079;0.1998;-0.6775;-0.191809;1.000001;-0.59961;-0.7079;0.1998;-0.6775;0.144661;6.025436;0.245394;0.9996;-0.0264;-0.0052;0.135288;5.775725;-0.289566;0.9996;-0.0264;-0.0052;0.250952;10.407274;-1.618792;0.9996;-0.0264;-0.0052;0.306961;1.934019;-0.407348;0.9982;0.0458;-0.0389;0.135288;5.775725;-0.289566;0.9982;0.0458;-0.0389;0.144661;6.025436;0.245394;0.9982;0.0458;-0.0389;-0.191809;1.000001;-0.59961;0.1832;0.0512;-0.9817;-0.512061;6.078086;-0.394629;0.1832;0.0512;-0.9817;0.135288;5.775725;-0.289566;0.1832;0.0512;-0.9817;-0.47205;2.137157;0.028555;-0.5242;0.0357;0.8508;0.191809;1.000001;0.485291;-0.5242;0.0357;0.8508;0.144661;6.025436;0.245394;-0.5242;0.0357;0.8508;0.144661;6.025436;0.245394;0.3733;0.2925;0.8804;0.518967;10.480695;-1.393317;0.3733;0.2925;0.8804;0.22211;10.511373;-1.277627;0.3733;0.2925;0.8804;-0.420425;6.545715;0.209469;-0.9862;0.1153;-0.1186;0.22211;10.511373;-1.277627;-0.9862;0.1153;-0.1186;0.250952;10.407274;-1.618792;-0.9862;0.1153;-0.1186;0.189283;9.250249;-1.201908;0.8078;-0.4905;-0.327;1.610124;11.138518;-0.524235;0.8078;-0.4905;-0.327;1.624126;10.994441;-0.273509;0.8078;-0.4905;-0.327;1.624126;10.994441;-0.273509;-0.3645;-0.0354;0.9305;1.596122;11.282598;-0.273509;-0.3645;-0.0354;0.9305;0.153611;9.415123;-0.90973;-0.3645;-0.0354;0.9305;0.153611;9.415123;-0.90973;-0.6517;0.6413;-0.4049;1.596122;11.282598;-0.273509;-0.6517;0.6413;-0.4049;1.610124;11.138518;-0.524235;-0.6517;0.6413;-0.4049;-2.173085;8.755754;1.543541;-0.542;-0.5588;0.6277;-1.090647;9.774996;3.385276;-0.542;-0.5588;0.6277;-2.363162;9.02953;1.623133;-0.542;-0.5588;0.6277;-2.363162;9.02953;1.623133;-0.2554;0.9428;-0.2144;-1.090647;9.774996;3.385276;-0.2554;0.9428;-0.2144;-2.071515;9.06862;1.447548;-0.2554;0.9428;-0.2144;-2.071515;9.06862;1.447548;0.8744;-0.3774;-0.305;-1.090647;9.774996;3.385276;0.8744;-0.3774;-0.305;-2.173085;8.755754;1.543541;0.8744;-0.3774;-0.305;-1.213727;6.40507;-2.873435;0.7897;-0.5668;-0.235;0.143757;7.352617;-0.597043;0.7897;-0.5668;-0.235;-0.070346;7.029335;-0.536795;0.7897;-0.5668;-0.235;-0.070346;7.029335;-0.536795;-0.6828;-0.4377;0.585;-0.216259;7.381486;-0.443629;-0.6828;-0.4377;0.585;-1.512614;6.389944;-2.698419;-0.6828;-0.4377;0.585;-0.216259;7.381486;-0.443629;-0.0725;0.9354;-0.3461;0.143757;7.352617;-0.597043;-0.0725;0.9354;-0.3461;-1.213727;6.40507;-2.873435;-0.0725;0.9354;-0.3461;0.148634;8.061932;-0.687403;0.5899;0.6899;-0.4196;-1.398232;9.761194;-0.067995;0.5899;0.6899;-0.4196;-1.106704;9.675957;0.201656;0.5899;0.6899;-0.4196;-1.106704;9.675957;0.201656;0.0931;-0.3368;0.937;-1.406502;9.409966;0.135808;0.0931;-0.3368;0.937;0.08368;7.958632;-0.53395;0.0931;-0.3368;0.937;-1.406502;9.409966;0.135808;-0.6623;-0.3643;-0.6547;-1.398232;9.761194;-0.067995;-0.6623;-0.3643;-0.6547;0.148634;8.061932;-0.687403;-0.6623;-0.3643;-0.6547
54;0.53760076;0.5779625;0.41790125;0.025
2.653347;7.159581;-0.027365;-0.6222;-0.0794;0.7788;1.705334;11.012975;-0.391754;-0.6222;-0.0794;0.7788;2.47912;7.08309;-0.174351;-0.6222;-0.0794;0.7788;2.47912;7.08309;-0.174351;-0.6355;-0.0348;0.7713;2.669897;3.120585;-0.195999;-0.6355;-0.0348;0.7713;2.653347;7.159581;-0.027365;-0.6355;-0.0348;0.7713;2.653347;7.159581;-0.027365;0.9817;0.1894;0.0212;1.89271;11.156779;-0.524263;0.9817;0.1894;0.0212;1.89588;11.117196;-0.317456;0.9817;0.1894;0.0212;2.653347;7.159581;-0.027365;0.9801;-0.0043;0.1986;2.669897;3.120585;-0.195999;0.9801;-0.0043;0.1986;2.695632;7.086211;-0.237597;0.9801;-0.0043;0.1986;2.695632;7.086211;-0.237597;-0.2803;-0.0083;-0.9599;2.669897;3.120585;-0.195999;-0.2803;-0.0083;-0.9599;2.47912;7.08309;-0.174351;-0.2803;-0.0083;-0.9599;2.695632;7.086211;-0.237597;-0.4873;-0.1566;-0.8591;1.705334;11.012975;-0.391754;-0.4873;-0.1566;-0.8591;1.89271;11.156779;-0.524263;-0.4873;-0.1566;-0.8591;-0.925099;4.88283;-2.441159;-0.6636;-0.1;0.7414;-1.315397;6.362324;-2.590963;-0.6636;-0.1;0.7414;-1.100432;4.905736;-2.59501;-0.6636;-0.1;0.7414;-1.100432;4.905736;-2.59501;-0.6623;-0.0473;0.7477;-1.087836;1.912547;-2.773363;-0.6623;-0.0473;0.7477;-0.925099;4.88283;-2.441159;-0.6623;-0.0473;0.7477;-0.925099;4.88283;-2.441159;0.9776;0.1788;0.1106;-1.195702;6.474204;-2.622544;0.9776;0.1788;0.1106;-1.213855;6.44604;-2.416502;0.9776;0.1788;0.1106;-0.925099;4.88283;-2.441159;0.9862;-0.0708;0.1497;-1.087836;1.912547;-2.773363;0.9862;-0.0708;0.1497;-0.896903;4.827685;-2.653028;0.9862;-0.0708;0.1497;-0.896903;4.827685;-2.653028;-0.2536;0.0565;-0.9657;-1.087836;1.912547;-2.773363;-0.2536;0.0565;-0.9657;-1.100432;4.905736;-2.59501;-0.2536;0.0565;-0.9657;-0.896903;4.827685;-2.653028;-0.2336;-0.0244;-0.972;-1.315397;6.362324;-2.590963;-0.2336;-0.0244;-0.972;-1.195702;6.474204;-2.622544;-0.2336;-0.0244;-0.972;2.653347;7.159581;-0.027365;-0.3627;-0.0011;0.9319;1.89588;11.117196;-0.317456;-0.3627;-0.0011;0.9319;1.705334;11.012975;-0.391754;-0.3627;-0.0011;0.9319;2.653347;7.159581;-0.027365;0.9716;0.2005;0.1255;2.695632;7.086211;-0.237597;0.9716;0.2005;0.1255;1.89271;11.156779;-0.524263;0.9716;0.2005;0.1255;2.695632;7.086211;-0.237597;-0.2773;-0.1074;-0.9547;2.47912;7.08309;-0.174351;-0.2773;-0.1074;-0.9547;1.705334;11.012975;-0.391754;-0.2773;-0.1074;-0.9547;-0.925099;4.88283;-2.441159;-0.8179;-0.1598;0.5527;-1.213855;6.44604;-2.416502;-0.8179;-0.1598;0.5527;-1.315397;6.362324;-2.590963;-0.8179;-0.1598;0.5527;-0.925099;4.88283;-2.441159;0.9807;0.1764;0.0846;-0.896903;4.827685;-2.653028;0.9807;0.1764;0.0846;-1.195702;6.474204;-2.622544;0.9807;0.1764;0.0846;-0.896903;4.827685;-2.653028;-0.288;-0.0398;-0.9568;-1.100432;4.905736;-2.59501;-0.288;-0.0398;-0.9568;-1.315397;6.362324;-2.590963;-0.288;-0.0398;-0.9568
7
SPREADER;6;0;0;0;25;5
MATERIAL;second;0;count;4;CUSTOM;0.545;0.639;0.384;1000;GREY;100000;PURPLE;500000;CYAN;800000
INFO;NameId;379;DescId;380;price;18560;dpPerMin;0;range;2;placeSound;thud
LIFE;averagePop;2.3;averageLife;62.0;popFactors;2;0;0.1;breedMat;31.0;breedTime;22.426655;parentId;-1;FALL_DEATH;fallTime;3;totalTime;5;fallenAngle;60;particleEffect;1;ExplodeTime;0.975;UseMaterial;1;Colour;1;Spawn;2;5;0;1;0;PPS;30;Speed;1.5;Gravity;0.3;Life;3;Scale;0.1;Colour;0.90354544;0.49162906;0.5028882;Additive;0;Alpha;1;FadeIn;0.1;FadeOut;0.8;HasDir;1;Dir;0;1;0;Varience;0.25;Offset;0;5;0;LifeError;0.4;ScaleError;0.3;SpeedError;0.4;RandRot;1;HasXRot;1;XRotSpeed;180;Stages;1;2;enviroReqCount;4;reqId;1;minAltitude;0;maxAltitude;13;influence;0.6;reqId;2;barren;1;goodBiomes;1;6;ideal;78;influence;0.9;reqId;3;badBiomes;3;3;7;9;influence;0.8;reqId;6;dislikedSpecies;1;ers;influence;0.7
GROWTH;dynamic;0;growthTime;20.666666;modelStages;3;subStages;2
WOOD;cut time;4;bark factor;0.7;colour;0.3931467;0.33384332;0.3072183
PERCH;2;-0.7767;6.81959;-1.8095;1.6569;11.268;-0.2979
