1.0
pnf
0;1
3
-0.34386;-0.30205;-0.746908;0.824176;0.653572;0.644818;1
51;2
24;-1.0;0.0;0.0;0.1
0.377314;0.19472;0.427104;0.3153;0.8902;0.3289;0.255242;0.302764;0.25172;0.3153;0.8902;0.3289;0.1503;0.261869;0.463024;0.3153;0.8902;0.3289;0.255242;0.302764;0.25172;-0.8854;0.2511;-0.3911;0.142243;-0.009112;0.307272;-0.8854;0.2511;-0.3911;0.1503;0.261869;0.463024;-0.8854;0.2511;-0.3911;0.1503;0.261869;0.463024;-0.0101;-0.4981;0.8671;0.142243;-0.009112;0.307272;-0.0101;-0.4981;0.8671;0.377314;0.19472;0.427104;-0.0101;-0.4981;0.8671;0.377314;0.19472;0.427104;0.6503;-0.3552;-0.6715;0.142243;-0.009112;0.307272;0.6503;-0.3552;-0.6715;0.255242;0.302764;0.25172;0.6503;-0.3552;-0.6715;-0.189726;0.297929;0.21212;0.3941;-0.0382;0.9183;-0.109174;-0.125207;0.159937;0.3941;-0.0382;0.9183;0.050324;0.315306;0.109821;0.3941;-0.0382;0.9183;0.050324;0.315306;0.109821;-0.024;0.9934;0.1123;-0.159398;0.327845;-0.045904;-0.024;0.9934;0.1123;-0.189726;0.297929;0.21212;-0.024;0.9934;0.1123;-0.159398;0.327845;-0.045904;-0.9764;-0.1693;-0.1344;-0.109174;-0.125207;0.159937;-0.9764;-0.1693;-0.1344;-0.189726;0.297929;0.21212;-0.9764;-0.1693;-0.1344;0.050324;0.315306;0.109821;0.5591;-0.2908;-0.7764;-0.109174;-0.125207;0.159937;0.5591;-0.2908;-0.7764;-0.159398;0.327845;-0.045904;0.5591;-0.2908;-0.7764
27;0.4727276;0.6313545;0.34764645;0.1
0.126134;-0.163664;0.185038;0.9067;-0.0416;0.4197;-0.053996;0.549938;0.644818;0.9067;-0.0416;0.4197;0.088228;-0.285166;0.254893;0.9067;-0.0416;0.4197;0.088228;-0.285166;0.254893;-0.8023;-0.3592;0.4767;-0.053996;0.549938;0.644818;-0.8023;-0.3592;0.4767;0.002368;-0.23144;0.150869;-0.8023;-0.3592;0.4767;0.002368;-0.23144;0.150869;-0.057;0.5305;-0.8457;-0.053996;0.549938;0.644818;-0.057;0.5305;-0.8457;0.126134;-0.163664;0.185038;-0.057;0.5305;-0.8457;-0.239476;-0.145353;-0.072724;-0.9925;-0.0511;0.1111;-0.34386;0.415733;-0.746908;-0.9925;-0.0511;0.1111;-0.248159;-0.261881;-0.203879;-0.9925;-0.0511;0.1111;-0.248159;-0.261881;-0.203879;0.4481;-0.5197;-0.7274;-0.34386;0.415733;-0.746908;0.4481;-0.5197;-0.7274;-0.096294;-0.181248;-0.167943;0.4481;-0.5197;-0.7274;-0.096294;-0.181248;-0.167943;0.5093;0.6986;0.5025;-0.34386;0.415733;-0.746908;0.5093;0.6986;0.5025;-0.239476;-0.145353;-0.072724;0.5093;0.6986;0.5025;0.212698;-0.30205;-0.083724;0.7504;-0.5341;0.3895;0.824176;0.653572;0.048766;0.7504;-0.5341;0.3895;0.174013;-0.232794;0.085788;0.7504;-0.5341;0.3895;0.174013;-0.232794;0.085788;-0.6584;0.5062;0.5569;0.824176;0.653572;0.048766;-0.6584;0.5062;0.5569;0.111543;-0.145426;-0.067482;-0.6584;0.5062;0.5569;0.111543;-0.145426;-0.067482;0.027;0.1203;-0.9924;0.824176;0.653572;0.048766;0.027;0.1203;-0.9924;0.212698;-0.30205;-0.083724;0.027;0.1203;-0.9924
-0.943332;-0.388972;-1.170557;1.228758;0.75435;1.095203;1
87;3
54;-1.0;0.0;0.0;0.1
-0.623318;0.398788;0.345007;-0.0975;0.9919;0.0817;-0.805212;0.402846;0.078671;-0.0975;0.9919;0.0817;-0.943332;0.365458;0.367742;-0.0975;0.9919;0.0817;-0.805212;0.402846;0.078671;-0.8351;-0.3283;-0.4415;-0.754153;0.040612;0.251495;-0.8351;-0.3283;-0.4415;-0.943332;0.365458;0.367742;-0.8351;-0.3283;-0.4415;-0.943332;0.365458;0.367742;0.0974;-0.2846;0.9537;-0.754153;0.040612;0.251495;0.0974;-0.2846;0.9537;-0.623318;0.398788;0.345007;0.0974;-0.2846;0.9537;-0.623318;0.398788;0.345007;0.8151;-0.1518;-0.559;-0.754153;0.040612;0.251495;0.8151;-0.1518;-0.559;-0.805212;0.402846;0.078671;0.8151;-0.1518;-0.559;0.749191;0.260029;0.688352;0.3153;0.8902;0.3289;0.522061;0.461058;0.362027;0.3153;0.8902;0.3289;0.326802;0.384968;0.755186;0.3153;0.8902;0.3289;0.522061;0.461058;0.362027;-0.8944;0.1799;-0.4094;0.36693;0.002529;0.499444;-0.8944;0.1799;-0.4094;0.326802;0.384968;0.755186;-0.8944;0.1799;-0.4094;0.326802;0.384968;0.755186;-0.0339;-0.558;0.8291;0.36693;0.002529;0.499444;-0.0339;-0.558;0.8291;0.749191;0.260029;0.688352;-0.0339;-0.558;0.8291;0.749191;0.260029;0.688352;0.6108;-0.4097;-0.6775;0.36693;0.002529;0.499444;0.6108;-0.4097;-0.6775;0.522061;0.461058;0.362027;0.6108;-0.4097;-0.6775;0.605496;0.36136;-0.718303;-0.0541;0.918;-0.3929;0.294133;0.33435;-0.738563;-0.0541;0.918;-0.3929;0.424774;0.452807;-0.479771;-0.0541;0.918;-0.3929;0.294133;0.33435;-0.738563;-0.8911;-0.0083;0.4537;0.442578;-0.085605;-0.454653;-0.8911;-0.0083;0.4537;0.424774;0.452807;-0.479771;-0.8911;-0.0083;0.4537;0.424774;0.452807;-0.479771;0.8058;0.0542;0.5897;0.442578;-0.085605;-0.454653;0.8058;0.0542;0.5897;0.605496;0.36136;-0.718303;0.8058;0.0542;0.5897;0.605496;0.36136;-0.718303;0.1009;-0.5325;-0.8404;0.442578;-0.085605;-0.454653;0.1009;-0.5325;-0.8404;0.294133;0.33435;-0.738563;0.1009;-0.5325;-0.8404;-0.161813;0.395245;-0.267075;0.7274;0.5252;0.4416;-0.440238;0.490681;0.07809;0.7274;0.5252;0.4416;-0.227091;0.237255;0.028397;0.7274;0.5252;0.4416;-0.440238;0.490681;0.07809;-0.1605;-0.0104;0.987;-0.22644;-0.068754;0.106971;-0.1605;-0.0104;0.987;0.005848;0.451441;0.150238;-0.1605;-0.0104;0.987;0.005848;0.451441;0.150238;-0.7176;0.6676;0.1984;-0.161813;0.395245;-0.267075;-0.7176;0.6676;0.1984;-0.227091;0.237255;0.028397;-0.7176;0.6676;0.1984;0.005848;0.451441;0.150238;0.8791;-0.3673;-0.3037;-0.22644;-0.068754;0.106971;0.8791;-0.3673;-0.3037;-0.161813;0.395245;-0.267075;0.8791;-0.3673;-0.3037;-0.440238;0.490681;0.07809;0.179;0.3321;-0.9261;0.005848;0.451441;0.150238;0.179;0.3321;-0.9261;-0.227091;0.237255;0.028397;0.179;0.3321;-0.9261;-0.161813;0.395245;-0.267075;-0.778;-0.3251;-0.5377;-0.22644;-0.068754;0.106971;-0.778;-0.3251;-0.5377;-0.440238;0.490681;0.07809;-0.778;-0.3251;-0.5377
3;1.0;0.84605324;0.5699894;0.1
-0.200759;0.30056;-0.080356;-0.0391;0.961;-0.2737;-0.30615;0.332579;0.047122;-0.0391;0.961;-0.2737;-0.114384;0.350491;0.082612;-0.0391;0.961;-0.2737
30;0.4727276;0.6313545;0.34764645;0.1
-0.467638;0.75435;1.095203;-0.2196;-0.6276;0.7469;0.086553;-0.201399;0.455048;-0.2196;-0.6276;0.7469;-0.107666;0.586379;1.059881;-0.2196;-0.6276;0.7469;-0.107666;0.586379;1.059881;0.6152;0.5699;-0.5448;0.086553;-0.201399;0.455048;0.6152;0.5699;-0.5448;-0.348395;0.567116;0.76789;0.6152;0.5699;-0.5448;-0.348395;0.567116;0.76789;-0.8773;-0.4776;-0.0464;0.086553;-0.201399;0.455048;-0.8773;-0.4776;-0.0464;-0.467638;0.75435;1.095203;-0.8773;-0.4776;-0.0464;-0.467638;0.75435;1.095203;0.3657;0.8591;-0.3582;-0.107666;0.586379;1.059881;0.3657;0.8591;-0.3582;-0.348395;0.567116;0.76789;0.3657;0.8591;-0.3582;-0.584919;-0.181768;-0.20446;-0.9976;-0.0035;0.0692;-0.654963;0.685624;-1.170557;-0.9976;-0.0035;0.0692;-0.597708;-0.353395;-0.397631;-0.9976;-0.0035;0.0692;-0.597708;-0.353395;-0.397631;0.4475;-0.5178;-0.7292;-0.654963;0.685624;-1.170557;0.4475;-0.5178;-0.7292;-0.374036;-0.234636;-0.344701;0.4475;-0.5178;-0.7292;-0.374036;-0.234636;-0.344701;0.5267;0.6512;0.5465;-0.654963;0.685624;-1.170557;0.5267;0.6512;0.5465;-0.584919;-0.181768;-0.20446;0.5267;0.6512;0.5465;0.378247;-0.388972;-0.399565;0.6676;-0.6234;0.4071;1.228758;0.654407;-0.196551;0.6676;-0.6234;0.4071;0.329886;-0.302396;-0.187657;0.6676;-0.6234;0.4071;0.329886;-0.302396;-0.187657;-0.5978;0.5669;0.5668;1.228758;0.654407;-0.196551;-0.5978;0.5669;0.5668;0.251793;-0.193176;-0.37926;-0.5978;0.5669;0.5668;0.251793;-0.193176;-0.37926;0.0614;0.1421;-0.9879;1.228758;0.654407;-0.196551;0.0614;0.1421;-0.9879;0.378247;-0.388972;-0.399565;0.0614;0.1421;-0.9879
-1.664134;-0.521287;-1.620246;1.851144;1.420437;1.413807;1
120;3
72;-1.0;0.0;0.0;0.1
-0.767436;0.538721;0.506473;-0.6756;0.5681;0.47;-1.277114;0.55009;-0.239816;-0.6756;0.5681;0.47;-1.209755;0.216825;0.259771;-0.6756;0.5681;0.47;-1.277114;0.55009;-0.239816;-0.7946;-0.424;-0.4345;-1.16526;-0.16667;0.254985;-0.7946;-0.424;-0.4345;-1.664134;0.445329;0.570177;-0.7946;-0.424;-0.4345;-1.664134;0.445329;0.570177;-0.123;0.7046;-0.6988;-0.767436;0.538721;0.506473;-0.123;0.7046;-0.6988;-1.209755;0.216825;0.259771;-0.123;0.7046;-0.6988;-1.664134;0.445329;0.570177;0.1053;-0.3861;0.9164;-1.16526;-0.16667;0.254985;0.1053;-0.3861;0.9164;-0.767436;0.538721;0.506473;0.1053;-0.3861;0.9164;-1.277114;0.55009;-0.239816;0.6099;0.6948;0.3813;-1.664134;0.445329;0.570177;0.6099;0.6948;0.3813;-1.209755;0.216825;0.259771;0.6099;0.6948;0.3813;-0.767436;0.538721;0.506473;0.7969;-0.254;-0.5481;-1.16526;-0.16667;0.254985;0.7969;-0.254;-0.5481;-1.277114;0.55009;-0.239816;0.7969;-0.254;-0.5481;1.113645;0.20466;1.278227;-0.3853;0.6415;0.6634;0.652881;0.612472;0.616235;-0.3853;0.6415;0.6634;0.57852;0.160362;1.010262;-0.3853;0.6415;0.6634;0.652881;0.612472;0.616235;-0.8981;0.122;-0.4224;0.395975;-0.190036;0.930711;-0.8981;0.122;-0.4224;0.256774;0.458115;1.413807;-0.8981;0.122;-0.4224;0.256774;0.458115;1.413807;0.1749;0.8537;-0.4905;1.113645;0.20466;1.278227;0.1749;0.8537;-0.4905;0.57852;0.160362;1.010262;0.1749;0.8537;-0.4905;0.256774;0.458115;1.413807;-0.0529;-0.604;0.7952;0.395975;-0.190036;0.930711;-0.0529;-0.604;0.7952;1.113645;0.20466;1.278227;-0.0529;-0.604;0.7952;0.652881;0.612472;0.616235;0.8401;0.2712;0.4697;0.256774;0.458115;1.413807;0.8401;0.2712;0.4697;0.57852;0.160362;1.010262;0.8401;0.2712;0.4697;1.113645;0.20466;1.278227;0.5776;-0.4514;-0.6801;0.395975;-0.190036;0.930711;0.5776;-0.4514;-0.6801;0.652881;0.612472;0.616235;0.5776;-0.4514;-0.6801;1.077481;0.552444;-1.171216;-0.1078;0.8069;0.5808;0.178188;0.474433;-1.229733;-0.1078;0.8069;0.5808;0.617167;0.220427;-0.795395;-0.1078;0.8069;0.5808;0.178188;0.474433;-1.229733;-0.8681;-0.1034;0.4855;0.605735;-0.232624;-0.615878;-0.8681;-0.1034;0.4855;0.555511;0.816566;-0.482276;-0.8681;-0.1034;0.4855;0.555511;0.816566;-0.482276;-0.7172;0.2645;-0.6448;1.077481;0.552444;-1.171216;-0.7172;0.2645;-0.6448;0.617167;0.220427;-0.795395;-0.7172;0.2645;-0.6448;0.555511;0.816566;-0.482276;0.7889;-0.0403;0.6132;0.605735;-0.232624;-0.615878;0.7889;-0.0403;0.6132;1.077481;0.552444;-1.171216;0.7889;-0.0403;0.6132;0.178188;0.474433;-1.229733;0.753;0.3654;-0.5473;0.555511;0.816566;-0.482276;0.753;0.3654;-0.5473;0.617167;0.220427;-0.795395;0.753;0.3654;-0.5473;1.077481;0.552444;-1.171216;0.1042;-0.6153;-0.7813;0.605735;-0.232624;-0.615878;0.1042;-0.6153;-0.7813;0.178188;0.474433;-1.229733;0.1042;-0.6153;-0.7813;-0.230742;0.668866;-0.560234;0.7274;0.5252;0.4416;-0.785954;0.859177;0.128068;0.7274;0.5252;0.4416;-0.360913;0.353814;0.028973;0.7274;0.5252;0.4416;-0.785954;0.859177;0.128068;-0.1628;-0.0381;0.9859;-0.354539;-0.157381;0.160019;-0.1628;-0.0381;0.9859;0.103595;0.780928;0.271939;-0.1628;-0.0381;0.9859;0.103595;0.780928;0.271939;-0.7176;0.6676;0.1984;-0.230742;0.668866;-0.560234;-0.7176;0.6676;0.1984;-0.360913;0.353814;0.028973;-0.7176;0.6676;0.1984;0.103595;0.780928;0.271939;0.8714;-0.39;-0.2976;-0.354539;-0.157381;0.160019;0.8714;-0.39;-0.2976;-0.230742;0.668866;-0.560234;0.8714;-0.39;-0.2976;-0.785954;0.859177;0.128068;0.179;0.3321;-0.9261;0.103595;0.780928;0.271939;0.179;0.3321;-0.9261;-0.360913;0.353814;0.028973;0.179;0.3321;-0.9261;-0.230742;0.668866;-0.560234;-0.7748;-0.3455;-0.5295;-0.354539;-0.157381;0.160019;-0.7748;-0.3455;-0.5295;-0.785954;0.859177;0.128068;-0.7748;-0.3455;-0.5295
12;1.0;0.84605324;0.5699894;0.1
-1.050466;0.342106;0.353492;0.0;1.0;0.0;-1.235826;0.342106;0.073935;0.0;1.0;0.0;-1.424789;0.342106;0.40999;0.0;1.0;0.0;0.775046;0.183266;1.113727;0.4077;0.8806;0.2415;0.60579;0.330093;0.864118;0.4077;0.8806;0.2415;0.433243;0.31549;1.208581;0.4077;0.8806;0.2415;0.786322;0.353871;-0.934334;-0.0542;0.8314;-0.553;0.453176;0.316992;-0.957149;-0.0542;0.8314;-0.553;0.589883;0.52574;-0.656726;-0.0542;0.8314;-0.553;-0.308403;0.480052;-0.187894;-0.0391;0.961;-0.2737;-0.518567;0.543901;0.066312;-0.0391;0.961;-0.2737;-0.136163;0.57962;0.137086;-0.0391;0.961;-0.2737
36;0.4727276;0.6313545;0.34764645;0.1
-0.828639;1.420437;1.330856;-0.1762;-0.4026;0.8983;0.097674;-0.485193;0.658434;-0.1762;-0.4026;0.8983;-0.219928;1.020811;1.271127;-0.1762;-0.4026;0.8983;-0.219928;1.020811;1.271127;0.6972;0.3914;-0.6006;0.097674;-0.485193;0.658434;0.6972;0.3914;-0.6006;-0.627;0.988237;0.777373;0.6972;0.3914;-0.6006;-0.627;0.988237;0.777373;-0.8966;-0.4425;0.0189;0.097674;-0.485193;0.658434;-0.8966;-0.4425;0.0189;-0.828639;1.420437;1.330856;-0.8966;-0.4425;0.0189;-0.828639;1.420437;1.330856;0.4644;0.7721;-0.4338;-0.219928;1.020811;1.271127;0.4644;0.7721;-0.4338;-0.627;0.988237;0.777373;0.4644;0.7721;-0.4338;-1.199757;0.753913;-1.620246;-0.7816;-0.6015;-0.1648;-0.525495;-0.445694;-0.439875;-0.7816;-0.6015;-0.1648;-1.230812;0.63269;-1.030647;-0.7816;-0.6015;-0.1648;-1.230812;0.63269;-1.030647;0.4071;0.629;0.6623;-0.525495;-0.445694;-0.439875;0.4071;0.629;0.6623;-0.757855;0.56462;-1.256685;0.4071;0.629;0.6623;-0.757855;0.56462;-1.256685;0.3993;-0.5191;-0.7557;-0.525495;-0.445694;-0.439875;0.3993;-0.5191;-0.7557;-1.199757;0.753913;-1.620246;0.3993;-0.5191;-0.7557;-1.199757;0.753913;-1.620246;0.2359;0.9494;0.2076;-1.230812;0.63269;-1.030647;0.2359;0.9494;0.2076;-0.757855;0.56462;-1.256685;0.2359;0.9494;0.2076;1.851144;0.787645;-0.410919;0.4952;-0.6657;-0.5582;0.098805;-0.521287;-0.404585;0.4952;-0.6657;-0.5582;1.330478;0.634722;-0.690499;0.4952;-0.6657;-0.5582;1.330478;0.634722;-0.690499;-0.6615;0.7379;0.1337;0.098805;-0.521287;-0.404585;-0.6615;0.7379;0.1337;1.340538;0.546602;-0.154208;-0.6615;0.7379;0.1337;1.340538;0.546602;-0.154208;0.5485;-0.7324;0.4034;0.098805;-0.521287;-0.404585;0.5485;-0.7324;0.4034;1.851144;0.787645;-0.410919;0.5485;-0.7324;0.4034;1.851144;0.787645;-0.410919;-0.3554;0.9212;0.158;1.330478;0.634722;-0.690499;-0.3554;0.9212;0.158;1.340538;0.546602;-0.154208;-0.3554;0.9212;0.158
6
SPREADER;5;0.1;0.1;0.1;6;5;
MATERIAL;second;0;count;9;CUSTOM;0.37476057;0.551258;0.90354544;1000;YELLOW;100000;CYAN;150000;PINK;100000;LIGHT_BLUE;40000;ORANGE;240000;RED;300000;PURPLE;320000;DARK_PURPLE;400000
INFO;NameId;320;DescId;321;price;8500;dpPerMin;0;range;2;placeSound;grassPlace
LIFE;averagePop;6.0;averageLife;6.0;popFactors;0;breedMat;3.0;breedTime;2.1707764;parentId;123;count;240;reqs;2;LIFE;type;2;enviroType;0;classification;ers;count;3;LIFE;type;2;enviroType;0;classification;ptj;count;1;FADE_DEATH;0.5;enviroReqCount;2;reqId;2;growsBarren;0;biomes;1;5;idealFactor;7;influence;0.8;reqId;1;minAltitude;0;maxAltitude;20;influence;0.8
GROWTH;dynamic;0;growthTime;2.0;modelStages;3;subStages;1
FOOD;2;901;5;SAMPLE;902;13;WHOLE;PARTICLE_DEATH;isColour;1;Spawn;0;PPS;8;Speed;0.6;Gravity;0.2;Life;0.5;Scale;0.05;Colour;0.4727276;0.6313545;0.34764645;Additive;0;Alpha;1;FadeIn;0.1;FadeOut;0.8;HasDir;1;Dir;0;1;0;Deviation;0.3;Offset;0;0;0;LifeError;0.4;ScaleError;0.1;SpeedError;0.1;RandomRot;1;HasXRot;0
