1.0
ptw
0;1
3
-0.340422;-0.021475;-0.385205;0.433944;1.926139;0.408412;1
90;2
54;-1.0;0.0;0.0;0.15
0.433944;1.000195;0.376291;-0.0405;-0.7611;0.6474;-0.134585;1.000195;0.340686;-0.0405;-0.7611;0.6474;0.087927;0.826812;0.150787;-0.0405;-0.7611;0.6474;0.428377;1.706795;0.300572;0.7359;0.1244;-0.6656;0.189424;1.000195;-0.095692;0.7359;0.1244;-0.6656;0.144303;1.541433;-0.044438;0.7359;0.1244;-0.6656;0.144303;1.541433;-0.044438;0.6434;0.333;-0.6893;0.148513;1.926139;0.145326;0.6434;0.333;-0.6893;0.428377;1.706795;0.300572;0.6434;0.333;-0.6893;-0.134585;1.000195;0.340686;-0.7512;-0.3531;-0.5577;0.189424;1.000195;-0.095692;-0.7512;-0.3531;-0.5577;0.087927;0.826812;0.150787;-0.7512;-0.3531;-0.5577;-0.033725;1.706795;0.408412;0.226;0.1056;0.9684;0.433944;1.000195;0.376291;0.226;0.1056;0.9684;0.428377;1.706795;0.300572;0.226;0.1056;0.9684;0.428377;1.706795;0.300572;0.1624;0.6996;0.6958;0.148513;1.926139;0.145326;0.1624;0.6996;0.6958;-0.033725;1.706795;0.408412;0.1624;0.6996;0.6958;0.189424;1.000195;-0.095692;0.5758;-0.7612;-0.2983;0.433944;1.000195;0.376291;0.5758;-0.7612;-0.2983;0.087927;0.826812;0.150787;0.5758;-0.7612;-0.2983;0.428377;1.706795;0.300572;0.8871;-0.0423;-0.4596;0.433944;1.000195;0.376291;0.8871;-0.0423;-0.4596;0.189424;1.000195;-0.095692;0.8871;-0.0423;-0.4596;-0.033725;1.706795;0.408412;-0.8781;0.2194;-0.4253;0.148513;1.926139;0.145326;-0.8781;0.2194;-0.4253;0.144303;1.541433;-0.044438;-0.8781;0.2194;-0.4253;0.144303;1.541433;-0.044438;-0.8952;0.1674;-0.413;-0.134585;1.000195;0.340686;-0.8952;0.1674;-0.413;-0.033725;1.706795;0.408412;-0.8952;0.1674;-0.413;-0.033725;1.706795;0.408412;-0.0623;-0.0864;0.9943;-0.134585;1.000195;0.340686;-0.0623;-0.0864;0.9943;0.433944;1.000195;0.376291;-0.0623;-0.0864;0.9943;0.144303;1.541433;-0.044438;-0.8028;-0.0105;-0.5961;0.189424;1.000195;-0.095692;-0.8028;-0.0105;-0.5961;-0.134585;1.000195;0.340686;-0.8028;-0.0105;-0.5961;-0.159471;0.956336;-0.385205;0.8247;-0.2118;-0.5244;0.078806;1.0749;-0.058341;0.8247;-0.2118;-0.5244;-0.050522;0.716759;-0.117093;0.8247;-0.2118;-0.5244;-0.159471;0.956336;-0.385205;0.6609;0.4081;-0.6298;-0.212618;1.413922;-0.144442;0.6609;0.4081;-0.6298;0.078806;1.0749;-0.058341;0.6609;0.4081;-0.6298;0.078806;1.0749;-0.058341;0.1017;-0.1967;0.9752;-0.340422;1.057377;-0.018162;0.1017;-0.1967;0.9752;-0.050522;0.716759;-0.117093;0.1017;-0.1967;0.9752;0.078806;1.0749;-0.058341;0.078;0.3079;0.9482;-0.212618;1.413922;-0.144442;0.078;0.3079;0.9482;-0.340422;1.057377;-0.018162;0.078;0.3079;0.9482;-0.340422;1.057377;-0.018162;-0.8708;0.1459;-0.4695;-0.212618;1.413922;-0.144442;-0.8708;0.1459;-0.4695;-0.159471;0.956336;-0.385205;-0.8708;0.1459;-0.4695;-0.340422;1.057377;-0.018162;-0.7736;-0.5952;-0.2175;-0.159471;0.956336;-0.385205;-0.7736;-0.5952;-0.2175;-0.050522;0.716759;-0.117093;-0.7736;-0.5952;-0.2175
36;0.5550221;0.48065865;0.37823188;0.1
-0.016589;-0.021475;-0.065065;0.7294;0.0319;-0.6834;0.044297;0.475338;0.023089;0.7294;0.0319;-0.6834;0.081355;-0.021475;0.039469;0.7294;0.0319;-0.6834;0.044297;0.475338;0.023089;0.227;0.049;0.9727;-0.058147;-0.021475;0.072025;0.227;0.049;0.9727;0.081355;-0.021475;0.039469;0.227;0.049;0.9727;-0.009224;0.485235;-0.033503;-0.9135;0.3303;-0.2376;-0.032166;0.475338;0.040933;-0.9135;0.3303;-0.2376;0.243955;1.466148;0.356517;-0.9135;0.3303;-0.2376;-0.032166;0.475338;0.040933;-0.9565;0.0319;-0.29;-0.016589;-0.021475;-0.065065;-0.9565;0.0319;-0.29;-0.058147;-0.021475;0.072025;-0.9565;0.0319;-0.29;-0.032166;0.475338;0.040933;0.2129;-0.3499;0.9123;0.044297;0.475338;0.023089;0.2129;-0.3499;0.9123;0.243955;1.466148;0.356517;0.2129;-0.3499;0.9123;0.044297;0.475338;0.023089;0.7312;0.0806;-0.6774;-0.009224;0.485235;-0.033503;0.7312;0.0806;-0.6774;0.243955;1.466148;0.356517;0.7312;0.0806;-0.6774;-0.032166;0.475338;0.040933;-0.8897;-0.3278;-0.3178;-0.184729;1.102136;-0.178547;-0.8897;-0.3278;-0.3178;-0.009224;0.485235;-0.033503;-0.8897;-0.3278;-0.3178;0.044297;0.475338;0.023089;0.2113;0.3684;0.9053;-0.184729;1.102136;-0.178547;0.2113;0.3684;0.9053;-0.032166;0.475338;0.040933;0.2113;0.3684;0.9053;-0.009224;0.485235;-0.033503;0.7299;0.0473;-0.682;-0.184729;1.102136;-0.178547;0.7299;0.0473;-0.682;0.044297;0.475338;0.023089;0.7299;0.0473;-0.682;-0.016589;-0.021475;-0.065065;0.729;0.032;-0.6838;-0.009224;0.485235;-0.033503;0.729;0.032;-0.6838;0.044297;0.475338;0.023089;0.729;0.032;-0.6838;0.044297;0.475338;0.023089;0.227;0.049;0.9727;-0.032166;0.475338;0.040933;0.227;0.049;0.9727;-0.058147;-0.021475;0.072025;0.227;0.049;0.9727;-0.032166;0.475338;0.040933;-0.9563;0.032;-0.2905;-0.009224;0.485235;-0.033503;-0.9563;0.032;-0.2905;-0.016589;-0.021475;-0.065065;-0.9563;0.032;-0.2905
-0.93509;-0.015854;-1.046613;1.255563;5.730947;1.146226;3;0;extraBounds;2;-0.908392;2.387609;-1.078481;1.24857;5.672;1.078481;-0.188935;0.033057;-0.24127;0.188935;2.662202;0.1366
144;2
90;-1.0;0.0;0.0;0.06
-0.204558;4.04848;0.189961;-0.5447;0.0555;-0.8368;0.402745;5.46128;-0.111697;-0.5447;0.0555;-0.8368;0.502713;3.078458;-0.334819;-0.5447;0.0555;-0.8368;0.402745;5.46128;-0.111697;-0.8487;0.2674;-0.4562;-0.204558;4.04848;0.189961;-0.8487;0.2674;-0.4562;0.12837;5.495954;0.419073;-0.8487;0.2674;-0.4562;-0.204558;4.04848;0.189961;-0.8182;-0.3497;-0.4564;0.502713;3.078458;-0.334819;-0.8182;-0.3497;-0.4564;0.316808;2.518942;0.427204;-0.8182;-0.3497;-0.4564;0.12837;5.495954;0.419073;-0.0195;0.5566;0.8306;1.124276;5.170023;0.660835;-0.0195;0.5566;0.8306;0.500824;5.730947;0.270339;-0.0195;0.5566;0.8306;0.502713;3.078458;-0.334819;0.2073;0.0998;-0.9732;0.402745;5.46128;-0.111697;0.2073;0.0998;-0.9732;1.255563;4.695875;-0.008546;0.2073;0.0998;-0.9732;0.316808;2.518942;0.427204;0.529;-0.7404;-0.4146;0.502713;3.078458;-0.334819;0.529;-0.7404;-0.4146;1.237682;3.117519;0.533262;0.529;-0.7404;-0.4146;-0.204558;4.04848;0.189961;-0.9237;-0.2732;0.2687;0.316808;2.518942;0.427204;-0.9237;-0.2732;0.2687;0.410783;2.906369;1.144011;-0.9237;-0.2732;0.2687;0.12837;5.495954;0.419073;-0.8539;0.1161;0.5073;-0.204558;4.04848;0.189961;-0.8539;0.1161;0.5073;0.414847;4.426104;1.146226;-0.8539;0.1161;0.5073;0.402745;5.46128;-0.111697;0.6486;0.6753;-0.3511;1.124276;5.170023;0.660835;0.6486;0.6753;-0.3511;1.255563;4.695875;-0.008546;0.6486;0.6753;-0.3511;0.502713;3.078458;-0.334819;0.7489;-0.2227;-0.6241;1.255563;4.695875;-0.008546;0.7489;-0.2227;-0.6241;1.237682;3.117519;0.533262;0.7489;-0.2227;-0.6241;0.316808;2.518942;0.427204;0.4763;-0.7981;0.3689;1.237682;3.117519;0.533262;0.4763;-0.7981;0.3689;0.410783;2.906369;1.144011;0.4763;-0.7981;0.3689;-0.204558;4.04848;0.189961;-0.8396;0.0015;0.5432;0.410783;2.906369;1.144011;-0.8396;0.0015;0.5432;0.414847;4.426104;1.146226;-0.8396;0.0015;0.5432;0.12837;5.495954;0.419073;-0.0185;0.5586;0.8292;0.414847;4.426104;1.146226;-0.0185;0.5586;0.8292;1.124276;5.170023;0.660835;-0.0185;0.5586;0.8292;1.237682;3.117519;0.533262;0.9858;0.0444;0.1619;1.255563;4.695875;-0.008546;0.9858;0.0444;0.1619;1.124276;5.170023;0.660835;0.9858;0.0444;0.1619;0.410783;2.906369;1.144011;0.5968;-0.0169;0.8022;1.237682;3.117519;0.533262;0.5968;-0.0169;0.8022;1.124276;5.170023;0.660835;0.5968;-0.0169;0.8022;0.414847;4.426104;1.146226;0.5666;-0.0027;0.824;0.410783;2.906369;1.144011;0.5666;-0.0027;0.824;1.124276;5.170023;0.660835;0.5666;-0.0027;0.824;1.124276;5.170023;0.660835;0.7296;0.4563;-0.5094;0.402745;5.46128;-0.111697;0.7296;0.4563;-0.5094;0.500824;5.730947;0.270339;0.7296;0.4563;-0.5094;0.402745;5.46128;-0.111697;-0.5961;0.72;-0.3552;0.12837;5.495954;0.419073;-0.5961;0.72;-0.3552;0.500824;5.730947;0.270339;-0.5961;0.72;-0.3552;0.100765;2.703995;-0.198261;0.0203;-0.3373;0.9412;-0.93509;2.656063;-0.193133;0.0203;-0.3373;0.9412;-0.437522;2.39537;-0.297275;0.0203;-0.3373;0.9412;0.142181;3.894257;-0.3476;0.723;0.1246;-0.6795;-0.301383;2.656063;-1.046613;0.723;0.1246;-0.6795;-0.389632;3.714634;-0.946371;0.723;0.1246;-0.6795;-0.389632;3.714634;-0.946371;0.5983;0.4465;-0.6653;-0.375642;4.312572;-0.532545;0.5983;0.4465;-0.6653;0.142181;3.894257;-0.3476;0.5983;0.4465;-0.6653;-0.93509;2.656063;-0.193133;-0.4909;-0.7913;-0.3645;-0.301383;2.656063;-1.046613;-0.4909;-0.7913;-0.3645;-0.437522;2.39537;-0.297275;-0.4909;-0.7913;-0.3645;-0.737825;4.038053;-0.060671;0.3239;0.1067;0.94;0.100765;2.703995;-0.198261;0.3239;0.1067;0.94;0.142181;3.894257;-0.3476;0.3239;0.1067;0.94;0.142181;3.894257;-0.3476;0.3241;0.6882;0.6491;-0.375642;4.312572;-0.532545;0.3241;0.6882;0.6491;-0.737825;4.038053;-0.060671;0.3241;0.6882;0.6491;-0.301383;2.656063;-1.046613;0.5147;-0.8345;-0.1968;0.100765;2.703995;-0.198261;0.5147;-0.8345;-0.1968;-0.437522;2.39537;-0.297275;0.5147;-0.8345;-0.1968;0.142181;3.894257;-0.3476;0.9022;-0.0845;-0.4229;0.100765;2.703995;-0.198261;0.9022;-0.0845;-0.4229;-0.301383;2.656063;-1.046613;0.9022;-0.0845;-0.4229;-0.737825;4.038053;-0.060671;-0.8318;0.3289;-0.4471;-0.375642;4.312572;-0.532545;-0.8318;0.3289;-0.4471;-0.389632;3.714634;-0.946371;-0.8318;0.3289;-0.4471;-0.389632;3.714634;-0.946371;-0.8952;0.1674;-0.413;-0.93509;2.656063;-0.193133;-0.8952;0.1674;-0.413;-0.737825;4.038053;-0.060671;-0.8952;0.1674;-0.413;-0.737825;4.038053;-0.060671;0.0094;-0.0967;0.9953;-0.93509;2.656063;-0.193133;0.0094;-0.0967;0.9953;0.100765;2.703995;-0.198261;0.0094;-0.0967;0.9953;-0.389632;3.714634;-0.946371;-0.8028;-0.0105;-0.5961;-0.301383;2.656063;-1.046613;-0.8028;-0.0105;-0.5961;-0.93509;2.656063;-0.193133;-0.8028;-0.0105;-0.5961
54;0.5550221;0.48065865;0.37823188;0.03
0.107921;-0.015854;-0.069908;0.7444;-0.0362;0.6667;0.058834;1.318394;0.057435;0.7444;-0.0362;0.6667;-0.032937;-0.015854;0.087369;0.7444;-0.0362;0.6667;0.058834;1.318394;0.057435;-0.9274;0.072;0.367;-0.102415;-0.015854;-0.088228;-0.9274;0.072;0.367;-0.032937;-0.015854;0.087369;-0.9274;0.072;0.367;0.107921;-0.015854;-0.069908;-0.2254;-0.0267;-0.9739;-0.04759;1.316117;-0.070404;-0.2254;-0.0267;-0.9739;0.097678;1.326232;-0.104306;-0.2254;-0.0267;-0.9739;0.058834;1.318394;0.057435;-0.7685;0.0278;0.6393;0.791765;4.273594;0.809895;-0.7685;0.0278;0.6393;-0.04759;1.316117;-0.070404;-0.7685;0.0278;0.6393;0.097678;1.326232;-0.104306;-0.2361;0.3382;-0.911;-0.04759;1.316117;-0.070404;-0.2361;0.3382;-0.911;0.791765;4.273594;0.809895;-0.2361;0.3382;-0.911;0.097678;1.326232;-0.104306;0.7496;0.6276;0.2104;-0.328758;1.905733;-0.313645;0.7496;0.6276;0.2104;0.058834;1.318394;0.057435;0.7496;0.6276;0.2104;0.058834;1.318394;0.057435;-0.75;-0.2074;0.6281;-0.434247;1.901802;-0.338686;-0.75;-0.2074;0.6281;-0.04759;1.316117;-0.070404;-0.75;-0.2074;0.6281;-0.04759;1.316117;-0.070404;-0.1524;-0.5541;-0.8184;-0.350739;1.897871;-0.407833;-0.1524;-0.5541;-0.8184;0.097678;1.326232;-0.104306;-0.1524;-0.5541;-0.8184;-0.350739;1.897871;-0.407833;-0.6374;-0.1001;-0.764;-0.434247;1.901802;-0.338686;-0.6374;-0.1001;-0.764;-0.459606;3.854789;-0.573506;-0.6374;-0.1001;-0.764;-0.328758;1.905733;-0.313645;0.9726;0.0346;-0.2299;-0.350739;1.897871;-0.407833;0.9726;0.0346;-0.2299;-0.459606;3.854789;-0.573506;0.9726;0.0346;-0.2299;-0.434247;1.901802;-0.338686;-0.2335;0.1131;0.9658;-0.328758;1.905733;-0.313645;-0.2335;0.1131;0.9658;-0.459606;3.854789;-0.573506;-0.2335;0.1131;0.9658;0.097678;1.326232;-0.104306;0.9721;0.0134;0.2341;0.058834;1.318394;0.057435;0.9721;0.0134;0.2341;0.107921;-0.015854;-0.069908;0.9721;0.0134;0.2341;0.058834;1.318394;0.057435;-0.7685;0.0231;0.6394;-0.04759;1.316117;-0.070404;-0.7685;0.0231;0.6394;-0.102415;-0.015854;-0.088228;-0.7685;0.0231;0.6394;0.107921;-0.015854;-0.069908;0.0868;0.0098;-0.9962;-0.102415;-0.015854;-0.088228;0.0868;0.0098;-0.9962;-0.04759;1.316117;-0.070404;0.0868;0.0098;-0.9962;0.058834;1.318394;0.057435;0.9349;-0.2855;0.2107;0.097678;1.326232;-0.104306;0.9349;-0.2855;0.2107;0.791765;4.273594;0.809895;0.9349;-0.2855;0.2107;-0.328758;1.905733;-0.313645;-0.2251;0.4099;0.8839;-0.434247;1.901802;-0.338686;-0.2251;0.4099;0.8839;0.058834;1.318394;0.057435;-0.2251;0.4099;0.8839;0.097678;1.326232;-0.104306;0.8215;0.5196;-0.2351;-0.350739;1.897871;-0.407833;0.8215;0.5196;-0.2351;-0.328758;1.905733;-0.313645;0.8215;0.5196;-0.2351;-0.04759;1.316117;-0.070404;-0.5199;-0.6149;-0.593;-0.434247;1.901802;-0.338686;-0.5199;-0.6149;-0.593;-0.350739;1.897871;-0.407833;-0.5199;-0.6149;-0.593
-1.451891;-0.052114;-1.483326;1.770419;9.70465;2.388296;1.66666;0;extraBounds;2;-1.804185;3.801598;-1.451488;1.804185;9.644971;2.156882;-0.287726;0.01031;-0.342241;0.396757;4.275414;0.342241
243;2
117;0.5550221;0.48065865;0.37823188;0.01
0.062491;0.257005;-0.246838;-0.3489;0.2258;-0.9096;-0.375283;-0.052114;-0.155677;-0.3489;0.2258;-0.9096;-0.242388;0.670723;-0.02718;-0.3489;0.2258;-0.9096;0.201796;2.35675;0.170601;0.482;-0.482;0.7317;0.216661;3.20475;0.71934;0.482;-0.482;0.7317;-0.074561;2.178308;0.235094;0.482;-0.482;0.7317;0.137515;2.28244;-0.104847;0.8066;0.0116;-0.591;0.282149;0.516516;0.058042;0.8066;0.0116;-0.591;0.062491;0.257005;-0.246838;0.8066;0.0116;-0.591;0.282149;0.516516;0.058042;0.5653;0.0335;0.8242;-0.074561;2.178308;0.235094;0.5653;0.0335;0.8242;-0.022731;0.257005;0.2777;0.5653;0.0335;0.8242;-0.074561;2.178308;0.235094;-0.8172;-0.0093;0.5762;-0.242388;0.670723;-0.02718;-0.8172;-0.0093;0.5762;-0.022731;0.257005;0.2777;-0.8172;-0.0093;0.5762;0.062491;0.257005;-0.246838;-0.2316;0.0766;-0.9698;-0.138842;2.263197;-0.040354;-0.2316;0.0766;-0.9698;0.137515;2.28244;-0.104847;-0.2316;0.0766;-0.9698;0.254623;3.196191;0.47343;-0.9733;-0.1788;-0.144;0.216661;3.20475;0.71934;-0.9733;-0.1788;-0.144;-0.403806;6.536154;0.775787;-0.9733;-0.1788;-0.144;0.201796;2.35675;0.170601;0.7196;0.1951;-0.6664;0.254623;3.196191;0.47343;0.7196;0.1951;-0.6664;0.42645;3.172408;0.652024;0.7196;0.1951;-0.6664;-0.074561;2.178308;0.235094;-0.9287;0.2328;0.2885;0.254623;3.196191;0.47343;-0.9287;0.2328;0.2885;-0.138842;2.263197;-0.040354;-0.9287;0.2328;0.2885;0.137515;2.28244;-0.104847;-0.2266;0.5414;-0.8096;-0.138842;2.263197;-0.040354;-0.2266;0.5414;-0.8096;0.254623;3.196191;0.47343;-0.2266;0.5414;-0.8096;-0.574944;3.151709;-0.426462;-0.1311;0.5103;0.85;-0.074561;2.178308;0.235094;-0.1311;0.5103;0.85;0.201796;2.35675;0.170601;-0.1311;0.5103;0.85;0.216661;3.20475;0.71934;0.3111;0.0419;0.9495;0.42645;3.172408;0.652024;0.3111;0.0419;0.9495;-0.403806;6.536154;0.775787;0.3111;0.0419;0.9495;0.42645;3.172408;0.652024;0.7191;0.202;-0.6649;0.254623;3.196191;0.47343;0.7191;0.202;-0.6649;-0.403806;6.536154;0.775787;0.7191;0.202;-0.6649;0.137515;2.28244;-0.104847;0.7868;0.5246;-0.3251;-0.574944;3.151709;-0.426462;0.7868;0.5246;-0.3251;0.201796;2.35675;0.170601;0.7868;0.5246;-0.3251;-0.074561;2.178308;0.235094;-0.8093;-0.5874;0.0078;-0.782375;3.143979;-0.475702;-0.8093;-0.5874;0.0078;-0.138842;2.263197;-0.040354;-0.8093;-0.5874;0.0078;-0.138842;2.263197;-0.040354;-0.143;-0.5957;-0.7904;-0.618166;3.136248;-0.61167;-0.143;-0.5957;-0.7904;0.137515;2.28244;-0.104847;-0.143;-0.5957;-0.7904;0.216661;3.20475;0.71934;-0.8454;0.5131;-0.1484;1.707745;5.845778;1.356693;-0.8454;0.5131;-0.1484;0.254623;3.196191;0.47343;-0.8454;0.5131;-0.1484;0.42645;3.172408;0.652024;0.2363;-0.352;0.9057;1.707745;5.845778;1.356693;0.2363;-0.352;0.9057;0.216661;3.20475;0.71934;0.2363;-0.352;0.9057;0.254623;3.196191;0.47343;0.7019;-0.153;-0.6957;1.707745;5.845778;1.356693;0.7019;-0.153;-0.6957;0.42645;3.172408;0.652024;0.7019;-0.153;-0.6957;-0.618166;3.136248;-0.61167;-0.6374;-0.0975;-0.7643;-0.782375;3.143979;-0.475702;-0.6374;-0.0975;-0.7643;-0.805759;6.398956;-0.871474;-0.6374;-0.0975;-0.7643;-0.574944;3.151709;-0.426462;0.9724;0.0376;-0.2301;-0.618166;3.136248;-0.61167;0.9724;0.0376;-0.2301;-0.805759;6.398956;-0.871474;0.9724;0.0376;-0.2301;-0.782375;3.143979;-0.475702;-0.2335;0.1157;0.9654;-0.574944;3.151709;-0.426462;-0.2335;0.1157;0.9654;-0.805759;6.398956;-0.871474;-0.2335;0.1157;0.9654;-0.022731;0.257005;0.2777;0.386;0.2882;0.8763;0.415044;-0.052114;0.186539;0.386;0.2882;0.8763;0.282149;0.516516;0.058042;0.386;0.2882;0.8763;0.201796;2.35675;0.170601;0.1817;-0.5365;0.8241;0.42645;3.172408;0.652024;0.1817;-0.5365;0.8241;0.216661;3.20475;0.71934;0.1817;-0.5365;0.8241;0.137515;2.28244;-0.104847;0.9687;0.0571;-0.2415;0.201796;2.35675;0.170601;0.9687;0.0571;-0.2415;0.282149;0.516516;0.058042;0.9687;0.0571;-0.2415;0.282149;0.516516;0.058042;0.2562;-0.0479;0.9654;0.201796;2.35675;0.170601;0.2562;-0.0479;0.9654;-0.074561;2.178308;0.235094;0.2562;-0.0479;0.9654;-0.074561;2.178308;0.235094;-0.9672;0.0649;0.2457;-0.138842;2.263197;-0.040354;-0.9672;0.0649;0.2457;-0.242388;0.670723;-0.02718;-0.9672;0.0649;0.2457;0.062491;0.257005;-0.246838;-0.5577;0.0294;-0.8295;-0.242388;0.670723;-0.02718;-0.5577;0.0294;-0.8295;-0.138842;2.263197;-0.040354;-0.5577;0.0294;-0.8295;0.201796;2.35675;0.170601;0.9722;0.0229;-0.2331;0.137515;2.28244;-0.104847;0.9722;0.0229;-0.2331;0.254623;3.196191;0.47343;0.9722;0.0229;-0.2331;-0.074561;2.178308;0.235094;-0.9288;0.3367;-0.1551;0.216661;3.20475;0.71934;-0.9288;0.3367;-0.1551;0.254623;3.196191;0.47343;-0.9288;0.3367;-0.1551;-0.574944;3.151709;-0.426462;-0.2206;0.4682;0.8557;-0.782375;3.143979;-0.475702;-0.2206;0.4682;0.8557;-0.074561;2.178308;0.235094;-0.2206;0.4682;0.8557;0.137515;2.28244;-0.104847;0.7926;0.5638;-0.232;-0.618166;3.136248;-0.61167;0.7926;0.5638;-0.232;-0.574944;3.151709;-0.426462;0.7926;0.5638;-0.232;-0.138842;2.263197;-0.040354;-0.5029;-0.6494;-0.5704;-0.782375;3.143979;-0.475702;-0.5029;-0.6494;-0.5704;-0.618166;3.136248;-0.61167;-0.5029;-0.6494;-0.5704;0.062491;0.257005;-0.246838;0.8166;0.4783;-0.3231;0.415044;-0.052114;0.186539;0.8166;0.4783;-0.3231;0.190988;-0.052114;-0.379732;0.8166;0.4783;-0.3231;-0.022731;0.257005;0.2777;-0.8166;0.4783;0.3231;-0.375283;-0.052114;-0.155677;-0.8166;0.4783;0.3231;-0.151228;-0.052114;0.410594;-0.8166;0.4783;0.3231;0.062491;0.257005;-0.246838;-0.3572;0.2396;-0.9028;0.190988;-0.052114;-0.379732;-0.3572;0.2396;-0.9028;-0.375283;-0.052114;-0.155677;-0.3572;0.2396;-0.9028;-0.022731;0.257005;0.2777;0.3572;0.2396;0.9028;-0.151228;-0.052114;0.410594;0.3572;0.2396;0.9028;0.415044;-0.052114;0.186539;0.3572;0.2396;0.9028;0.062491;0.257005;-0.246838;0.791;0.047;-0.61;0.282149;0.516516;0.058042;0.791;0.047;-0.61;0.415044;-0.052114;0.186539;0.791;0.047;-0.61;-0.022731;0.257005;0.2777;-0.7875;0.0354;0.6154;-0.242388;0.670723;-0.02718;-0.7875;0.0354;0.6154;-0.375283;-0.052114;-0.155677;-0.7875;0.0354;0.6154
126;-1.0;0.0;0.0;0.04
1.649774;5.121331;1.958673;0.9976;0.0173;0.0664;1.770419;6.469496;-0.205264;0.9976;0.0173;0.0664;1.695343;8.520845;0.388986;0.9976;0.0173;0.0664;0.559791;6.877679;2.388296;-0.7803;-0.0774;0.6206;-0.467688;7.343038;1.15452;-0.7803;-0.0774;0.6206;-0.098016;4.306046;1.240355;-0.7803;-0.0774;0.6206;-0.467688;7.343038;1.15452;-0.9224;0.2971;-0.2468;0.147417;7.911977;-0.459089;-0.9224;0.2971;-0.2468;-0.851995;5.488287;0.357799;-0.9224;0.2971;-0.2468;-0.467688;7.343038;1.15452;-0.8094;-0.0821;0.5815;-0.851995;5.488287;0.357799;-0.8094;-0.0821;0.5815;-0.098016;4.306046;1.240355;-0.8094;-0.0821;0.5815;0.559791;6.877679;2.388296;-0.2099;-0.3533;0.9117;-0.098016;4.306046;1.240355;-0.2099;-0.3533;0.9117;1.649774;5.121331;1.958673;-0.2099;-0.3533;0.9117;0.559791;6.877679;2.388296;0.4298;0.0462;0.9017;1.649774;5.121331;1.958673;0.4298;0.0462;0.9017;1.664474;8.274659;1.790283;0.4298;0.0462;0.9017;-0.467688;7.343038;1.15452;-0.6947;0.2522;0.6737;0.559791;6.877679;2.388296;-0.6947;0.2522;0.6737;0.308799;9.325183;1.213241;-0.6947;0.2522;0.6737;-0.851995;5.488287;0.357799;-0.4808;-0.0955;-0.8716;0.147417;7.911977;-0.459089;-0.4808;-0.0955;-0.8716;0.760666;4.505861;-0.424151;-0.4808;-0.0955;-0.8716;1.664474;8.274659;1.790283;0.9998;-0.0035;0.0214;1.649774;5.121331;1.958673;0.9998;-0.0035;0.0214;1.695343;8.520845;0.388986;0.9998;-0.0035;0.0214;0.147417;7.911977;-0.459089;-0.9401;0.07;-0.3337;-0.467688;7.343038;1.15452;-0.9401;0.07;-0.3337;0.044237;9.41457;0.146581;-0.9401;0.07;-0.3337;0.147417;7.911977;-0.459089;0.1727;0.021;-0.9848;1.770419;6.469496;-0.205264;0.1727;0.021;-0.9848;0.760666;4.505861;-0.424151;0.1727;0.021;-0.9848;-0.851995;5.488287;0.357799;-0.6102;-0.6856;-0.3971;0.760666;4.505861;-0.424151;-0.6102;-0.6856;-0.3971;-0.098016;4.306046;1.240355;-0.6102;-0.6856;-0.3971;1.770419;6.469496;-0.205264;0.3787;0.2703;-0.8852;0.147417;7.911977;-0.459089;0.3787;0.2703;-0.8852;1.695343;8.520845;0.388986;0.3787;0.2703;-0.8852;1.770419;6.469496;-0.205264;0.9952;-0.0977;-0.0054;1.649774;5.121331;1.958673;0.9952;-0.0977;-0.0054;1.598281;4.658889;0.831776;0.9952;-0.0977;-0.0054;0.760666;4.505861;-0.424151;0.797;-0.3554;-0.4883;1.770419;6.469496;-0.205264;0.797;-0.3554;-0.4883;1.598281;4.658889;0.831776;0.797;-0.3554;-0.4883;-0.098016;4.306046;1.240355;0.2003;-0.9796;-0.0142;0.760666;4.505861;-0.424151;0.2003;-0.9796;-0.0142;1.598281;4.658889;0.831776;0.2003;-0.9796;-0.0142;1.649774;5.121331;1.958673;0.2715;-0.8947;0.3547;-0.098016;4.306046;1.240355;0.2715;-0.8947;0.3547;1.598281;4.658889;0.831776;0.2715;-0.8947;0.3547;0.559791;6.877679;2.388296;-0.0526;0.4278;0.9023;1.664474;8.274659;1.790283;-0.0526;0.4278;0.9023;0.308799;9.325183;1.213241;-0.0526;0.4278;0.9023;-0.467688;7.343038;1.15452;-0.9033;0.3464;0.2531;0.308799;9.325183;1.213241;-0.9033;0.3464;0.2531;0.044237;9.41457;0.146581;-0.9033;0.3464;0.2531;0.308799;9.325183;1.213241;0.3142;0.7353;0.6005;1.664474;8.274659;1.790283;0.3142;0.7353;0.6005;0.953075;9.70465;0.4116;0.3142;0.7353;0.6005;1.695343;8.520845;0.388986;0.3843;0.2579;-0.8865;0.147417;7.911977;-0.459089;0.3843;0.2579;-0.8865;0.953075;9.70465;0.4116;0.3843;0.2579;-0.8865;1.664474;8.274659;1.790283;0.8429;0.5264;0.1111;1.695343;8.520845;0.388986;0.8429;0.5264;0.1111;0.953075;9.70465;0.4116;0.8429;0.5264;0.1111;0.044237;9.41457;0.146581;-0.3427;0.9253;0.1625;0.308799;9.325183;1.213241;-0.3427;0.9253;0.1625;0.953075;9.70465;0.4116;-0.3427;0.9253;0.1625;0.147417;7.911977;-0.459089;0.1458;0.3785;-0.9141;0.044237;9.41457;0.146581;0.1458;0.3785;-0.9141;0.953075;9.70465;0.4116;0.1458;0.3785;-0.9141;0.154454;5.554403;-1.146673;0.961;0.1008;0.2575;-0.201159;6.951095;-0.366016;0.961;0.1008;0.2575;-0.033336;4.592441;-0.069318;0.961;0.1008;0.2575;-0.201159;6.951095;-0.366016;0.9332;0.3242;-0.155;0.154454;5.554403;-1.146673;0.9332;0.3242;-0.155;-0.413508;7.265445;-0.986882;0.9332;0.3242;-0.155;0.154454;5.554403;-1.146673;0.9601;-0.2697;-0.0735;-0.033336;4.592441;-0.069318;0.9601;-0.2697;-0.0735;-0.180146;4.371449;-1.176359;0.9601;-0.2697;-0.0735;-0.413508;7.265445;-0.986882;-0.5091;0.7781;-0.3679;-1.451891;6.698466;-0.749206;-0.5091;0.7781;-0.3679;-0.540501;7.404093;-0.517877;-0.5091;0.7781;-0.3679;-0.033336;4.592441;-0.069318;0.3919;0.1422;0.9089;-0.201159;6.951095;-0.366016;0.3919;0.1422;0.9089;-0.998829;5.750629;0.165771;0.3919;0.1422;0.9089;-0.180146;4.371449;-1.176359;0.4521;-0.8843;0.1166;-0.033336;4.592441;-0.069318;0.4521;-0.8843;0.1166;-1.082426;4.020738;-0.337687;0.4521;-0.8843;0.1166;0.154454;5.554403;-1.146673;0.2376;-0.0429;-0.9704;-0.180146;4.371449;-1.176359;0.2376;-0.0429;-0.9704;-1.430237;4.390753;-1.483326;0.2376;-0.0429;-0.9704;-0.413508;7.265445;-0.986882;0.2455;0.1706;-0.9543;0.154454;5.554403;-1.146673;0.2455;0.1706;-0.9543;-1.326398;6.001032;-1.447846;0.2455;0.1706;-0.9543;-0.201159;6.951095;-0.366016;-0.344;0.5618;0.7523;-1.451891;6.698466;-0.749206;-0.344;0.5618;0.7523;-0.998829;5.750629;0.165771;-0.344;0.5618;0.7523;-0.033336;4.592441;-0.069318;-0.0955;-0.2739;0.957;-0.998829;5.750629;0.165771;-0.0955;-0.2739;0.957;-1.082426;4.020738;-0.337687;-0.0955;-0.2739;0.957;-0.180146;4.371449;-1.176359;0.0651;-0.9436;-0.3245;-1.082426;4.020738;-0.337687;0.0651;-0.9436;-0.3245;-1.430237;4.390753;-1.483326;0.0651;-0.9436;-0.3245;0.154454;5.554403;-1.146673;0.2018;0.0086;-0.9794;-1.430237;4.390753;-1.483326;0.2018;0.0086;-0.9794;-1.326398;6.001032;-1.447846;0.2018;0.0086;-0.9794;-0.413508;7.265445;-0.986882;-0.4695;0.5813;-0.6646;-1.326398;6.001032;-1.447846;-0.4695;0.5813;-0.6646;-1.451891;6.698466;-0.749206;-0.4695;0.5813;-0.6646;-1.082426;4.020738;-0.337687;-0.9202;-0.0677;0.3855;-0.998829;5.750629;0.165771;-0.9202;-0.0677;0.3855;-1.451891;6.698466;-0.749206;-0.9202;-0.0677;0.3855;-1.430237;4.390753;-1.483326;-0.9607;-0.0923;0.2618;-1.082426;4.020738;-0.337687;-0.9607;-0.0923;0.2618;-1.451891;6.698466;-0.749206;-0.9607;-0.0923;0.2618;-1.326398;6.001032;-1.447846;-0.968;0.0677;-0.2415;-1.430237;4.390753;-1.483326;-0.968;0.0677;-0.2415;-1.451891;6.698466;-0.749206;-0.968;0.0677;-0.2415;-1.451891;6.698466;-0.749206;-0.3078;0.087;0.9474;-0.201159;6.951095;-0.366016;-0.3078;0.087;0.9474;-0.540501;7.404093;-0.517877;-0.3078;0.087;0.9474;-0.201159;6.951095;-0.366016;0.7941;0.6068;0.0356;-0.413508;7.265445;-0.986882;0.7941;0.6068;0.0356;-0.540501;7.404093;-0.517877;0.7941;0.6068;0.0356
7
SPREADER;8;0;0;0;10;6
MATERIAL;second;0;count;4;CUSTOM;0.47285828;0.71601146;0.42744562;100;MUD_GREEN;20000;ORANGE;100000;DARK_PURPLE;1000000
INFO;NameId;244;DescId;245;price;2040;dpPerMin;0;range;3;placeSound;thud
LIFE;averagePop;6.0;averageLife;54.0;popFactors;2;0;0.1;breedMat;27.0;breedTime;19.53349;parentId;2;count;500;reqCount;1;LIFE;type;2;enviroType;1;biome;WOODLAND;amount;0.3;FALL_DEATH;fallTime;3;totalTime;5;fallenAngle;60;particleEffect;1;ExplodeTime;0.975;UseMaterial;1;Colour;1;Spawn;2;5;0;1;0;PPS;30;Speed;1.5;Gravity;0.3;Life;3;Scale;0.1;Colour;1;0;0;Additive;0;Alpha;1;FadeIn;0.1;FadeOut;0.8;HasDir;1;Dir;0;1;0;Varience;0.25;Offset;0;5;0;LifeError;0.4;ScaleError;0.3;SpeedError;0.4;RandRot;1;HasXRot;1;XRotSpeed;180;Stages;1;2;enviroReqCount;3;reqId;1;minAltitude;0;maxAltitude;65;influence;0.8;reqId;2;barren;0;goodBiomes;1;8;idealFactor;70;influence;0.6;reqId;3;badBiomes;2;5;6;influence;0.9
GROWTH;dynamic;0;growthTime;18.0;modelStages;3;subStages;2
WOOD;cut time;4;bark factor;0.7;colour;0.5550221;0.48065865;0.37823188
PERCH;1;-0.0078;2.525;0.01329;
