1.2
ptg
0;1
3
-0.52882;-0.02559;-0.604344;1.142049;1.93277;0.979109;1
111;2
48;-1.0;0.0;0.0;0.06
-0.52882;1.175017;0.615219;-0.4611;0.318;-0.8284;-0.136305;1.688002;0.593623;-0.4611;0.318;-0.8284;0.120196;1.343419;0.318584;-0.4611;0.318;-0.8284;-0.52882;1.175017;0.615219;-0.7936;0.6081;0.0196;-0.287188;1.478631;0.979109;-0.7936;0.6081;0.0196;-0.136305;1.688002;0.593623;-0.7936;0.6081;0.0196;0.14996;1.122045;0.927424;-0.3795;-0.5707;0.7282;-0.287188;1.478631;0.979109;-0.3795;-0.5707;0.7282;-0.52882;1.175017;0.615219;-0.3795;-0.5707;0.7282;0.14996;1.122045;0.927424;0.0853;-0.935;-0.3441;-0.52882;1.175017;0.615219;0.0853;-0.935;-0.3441;0.120196;1.343419;0.318584;0.0853;-0.935;-0.3441;-0.136305;1.688002;0.593623;0.5648;0.6121;0.5535;-0.287188;1.478631;0.979109;0.5648;0.6121;0.5535;0.14996;1.122045;0.927424;0.5648;0.6121;0.5535;-0.136305;1.688002;0.593623;0.8457;0.5135;0.1454;0.14996;1.122045;0.927424;0.8457;0.5135;0.1454;0.120196;1.343419;0.318584;0.8457;0.5135;0.1454;0.751861;1.93277;-0.179735;-0.5094;0.6378;0.5777;0.769782;1.435085;0.385583;-0.5094;0.6378;0.5777;1.097423;1.847649;0.218985;-0.5094;0.6378;0.5777;0.751861;1.93277;-0.179735;-0.8311;0.4041;0.3821;0.504336;1.509858;-0.270845;-0.8311;0.4041;0.3821;0.769782;1.435085;0.385583;-0.8311;0.4041;0.3821;0.769782;1.435085;0.385583;0.7394;-0.3566;0.5711;1.142049;1.253826;-0.209599;0.7394;-0.3566;0.5711;1.097423;1.847649;0.218985;0.7394;-0.3566;0.5711;0.769782;1.435085;0.385583;-0.376;-0.9254;0.0466;0.504336;1.509858;-0.270845;-0.376;-0.9254;0.0466;1.142049;1.253826;-0.209599;-0.376;-0.9254;0.0466;1.142049;1.253826;-0.209599;0.145;0.1265;-0.9813;0.504336;1.509858;-0.270845;0.145;0.1265;-0.9813;0.751861;1.93277;-0.179735;0.145;0.1265;-0.9813;1.142049;1.253826;-0.209599;0.7232;0.4391;-0.5331;0.751861;1.93277;-0.179735;0.7232;0.4391;-0.5331;1.097423;1.847649;0.218985;0.7232;0.4391;-0.5331;0.140645;1.766925;-0.241477;-0.7962;-0.5931;0.1192;0.145245;1.687838;-0.604344;-0.7962;-0.5931;0.1192;0.30339;1.533761;-0.314582;-0.7962;-0.5931;0.1192;0.30339;1.533761;-0.314582;0.4738;-0.6437;-0.6009;0.145245;1.687838;-0.604344;0.4738;-0.6437;-0.6009;0.409363;1.782807;-0.497817;0.4738;-0.6437;-0.6009;0.409363;1.782807;-0.497817;-0.2552;0.944;-0.209;0.145245;1.687838;-0.604344;-0.2552;0.944;-0.209;0.140645;1.766925;-0.241477;-0.2552;0.944;-0.209;0.140645;1.766925;-0.241477;0.6626;0.24;0.7095;0.30339;1.533761;-0.314582;0.6626;0.24;0.7095;0.409363;1.782807;-0.497817;0.6626;0.24;0.7095
63;0.652282;0.6620359;0.6254385;0.08
0.008604;-0.02559;-0.1122;0.8313;0.2803;-0.48;-0.183283;0.707967;-0.01614;0.8313;0.2803;-0.48;0.133686;-0.02559;0.104448;0.8313;0.2803;-0.48;-0.183283;0.707967;-0.01614;0.0;0.1622;0.9868;-0.116478;-0.02559;0.104448;0.0;0.1622;0.9868;0.133686;-0.02559;0.104448;0.0;0.1622;0.9868;-0.257014;0.722837;-0.146417;-0.7248;0.5265;-0.4444;0.167667;1.233209;-0.234494;-0.7248;0.5265;-0.4444;0.188278;1.185188;-0.325005;-0.7248;0.5265;-0.4444;-0.116478;-0.02559;0.104448;-0.8224;-0.3136;-0.4748;-0.257014;0.722837;-0.146417;-0.8224;-0.3136;-0.4748;0.008604;-0.02559;-0.1122;-0.8224;-0.3136;-0.4748;0.188278;1.185188;-0.325005;-0.3035;0.8114;-0.4996;0.167667;1.233209;-0.234494;-0.3035;0.8114;-0.4996;0.922343;1.683631;0.03865;-0.3035;0.8114;-0.4996;-0.183283;0.707967;-0.01614;0.0692;0.3432;0.9367;0.167667;1.233209;-0.234494;0.0692;0.3432;0.9367;-0.330745;0.737708;-0.01614;0.0692;0.3432;0.9367;-0.257014;0.722837;-0.146417;0.5649;-0.7206;-0.402;0.208889;1.137168;-0.234494;0.5649;-0.7206;-0.402;-0.183283;0.707967;-0.01614;0.5649;-0.7206;-0.402;-0.330745;0.737708;-0.01614;-0.678;0.5812;-0.4501;-0.170044;1.516005;0.746847;-0.678;0.5812;-0.4501;-0.257014;0.722837;-0.146417;-0.678;0.5812;-0.4501;-0.183283;0.707967;-0.01614;-0.1369;-0.6789;0.7214;-0.170044;1.516005;0.746847;-0.1369;-0.6789;0.7214;-0.330745;0.737708;-0.01614;-0.1369;-0.6789;0.7214;-0.257014;0.722837;-0.146417;0.8216;0.3842;-0.4211;-0.170044;1.516005;0.746847;0.8216;0.3842;-0.4211;-0.183283;0.707967;-0.01614;0.8216;0.3842;-0.4211;0.167667;1.233209;-0.234494;-0.2749;-0.118;0.9542;0.208889;1.137168;-0.234494;-0.2749;-0.118;0.9542;0.922343;1.683631;0.03865;-0.2749;-0.118;0.9542;0.208889;1.137168;-0.234494;0.6433;-0.606;-0.468;0.188278;1.185188;-0.325005;0.6433;-0.606;-0.468;0.922343;1.683631;0.03865;0.6433;-0.606;-0.468;0.167667;1.233209;-0.234494;-0.961;0.0843;-0.2636;0.262084;1.704376;-0.428017;-0.961;0.0843;-0.2636;0.188278;1.185188;-0.325005;-0.961;0.0843;-0.2636;0.208889;1.137168;-0.234494;0.532;0.2283;0.8154;0.262084;1.704376;-0.428017;0.532;0.2283;0.8154;0.167667;1.233209;-0.234494;0.532;0.2283;0.8154;0.188278;1.185188;-0.325005;0.929;-0.1945;-0.3148;0.262084;1.704376;-0.428017;0.929;-0.1945;-0.3148;0.208889;1.137168;-0.234494;0.929;-0.1945;-0.3148;0.008604;-0.02559;-0.1122;0.8487;0.2807;-0.4483;-0.257014;0.722837;-0.146417;0.8487;0.2807;-0.4483;-0.183283;0.707967;-0.01614;0.8487;0.2807;-0.4483;-0.183283;0.707967;-0.01614;0.0333;0.1651;0.9857;-0.330745;0.737708;-0.01614;0.0333;0.1651;0.9857;-0.116478;-0.02559;0.104448;0.0333;0.1651;0.9857;-0.257014;0.722837;-0.146417;-0.7182;0.5173;-0.4655;-0.330745;0.737708;-0.01614;-0.7182;0.5173;-0.4655;0.167667;1.233209;-0.234494;-0.7182;0.5173;-0.4655;-0.116478;-0.02559;0.104448;-0.843;-0.3065;-0.4421;-0.330745;0.737708;-0.01614;-0.843;-0.3065;-0.4421;-0.257014;0.722837;-0.146417;-0.843;-0.3065;-0.4421;-0.183283;0.707967;-0.01614;0.3502;0.1503;0.9245;0.208889;1.137168;-0.234494;0.3502;0.1503;0.9245;0.167667;1.233209;-0.234494;0.3502;0.1503;0.9245;-0.257014;0.722837;-0.146417;0.5263;-0.6957;-0.4889;0.188278;1.185188;-0.325005;0.5263;-0.6957;-0.4889;0.208889;1.137168;-0.234494;0.5263;-0.6957;-0.4889
-1.868639;-0.036245;-3.09627;4.445582;5.726971;2.328281;3;0;extraBounds;3;-1.775339;3.125442;0.075297;0.255311;5.496787;2.27328;0.060977;3.016958;-3.005588;4.191704;5.288753;-0.139072;-0.294038;-0.089741;-0.599817;0.230752;3.748706;0.135311
270;2
126;-1.0;0.0;0.0;0.035
-0.063272;3.726987;1.458584;-0.4534;0.2476;-0.8562;0.559293;4.313803;1.29858;-0.4534;0.2476;-0.8562;0.677912;3.73869;1.069445;-0.4534;0.2476;-0.8562;-0.063272;3.726987;1.458584;-0.697;0.7075;-0.1172;0.150289;4.025921;1.993183;-0.697;0.7075;-0.1172;0.559293;4.313803;1.29858;-0.697;0.7075;-0.1172;0.641907;3.509608;1.835563;-0.5038;-0.6525;0.5661;0.150289;4.025921;1.993183;-0.5038;-0.6525;0.5661;-0.063272;3.726987;1.458584;-0.5038;-0.6525;0.5661;0.641907;3.509608;1.835563;-0.1371;-0.9472;-0.2897;-0.063272;3.726987;1.458584;-0.1371;-0.9472;-0.2897;0.677912;3.73869;1.069445;-0.1371;-0.9472;-0.2897;0.559293;4.313803;1.29858;0.6693;0.4589;0.5843;0.150289;4.025921;1.993183;0.6693;0.4589;0.5843;0.641907;3.509608;1.835563;0.6693;0.4589;0.5843;0.559293;4.313803;1.29858;0.9818;0.1645;0.0953;0.641907;3.509608;1.835563;0.9818;0.1645;0.0953;0.677912;3.73869;1.069445;0.9818;0.1645;0.0953;0.006694;3.718537;-1.860744;0.117;-0.9887;0.0938;0.437592;3.652301;-3.09627;0.117;-0.9887;0.0938;0.94422;3.86722;-1.462595;0.117;-0.9887;0.0938;0.437592;3.652301;-3.09627;0.3815;-0.3031;-0.8732;1.193411;4.470887;-3.050148;0.3815;-0.3031;-0.8732;1.619126;3.79907;-2.630964;0.3815;-0.3031;-0.8732;1.193411;4.470887;-3.050148;0.6163;0.682;-0.3938;0.868497;5.194453;-2.30554;0.6163;0.682;-0.3938;1.725699;4.63782;-1.927914;0.6163;0.682;-0.3938;0.437592;3.652301;-3.09627;-0.3475;0.5029;-0.7914;-0.116703;4.797822;-2.124992;-0.3475;0.5029;-0.7914;0.868497;5.194453;-2.30554;-0.3475;0.5029;-0.7914;0.437592;3.652301;-3.09627;-0.9312;-0.1836;-0.3149;0.006694;3.718537;-1.860744;-0.9312;-0.1836;-0.3149;-0.116703;4.797822;-2.124992;-0.9312;-0.1836;-0.3149;1.193411;4.470887;-3.050148;-0.5002;0.5017;-0.7058;0.437592;3.652301;-3.09627;-0.5002;0.5017;-0.7058;0.868497;5.194453;-2.30554;-0.5002;0.5017;-0.7058;3.245596;4.189776;-1.95617;-0.7359;0.5165;-0.4377;2.338496;3.197726;-1.601809;-0.7359;0.5165;-0.4377;3.261626;5.062968;-0.952725;-0.7359;0.5165;-0.4377;2.338496;3.197726;-1.601809;-0.9781;-0.1852;0.0948;2.480232;3.265709;-0.005855;-0.9781;-0.1852;0.0948;2.210048;4.582774;-0.219938;-0.9781;-0.1852;0.0948;2.338496;3.197726;-1.601809;-0.6358;0.5148;-0.5751;2.210048;4.582774;-0.219938;-0.6358;0.5148;-0.5751;3.261626;5.062968;-0.952725;-0.6358;0.5148;-0.5751;3.245596;4.189776;-1.95617;0.3741;0.6966;-0.6122;3.261626;5.062968;-0.952725;0.3741;0.6966;-0.6122;4.445582;4.377143;-1.009556;0.3741;0.6966;-0.6122;2.338496;3.197726;-1.601809;-0.0465;-0.298;-0.9534;3.245596;4.189776;-1.95617;-0.0465;-0.298;-0.9534;3.95008;3.365305;-1.73285;-0.0465;-0.298;-0.9534;2.480232;3.265709;-0.005855;0.1332;-0.9906;0.0304;2.338496;3.197726;-1.601809;0.1332;-0.9906;0.0304;3.774287;3.437551;-0.077692;0.1332;-0.9906;0.0304;3.261626;5.062968;-0.952725;0.3122;0.5248;0.7919;2.210048;4.582774;-0.219938;0.3122;0.5248;0.7919;3.774287;3.437551;-0.077692;0.3122;0.5248;0.7919;3.245596;4.189776;-1.95617;0.5684;0.2757;-0.7752;4.445582;4.377143;-1.009556;0.5684;0.2757;-0.7752;3.95008;3.365305;-1.73285;0.5684;0.2757;-0.7752;2.338496;3.197726;-1.601809;0.1077;-0.9927;0.0548;3.95008;3.365305;-1.73285;0.1077;-0.9927;0.0548;3.774287;3.437551;-0.077692;0.1077;-0.9927;0.0548;2.210048;4.582774;-0.219938;0.0325;0.1669;0.9854;2.480232;3.265709;-0.005855;0.0325;0.1669;0.9854;3.774287;3.437551;-0.077692;0.0325;0.1669;0.9854;3.261626;5.062968;-0.952725;0.3425;0.5268;0.7779;3.774287;3.437551;-0.077692;0.3425;0.5268;0.7779;4.445582;4.377143;-1.009556;0.3425;0.5268;0.7779;3.95008;3.365305;-1.73285;0.8581;-0.501;0.113;4.445582;4.377143;-1.009556;0.8581;-0.501;0.113;3.774287;3.437551;-0.077692;0.8581;-0.501;0.113;0.868497;5.194453;-2.30554;-0.0598;0.5327;0.8442;-0.116703;4.797822;-2.124992;-0.0598;0.5327;0.8442;0.94422;3.86722;-1.462595;-0.0598;0.5327;0.8442;1.193411;4.470887;-3.050148;0.8555;0.2644;-0.4451;1.725699;4.63782;-1.927914;0.8555;0.2644;-0.4451;1.619126;3.79907;-2.630964;0.8555;0.2644;-0.4451;0.437592;3.652301;-3.09627;0.0817;-0.9911;0.105;1.619126;3.79907;-2.630964;0.0817;-0.9911;0.105;0.94422;3.86722;-1.462595;0.0817;-0.9911;0.105;-0.116703;4.797822;-2.124992;-0.4081;0.1728;0.8964;0.006694;3.718537;-1.860744;-0.4081;0.1728;0.8964;0.94422;3.86722;-1.462595;-0.4081;0.1728;0.8964;0.868497;5.194453;-2.30554;-0.0247;0.535;0.8445;0.94422;3.86722;-1.462595;-0.0247;0.535;0.8445;1.725699;4.63782;-1.927914;-0.0247;0.535;0.8445;1.619126;3.79907;-2.630964;0.7471;-0.4802;0.4596;1.725699;4.63782;-1.927914;0.7471;-0.4802;0.4596;0.94422;3.86722;-1.462595;0.7471;-0.4802;0.4596;-1.703121;4.04884;2.03062;0.1283;-0.9892;0.0706;-1.613793;3.95612;0.568797;0.1283;-0.9892;0.0706;-0.67882;4.20291;2.328281;0.1283;-0.9892;0.0706;-1.613793;3.95612;0.568797;0.285;-0.2873;-0.9144;-0.584782;4.896101;0.594201;0.285;-0.2873;-0.9144;0.05497;4.124654;1.035988;0.285;-0.2873;-0.9144;-0.584782;4.896101;0.594201;0.5208;0.6943;-0.4967;-0.910177;5.726971;1.414343;0.5208;0.6943;-0.4967;0.306636;5.08779;1.796827;0.5208;0.6943;-0.4967;-1.613793;3.95612;0.568797;-0.5685;0.5274;-0.6315;-1.868639;5.028502;1.693838;-0.5685;0.5274;-0.6315;-0.910177;5.726971;1.414343;-0.5685;0.5274;-0.6315;-1.613793;3.95612;0.568797;-0.982;-0.1826;-0.0484;-1.703121;4.04884;2.03062;-0.982;-0.1826;-0.0484;-1.868639;5.028502;1.693838;-0.982;-0.1826;-0.0484;-0.584782;4.896101;0.594201;-0.4618;0.5249;-0.715;-1.613793;3.95612;0.568797;-0.4618;0.5249;-0.715;-0.910177;5.726971;1.414343;-0.4618;0.5249;-0.715;-0.910177;5.726971;1.414343;-0.1125;0.4984;0.8596;-1.868639;5.028502;1.693838;-0.1125;0.4984;0.8596;-0.67882;4.20291;2.328281;-0.1125;0.4984;0.8596;-0.584782;4.896101;0.594201;0.7499;0.2782;-0.6002;0.306636;5.08779;1.796827;0.7499;0.2782;-0.6002;0.05497;4.124654;1.035988;0.7499;0.2782;-0.6002;-1.613793;3.95612;0.568797;0.072;-0.9923;0.1009;0.05497;4.124654;1.035988;0.072;-0.9923;0.1009;-0.67882;4.20291;2.328281;0.072;-0.9923;0.1009;-1.868639;5.028502;1.693838;-0.3055;0.263;0.9152;-1.703121;4.04884;2.03062;-0.3055;0.263;0.9152;-0.67882;4.20291;2.328281;-0.3055;0.263;0.9152;-0.910177;5.726971;1.414343;6.0E-4;0.5144;0.8576;-0.67882;4.20291;2.328281;6.0E-4;0.5144;0.8576;0.306636;5.08779;1.796827;6.0E-4;0.5144;0.8576;0.05497;4.124654;1.035988;0.7195;-0.5364;0.441;0.306636;5.08779;1.796827;0.7195;-0.5364;0.441;-0.67882;4.20291;2.328281;0.7195;-0.5364;0.441
144;0.652282;0.6620359;0.6254385;0.02
0.168304;-0.00939;-0.182011;0.9762;0.2013;-0.0802;-0.079998;1.263136;-0.010254;0.9762;0.2013;-0.0802;0.200593;-0.023164;0.176341;0.9762;0.2013;-0.0802;-0.079998;1.263136;-0.010254;0.9127;-0.4041;-0.0598;-0.131909;1.18277;-0.259457;0.9127;-0.4041;-0.0598;0.20284;1.991942;-0.618811;0.9127;-0.4041;-0.0598;-0.152542;-0.036245;0.032073;-0.5342;-0.1881;-0.8242;-0.131909;1.18277;-0.259457;-0.5342;-0.1881;-0.8242;0.168304;-0.00939;-0.182011;-0.5342;-0.1881;-0.8242;-0.152542;-0.036245;0.032073;-0.4014;0.0522;0.9144;-0.079998;1.263136;-0.010254;-0.4014;0.0522;0.9144;-0.338163;1.28917;-0.125083;-0.4014;0.0522;0.9144;0.20284;1.991942;-0.618811;0.4751;-0.8301;0.2919;1.613608;2.709781;-0.873513;0.4751;-0.8301;0.2919;0.124564;2.057072;-0.306222;0.4751;-0.8301;0.2919;-0.131909;1.18277;-0.259457;-0.392;-0.233;-0.8899;-0.019507;2.206023;-0.576919;-0.392;-0.233;-0.8899;0.20284;1.991942;-0.618811;-0.392;-0.233;-0.8899;-0.338163;1.28917;-0.125083;-0.6102;0.5106;0.6057;0.124564;2.057072;-0.306222;-0.6102;0.5106;0.6057;-0.019507;2.206023;-0.576919;-0.6102;0.5106;0.6057;0.124564;2.057072;-0.306222;-0.1509;0.83;0.537;1.399528;2.722037;-0.975593;-0.1509;0.83;0.537;-0.019507;2.206023;-0.576919;-0.1509;0.83;0.537;0.20284;1.991942;-0.618811;-0.3691;0.1574;-0.916;1.399528;2.722037;-0.975593;-0.3691;0.1574;-0.916;1.601485;2.674335;-1.065179;-0.3691;0.1574;-0.916;1.613608;2.709781;-0.873513;-0.4015;0.2716;0.8747;3.325313;4.108794;-0.522137;-0.4015;0.2716;0.8747;1.399528;2.722037;-0.975593;-0.4015;0.2716;0.8747;1.622104;3.335538;-1.683272;-0.4377;-0.6067;-0.6636;1.601485;2.674335;-1.065179;-0.4377;-0.6067;-0.6636;1.399528;2.722037;-0.975593;-0.4377;-0.6067;-0.6636;1.771089;3.416916;-1.640683;-0.2564;0.7364;0.6261;1.399528;2.722037;-0.975593;-0.2564;0.7364;0.6261;1.613608;2.709781;-0.873513;-0.2564;0.7364;0.6261;1.601485;2.674335;-1.065179;0.9716;-0.2358;-0.0179;1.771089;3.416916;-1.640683;0.9716;-0.2358;-0.0179;1.613608;2.709781;-0.873513;0.9716;-0.2358;-0.0179;1.622104;3.335538;-1.683272;-0.4508;-0.7915;-0.4126;0.530219;4.416992;-2.564789;-0.4508;-0.7915;-0.4126;1.771536;3.315451;-1.808001;-0.4508;-0.7915;-0.4126;1.771536;3.315451;-1.808001;0.7321;0.5833;-0.3518;0.530219;4.416992;-2.564789;0.7321;0.5833;-0.3518;1.771089;3.416916;-1.640683;0.7321;0.5833;-0.3518;0.124564;2.057072;-0.306222;0.918;-0.2737;0.2869;0.20284;1.991942;-0.618811;0.918;-0.2737;0.2869;0.296996;3.031323;0.071457;0.918;-0.2737;0.2869;0.124564;2.057072;-0.306222;-0.906;-0.2271;0.3572;0.122192;2.826281;0.176751;-0.906;-0.2271;0.3572;-0.019507;2.206023;-0.576919;-0.906;-0.2271;0.3572;-0.019507;2.206023;-0.576919;0.3316;0.5009;-0.7995;0.296996;3.031323;0.071457;0.3316;0.5009;-0.7995;0.20284;1.991942;-0.618811;0.3316;0.5009;-0.7995;0.168304;-0.00939;-0.182011;0.9387;0.2191;-0.2662;-0.131909;1.18277;-0.259457;0.9387;0.2191;-0.2662;-0.079998;1.263136;-0.010254;0.9387;0.2191;-0.2662;-0.152542;-0.036245;0.032073;-0.5996;-0.1765;-0.7806;-0.338163;1.28917;-0.125083;-0.5996;-0.1765;-0.7806;-0.131909;1.18277;-0.259457;-0.5996;-0.1765;-0.7806;-0.152542;-0.036245;0.032073;-0.3793;0.0513;0.9238;0.200593;-0.023164;0.176341;-0.3793;0.0513;0.9238;-0.079998;1.263136;-0.010254;-0.3793;0.0513;0.9238;0.20284;1.991942;-0.618811;0.4684;-0.8736;0.1319;1.601485;2.674335;-1.065179;0.4684;-0.8736;0.1319;1.613608;2.709781;-0.873513;0.4684;-0.8736;0.1319;-0.131909;1.18277;-0.259457;-0.5996;-0.1763;-0.7807;-0.338163;1.28917;-0.125083;-0.5996;-0.1763;-0.7807;-0.019507;2.206023;-0.576919;-0.5996;-0.1763;-0.7807;-0.079998;1.263136;-0.010254;0.9522;-0.1452;0.2687;0.20284;1.991942;-0.618811;0.9522;-0.1452;0.2687;0.124564;2.057072;-0.306222;0.9522;-0.1452;0.2687;-0.338163;1.28917;-0.125083;-0.3375;0.4039;0.8503;-0.079998;1.263136;-0.010254;-0.3375;0.4039;0.8503;0.124564;2.057072;-0.306222;-0.3375;0.4039;0.8503;0.124564;2.057072;-0.306222;-0.1857;0.8508;0.4916;1.613608;2.709781;-0.873513;-0.1857;0.8508;0.4916;1.399528;2.722037;-0.975593;-0.1857;0.8508;0.4916;0.20284;1.991942;-0.618811;-0.2471;-0.0674;-0.9667;-0.019507;2.206023;-0.576919;-0.2471;-0.0674;-0.9667;1.399528;2.722037;-0.975593;-0.2471;-0.0674;-0.9667;1.601485;2.674335;-1.065179;-0.2194;0.5649;-0.7955;1.399528;2.722037;-0.975593;-0.2194;0.5649;-0.7955;3.325313;4.108794;-0.522137;-0.2194;0.5649;-0.7955;1.613608;2.709781;-0.873513;0.6163;-0.7805;0.1054;1.601485;2.674335;-1.065179;0.6163;-0.7805;0.1054;3.325313;4.108794;-0.522137;0.6163;-0.7805;0.1054;1.622104;3.335538;-1.683272;-0.5784;-0.5474;-0.6048;1.771536;3.315451;-1.808001;-0.5784;-0.5474;-0.6048;1.601485;2.674335;-1.065179;-0.5784;-0.5474;-0.6048;1.771089;3.416916;-1.640683;-0.5234;0.7184;0.4582;1.622104;3.335538;-1.683272;-0.5234;0.7184;0.4582;1.399528;2.722037;-0.975593;-0.5234;0.7184;0.4582;1.601485;2.674335;-1.065179;0.9839;-0.1515;0.0945;1.771536;3.315451;-1.808001;0.9839;-0.1515;0.0945;1.771089;3.416916;-1.640683;0.9839;-0.1515;0.0945;1.622104;3.335538;-1.683272;-0.4075;0.2935;0.8648;1.771089;3.416916;-1.640683;-0.4075;0.2935;0.8648;0.530219;4.416992;-2.564789;-0.4075;0.2935;0.8648;0.124564;2.057072;-0.306222;0.944;-0.0402;-0.3274;0.296996;3.031323;0.071457;0.944;-0.0402;-0.3274;0.360221;2.838334;0.277475;0.944;-0.0402;-0.3274;0.124564;2.057072;-0.306222;-0.3144;-0.5055;0.8035;0.360221;2.838334;0.277475;-0.3144;-0.5055;0.8035;0.122192;2.826281;0.176751;-0.3144;-0.5055;0.8035;-0.019507;2.206023;-0.576919;-0.7967;0.5315;-0.2876;0.122192;2.826281;0.176751;-0.7967;0.5315;-0.2876;0.296996;3.031323;0.071457;-0.7967;0.5315;-0.2876;0.296996;3.031323;0.071457;0.8711;0.4622;0.1657;0.06769;3.181651;0.857844;0.8711;0.4622;0.1657;0.360221;2.838334;0.277475;0.8711;0.4622;0.1657;0.360221;2.838334;0.277475;-0.1527;-0.8719;0.4653;-0.060615;3.182108;0.78354;-0.1527;-0.8719;0.4653;0.122192;2.826281;0.176751;-0.1527;-0.8719;0.4653;0.296996;3.031323;0.071457;-0.7567;0.4491;-0.4751;-0.060615;3.182108;0.78354;-0.7567;0.4491;-0.4751;0.006403;3.330065;0.816656;-0.7567;0.4491;-0.4751;0.06769;3.181651;0.857844;0.7818;0.1552;-0.6039;0.006403;3.330065;0.816656;0.7818;0.1552;-0.6039;0.50729;3.970217;1.629645;0.7818;0.1552;-0.6039;-0.060615;3.182108;0.78354;-0.4375;-0.4925;0.7524;0.06769;3.181651;0.857844;-0.4375;-0.4925;0.7524;0.50729;3.970217;1.629645;-0.4375;-0.4925;0.7524;0.006403;3.330065;0.816656;-0.8961;0.3427;0.2822;-0.060615;3.182108;0.78354;-0.8961;0.3427;0.2822;0.50729;3.970217;1.629645;-0.8961;0.3427;0.2822;0.006403;3.330065;0.816656;0.8309;0.4383;0.3427;-1.190897;5.077662;1.484798;0.8309;0.4383;0.3427;0.06769;3.181651;0.857844;0.8309;0.4383;0.3427;0.06769;3.181651;0.857844;-0.4274;-0.5267;0.7348;-1.190897;5.077662;1.484798;-0.4274;-0.5267;0.7348;-0.060615;3.182108;0.78354;-0.4274;-0.5267;0.7348;-0.060615;3.182108;0.78354;-0.1327;0.2733;-0.9527;-1.190897;5.077662;1.484798;-0.1327;0.2733;-0.9527;0.006403;3.330065;0.816656;-0.1327;0.2733;-0.9527;0.296996;3.031323;0.071457;0.8906;0.4177;0.1799;0.006403;3.330065;0.816656;0.8906;0.4177;0.1799;0.06769;3.181651;0.857844;0.8906;0.4177;0.1799;0.360221;2.838334;0.277475;-0.2368;-0.8838;0.4035;0.06769;3.181651;0.857844;-0.2368;-0.8838;0.4035;-0.060615;3.182108;0.78354;-0.2368;-0.8838;0.4035;0.296996;3.031323;0.071457;-0.7746;0.4154;-0.477;0.122192;2.826281;0.176751;-0.7746;0.4154;-0.477;-0.060615;3.182108;0.78354;-0.7746;0.4154;-0.477
-4.257968;-0.255491;-5.070436;8.136251;9.291662;3.93259;1.66666;0;extraBounds;6;-1.598225;3.945706;-0.406657;0.614503;6.319973;2.007996;0.102345;3.400776;-3.330583;4.463851;6.336662;-0.593349;-4.214754;6.215291;1.01486;1.504017;9.198516;3.917594;4.427524;4.482199;-2.944612;7.797815;8.772823;0.73121;-1.949202;6.262348;-4.902603;1.506637;9.507056;-2.121301;-0.970878;0.006236;-0.879142;0.374739;3.974652;0.313162
456;2
216;-1.0;0.0;0.0;0.03
0.875132;6.474094;1.765163;-0.3462;-0.8476;-0.4022;0.398484;6.0756;3.015128;-0.3462;-0.8476;-0.4022;-0.30671;7.222624;1.204893;-0.3462;-0.8476;-0.4022;0.398484;6.0756;3.015128;-0.54;-0.8357;0.1005;-0.676134;6.800306;3.267142;-0.54;-0.8357;0.1005;-0.753072;6.719556;2.182427;-0.54;-0.8357;0.1005;0.398484;6.0756;3.015128;-0.1208;-0.8591;-0.4973;-0.753072;6.719556;2.182427;-0.1208;-0.8591;-0.4973;-0.30671;7.222624;1.204893;-0.1208;-0.8591;-0.4973;0.875132;6.474094;1.765163;0.3255;-0.1807;-0.9281;-0.30671;7.222624;1.204893;0.3255;-0.1807;-0.9281;0.917985;7.660742;1.549153;0.3255;-0.1807;-0.9281;0.398484;6.0756;3.015128;0.7458;-0.6622;0.0733;0.875132;6.474094;1.765163;0.7458;-0.6622;0.0733;1.421862;7.198256;2.74479;0.7458;-0.6622;0.0733;-0.676134;6.800306;3.267142;0.324;0.1559;0.9331;0.398484;6.0756;3.015128;0.324;0.1559;0.9331;0.175238;7.98252;2.773988;0.324;0.1559;0.9331;-0.30671;7.222624;1.204893;-0.7934;0.6066;-0.0501;-0.753072;6.719556;2.182427;-0.7934;0.6066;-0.0501;0.175238;7.98252;2.773988;-0.7934;0.6066;-0.0501;0.875132;6.474094;1.765163;0.9002;-0.1093;-0.4216;0.917985;7.660742;1.549153;0.9002;-0.1093;-0.4216;1.421862;7.198256;2.74479;0.9002;-0.1093;-0.4216;0.398484;6.0756;3.015128;0.1094;0.1373;0.9845;1.421862;7.198256;2.74479;0.1094;0.1373;0.9845;0.175238;7.98252;2.773988;0.1094;0.1373;0.9845;-0.753072;6.719556;2.182427;-0.8087;0.5881;0.0136;-0.676134;6.800306;3.267142;-0.8087;0.5881;0.0136;0.175238;7.98252;2.773988;-0.8087;0.5881;0.0136;-0.30671;7.222624;1.204893;-0.219;0.9029;-0.37;0.175238;7.98252;2.773988;-0.219;0.9029;-0.37;0.917985;7.660742;1.549153;-0.219;0.9029;-0.37;1.421862;7.198256;2.74479;0.5315;0.841;0.1013;0.917985;7.660742;1.549153;0.5315;0.841;0.1013;0.175238;7.98252;2.773988;0.5315;0.841;0.1013;-1.061372;6.883826;3.75369;0.3741;-0.9248;0.0698;-3.222925;5.98058;3.372189;0.3741;-0.9248;0.0698;-1.045943;6.718077;1.475214;0.3741;-0.9248;0.0698;-3.222925;5.98058;3.372189;-0.7297;-0.6625;-0.1693;-4.257968;7.332288;2.543427;-0.7297;-0.6625;-0.1693;-3.001184;6.344903;0.990137;-0.7297;-0.6625;-0.1693;-3.222925;5.98058;3.372189;0.2165;-0.9679;-0.1279;-3.001184;6.344903;0.990137;0.2165;-0.9679;-0.1279;-1.045943;6.718077;1.475214;0.2165;-0.9679;-0.1279;-1.061372;6.883826;3.75369;0.7473;-0.6624;0.0532;-1.045943;6.718077;1.475214;0.7473;-0.6624;0.0532;-0.060439;7.902576;2.3793;0.7473;-0.6624;0.0532;-3.222925;5.98058;3.372189;-0.1303;-0.1045;0.9859;-1.061372;6.883826;3.75369;-0.1303;-0.1045;0.9859;-1.317223;8.88996;3.93259;-0.1303;-0.1045;0.9859;-4.257968;7.332288;2.543427;-0.5714;0.0641;0.8182;-3.222925;5.98058;3.372189;-0.5714;0.0641;0.8182;-3.321229;9.291662;3.043966;-0.5714;0.0641;0.8182;-3.001184;6.344903;0.990137;-0.8083;-0.1232;-0.5757;-4.257968;7.332288;2.543427;-0.8083;-0.1232;-0.5757;-3.30302;8.552561;0.941497;-0.8083;-0.1232;-0.5757;-1.045943;6.718077;1.475214;0.263;-0.1366;-0.9551;-3.001184;6.344903;0.990137;0.263;-0.1366;-0.9551;-1.440092;9.20703;1.010652;0.263;-0.1366;-0.9551;-1.061372;6.883826;3.75369;0.7908;0.0464;0.6103;-0.060439;7.902576;2.3793;0.7908;0.0464;0.6103;-1.317223;8.88996;3.93259;0.7908;0.0464;0.6103;-3.222925;5.98058;3.372189;-0.3908;0.0793;0.9171;-1.317223;8.88996;3.93259;-0.3908;0.0793;0.9171;-3.321229;9.291662;3.043966;-0.3908;0.0793;0.9171;-4.257968;7.332288;2.543427;-0.8717;0.46;-0.1692;-3.321229;9.291662;3.043966;-0.8717;0.46;-0.1692;-3.30302;8.552561;0.941497;-0.8717;0.46;-0.1692;-3.001184;6.344903;0.990137;0.0428;-0.0162;-0.999;-3.30302;8.552561;0.941497;0.0428;-0.0162;-0.999;-1.440092;9.20703;1.010652;0.0428;-0.0162;-0.999;-1.045943;6.718077;1.475214;0.692;-0.0251;-0.7215;-1.440092;9.20703;1.010652;0.692;-0.0251;-0.7215;-0.060439;7.902576;2.3793;0.692;-0.0251;-0.7215;-1.317223;8.88996;3.93259;0.6573;0.7517;0.0539;-0.060439;7.902576;2.3793;0.6573;0.7517;0.0539;-1.440092;9.20703;1.010652;0.6573;0.7517;0.0539;-3.321229;9.291662;3.043966;0.1526;0.9832;0.1003;-1.317223;8.88996;3.93259;0.1526;0.9832;0.1003;-1.440092;9.20703;1.010652;0.1526;0.9832;0.1003;-3.30302;8.552561;0.941497;-0.3037;0.898;-0.3183;-3.321229;9.291662;3.043966;-0.3037;0.898;-0.3183;-1.440092;9.20703;1.010652;-0.3037;0.898;-0.3183;-1.438603;6.714012;-2.391784;-0.2805;-0.0157;0.9597;0.401032;6.597154;-1.855974;-0.2805;-0.0157;0.9597;-1.271735;9.033228;-2.30512;-0.2805;-0.0157;0.9597;0.401032;6.597154;-1.855974;0.763;0.0104;0.6464;1.663116;7.091986;-3.353688;0.763;0.0104;0.6464;0.934061;9.269687;-2.528321;0.763;0.0104;0.6464;0.401032;6.597154;-1.855974;0.0736;0.2295;0.9705;0.934061;9.269687;-2.528321;0.0736;0.2295;0.9705;-1.271735;9.033228;-2.30512;0.0736;0.2295;0.9705;-1.438603;6.714012;-2.391784;-0.8865;0.0466;0.4605;-1.271735;9.033228;-2.30512;-0.8865;0.0466;0.4605;-2.067909;8.302725;-3.764007;-0.8865;0.0466;0.4605;0.401032;6.597154;-1.855974;-0.1044;-0.9841;0.1437;-1.438603;6.714012;-2.391784;-0.1044;-0.9841;0.1437;-1.351483;6.373518;-4.660183;-0.1044;-0.9841;0.1437;1.663116;7.091986;-3.353688;0.5412;-0.8203;0.185;0.401032;6.597154;-1.855974;0.5412;-0.8203;0.185;0.791;6.201386;-4.751054;0.5412;-0.8203;0.185;0.934061;9.269687;-2.528321;0.9313;0.35;-0.1008;1.663116;7.091986;-3.353688;0.9313;0.35;-0.1008;0.936992;8.598233;-4.832815;0.9313;0.35;-0.1008;-1.271735;9.033228;-2.30512;-0.1121;0.9921;-0.0571;0.934061;9.269687;-2.528321;-0.1121;0.9921;-0.0571;-0.751432;8.932968;-5.070436;-0.1121;0.9921;-0.0571;-1.438603;6.714012;-2.391784;-0.9346;-0.3552;0.0174;-2.067909;8.302725;-3.764007;-0.9346;-0.3552;0.0174;-1.351483;6.373518;-4.660183;-0.9346;-0.3552;0.0174;0.401032;6.597154;-1.855974;-0.0742;-0.9893;0.1253;-1.351483;6.373518;-4.660183;-0.0742;-0.9893;0.1253;0.791;6.201386;-4.751054;-0.0742;-0.9893;0.1253;1.663116;7.091986;-3.353688;0.8656;-0.0696;-0.4959;0.791;6.201386;-4.751054;0.8656;-0.0696;-0.4959;0.936992;8.598233;-4.832815;0.8656;-0.0696;-0.4959;0.934061;9.269687;-2.528321;0.2239;0.9358;-0.2724;0.936992;8.598233;-4.832815;0.2239;0.9358;-0.2724;-0.751432;8.932968;-5.070436;0.2239;0.9358;-0.2724;-1.271735;9.033228;-2.30512;-0.5302;0.8378;-0.1301;-0.751432;8.932968;-5.070436;-0.5302;0.8378;-0.1301;-2.067909;8.302725;-3.764007;-0.5302;0.8378;-0.1301;-1.351483;6.373518;-4.660183;-0.7168;0.0567;-0.695;-2.067909;8.302725;-3.764007;-0.7168;0.0567;-0.695;-0.751432;8.932968;-5.070436;-0.7168;0.0567;-0.695;0.791;6.201386;-4.751054;-0.0536;-0.1458;-0.9879;-1.351483;6.373518;-4.660183;-0.0536;-0.1458;-0.9879;-0.751432;8.932968;-5.070436;-0.0536;-0.1458;-0.9879;0.936992;8.598233;-4.832815;0.1311;-0.0418;-0.9905;0.791;6.201386;-4.751054;0.1311;-0.0418;-0.9905;-0.751432;8.932968;-5.070436;0.1311;-0.0418;-0.9905;4.297918;7.17121;-1.306797;-0.5581;-0.7531;0.3483;5.493631;6.013563;-1.893951;-0.5581;-0.7531;0.3483;5.324958;7.156299;0.306992;-0.5581;-0.7531;0.3483;5.493631;6.013563;-1.893951;0.2466;-0.9673;-0.0593;7.423995;6.536015;-2.388088;0.2466;-0.9673;-0.0593;7.317924;6.384753;-0.361376;0.2466;-0.9673;-0.0593;5.493631;6.013563;-1.893951;-0.1917;-0.877;0.4406;7.317924;6.384753;-0.361376;-0.1917;-0.877;0.4406;5.324958;7.156299;0.306992;-0.1917;-0.877;0.4406;4.297918;7.17121;-1.306797;-0.8394;0.0952;0.5351;5.324958;7.156299;0.306992;-0.8394;0.0952;0.5351;5.071641;8.465501;-0.323406;-0.8394;0.0952;0.5351;5.493631;6.013563;-1.893951;-0.536;-0.1306;-0.8341;4.297918;7.17121;-1.306797;-0.536;-0.1306;-0.8341;5.300699;8.683434;-2.187944;-0.536;-0.1306;-0.8341;7.423995;6.536015;-2.388088;-0.0867;-0.4964;-0.8637;5.493631;6.013563;-1.893951;-0.0867;-0.4964;-0.8637;7.015616;7.827018;-3.089101;-0.0867;-0.4964;-0.8637;7.317924;6.384753;-0.361376;0.8886;-0.4586;0.0123;7.423995;6.536015;-2.388088;0.8886;-0.4586;0.0123;8.136251;7.941148;-1.457921;0.8886;-0.4586;0.0123;5.324958;7.156299;0.306992;0.3714;0.1684;0.9131;7.317924;6.384753;-0.361376;0.3714;0.1684;0.9131;7.010511;8.839524;-0.6891;0.3714;0.1684;0.9131;4.297918;7.17121;-1.306797;-0.8436;0.5355;-0.041;5.071641;8.465501;-0.323406;-0.8436;0.5355;-0.041;5.300699;8.683434;-2.187944;-0.8436;0.5355;-0.041;5.493631;6.013563;-1.893951;-0.5115;-0.1305;-0.8493;5.300699;8.683434;-2.187944;-0.5115;-0.1305;-0.8493;7.015616;7.827018;-3.089101;-0.5115;-0.1305;-0.8493;7.423995;6.536015;-2.388088;0.8249;-0.0451;-0.5635;7.015616;7.827018;-3.089101;0.8249;-0.0451;-0.5635;8.136251;7.941148;-1.457921;0.8249;-0.0451;-0.5635;7.317924;6.384753;-0.361376;0.6487;0.18;0.7395;8.136251;7.941148;-1.457921;0.6487;0.18;0.7395;7.010511;8.839524;-0.6891;0.6487;0.18;0.7395;5.324958;7.156299;0.306992;0.0823;0.4452;0.8916;7.010511;8.839524;-0.6891;0.0823;0.4452;0.8916;5.071641;8.465501;-0.323406;0.0823;0.4452;0.8916;5.300699;8.683434;-2.187944;-0.1715;0.9807;0.0936;5.071641;8.465501;-0.323406;-0.1715;0.9807;0.0936;7.010511;8.839524;-0.6891;-0.1715;0.9807;0.0936;7.015616;7.827018;-3.089101;0.2482;0.8927;-0.3761;5.300699;8.683434;-2.187944;0.2482;0.8927;-0.3761;7.010511;8.839524;-0.6891;0.2482;0.8927;-0.3761;8.136251;7.941148;-1.457921;0.4259;0.834;-0.3509;7.015616;7.827018;-3.089101;0.4259;0.834;-0.3509;7.010511;8.839524;-0.6891;0.4259;0.834;-0.3509;4.94134;5.137222;-0.313482;-0.2619;-0.6815;-0.6833;5.374523;5.946657;-1.286808;-0.2619;-0.6815;-0.6833;5.999102;4.311927;0.104288;-0.2619;-0.6815;-0.6833;5.374523;5.946657;-1.286808;0.3212;0.0552;-0.9454;6.815213;5.962737;-0.796342;0.3212;0.0552;-0.9454;6.755713;4.798859;-0.884534;0.3212;0.0552;-0.9454;5.374523;5.946657;-1.286808;-0.3819;-0.6792;-0.6267;6.755713;4.798859;-0.884534;-0.3819;-0.6792;-0.6267;5.999102;4.311927;0.104288;-0.3819;-0.6792;-0.6267;4.94134;5.137222;-0.313482;-0.6583;-0.6707;0.3419;5.999102;4.311927;0.104288;-0.6583;-0.6707;0.3419;5.458421;5.274121;0.950705;-0.6583;-0.6707;0.3419;5.374523;5.946657;-1.286808;-0.9441;0.156;-0.2905;4.94134;5.137222;-0.313482;-0.9441;0.156;-0.2905;4.9533;6.051025;0.138314;-0.9441;0.156;-0.2905;6.815213;5.962737;-0.796342;0.0325;0.9912;-0.1281;5.374523;5.946657;-1.286808;0.0325;0.9912;-0.1281;6.503448;6.121811;0.355358;0.0325;0.9912;-0.1281;5.999102;4.311927;0.104288;0.8233;-0.2966;0.4839;6.755713;4.798859;-0.884534;0.8233;-0.2966;0.4839;6.503448;6.121811;0.355358;0.8233;-0.2966;0.4839;4.94134;5.137222;-0.313482;-0.9034;-0.1805;0.389;5.458421;5.274121;0.950705;-0.9034;-0.1805;0.389;4.9533;6.051025;0.138314;-0.9034;-0.1805;0.389;5.374523;5.946657;-1.286808;-0.0339;0.996;-0.0829;4.9533;6.051025;0.138314;-0.0339;0.996;-0.0829;6.503448;6.121811;0.355358;-0.0339;0.996;-0.0829;6.755713;4.798859;-0.884534;0.9605;-0.0695;0.2696;6.815213;5.962737;-0.796342;0.9605;-0.0695;0.2696;6.503448;6.121811;0.355358;0.9605;-0.0695;0.2696;5.999102;4.311927;0.104288;0.6354;-0.277;0.7208;6.503448;6.121811;0.355358;0.6354;-0.277;0.7208;5.458421;5.274121;0.950705;0.6354;-0.277;0.7208;4.9533;6.051025;0.138314;-0.1325;0.6739;0.7269;5.458421;5.274121;0.950705;-0.1325;0.6739;0.7269;6.503448;6.121811;0.355358;-0.1325;0.6739;0.7269
240;0.652282;0.6620359;0.6254385;0.01
-0.001928;0.534552;-0.304666;0.7305;0.1503;-0.6662;-0.303291;2.200068;-0.259235;0.7305;0.1503;-0.6662;0.255594;0.725898;0.020894;0.7305;0.1503;-0.6662;-0.450129;-0.255491;-0.621777;-0.2733;0.4878;-0.8291;-0.001928;0.534552;-0.304666;-0.2733;0.4878;-0.8291;0.573931;-0.255491;-0.959344;-0.2733;0.4878;-0.8291;0.573931;-0.255491;-0.959344;0.8069;0.5274;-0.266;0.255594;0.725898;0.020894;0.8069;0.5274;-0.266;0.911498;-0.255491;0.064716;0.8069;0.5274;-0.266;0.255594;0.725898;0.020894;0.5093;0.375;0.7746;-0.148535;-0.255491;0.761741;0.5093;0.375;0.7746;0.911498;-0.255491;0.064716;0.5093;0.375;0.7746;-0.434481;0.863515;-0.016045;0.2282;0.5943;0.7712;-0.148535;-0.255491;0.761741;0.2282;0.5943;0.7712;-0.172388;0.306066;0.33601;0.2282;0.5943;0.7712;-0.303291;2.200068;-0.259235;0.7514;-0.4892;-0.4427;-0.633267;1.90933;-0.49799;0.7514;-0.4892;-0.4427;-0.085837;3.305517;-1.111704;0.7514;-0.4892;-0.4427;-0.434481;0.863515;-0.016045;-0.7001;-0.4043;-0.5885;-0.633267;1.90933;-0.49799;-0.7001;-0.4043;-0.5885;-0.001928;0.534552;-0.304666;-0.7001;-0.4043;-0.5885;-0.172388;0.306066;0.33601;0.6387;0.2705;0.7203;-0.303291;2.200068;-0.259235;0.6387;0.2705;0.7203;-0.681669;2.082719;0.120341;0.6387;0.2705;0.7203;-0.434481;0.863515;-0.016045;-0.7577;-0.2223;0.6136;-0.681669;2.082719;0.120341;-0.7577;-0.2223;0.6136;-1.059591;2.310462;-0.263864;-0.7577;-0.2223;0.6136;-0.085837;3.305517;-1.111704;0.4605;-0.8389;0.2901;1.484159;4.092999;-1.326726;0.4605;-0.8389;0.2901;-0.228396;3.424135;-0.542405;0.4605;-0.8389;0.2901;-0.633267;1.90933;-0.49799;-0.3944;-0.2358;-0.8882;-0.490784;3.69541;-1.035409;-0.3944;-0.2358;-0.8882;-0.085837;3.305517;-1.111704;-0.3944;-0.2358;-0.8882;-0.303291;2.200068;-0.259235;0.6832;0.1247;0.7195;-0.228396;3.424135;-0.542405;0.6832;0.1247;0.7195;-0.681669;2.082719;0.120341;0.6832;0.1247;0.7195;-1.059591;2.310462;-0.263864;-0.5559;0.567;0.6079;-0.228396;3.424135;-0.542405;-0.5559;0.567;0.6079;-0.490784;3.69541;-1.035409;-0.5559;0.567;0.6079;1.617036;3.794435;-1.737483;-0.3788;0.1195;-0.9177;2.098028;4.931065;-1.78799;-0.3788;0.1195;-0.9177;2.524467;4.830342;-1.977153;-0.3788;0.1195;-0.9177;-0.228396;3.424135;-0.542405;-0.0445;0.8651;0.4997;1.27143;4.189481;-1.733976;-0.0445;0.8651;0.4997;-0.490784;3.69541;-1.035409;-0.0445;0.8651;0.4997;-0.085837;3.305517;-1.111704;-0.2758;-0.233;-0.9325;1.27143;4.189481;-1.733976;-0.2758;-0.233;-0.9325;1.617036;3.794435;-1.737483;-0.2758;-0.233;-0.9325;2.524467;4.830342;-1.977153;0.1206;0.3579;-0.9259;4.140468;5.944161;-1.336038;0.1206;0.3579;-0.9259;4.166348;5.684214;-1.43315;0.1206;0.3579;-0.9259;1.484159;4.092999;-1.326726;-0.5758;0.6754;0.4608;2.098028;4.931065;-1.78799;-0.5758;0.6754;0.4608;1.27143;4.189481;-1.733976;-0.5758;0.6754;0.4608;1.617036;3.794435;-1.737483;0.5691;-0.5666;0.5959;2.550066;4.905186;-1.572445;0.5691;-0.5666;0.5959;1.484159;4.092999;-1.326726;0.5691;-0.5666;0.5959;4.166348;5.684214;-1.43315;0.6321;0.3256;-0.7032;4.140468;5.944161;-1.336038;0.6321;0.3256;-0.7032;5.98429;5.771403;0.241467;0.6321;0.3256;-0.7032;2.550066;4.905186;-1.572445;-0.3785;0.3881;0.8403;4.140468;5.944161;-1.336038;-0.3785;0.3881;0.8403;2.098028;4.931065;-1.78799;-0.3785;0.3881;0.8403;2.550066;4.905186;-1.572445;0.3905;-0.866;0.3123;4.166348;5.684214;-1.43315;0.3905;-0.866;0.3123;4.123608;5.760367;-1.168486;0.3905;-0.866;0.3123;2.264114;5.55923;-2.867542;-0.4043;-0.7621;-0.5057;2.524467;4.830342;-1.977153;-0.4043;-0.7621;-0.5057;2.098028;4.931065;-1.78799;-0.4043;-0.7621;-0.5057;2.512421;5.69486;-2.79656;-0.2081;0.819;0.5347;2.098028;4.931065;-1.78799;-0.2081;0.819;0.5347;2.550066;4.905186;-1.572445;-0.2081;0.819;0.5347;2.524467;4.830342;-1.977153;0.9977;-0.0391;-0.0559;2.512421;5.69486;-2.79656;0.9977;-0.0391;-0.0559;2.550066;4.905186;-1.572445;0.9977;-0.0391;-0.0559;2.264114;5.55923;-2.867542;-0.4046;-0.8455;-0.3485;1.595181;6.232358;-3.724078;-0.4046;-0.8455;-0.3485;2.513167;5.525752;-3.075423;-0.4046;-0.8455;-0.3485;2.264114;5.55923;-2.867542;-0.3324;0.4003;0.854;1.649523;6.356224;-3.480404;-0.3324;0.4003;0.854;1.451009;6.205605;-3.487072;-0.3324;0.4003;0.854;2.513167;5.525752;-3.075423;0.7292;0.586;-0.3534;1.649523;6.356224;-3.480404;0.7292;0.586;-0.3534;2.512421;5.69486;-2.79656;0.7292;0.586;-0.3534;1.595181;6.232358;-3.724078;-0.4814;-0.7889;-0.3819;1.451009;6.205605;-3.487072;-0.4814;-0.7889;-0.3819;-1.249727;7.961746;-3.710044;-0.4814;-0.7889;-0.3819;1.451009;6.205605;-3.487072;-0.0598;0.0347;0.9976;1.649523;6.356224;-3.480404;-0.0598;0.0347;0.9976;-1.249727;7.961746;-3.710044;-0.0598;0.0347;0.9976;1.649523;6.356224;-3.480404;0.4533;0.7497;-0.4822;1.595181;6.232358;-3.724078;0.4533;0.7497;-0.4822;-1.249727;7.961746;-3.710044;0.4533;0.7497;-0.4822;4.140468;5.944161;-1.336038;-0.4785;0.6151;0.6266;4.123608;5.760367;-1.168486;-0.4785;0.6151;0.6266;5.98429;5.771403;0.241467;-0.4785;0.6151;0.6266;4.123608;5.760367;-1.168486;-0.18;-0.9527;0.245;4.166348;5.684214;-1.43315;-0.18;-0.9527;0.245;5.98429;5.771403;0.241467;-0.18;-0.9527;0.245;4.140468;5.944161;-1.336038;-0.1764;0.329;-0.9277;6.969125;7.913011;-1.175661;-0.1764;0.329;-0.9277;4.166348;5.684214;-1.43315;-0.1764;0.329;-0.9277;4.123608;5.760367;-1.168486;-0.4666;0.6189;0.6319;6.969125;7.913011;-1.175661;-0.4666;0.6189;0.6319;4.140468;5.944161;-1.336038;-0.4666;0.6189;0.6319;4.166348;5.684214;-1.43315;0.574;-0.7577;0.3107;6.969125;7.913011;-1.175661;0.574;-0.7577;0.3107;4.123608;5.760367;-1.168486;0.574;-0.7577;0.3107;-0.228396;3.424135;-0.542405;0.9199;-0.2682;0.2862;-0.085837;3.305517;-1.111704;0.9199;-0.2682;0.2862;0.051068;5.036033;0.069655;0.9199;-0.2682;0.2862;-0.228396;3.424135;-0.542405;-0.9063;-0.2121;0.3656;-0.218966;4.719288;0.232311;-0.9063;-0.2121;0.3656;-0.490784;3.69541;-1.035409;-0.9063;-0.2121;0.3656;-0.490784;3.69541;-1.035409;0.3434;0.5109;-0.7881;0.051068;5.036033;0.069655;0.3434;0.5109;-0.7881;-0.085837;3.305517;-1.111704;0.3434;0.5109;-0.7881;-0.001928;0.534552;-0.304666;0.5131;0.116;-0.8504;-0.633267;1.90933;-0.49799;0.5131;0.116;-0.8504;-0.303291;2.200068;-0.259235;0.5131;0.116;-0.8504;-0.450129;-0.255491;-0.621777;-0.2168;0.4671;-0.8572;-0.434481;0.863515;-0.016045;-0.2168;0.4671;-0.8572;-0.001928;0.534552;-0.304666;-0.2168;0.4671;-0.8572;0.573931;-0.255491;-0.959344;0.2679;0.723;-0.6368;-0.001928;0.534552;-0.304666;0.2679;0.723;-0.6368;0.255594;0.725898;0.020894;0.2679;0.723;-0.6368;0.255594;0.725898;0.020894;-0.0057;0.604;0.797;-0.172388;0.306066;0.33601;-0.0057;0.604;0.797;-0.148535;-0.255491;0.761741;-0.0057;0.604;0.797;-0.434481;0.863515;-0.016045;-0.972;-0.1011;0.2119;-0.450129;-0.255491;-0.621777;-0.972;-0.1011;0.2119;-0.148535;-0.255491;0.761741;-0.972;-0.1011;0.2119;-0.434481;0.863515;-0.016045;-0.7021;-0.4038;-0.5866;-1.059591;2.310462;-0.263864;-0.7021;-0.4038;-0.5866;-0.633267;1.90933;-0.49799;-0.7021;-0.4038;-0.5866;-0.172388;0.306066;0.33601;0.3546;0.3026;0.8847;0.255594;0.725898;0.020894;0.3546;0.3026;0.8847;-0.303291;2.200068;-0.259235;0.3546;0.3026;0.8847;-0.434481;0.863515;-0.016045;-0.9173;-0.2229;0.33;-0.172388;0.306066;0.33601;-0.9173;-0.2229;0.33;-0.681669;2.082719;0.120341;-0.9173;-0.2229;0.33;-0.085837;3.305517;-1.111704;0.4183;-0.665;0.6187;1.617036;3.794435;-1.737483;0.4183;-0.665;0.6187;1.484159;4.092999;-1.326726;0.4183;-0.665;0.6187;-0.633267;1.90933;-0.49799;-0.6015;-0.1858;-0.777;-1.059591;2.310462;-0.263864;-0.6015;-0.1858;-0.777;-0.490784;3.69541;-1.035409;-0.6015;-0.1858;-0.777;-0.303291;2.200068;-0.259235;0.9699;-0.003;0.2435;-0.085837;3.305517;-1.111704;0.9699;-0.003;0.2435;-0.228396;3.424135;-0.542405;0.9699;-0.003;0.2435;-1.059591;2.310462;-0.263864;-0.4402;0.5129;0.737;-0.681669;2.082719;0.120341;-0.4402;0.5129;0.737;-0.228396;3.424135;-0.542405;-0.4402;0.5129;0.737;1.617036;3.794435;-1.737483;-0.041;-0.027;-0.9988;1.27143;4.189481;-1.733976;-0.041;-0.027;-0.9988;2.098028;4.931065;-1.78799;-0.041;-0.027;-0.9988;-0.228396;3.424135;-0.542405;-0.2097;0.9212;0.3278;1.484159;4.092999;-1.326726;-0.2097;0.9212;0.3278;1.27143;4.189481;-1.733976;-0.2097;0.9212;0.3278;-0.085837;3.305517;-1.111704;-0.3259;-0.156;-0.9324;-0.490784;3.69541;-1.035409;-0.3259;-0.156;-0.9324;1.27143;4.189481;-1.733976;-0.3259;-0.156;-0.9324;2.524467;4.830342;-1.977153;-0.1672;0.6628;-0.7299;2.098028;4.931065;-1.78799;-0.1672;0.6628;-0.7299;4.140468;5.944161;-1.336038;-0.1672;0.6628;-0.7299;1.484159;4.092999;-1.326726;-0.3078;0.6218;0.7201;2.550066;4.905186;-1.572445;-0.3078;0.6218;0.7201;2.098028;4.931065;-1.78799;-0.3078;0.6218;0.7201;1.617036;3.794435;-1.737483;0.7584;-0.6478;0.0718;2.524467;4.830342;-1.977153;0.7584;-0.6478;0.0718;2.550066;4.905186;-1.572445;0.7584;-0.6478;0.0718;2.550066;4.905186;-1.572445;-0.4914;0.6109;0.6207;4.123608;5.760367;-1.168486;-0.4914;0.6109;0.6207;4.140468;5.944161;-1.336038;-0.4914;0.6109;0.6207;2.550066;4.905186;-1.572445;0.4202;-0.8967;0.1392;2.524467;4.830342;-1.977153;0.4202;-0.8967;0.1392;4.166348;5.684214;-1.43315;0.4202;-0.8967;0.1392;2.264114;5.55923;-2.867542;-0.4866;-0.7403;-0.4638;2.513167;5.525752;-3.075423;-0.4866;-0.7403;-0.4638;2.524467;4.830342;-1.977153;-0.4866;-0.7403;-0.4638;2.512421;5.69486;-2.79656;-0.5245;0.7685;0.3665;2.264114;5.55923;-2.867542;-0.5245;0.7685;0.3665;2.098028;4.931065;-1.78799;-0.5245;0.7685;0.3665;2.524467;4.830342;-1.977153;0.9999;0.0105;-0.0037;2.513167;5.525752;-3.075423;0.9999;0.0105;-0.0037;2.512421;5.69486;-2.79656;0.9999;0.0105;-0.0037;2.264114;5.55923;-2.867542;-0.4093;-0.8449;-0.3444;1.451009;6.205605;-3.487072;-0.4093;-0.8449;-0.3444;1.595181;6.232358;-3.724078;-0.4093;-0.8449;-0.3444;2.264114;5.55923;-2.867542;-0.4204;0.3267;0.8465;2.512421;5.69486;-2.79656;-0.4204;0.3267;0.8465;1.649523;6.356224;-3.480404;-0.4204;0.3267;0.8465;2.513167;5.525752;-3.075423;0.7218;0.5386;-0.4347;1.595181;6.232358;-3.724078;0.7218;0.5386;-0.4347;1.649523;6.356224;-3.480404;0.7218;0.5386;-0.4347;-0.228396;3.424135;-0.542405;0.9442;-0.0396;-0.3269;0.051068;5.036033;0.069655;0.9442;-0.0396;-0.3269;0.148736;4.737907;0.387907;0.9442;-0.0396;-0.3269;-0.228396;3.424135;-0.542405;-0.32;-0.4846;0.8141;0.148736;4.737907;0.387907;-0.32;-0.4846;0.8141;-0.218966;4.719288;0.232311;-0.32;-0.4846;0.8141;-0.490784;3.69541;-1.035409;-0.7967;0.5421;-0.267;-0.218966;4.719288;0.232311;-0.7967;0.5421;-0.267;0.051068;5.036033;0.069655;-0.7967;0.5421;-0.267;0.051068;5.036033;0.069655;0.8745;0.4577;0.1604;-0.326577;5.302751;1.367652;0.8745;0.4577;0.1604;0.148736;4.737907;0.387907;0.8745;0.4577;0.1604;0.148736;4.737907;0.387907;-0.1496;-0.876;0.4584;-0.540418;5.303513;1.243812;-0.1496;-0.876;0.4584;-0.218966;4.719288;0.232311;-0.1496;-0.876;0.4584;0.051068;5.036033;0.069655;-0.7528;0.4488;-0.4815;-0.540418;5.303513;1.243812;-0.7528;0.4488;-0.4815;-0.428721;5.550109;1.299005;-0.7528;0.4488;-0.4815;-0.326577;5.302751;1.367652;0.783;0.1562;-0.6021;-0.428721;5.550109;1.299005;0.783;0.1562;-0.6021;0.456742;7.084511;2.848462;0.783;0.1562;-0.6021;-0.540418;5.303513;1.243812;-0.4498;-0.4455;0.774;-0.326577;5.302751;1.367652;-0.4498;-0.4455;0.774;0.456742;7.084511;2.848462;-0.4498;-0.4455;0.774;-0.428721;5.550109;1.299005;-0.9131;0.3813;0.1442;-0.540418;5.303513;1.243812;-0.9131;0.3813;0.1442;0.456742;7.084511;2.848462;-0.9131;0.3813;0.1442;-0.428721;5.550109;1.299005;0.8309;0.4382;0.3427;-2.424221;8.462769;2.412575;0.8309;0.4382;0.3427;-0.326577;5.302751;1.367652;0.8309;0.4382;0.3427;-0.326577;5.302751;1.367652;-0.4274;-0.5267;0.7348;-2.424221;8.462769;2.412575;-0.4274;-0.5267;0.7348;-0.540418;5.303513;1.243812;-0.4274;-0.5267;0.7348;-0.540418;5.303513;1.243812;-0.1327;0.2733;-0.9527;-2.424221;8.462769;2.412575;-0.1327;0.2733;-0.9527;-0.428721;5.550109;1.299005;-0.1327;0.2733;-0.9527;0.051068;5.036033;0.069655;0.8922;0.4167;0.174;-0.428721;5.550109;1.299005;0.8922;0.4167;0.174;-0.326577;5.302751;1.367652;0.8922;0.4167;0.174;0.148736;4.737907;0.387907;-0.2337;-0.8871;0.3981;-0.326577;5.302751;1.367652;-0.2337;-0.8871;0.3981;-0.540418;5.303513;1.243812;-0.2337;-0.8871;0.3981;0.051068;5.036033;0.069655;-0.7731;0.411;-0.4831;-0.218966;4.719288;0.232311;-0.7731;0.411;-0.4831;-0.540418;5.303513;1.243812;-0.7731;0.411;-0.4831
6
MATERIAL;second;0;count;5;CUSTOM;0.6261389;0.68512523;0.3630359;1000;LIGHT_GREEN;10000;GREEN;80000;ORANGE;140000;CYAN;400000
INFO;NameId;485;DescId;486;price;4999;dpPerMin;0;range;3;placeSound;thud
LIFE;averagePop;5.0;averageLife;75.0;popFactors;1;0.8;breedMat;37.5;breedTime;27.121399;parentId;25;count;210;reqs;3;LIFE;type;2;enviroType;1;biome;GRASSLAND;amount;0.7;LIFE;type;2;enviroType;3;min;0;max;15;LIFE;type;2;enviroType;0;classification;ahm1;count;2;FALL_DEATH;fallTime;3;totalTime;5;fallenAngle;60;particleEffect;1;ExplodeTime;0.975;UseMaterial;1;Colour;1;Spawn;2;5;0;1;0;PPS;30;Speed;1.5;Gravity;0.3;Life;3;Scale;0.1;Colour;1;0;0;Additive;0;Alpha;1;FadeIn;0.1;FadeOut;0.8;HasDir;1;Dir;0;1;0;Varience;0.25;Offset;0;5;0;LifeError;0.4;ScaleError;0.3;SpeedError;0.4;RandRot;1;HasXRot;1;XRotSpeed;180;Stages;1;2;enviroReqCount;3;reqId;1;minAltitude;0;maxAltitude;20;influence;0.8;reqId;2;barren;0;goodBiomes;1;0;idealFactor;100;influence;0.8;reqId;5;likedSpecies;2;ers;ab;influence;0.7
GROWTH;dynamic;0;growthTime;25.0;modelStages;3;subStages;2
PERCH;3;0.685;4.732;-1.7316;4.448;6.84;-1.6787;2.5578;7.1424;-3.7533
WOOD;cut time;7;bark factor;0.6;colour;0.652282;0.6620359;0.6254385
