0.5
pnf
0;1
3
-0.46976;-0.136098;-0.332007;0.49638;0.745681;0.273946;1
30;2
18;0.582315;0.71614176;0.43730178;0.2
0.196998;-0.089158;-0.192393;0.9338;-0.3536;0.0541;0.49638;0.680232;-0.332007;0.9338;-0.3536;0.0541;0.214477;-0.007135;0.042157;0.9338;-0.3536;0.0541;0.020934;-0.049897;0.273946;-0.689;-0.2518;0.6796;-0.46976;0.745681;0.071259;-0.689;-0.2518;0.6796;-0.126454;-0.136098;0.092583;-0.689;-0.2518;0.6796;0.214477;-0.007135;0.042157;-0.6454;0.5521;0.5279;0.49638;0.680232;-0.332007;-0.6454;0.5521;0.5279;-0.024021;0.003392;-0.26045;-0.6454;0.5521;0.5279;-0.018339;-0.038125;-0.109306;0.857;0.5102;-0.0721;-0.46976;0.745681;0.071259;0.857;0.5102;-0.0721;0.020934;-0.049897;0.273946;0.857;0.5102;-0.0721;-0.024021;0.003392;-0.26045;0.1896;-0.2462;-0.9505;0.49638;0.680232;-0.332007;0.1896;-0.2462;-0.9505;0.196998;-0.089158;-0.192393;0.1896;-0.2462;-0.9505;-0.126454;-0.136098;0.092583;-0.7663;-0.3119;-0.5617;-0.46976;0.745681;0.071259;-0.7663;-0.3119;-0.5617;-0.018339;-0.038125;-0.109306;-0.7663;-0.3119;-0.5617
12;-1.0;0.0;0.0;0.2
0.024457;0.484472;-0.122503;-0.9693;-0.0102;-0.2458;0.005319;-0.129534;-0.021573;-0.9693;-0.0102;-0.2458;-0.030263;0.483118;0.093354;-0.9693;-0.0102;-0.2458;-0.030263;0.483118;0.093354;0.2701;-0.1623;0.949;0.005319;-0.129534;-0.021573;0.2701;-0.1623;0.949;0.184025;0.485825;0.032825;0.2701;-0.1623;0.949;0.184025;0.485825;0.032825;0.6914;-0.1381;-0.7091;0.005319;-0.129534;-0.021573;0.6914;-0.1381;-0.7091;0.024457;0.484472;-0.122503;0.6914;-0.1381;-0.7091;0.024457;0.484472;-0.122503;-0.0117;0.9999;0.0033;-0.030263;0.483118;0.093354;-0.0117;0.9999;0.0033;0.184025;0.485825;0.032825;-0.0117;0.9999;0.0033
-0.855663;-0.279523;-0.856914;1.107267;0.900431;0.39658;1
36;2
24;0.582315;0.71614176;0.43730178;0.2
0.837474;0.529364;-0.25626;0.5959;-0.7913;-0.1374;0.09765;-0.067191;-0.029201;0.5959;-0.7913;-0.1374;1.107267;0.836824;-0.856914;0.5959;-0.7913;-0.1374;-0.855663;0.900431;0.167237;-0.6559;-0.6694;0.3489;0.030796;-0.077178;-0.042134;-0.6559;-0.6694;0.3489;-0.38659;0.560388;0.39658;-0.6559;-0.6694;0.3489;0.455001;0.646568;-0.609439;-0.3651;0.6905;0.6245;0.09765;-0.067191;-0.029201;-0.3651;0.6905;0.6245;0.837474;0.529364;-0.25626;-0.3651;0.6905;0.6245;-0.38659;0.560388;0.39658;0.8402;0.5422;0.0114;0.030796;-0.077178;-0.042134;0.8402;0.5422;0.0114;-0.429801;0.640162;-0.212253;0.8402;0.5422;0.0114;1.107267;0.836824;-0.856914;-0.1334;-0.5841;-0.8007;0.09765;-0.067191;-0.029201;-0.1334;-0.5841;-0.8007;0.455001;0.646568;-0.609439;-0.1334;-0.5841;-0.8007;1.107267;0.836824;-0.856914;-0.1062;0.9037;0.4149;0.455001;0.646568;-0.609439;-0.1062;0.9037;0.4149;0.837474;0.529364;-0.25626;-0.1062;0.9037;0.4149;-0.429801;0.640162;-0.212253;-0.7154;-0.5588;-0.4195;0.030796;-0.077178;-0.042134;-0.7154;-0.5588;-0.4195;-0.855663;0.900431;0.167237;-0.7154;-0.5588;-0.4195;-0.855663;0.900431;0.167237;0.5636;0.8232;0.0679;-0.38659;0.560388;0.39658;0.5636;0.8232;0.0679;-0.429801;0.640162;-0.212253;0.5636;0.8232;0.0679
12;-1.0;0.0;0.0;0.2
0.082413;0.772558;-0.353812;-0.9666;-0.074;-0.2455;0.058781;-0.164286;0.021769;-0.9666;-0.074;-0.2455;-0.019235;0.770043;0.047161;-0.9666;-0.074;-0.2455;-0.019235;0.770043;0.047161;0.2719;-0.0035;0.9623;0.058781;-0.164286;0.021769;0.2719;-0.0035;0.9623;0.378824;0.775072;-0.065277;0.2719;-0.0035;0.9623;0.378824;0.775072;-0.065277;0.6686;-0.2912;-0.6843;0.058781;-0.164286;0.021769;0.6686;-0.2912;-0.6843;0.082413;0.772558;-0.353812;0.6686;-0.2912;-0.6843;0.082413;0.772558;-0.353812;-0.0117;0.9999;0.0033;-0.019235;0.770043;0.047161;-0.0117;0.9999;0.0033;0.378824;0.775072;-0.065277;-0.0117;0.9999;0.0033
-2.371492;-0.192916;-1.707269;1.86376;1.197169;0.690167;1
45;3
24;0.582315;0.71614176;0.43730178;0.2
1.424141;0.726081;-0.605844;0.4378;-0.8983;-0.0374;0.066026;0.040179;-0.029809;0.4378;-0.8983;-0.0374;1.86376;0.986204;-1.707269;0.4378;-0.8983;-0.0374;-2.371492;1.197169;0.285514;-0.3779;-0.8497;0.3678;0.006957;0.012082;-0.008619;-0.3779;-0.8497;0.3678;-1.271719;0.883214;0.690167;-0.3779;-0.8497;0.3678;0.759284;0.93611;-1.220832;-0.2064;0.8359;0.5086;0.066026;0.040179;-0.029809;-0.2064;0.8359;0.5086;1.424141;0.726081;-0.605844;-0.2064;0.8359;0.5086;-1.271719;0.883214;0.690167;0.5886;0.8051;0.0734;0.006957;0.012082;-0.008619;0.5886;0.8051;0.0734;-1.336542;1.02425;-0.336864;0.5886;0.8051;0.0734;1.86376;0.986204;-1.707269;-0.2653;-0.69;-0.6735;0.066026;0.040179;-0.029809;-0.2653;-0.69;-0.6735;0.759284;0.93611;-1.220832;-0.2653;-0.69;-0.6735;1.86376;0.986204;-1.707269;0.0686;0.9645;0.2552;0.759284;0.93611;-1.220832;0.0686;0.9645;0.2552;1.424141;0.726081;-0.605844;0.0686;0.9645;0.2552;-1.336542;1.02425;-0.336864;-0.4327;-0.7409;-0.5137;0.006957;0.012082;-0.008619;-0.4327;-0.7409;-0.5137;-2.371492;1.197169;0.285514;-0.4327;-0.7409;-0.5137;-2.371492;1.197169;0.285514;0.2322;0.9655;0.1179;-1.271719;0.883214;0.690167;0.2322;0.9655;0.1179;-1.336542;1.02425;-0.336864;0.2322;0.9655;0.1179
18;-1.0;0.0;0.0;0.2
-0.192727;0.905774;-0.897829;-0.9063;-0.3534;-0.232;0.004858;-0.192916;0.004253;-0.9063;-0.3534;-0.232;-0.578268;0.896237;0.623028;-0.9063;-0.3534;-0.232;-0.578268;0.896237;0.623028;0.2569;-0.3697;0.8929;0.004858;-0.192916;0.004253;0.2569;-0.3697;0.8929;0.931534;0.91531;0.19656;0.2569;-0.3697;0.8929;0.931534;0.91531;0.19656;0.6353;-0.4186;-0.649;0.004858;-0.192916;0.004253;0.6353;-0.4186;-0.649;-0.192727;0.905774;-0.897829;0.6353;-0.4186;-0.649;-0.192727;0.905774;-0.897829;0.5346;0.8333;0.1407;-0.578268;0.896237;0.623028;0.5346;0.8333;0.1407;0.068821;0.593089;-0.039923;0.5346;0.8333;0.1407;-0.578268;0.896237;0.623028;-0.1621;0.828;-0.5368;0.931534;0.91531;0.19656;-0.1621;0.828;-0.5368;0.068821;0.593089;-0.039923;-0.1621;0.828;-0.5368;0.931534;0.91531;0.19656;-0.4164;0.806;0.4207;-0.192727;0.905774;-0.897829;-0.4164;0.806;0.4207;0.068821;0.593089;-0.039923;-0.4164;0.806;0.4207
3;0.90354544;0.73924387;0.48266822;0.2
-0.201717;0.721174;0.237195;-0.0125;0.9998;0.0132;0.460813;0.731858;0.057113;-0.0125;0.9998;0.0132;-0.049891;0.731858;-0.426613;-0.0125;0.9998;0.0132
6
SPREADER;0;0.1;0.1;0.1;5;5;
INFO;NameId;213;DescId;214;price;140;dpPerMin;0;range;2;placeSound;grassPlace
LIFE;averagePop;6.2;averageLife;6.0;popFactors;1;0.1;breedMat;3.0;breedTime;2.1714478;parentId;-1;FADE_DEATH;0.5;enviroReqCount;3;reqId;2;growsBarren;0;biomes;3;0;1;8;idealFactor;55;influence;0.6;reqId;3;badBiomes;3;3;5;6;influence;0.8;reqId;5;likedSpecies;1;png;influence;0.2
MATERIAL;second;0;count;7;CUSTOM;0.904;0.84025;0.828;1000;LIGHT_BLUE;1700;YELLOW;5000;LILAC;10000;ORANGE;15000;RED;100000;BLACK;500000
GROWTH;dynamic;0;growthTime;2.0;modelStages;3;subStages;1
FOOD;2;901;2;SAMPLE;902;8;WHOLE;PARTICLE_DEATH;isColour;1;Spawn;0;PPS;8;Speed;0.6;Gravity;0.2;Life;0.5;Scale;0.05;Colour;1;1;1;Additive;0;Alpha;1;FadeIn;0.1;FadeOut;0.8;HasDir;1;Dir;0;1;0;Deviation;0.3;Offset;0;0;0;LifeError;0.4;ScaleError;0.1;SpeedError;0.1;RandomRot;1;HasXRot;0
