0.6
pnf
0;1
3
-0.406504;-0.213199;-0.646401;1.387304;0.507318;0.959135;1
60;2
36;0.49327537;0.62097055;0.3795618;0.2
0.017885;-0.161148;-0.109825;-0.5139;-0.778;-0.3615;-0.406504;0.36847;-0.646401;-0.5139;-0.778;-0.3615;0.19091;-0.154818;-0.369434;-0.5139;-0.778;-0.3615;0.19091;-0.154818;-0.369434;0.6929;0.7005;-0.1709;-0.406504;0.36847;-0.646401;0.6929;0.7005;-0.1709;0.20591;-0.121417;-0.171738;0.6929;0.7005;-0.1709;0.20591;-0.121417;-0.171738;0.0664;0.7359;0.6738;-0.406504;0.36847;-0.646401;0.0664;0.7359;0.6738;0.017885;-0.161148;-0.109825;0.0664;0.7359;0.6738;0.70543;-0.159714;0.437837;0.0934;-0.6219;0.7775;0.685931;0.48911;0.959135;0.0934;-0.6219;0.7775;0.458628;-0.115138;0.50313;0.0934;-0.6219;0.7775;0.458628;-0.115138;0.50313;-0.7078;0.5754;-0.4097;0.685931;0.48911;0.959135;-0.7078;0.5754;-0.4097;0.551669;-0.114946;0.342642;-0.7078;0.5754;-0.4097;0.551669;-0.114946;0.342642;0.5522;0.5322;-0.6417;0.685931;0.48911;0.959135;0.5522;0.5322;-0.6417;0.70543;-0.159714;0.437837;0.5522;0.5322;-0.6417;-0.263206;-0.207889;0.535415;-0.3493;0.4172;-0.839;-0.382939;0.507318;0.940927;-0.3493;0.4172;-0.839;-0.088648;-0.172307;0.480435;-0.3493;0.4172;-0.839;-0.088648;-0.172307;0.480435;0.854;0.4894;-0.1765;-0.382939;0.507318;0.940927;0.854;0.4894;-0.1765;-0.029484;-0.213199;0.65331;0.854;0.4894;-0.1765;-0.029484;-0.213199;0.65331;-0.3986;-0.5019;0.7676;-0.382939;0.507318;0.940927;-0.3986;-0.5019;0.7676;-0.263206;-0.207889;0.535415;-0.3986;-0.5019;0.7676;0.76305;-0.109362;0.366412;-0.2406;0.6088;0.756;1.387304;0.430616;0.130243;-0.2406;0.6088;0.756;0.561518;-0.114946;0.306764;-0.2406;0.6088;0.756;0.561518;-0.114946;0.306764;-0.5703;0.7843;-0.2442;1.387304;0.430616;0.130243;-0.5703;0.7843;-0.2442;0.579448;-0.165489;0.102558;-0.5703;0.7843;-0.2442;0.579448;-0.165489;0.102558;0.5818;-0.7773;-0.2395;1.387304;0.430616;0.130243;0.5818;-0.7773;-0.2395;0.76305;-0.109362;0.366412;0.5818;-0.7773;-0.2395
24;-1.0;0.0;0.0;0.2
-0.053443;0.340234;-0.440775;-0.827;-0.2769;-0.4892;0.016974;-0.05584;-0.335617;-0.827;-0.2769;-0.4892;-0.129456;0.34371;-0.31425;-0.827;-0.2769;-0.4892;-0.129456;0.34371;-0.31425;-0.0047;-0.0551;0.9985;0.016974;-0.05584;-0.335617;-0.0047;-0.0551;0.9985;0.017294;0.359856;-0.312674;-0.0047;-0.0551;0.9985;0.017294;0.359856;-0.312674;0.8734;0.0262;-0.4863;0.016974;-0.05584;-0.335617;0.8734;0.0262;-0.4863;-0.053443;0.340234;-0.440775;0.8734;0.0262;-0.4863;-0.053443;0.340234;-0.440775;-0.1079;0.9899;-0.092;-0.129456;0.34371;-0.31425;-0.1079;0.9899;-0.092;0.017294;0.359856;-0.312674;-0.1079;0.9899;-0.092;0.730683;0.361524;0.376261;-0.0909;0.206;-0.9743;0.52829;-0.147034;0.287641;-0.0909;0.206;-0.9743;0.548929;0.372824;0.395603;-0.0909;0.206;-0.9743;0.548929;0.372824;0.395603;-0.8161;-0.0863;0.5715;0.52829;-0.147034;0.287641;-0.8161;-0.0863;0.5715;0.654526;0.338222;0.541165;-0.8161;-0.0863;0.5715;0.654526;0.338222;0.541165;0.8529;-0.3983;0.3376;0.52829;-0.147034;0.287641;0.8529;-0.3983;0.3376;0.730683;0.361524;0.376261;0.8529;-0.3983;0.3376;0.730683;0.361524;0.376261;0.0797;0.9813;0.1755;0.548929;0.372824;0.395603;0.0797;0.9813;0.1755;0.654526;0.338222;0.541165;0.0797;0.9813;0.1755
-0.737955;-0.147034;-0.998846;1.538324;0.575584;1.552999;1
84;2
48;0.49327537;0.62097055;0.3795618;0.2
0.306107;0.31484;1.043242;-0.1277;0.9796;-0.1554;0.612151;0.429851;1.516862;-0.1277;0.9796;-0.1554;0.82416;0.363535;0.924463;-0.1277;0.9796;-0.1554;0.82416;0.363535;0.924463;0.5288;-0.8016;0.279;0.612151;0.429851;1.516862;0.5288;-0.8016;0.279;0.542168;-0.024757;0.3434;0.5288;-0.8016;0.279;0.542168;-0.024757;0.3434;-0.2229;-0.9045;0.3637;0.612151;0.429851;1.516862;-0.2229;-0.9045;0.3637;0.306107;0.31484;1.043242;-0.2229;-0.9045;0.3637;0.306107;0.31484;1.043242;-0.1905;0.8564;-0.4798;0.82416;0.363535;0.924463;-0.1905;0.8564;-0.4798;0.542168;-0.024757;0.3434;-0.1905;0.8564;-0.4798;-0.334058;0.358719;-0.868678;0.1765;0.9589;0.222;-0.737955;0.463193;-0.998846;0.1765;0.9589;0.222;-0.503385;0.33041;-0.611741;0.1765;0.9589;0.222;-0.503385;0.33041;-0.611741;-0.5731;-0.8168;0.0671;-0.737955;0.463193;-0.998846;-0.5731;-0.8168;0.0671;-0.028278;0.012606;-0.422512;-0.5731;-0.8168;0.0671;-0.028278;0.012606;-0.422512;-0.0088;-0.793;-0.6091;-0.737955;0.463193;-0.998846;-0.0088;-0.793;-0.6091;-0.334058;0.358719;-0.868678;-0.0088;-0.793;-0.6091;-0.334058;0.358719;-0.868678;0.4132;0.8346;0.3643;-0.503385;0.33041;-0.611741;0.4132;0.8346;0.3643;-0.028278;0.012606;-0.422512;0.4132;0.8346;0.3643;-0.731231;0.433092;1.079993;-0.0543;0.9833;-0.1735;-0.732806;0.516442;1.552999;-0.0543;0.9833;-0.1735;-0.349927;0.48312;1.244198;-0.0543;0.9833;-0.1735;-0.349927;0.48312;1.244198;0.3639;-0.7635;0.5336;-0.732806;0.516442;1.552999;0.3639;-0.7635;0.5336;-0.291537;0.123705;0.690113;0.3639;-0.7635;0.5336;-0.291537;0.123705;0.690113;-0.4757;-0.8665;0.1511;-0.732806;0.516442;1.552999;-0.4757;-0.8665;0.1511;-0.731231;0.433092;1.079993;-0.4757;-0.8665;0.1511;-0.731231;0.433092;1.079993;0.1188;0.8387;-0.5315;-0.349927;0.48312;1.244198;0.1188;0.8387;-0.5315;-0.291537;0.123705;0.690113;0.1188;0.8387;-0.5315;1.307218;0.366327;0.094714;-0.0974;0.9796;0.176;1.538324;0.446807;-0.225436;-0.0974;0.9796;0.176;1.098448;0.400063;-0.208607;-0.0974;0.9796;0.176;1.098448;0.400063;-0.208607;0.0603;-0.788;-0.6128;1.538324;0.446807;-0.225436;0.0603;-0.788;-0.6128;0.557585;-0.034906;0.297521;0.0603;-0.788;-0.6128;0.557585;-0.034906;0.297521;0.4969;-0.8558;0.1436;1.538324;0.446807;-0.225436;0.4969;-0.8558;0.1436;1.307218;0.366327;0.094714;0.4969;-0.8558;0.1436;1.307218;0.366327;0.094714;-0.3672;0.8623;0.3487;1.098448;0.400063;-0.208607;-0.3672;0.8623;0.3487;0.557585;-0.034906;0.297521;-0.3672;0.8623;0.3487
36;-1.0;0.0;0.0;0.2
-0.07432;0.450748;-0.538351;-0.8122;-0.3335;-0.4788;0.016974;-0.05584;-0.340372;-0.8122;-0.3335;-0.4788;-0.219303;0.457377;-0.297023;-0.8122;-0.3335;-0.4788;-0.219303;0.457377;-0.297023;-0.0014;-0.0848;0.9964;0.016974;-0.05584;-0.340372;-0.0014;-0.0848;0.9964;0.0606;0.488174;-0.294018;-0.0014;-0.0848;0.9964;0.0606;0.488174;-0.294018;0.8769;-0.0294;-0.4797;0.016974;-0.05584;-0.340372;0.8769;-0.0294;-0.4797;-0.07432;0.450748;-0.538351;0.8769;-0.0294;-0.4797;-0.07432;0.450748;-0.538351;-0.1079;0.9899;-0.092;-0.219303;0.457377;-0.297023;-0.1079;0.9899;-0.092;0.0606;0.488174;-0.294018;-0.1079;0.9899;-0.092;-0.330341;0.575584;0.671571;-0.6301;-0.083;-0.7721;-0.271967;0.011877;0.684558;-0.6301;-0.083;-0.7721;-0.533929;0.520187;0.843688;-0.6301;-0.083;-0.7721;-0.533929;0.520187;0.843688;-0.2644;-0.4096;0.8731;-0.271967;0.011877;0.684558;-0.2644;-0.4096;0.8731;-0.282287;0.561343;0.939207;-0.2644;-0.4096;0.8731;-0.282287;0.561343;0.939207;0.9805;0.0976;-0.1708;-0.271967;0.011877;0.684558;0.9805;0.0976;-0.1708;-0.330341;0.575584;0.671571;0.9805;0.0976;-0.1708;-0.330341;0.575584;0.671571;-0.1927;0.9774;0.0866;-0.533929;0.520187;0.843688;-0.1927;0.9774;0.0866;-0.282287;0.561343;0.939207;-0.1927;0.9774;0.0866;0.80559;0.486228;0.364769;-0.1271;0.1817;-0.9751;0.52829;-0.147034;0.282887;-0.1271;0.1817;-0.9751;0.505315;0.561097;0.417866;-0.1271;0.1817;-0.9751;0.505315;0.561097;0.417866;-0.8228;-0.1321;0.5528;0.52829;-0.147034;0.282887;-0.8228;-0.1321;0.5528;0.679916;0.439276;0.648656;-0.8228;-0.1321;0.5528;0.679916;0.439276;0.648656;0.8555;-0.4147;0.3101;0.52829;-0.147034;0.282887;0.8555;-0.4147;0.3101;0.80559;0.486228;0.364769;0.8555;-0.4147;0.3101;0.80559;0.486228;0.364769;0.2781;0.9202;0.2753;0.505315;0.561097;0.417866;0.2781;0.9202;0.2753;0.679916;0.439276;0.648656;0.2781;0.9202;0.2753
-0.961389;-0.147034;-1.126332;1.81963;0.774818;1.958632;1
84;2
48;0.49327537;0.62097055;0.3795618;0.1
0.178489;0.325726;1.327535;-0.1277;0.9796;-0.1554;0.645261;0.486666;1.958632;-0.1277;0.9796;-0.1554;0.984393;0.401478;1.142758;-0.1277;0.9796;-0.1554;0.984393;0.401478;1.142758;0.4897;-0.8225;0.2894;0.645261;0.486666;1.958632;0.4897;-0.8225;0.2894;0.550268;-0.130402;0.365822;0.4897;-0.8225;0.2894;0.550268;-0.130402;0.365822;-0.1779;-0.914;0.3647;0.645261;0.486666;1.958632;-0.1779;-0.914;0.3647;0.178489;0.325726;1.327535;-0.1779;-0.914;0.3647;0.178489;0.325726;1.327535;-0.1905;0.8564;-0.4798;0.984393;0.401478;1.142758;-0.1905;0.8564;-0.4798;0.550268;-0.130402;0.365822;-0.1905;0.8564;-0.4798;-0.368367;0.386162;-0.988097;0.1765;0.9589;0.222;-0.93649;0.522732;-1.126332;0.1765;0.9589;0.222;-0.645087;0.339897;-0.568198;0.1765;0.9589;0.222;-0.645087;0.339897;-0.568198;-0.5393;-0.8421;0.0057;-0.93649;0.522732;-1.126332;-0.5393;-0.8421;0.0057;0.018901;-0.083863;-0.350453;-0.5393;-0.8421;0.0057;0.018901;-0.083863;-0.350453;-0.0587;-0.8203;-0.569;-0.93649;0.522732;-1.126332;-0.0587;-0.8203;-0.569;-0.368367;0.386162;-0.988097;-0.0587;-0.8203;-0.569;-0.368367;0.386162;-0.988097;0.4132;0.8346;0.3643;-0.645087;0.339897;-0.568198;0.4132;0.8346;0.3643;0.018901;-0.083863;-0.350453;0.4132;0.8346;0.3643;-0.961389;0.446909;1.215913;-0.0543;0.9833;-0.1735;-0.933218;0.567969;1.893382;-0.0543;0.9833;-0.1735;-0.365042;0.525151;1.472725;-0.0543;0.9833;-0.1735;-0.365042;0.525151;1.472725;0.3301;-0.784;0.5257;-0.933218;0.567969;1.893382;0.3301;-0.784;0.5257;-0.31341;0.01633;0.681372;0.3301;-0.784;0.5257;-0.31341;0.01633;0.681372;-0.4402;-0.8805;0.1757;-0.933218;0.567969;1.893382;-0.4402;-0.8805;0.1757;-0.961389;0.446909;1.215913;-0.4402;-0.8805;0.1757;-0.961389;0.446909;1.215913;0.1188;0.8387;-0.5315;-0.365042;0.525151;1.472725;0.1188;0.8387;-0.5315;-0.31341;0.01633;0.681372;0.1188;0.8387;-0.5315;1.545499;0.382879;0.120068;-0.0974;0.9796;0.176;1.81963;0.489277;-0.32056;-0.0974;0.9796;0.176;1.235587;0.432959;-0.330201;-0.0974;0.9796;0.176;1.235587;0.432959;-0.330201;0.0876;-0.8092;-0.581;1.81963;0.489277;-0.32056;0.0876;-0.8092;-0.581;0.565285;-0.126823;0.348291;0.0876;-0.8092;-0.581;0.565285;-0.126823;0.348291;0.475;-0.8759;0.084;1.81963;0.489277;-0.32056;0.475;-0.8759;0.084;1.545499;0.382879;0.120068;0.475;-0.8759;0.084;1.545499;0.382879;0.120068;-0.3672;0.8623;0.3487;1.235587;0.432959;-0.330201;-0.3672;0.8623;0.3487;0.565285;-0.126823;0.348291;-0.3672;0.8623;0.3487
36;-1.0;0.0;0.0;0.2
-0.070406;0.552431;-0.743972;-0.7878;-0.4071;-0.4621;0.016974;-0.05584;-0.357064;-0.7878;-0.4071;-0.4621;-0.384588;0.566796;-0.221006;-0.7878;-0.4071;-0.4621;-0.384588;0.566796;-0.221006;0.0122;-0.206;0.9785;0.016974;-0.05584;-0.357064;0.0122;-0.206;0.9785;0.221971;0.633535;-0.214493;0.0122;-0.206;0.9785;0.221971;0.633535;-0.214493;0.8739;-0.1653;-0.4572;0.016974;-0.05584;-0.357064;0.8739;-0.1653;-0.4572;-0.070406;0.552431;-0.743972;0.8739;-0.1653;-0.4572;-0.070406;0.552431;-0.743972;-0.1079;0.9899;-0.092;-0.384588;0.566796;-0.221006;-0.1079;0.9899;-0.092;0.221971;0.633535;-0.214493;-0.1079;0.9899;-0.092;-0.234892;0.716609;0.385008;-0.5747;-0.2786;-0.7695;-0.271967;0.011877;0.667865;-0.5747;-0.2786;-0.7695;-0.813296;0.559224;0.874003;-0.5747;-0.2786;-0.7695;-0.813296;0.559224;0.874003;-0.2239;-0.5296;0.8182;-0.271967;0.011877;0.667865;-0.2239;-0.5296;0.8182;-0.098368;0.676151;1.145377;-0.2239;-0.5296;0.8182;-0.098368;0.676151;1.145377;0.9755;-0.1243;-0.1818;-0.271967;0.011877;0.667865;0.9755;-0.1243;-0.1818;-0.234892;0.716609;0.385008;0.9755;-0.1243;-0.1818;-0.234892;0.716609;0.385008;-0.1927;0.9774;0.0866;-0.813296;0.559224;0.874003;-0.1927;0.9774;0.0866;-0.098368;0.676151;1.145377;-0.1927;0.9774;0.0866;1.120879;0.556192;0.148983;-0.1776;-0.0144;-0.984;0.52829;-0.147034;0.266194;-0.1776;-0.0144;-0.984;0.244049;0.774818;0.304031;-0.1776;-0.0144;-0.984;0.244049;0.774818;0.304031;-0.831;-0.276;0.483;0.52829;-0.147034;0.266194;-0.831;-0.276;0.483;0.753901;0.419088;0.977956;-0.831;-0.276;0.483;0.753901;0.419088;0.977956;0.7619;-0.6025;0.2377;0.52829;-0.147034;0.266194;0.7619;-0.6025;0.2377;1.120879;0.556192;0.148983;0.7619;-0.6025;0.2377;1.120879;0.556192;0.148983;0.2781;0.9202;0.2753;0.244049;0.774818;0.304031;0.2781;0.9202;0.2753;0.753901;0.419088;0.977956;0.2781;0.9202;0.2753
6
SPREADER;8;0.1;0.1;0.1;6.5;5;
INFO;NameId;249;DescId;250;price;425;dpPerMin;0;range;2;placeSound;grassPlace
LIFE;averagePop;6.5;averageLife;6.0;popFactors;0;breedMat;3.0;breedTime;2.170189;parentId;114;count;235;reqs;2;MATERIAL;colour;YELLOW;LIFE;type;2;enviroType;2;amount;0.85;FADE_DEATH;0.5;enviroReqCount;4;reqId;2;growsBarren;1;biomes;4;0;1;7;8;idealFactor;75;influence;0.6;reqId;4;faveBiome;8;influence;0.15;reqId;3;badBiomes;2;3;4;influence;0.9;reqId;1;minAltitude;0;maxAltitude;55;influence;0.8
MATERIAL;second;0;count;8;CUSTOM;0.9035;0.815;0.4507;1000;CYAN;18500;LIGHT_BLUE;16000;ORANGE;18000;PALE_GREEN;20000;RED;19000;PURPLE;40000;RUBY_RED;1200000
GROWTH;dynamic;0;growthTime;2.0;modelStages;3;subStages;1
FOOD;2;901;3;SAMPLE;900;9;WHOLE;PARTICLE_DEATH;isColour;1;Spawn;0;PPS;8;Speed;0.6;Gravity;0.2;Life;0.5;Scale;0.05;Colour;1;1;1;Additive;0;Alpha;1;FadeIn;0.1;FadeOut;0.8;HasDir;1;Dir;0;1;0;Deviation;0.3;Offset;0;0;0;LifeError;0.4;ScaleError;0.1;SpeedError;0.1;RandomRot;1;HasXRot;0
