0.6
pnf
0;1
3
-0.231808;-0.008788;-0.370133;0.133256;1.178865;0.342777;1
51;3
24;0.8130067;0.90354544;0.46777397;0.2
-0.231808;0.585382;-0.187588;-0.3229;-0.5137;-0.7949;0.005546;0.588386;-0.28594;-0.3229;-0.5137;-0.7949;-5.44E-4;0.117882;0.020621;-0.3229;-0.5137;-0.7949;-0.03602;1.178865;0.342777;0.3325;0.2722;-0.903;0.133256;0.668718;0.251302;0.3325;0.2722;-0.903;-0.003553;0.050271;0.01448;0.3325;0.2722;-0.903;-0.231808;0.585382;-0.187588;-0.3574;-0.3324;-0.8728;-0.135866;0.96154;-0.370133;-0.3574;-0.3324;-0.8728;0.005546;0.588386;-0.28594;-0.3574;-0.3324;-0.8728;0.133256;0.668718;0.251302;-0.0;-0.3576;0.9339;-0.140361;0.668718;0.251302;-0.0;-0.3576;0.9339;-0.003553;0.050271;0.01448;-0.0;-0.3576;0.9339;0.133256;0.668718;0.251302;-0.0;-0.1765;0.9843;-0.03602;1.178865;0.342777;-0.0;-0.1765;0.9843;-0.140361;0.668718;0.251302;-0.0;-0.1765;0.9843;-0.135866;0.96154;-0.370133;0.0481;0.4261;0.9034;-0.231808;0.585382;-0.187588;0.0481;0.4261;0.9034;-5.44E-4;0.117882;0.020621;0.0481;0.4261;0.9034;-0.140361;0.668718;0.251302;-0.4186;0.2425;-0.8752;-0.03602;1.178865;0.342777;-0.4186;0.2425;-0.8752;-0.003553;0.050271;0.01448;-0.4186;0.2425;-0.8752;0.005546;0.588386;-0.28594;0.6756;0.3963;0.6217;-0.135866;0.96154;-0.370133;0.6756;0.3963;0.6217;-5.44E-4;0.117882;0.020621;0.6756;0.3963;0.6217
18;-1.0;0.0;0.0;0.2
0.044432;0.70276;0.057389;0.9448;-0.2922;-0.1483;-0.0208;0.525561;-0.009108;0.9448;-0.2922;-0.1483;0.024092;0.703778;-0.074213;0.9448;-0.2922;-0.1483;0.024092;0.703778;-0.074213;-0.6157;-0.1289;-0.7773;-0.0208;0.525561;-0.009108;-0.6157;-0.1289;-0.7773;-0.063085;0.707518;-0.00578;-0.6157;-0.1289;-0.7773;-0.063085;0.707518;-0.00578;-0.5064;-0.1333;0.8519;-0.0208;0.525561;-0.009108;-0.5064;-0.1333;0.8519;0.044432;0.70276;0.057389;-0.5064;-0.1333;0.8519;0.044432;0.70276;0.057389;0.974;0.1706;-0.1492;0.024092;0.703778;-0.074213;0.974;0.1706;-0.1492;7.36E-4;0.889719;-0.014102;0.974;0.1706;-0.1492;0.024092;0.703778;-0.074213;-0.6032;0.1757;-0.778;-0.063085;0.707518;-0.00578;-0.6032;0.1757;-0.778;7.36E-4;0.889719;-0.014102;-0.6032;0.1757;-0.778;-0.063085;0.707518;-0.00578;-0.4884;0.2098;0.847;0.044432;0.70276;0.057389;-0.4884;0.2098;0.847;7.36E-4;0.889719;-0.014102;-0.4884;0.2098;0.847
9;0.40732342;0.70055383;0.41313785;0.2
-0.019077;-0.008788;-0.030122;0.866;0.0115;-0.5;-0.019077;0.756542;-0.012487;0.866;0.0115;-0.5;0.017914;-0.008788;0.033948;0.866;0.0115;-0.5;0.017914;-0.008788;0.033948;-0.0;0.0606;0.9982;-0.019077;0.756542;-0.012487;-0.0;0.0606;0.9982;-0.056067;-0.008788;0.033948;-0.0;0.0606;0.9982;-0.056067;-0.008788;0.033948;-0.866;0.0115;-0.5;-0.019077;0.756542;-0.012487;-0.866;0.0115;-0.5;-0.019077;-0.008788;-0.030122;-0.866;0.0115;-0.5
-0.333909;-0.036875;-0.823294;0.194656;1.657179;0.872725;1
57;3
24;0.8130067;0.90354544;0.46777397;0.2
-0.333909;0.691481;-0.440732;-0.3229;-0.6693;-0.6692;0.009631;0.665825;-0.58082;-0.3229;-0.6693;-0.6692;0.006129;0.074162;0.012579;-0.3229;-0.6693;-0.6692;-0.032639;1.042883;0.872725;0.2898;0.6314;-0.7192;0.194656;0.545754;0.527874;0.2898;0.6314;-0.7192;0.005262;0.004244;-0.023867;0.2898;0.6314;-0.7192;-0.333909;0.691481;-0.440732;-0.3574;-0.5083;-0.7835;-0.196118;1.184226;-0.823294;-0.3574;-0.5083;-0.7835;0.009631;0.665825;-0.58082;-0.3574;-0.5083;-0.7835;0.194656;0.545754;0.527874;0.0;-0.7137;0.7005;-0.184132;0.545754;0.527874;0.0;-0.7137;0.7005;0.005262;0.004244;-0.023867;0.0;-0.7137;0.7005;0.194656;0.545754;0.527874;0.0;-0.57;0.8217;-0.032639;1.042883;0.872725;0.0;-0.57;0.8217;-0.184132;0.545754;0.527874;0.0;-0.57;0.8217;-0.196118;1.184226;-0.823294;0.0403;0.6057;0.7947;-0.333909;0.691481;-0.440732;0.0403;0.6057;0.7947;0.006129;0.074162;0.012579;0.0403;0.6057;0.7947;-0.184132;0.545754;0.527874;-0.3548;0.6035;-0.7141;-0.032639;1.042883;0.872725;-0.3548;0.6035;-0.7141;0.005262;0.004244;-0.023867;-0.3548;0.6035;-0.7141;0.009631;0.665825;-0.58082;0.6856;0.5135;0.516;-0.196118;1.184226;-0.823294;0.6856;0.5135;0.516;0.006129;0.074162;0.012579;0.6856;0.5135;0.516
24;-1.0;0.0;0.0;0.2
0.006416;1.247641;0.187027;0.6765;-0.291;0.6765;0.006416;0.847656;0.014969;0.6765;-0.291;0.6765;0.183282;1.247641;0.010161;0.6765;-0.291;0.6765;0.183282;1.247641;0.010161;0.6732;-0.3058;-0.6732;0.006416;0.847656;0.014969;0.6732;-0.3058;-0.6732;0.006416;1.247642;-0.166704;0.6732;-0.3058;-0.6732;0.006416;1.247642;-0.166704;-0.6732;-0.3058;-0.6732;0.006416;0.847656;0.014969;-0.6732;-0.3058;-0.6732;-0.170449;1.247641;0.010161;-0.6732;-0.3058;-0.6732;-0.170449;1.247641;0.010161;-0.6765;-0.291;0.6765;0.006416;0.847656;0.014969;-0.6765;-0.291;0.6765;0.006416;1.247641;0.187027;-0.6765;-0.291;0.6765;0.006416;1.247641;0.187027;0.6763;0.2921;0.6763;0.183282;1.247641;0.010161;0.6763;0.2921;0.6763;0.006416;1.657179;0.010161;0.6763;0.2921;0.6763;0.183282;1.247641;0.010161;0.6763;0.2921;-0.6763;0.006416;1.247642;-0.166704;0.6763;0.2921;-0.6763;0.006416;1.657179;0.010161;0.6763;0.2921;-0.6763;0.006416;1.247642;-0.166704;-0.6763;0.2921;-0.6763;-0.170449;1.247641;0.010161;-0.6763;0.2921;-0.6763;0.006416;1.657179;0.010161;-0.6763;0.2921;-0.6763;-0.170449;1.247641;0.010161;-0.6763;0.2921;0.6763;0.006416;1.247641;0.187027;-0.6763;0.2921;0.6763;0.006416;1.657179;0.010161;-0.6763;0.2921;0.6763
9;0.40732342;0.70055383;0.41313785;0.2
-0.004704;-0.036875;-0.047693;0.8658;0.0234;-0.4999;-0.004704;1.332281;0.016508;0.8658;0.0234;-0.4999;0.047779;-0.036875;0.043212;0.8658;0.0234;-0.4999;0.047779;-0.036875;0.043212;-0.0;0.0195;0.9998;-0.004704;1.332281;0.016508;-0.0;0.0195;0.9998;-0.057188;-0.036875;0.043212;-0.0;0.0195;0.9998;-0.057188;-0.036875;0.043212;-0.8658;0.0234;-0.4999;-0.004704;1.332281;0.016508;-0.8658;0.0234;-0.4999;-0.004704;-0.036875;-0.047693;-0.8658;0.0234;-0.4999
-0.588932;-0.02676;-1.568179;0.559501;1.881892;1.412802;1
75;4
36;0.8130067;0.90354544;0.46777397;0.15
-0.50318;1.07296;-0.6373;-0.3229;-0.6236;-0.712;-0.038615;1.05086;-0.828618;-0.3229;-0.6236;-0.712;-0.010873;0.076385;0.012281;-0.3229;-0.6236;-0.712;-0.012784;1.149781;0.537586;0.3792;0.3819;-0.8428;0.238668;1.087422;0.622463;0.3792;0.3819;-0.8428;-0.012784;-0.016285;0.009206;0.3792;0.3819;-0.8428;-0.012784;1.149781;0.537586;0.3697;0.7565;-0.5394;-0.012784;1.773848;1.412802;0.3697;0.7565;-0.5394;0.238668;1.087422;0.622463;0.3697;0.7565;-0.5394;-0.50318;1.07296;-0.6373;-0.2331;-0.8526;-0.4676;-0.588932;1.606958;-1.568179;-0.2331;-0.8526;-0.4676;-0.038615;1.05086;-0.828618;-0.2331;-0.8526;-0.4676;0.238668;1.087422;0.622463;-0.0;-0.4857;0.8741;-0.264235;1.087422;0.622463;-0.0;-0.4857;0.8741;-0.012784;-0.016285;0.009206;-0.0;-0.4857;0.8741;0.238668;1.087422;0.622463;-0.0;-0.755;0.6557;-0.012784;1.773848;1.412802;-0.0;-0.755;0.6557;-0.264235;1.087422;0.622463;-0.0;-0.755;0.6557;-0.2399;1.137431;-0.666413;-0.037;0.5328;0.8454;-0.50318;1.07296;-0.6373;-0.037;0.5328;0.8454;-0.010873;0.076385;0.012281;-0.037;0.5328;0.8454;-0.2399;1.137431;-0.666413;-0.1529;0.8511;0.5023;-0.588932;1.606958;-1.568179;-0.1529;0.8511;0.5023;-0.50318;1.07296;-0.6373;-0.1529;0.8511;0.5023;-0.264235;1.087422;0.622463;-0.3697;0.7565;-0.5394;-0.012784;1.773848;1.412802;-0.3697;0.7565;-0.5394;-0.012784;1.149781;0.537586;-0.3697;0.7565;-0.5394;-0.264235;1.087422;0.622463;-0.3792;0.3819;-0.8428;-0.012784;1.149781;0.537586;-0.3792;0.3819;-0.8428;-0.012784;-0.016285;0.009206;-0.3792;0.3819;-0.8428;-0.038615;1.05086;-0.828618;0.5302;0.8186;0.221;-0.588932;1.606958;-1.568179;0.5302;0.8186;0.221;-0.2399;1.137431;-0.666413;0.5302;0.8186;0.221;-0.038615;1.05086;-0.828618;0.6636;0.4995;0.5569;-0.2399;1.137431;-0.666413;0.6636;0.4995;0.5569;-0.010873;0.076385;0.012281;0.6636;0.4995;0.5569
6;0.2184935;0.2184935;0.2184935;0.15
-0.016915;1.562764;0.244902;0.0;1.0;0.0;-0.008652;1.562764;-0.224591;0.0;1.0;0.0;-0.24753;1.562764;0.006024;0.0;1.0;0.0;-0.016915;1.562764;0.244902;0.0;1.0;0.0;0.221963;1.562764;0.014287;0.0;1.0;0.0;-0.008652;1.562764;-0.224591;0.0;1.0;0.0
24;-1.0;0.0;0.0;0.15
-0.012784;1.881892;0.580903;0.6171;-0.4882;0.6171;-0.012784;1.170491;0.018158;0.6171;-0.4882;0.6171;0.559501;1.881892;0.008618;0.6171;-0.4882;0.6171;0.559501;1.881892;0.008618;0.6121;-0.5006;-0.6121;-0.012784;1.170491;0.018158;0.6121;-0.5006;-0.6121;-0.012784;1.881892;-0.563666;0.6121;-0.5006;-0.6121;-0.012784;1.881892;-0.563666;-0.6121;-0.5006;-0.6121;-0.012784;1.170491;0.018158;-0.6121;-0.5006;-0.6121;-0.585068;1.881892;0.008619;-0.6121;-0.5006;-0.6121;-0.585068;1.881892;0.008619;-0.6171;-0.4882;0.6171;-0.012784;1.170491;0.018158;-0.6171;-0.4882;0.6171;-0.012784;1.881892;0.580903;-0.6171;-0.4882;0.6171;-0.012784;1.881892;0.580903;-0.5149;0.6854;-0.5149;0.559501;1.881892;0.008618;-0.5149;0.6854;-0.5149;-0.012784;1.451959;0.008618;-0.5149;0.6854;-0.5149;0.559501;1.881892;0.008618;-0.5149;0.6854;0.5149;-0.012784;1.881892;-0.563666;-0.5149;0.6854;0.5149;-0.012784;1.451959;0.008618;-0.5149;0.6854;0.5149;-0.012784;1.881892;-0.563666;0.5149;0.6854;0.5149;-0.585068;1.881892;0.008619;0.5149;0.6854;0.5149;-0.012784;1.451959;0.008618;0.5149;0.6854;0.5149;-0.585068;1.881892;0.008619;0.5149;0.6854;-0.5149;-0.012784;1.881892;0.580903;0.5149;0.6854;-0.5149;-0.012784;1.451959;0.008618;0.5149;0.6854;-0.5149
9;0.40732342;0.70055383;0.41313785;0.15
-0.012784;-0.02676;-0.055759;0.8658;0.0242;-0.4999;-0.012784;1.523921;0.019228;0.8658;0.0242;-0.4999;0.052157;-0.02676;0.056722;0.8658;0.0242;-0.4999;0.052157;-0.02676;0.056722;-0.0;0.0242;0.9997;-0.012784;1.523921;0.019228;-0.0;0.0242;0.9997;-0.077725;-0.02676;0.056722;-0.0;0.0242;0.9997;-0.077725;-0.02676;0.056722;-0.8658;0.0242;-0.4999;-0.012784;1.523921;0.019228;-0.8658;0.0242;-0.4999;-0.012784;-0.02676;-0.055759;-0.8658;0.0242;-0.4999
6
SPREADER;8;0.1;0.1;0.1;6.5;5;
INFO;NameId;274;DescId;275;price;5200;dpPerMin;0;range;2;placeSound;grassPlace
LIFE;averagePop;6.0;averageLife;7.5;popFactors;0;breedMat;3.75;breedTime;2.7134247;parentId;115;count;150;reqs;2;MATERIAL;Colour;RED;LIFE;type;2;enviroType;1;biome;WOODLAND;amount;0.6;FADE_DEATH;0.5;enviroReqCount;3;reqId;2;growsBarren;0;biomes;1;8;idealFactor;100;influence;0.8;reqId;5;likedSpecies;1;ers;influence;0.76;reqId;1;minAltitude;0;maxAltitude;50;influence;0.8
MATERIAL;second;0;count;6;CUSTOM;0.904;0.462;0.4823;1000;PINK;50000;PURPLE;200000;DARK_PURPLE;40000;YELLOW;80000;WHITE;500000
GROWTH;dynamic;0;growthTime;2.5;modelStages;3;subStages;1
FOOD;2;901;5;SAMPLE;900;15;WHOLE;PARTICLE_DEATH;isColour;1;Spawn;0;PPS;8;Speed;0.6;Gravity;0.2;Life;0.5;Scale;0.05;Colour;1;1;1;Additive;0;Alpha;1;FadeIn;0.1;FadeOut;0.8;HasDir;1;Dir;0;1;0;Deviation;0.3;Offset;0;0;0;LifeError;0.4;ScaleError;0.1;SpeedError;0.1;RandomRot;1;HasXRot;0;effect;0;time;35
