0.45
pnf
0;1
3
-0.296269;-0.032717;-0.34246;0.398681;1.112649;0.298376;1
63;4
12;-1.0;0.0;0.0;0.2
9.23E-4;0.769014;0.089884;-0.9444;-0.095;0.3148;-0.047053;0.769014;-0.054043;-0.9444;-0.095;0.3148;9.23E-4;0.451001;-0.006067;-0.9444;-0.095;0.3148;-0.047053;0.769014;-0.054043;0.3016;0.0904;-0.9491;9.23E-4;1.112649;-0.006067;0.3016;0.0904;-0.9491;0.096874;0.792596;-0.006067;0.3016;0.0904;-0.9491;9.23E-4;0.769014;0.089884;-0.945;0.088;0.315;9.23E-4;1.112649;-0.006067;-0.945;0.088;0.315;-0.047053;0.769014;-0.054043;-0.945;0.088;0.315;-0.047053;0.769014;-0.054043;0.3285;-0.0923;-0.94;0.096874;0.792596;-0.006067;0.3285;-0.0923;-0.94;9.23E-4;0.451001;-0.006067;0.3285;-0.0923;-0.94
9;0.47613087;0.61605984;0.39555973;0.2
-0.017083;-0.032717;-0.030739;0.5734;0.0214;-0.819;-0.00281;0.775662;3.35E-4;0.5734;0.0214;-0.819;0.035719;-0.032717;0.00623;0.5734;0.0214;-0.819;0.035719;-0.032717;0.00623;0.4225;0.0267;0.906;-0.00281;0.775662;3.35E-4;0.4225;0.0267;0.906;-0.022698;-0.032717;0.033473;0.4225;0.0267;0.906;-0.022698;-0.032717;0.033473;-0.996;0.0209;-0.0871;-0.00281;0.775662;3.35E-4;-0.996;0.0209;-0.0871;-0.017083;-0.032717;-0.030739;-0.996;0.0209;-0.0871
36;0.49205828;0.70055383;0.3965873;0.2
0.371788;0.904712;0.298376;-0.2927;0.45;-0.8437;0.009381;0.11517;0.002979;-0.2927;0.45;-0.8437;0.126745;0.710003;0.279543;-0.2927;0.45;-0.8437;0.126745;0.710003;0.279543;0.104;-0.4361;0.8939;0.009381;0.11517;0.002979;0.104;-0.4361;0.8939;0.398681;0.605899;0.197098;0.104;-0.4361;0.8939;0.398681;0.605899;0.197098;0.0605;0.3253;-0.9437;0.009381;0.11517;0.002979;0.0605;0.3253;-0.9437;0.371788;0.904712;0.298376;0.0605;0.3253;-0.9437;0.371788;0.904712;0.298376;0.1685;-0.3028;0.9381;0.126745;0.710003;0.279543;0.1685;-0.3028;0.9381;0.398681;0.605899;0.197098;0.1685;-0.3028;0.9381;-0.296269;0.960199;-0.132609;0.9437;0.2806;-0.1752;-0.006693;0.072409;0.005451;0.9437;0.2806;-0.1752;-0.219851;0.656237;-0.207751;0.9437;0.2806;-0.1752;-0.219851;0.656237;-0.207751;-0.906;-0.3904;-0.1633;-0.006693;0.072409;0.005451;-0.906;-0.3904;-0.1633;-0.271502;0.677318;0.028486;-0.906;-0.3904;-0.1633;-0.271502;0.677318;0.028486;0.8151;0.3389;0.4698;-0.006693;0.072409;0.005451;0.8151;0.3389;0.4698;-0.296269;0.960199;-0.132609;0.8151;0.3389;0.4698;-0.296269;0.960199;-0.132609;-0.9618;-0.1941;-0.193;-0.219851;0.656237;-0.207751;-0.9618;-0.1941;-0.193;-0.271502;0.677318;0.028486;-0.9618;-0.1941;-0.193;0.133784;0.876984;-0.34246;0.3071;0.3009;0.9029;-0.016893;0.043092;-0.013285;0.3071;0.3009;0.9029;0.21355;0.608856;-0.280222;0.3071;0.3009;0.9029;0.21355;0.608856;-0.280222;-0.0451;-0.4112;-0.9104;-0.016893;0.043092;-0.013285;-0.0451;-0.4112;-0.9104;-0.034524;0.648669;-0.285916;-0.0451;-0.4112;-0.9104;-0.034524;0.648669;-0.285916;-0.2349;0.3933;0.8889;-0.016893;0.043092;-0.013285;-0.2349;0.3933;0.8889;0.133784;0.876984;-0.34246;-0.2349;0.3933;0.8889;0.133784;0.876984;-0.34246;-0.0146;-0.2302;-0.973;0.21355;0.608856;-0.280222;-0.0146;-0.2302;-0.973;-0.034524;0.648669;-0.285916;-0.0146;-0.2302;-0.973
6;0.90354544;0.87587523;0.88811713;0.2
0.096874;0.792596;-0.006067;0.6678;0.2002;0.717;9.23E-4;1.112649;-0.006067;0.6678;0.2002;0.717;9.23E-4;0.769014;0.089884;0.6678;0.2002;0.717;0.096874;0.792596;-0.006067;0.7169;-0.2014;0.6674;9.23E-4;0.769014;0.089884;0.7169;-0.2014;0.6674;9.23E-4;0.451001;-0.006067;0.7169;-0.2014;0.6674
-0.646938;-0.017273;-0.778747;0.671593;1.707235;0.851011;1
69;4
12;-1.0;0.0;0.0;0.2
-0.014795;1.127939;0.163341;-0.6915;-0.2087;0.6915;-0.176548;1.127939;0.001587;-0.6915;-0.2087;0.6915;-0.014795;0.591838;0.001588;-0.6915;-0.2087;0.6915;-0.014795;1.127939;-0.160165;0.6678;0.2002;-0.717;-0.014795;1.707235;0.001587;0.6678;0.2002;-0.717;0.146958;1.167694;0.001588;0.6678;0.2002;-0.717;-0.014795;1.127939;0.163341;-0.6937;0.1937;0.6937;-0.014795;1.707235;0.001587;-0.6937;0.1937;0.6937;-0.176548;1.127939;0.001587;-0.6937;0.1937;0.6937;-0.014795;1.127939;-0.160165;0.7169;-0.2014;-0.6674;0.146958;1.167694;0.001588;0.7169;-0.2014;-0.6674;-0.014795;0.591838;0.001588;0.7169;-0.2014;-0.6674
9;0.47613087;0.61605984;0.39555973;0.2
-0.02642;-0.017273;-0.037244;0.5734;0.0248;-0.8189;-0.007885;0.879603;0.002895;0.5734;0.0248;-0.8189;0.03786;-0.017273;0.007763;0.5734;0.0248;-0.8189;0.03786;-0.017273;0.007763;0.4225;0.0265;0.906;-0.007885;0.879603;0.002895;0.4225;0.0265;0.906;-0.033257;-0.017273;0.040928;0.4225;0.0265;0.906;-0.033257;-0.017273;0.040928;-0.9959;0.0245;-0.0871;-0.007885;0.879603;0.002895;-0.9959;0.0245;-0.0871;-0.02642;-0.017273;-0.037244;-0.9959;0.0245;-0.0871
36;0.49205828;0.70055383;0.3965873;0.2
0.563423;1.139878;0.851011;-0.3105;0.7681;-0.5601;0.004878;0.296525;0.004073;-0.3105;0.7681;-0.5601;0.119038;0.885203;0.748086;-0.3105;0.7681;-0.5601;0.119038;0.885203;0.748086;0.0553;-0.7871;0.6143;0.004878;0.296525;0.004073;0.0553;-0.7871;0.6143;0.671593;0.744408;0.517899;0.0553;-0.7871;0.6143;0.671593;0.744408;0.517899;0.1282;0.6592;-0.741;0.004878;0.296525;0.004073;0.1282;0.6592;-0.741;0.563423;1.139878;0.851011;0.1282;0.6592;-0.741;0.563423;1.139878;0.851011;0.1685;-0.6077;0.7761;0.119038;0.885203;0.748086;0.1685;-0.6077;0.7761;0.671593;0.744408;0.517899;0.1685;-0.6077;0.7761;-0.646938;1.112473;-0.170805;0.8198;0.5679;-0.0728;-0.023261;0.234947;0.006981;0.8198;0.5679;-0.0728;-0.419793;0.753694;-0.411622;0.8198;0.5679;-0.0728;-0.419793;0.753694;-0.411622;-0.7243;-0.6733;-0.1483;-0.023261;0.234947;0.006981;-0.7243;-0.6733;-0.1483;-0.558413;0.772381;0.180696;-0.7243;-0.6733;-0.1483;-0.558413;0.772381;0.180696;0.713;0.585;0.3865;-0.023261;0.234947;0.006981;0.713;0.585;0.3865;-0.646938;1.112473;-0.170805;0.713;0.585;0.3865;-0.646938;1.112473;-0.170805;-0.8824;-0.4291;-0.193;-0.419793;0.753694;-0.411622;-0.8824;-0.4291;-0.193;-0.558413;0.772381;0.180696;-0.8824;-0.4291;-0.193;0.186048;1.098429;-0.778747;0.257;0.5869;0.7678;-0.002615;0.189595;-0.020926;0.257;0.5869;0.7678;0.439806;0.72473;-0.578025;0.257;0.5869;0.7678;0.439806;0.72473;-0.578025;-0.0572;-0.6969;-0.7149;-0.002615;0.189595;-0.020926;-0.0572;-0.6969;-0.7149;-0.197027;0.819362;-0.619311;-0.0572;-0.6969;-0.7149;-0.197027;0.819362;-0.619311;-0.1667;0.6516;0.74;-0.002615;0.189595;-0.020926;-0.1667;0.6516;0.74;0.186048;1.098429;-0.778747;-0.1667;0.6516;0.74;0.186048;1.098429;-0.778747;-0.0146;-0.4808;-0.8767;0.439806;0.72473;-0.578025;-0.0146;-0.4808;-0.8767;-0.197027;0.819362;-0.619311;-0.0146;-0.4808;-0.8767
12;0.90354544;0.87587523;0.88811713;0.2
-0.176548;1.127939;0.001587;-0.6915;-0.2087;-0.6915;-0.014795;1.127939;-0.160165;-0.6915;-0.2087;-0.6915;-0.014795;0.591838;0.001588;-0.6915;-0.2087;-0.6915;0.146958;1.167694;0.001588;0.6678;0.2002;0.717;-0.014795;1.707235;0.001587;0.6678;0.2002;0.717;-0.014795;1.127939;0.163341;0.6678;0.2002;0.717;0.146958;1.167694;0.001588;0.7169;-0.2014;0.6674;-0.014795;1.127939;0.163341;0.7169;-0.2014;0.6674;-0.014795;0.591838;0.001588;0.7169;-0.2014;0.6674;-0.176548;1.127939;0.001587;-0.6937;0.1937;-0.6937;-0.014795;1.707235;0.001587;-0.6937;0.1937;-0.6937;-0.014795;1.127939;-0.160165;-0.6937;0.1937;-0.6937
-1.436816;-0.057858;-1.551686;1.066462;1.840933;1.367104;1
102;5
12;1.0;0.8962152;0.5031982;0.15
0.087227;1.261711;0.209657;0.0;1.0;0.0;0.227935;1.261711;0.008691;0.0;1.0;0.0;0.124248;1.261711;-0.213649;0.0;1.0;0.0;-0.260856;1.261711;-0.034056;0.0;1.0;0.0;-0.157168;1.261711;0.188284;0.0;1.0;0.0;0.087227;1.261711;0.209657;0.0;1.0;0.0;0.124248;1.261711;-0.213649;0.0;1.0;0.0;-0.120148;1.261711;-0.235023;0.0;1.0;0.0;0.087227;1.261711;0.209657;0.0;1.0;0.0;-0.260856;1.261711;-0.034056;0.0;1.0;0.0;0.087227;1.261711;0.209657;0.0;1.0;0.0;-0.120148;1.261711;-0.235023;0.0;1.0;0.0
18;-1.0;0.0;0.0;0.15
0.580072;1.729679;-0.861911;-0.0104;0.8209;0.571;-0.491764;1.821342;-1.013261;-0.0104;0.8209;0.571;-0.015116;1.130772;-0.011833;-0.0104;0.8209;0.571;-1.048899;1.729679;-0.102243;-0.597;-0.7368;0.3174;-0.015117;0.931045;-0.011833;-0.597;-0.7368;0.3174;-0.640663;1.819538;0.874161;-0.597;-0.7368;0.3174;0.423478;1.729678;0.928653;-0.4992;0.8173;-0.2877;1.066462;1.840933;0.128826;-0.4992;0.8173;-0.2877;-0.015116;1.130772;-0.011833;-0.4992;0.8173;-0.2877;0.423478;1.729678;0.928653;0.5733;-0.7368;0.3584;-0.015117;0.931045;-0.011833;0.5733;-0.7368;0.3584;1.066462;1.840933;0.128826;0.5733;-0.7368;0.3584;-1.048899;1.729679;-0.102243;0.4991;0.8187;-0.284;-0.640663;1.819538;0.874161;0.4991;0.8187;-0.284;-0.015116;1.130772;-0.011833;0.4991;0.8187;-0.284;0.580072;1.729679;-0.861911;0.0317;-0.7394;-0.6725;-0.015117;0.931045;-0.011833;0.0317;-0.7394;-0.6725;-0.491764;1.821342;-1.013261;0.0317;-0.7394;-0.6725
18;0.47613087;0.61605984;0.39555973;0.15
-0.04367;-0.057858;-0.060841;0.5735;0.0121;-0.8191;0.021635;0.985905;2.88E-4;0.5735;0.0121;-0.8191;0.054524;-0.057858;0.007911;0.5735;0.0121;-0.8191;0.021635;0.985905;2.88E-4;0.4226;0.0199;0.9061;-0.054113;-0.057858;0.058574;0.4226;0.0199;0.9061;0.054524;-0.057858;0.007911;0.4226;0.0199;0.9061;-0.040467;0.985905;0.029249;-0.9961;0.0106;-0.0871;-0.04367;-0.057858;-0.060841;-0.9961;0.0106;-0.0871;-0.054113;-0.057858;0.058574;-0.9961;0.0106;-0.0871;-0.04367;-0.057858;-0.060841;0.5735;0.0121;-0.8191;-0.034497;0.985905;-0.039014;0.5735;0.0121;-0.8191;0.021635;0.985905;2.88E-4;0.5735;0.0121;-0.8191;0.021635;0.985905;2.88E-4;0.4226;0.0199;0.9061;-0.040467;0.985905;0.029249;0.4226;0.0199;0.9061;-0.054113;-0.057858;0.058574;0.4226;0.0199;0.9061;-0.040467;0.985905;0.029249;-0.9961;0.0106;-0.0871;-0.034497;0.985905;-0.039014;-0.9961;0.0106;-0.0871;-0.04367;-0.057858;-0.060841;-0.9961;0.0106;-0.0871
36;0.49205828;0.70055383;0.3965873;0.15
0.738209;1.204658;1.367104;-0.2504;0.8833;-0.3963;-0.005415;0.390667;0.022737;-0.2504;0.8833;-0.3963;0.005546;0.929764;1.217277;-0.2504;0.8833;-0.3963;0.005546;0.929764;1.217277;0.0587;-0.9101;0.4102;-0.005415;0.390667;0.022737;0.0587;-0.9101;0.4102;1.023249;0.781643;0.742883;0.0587;-0.9101;0.4102;1.023249;0.781643;0.742883;0.06;0.8388;-0.5411;-0.005415;0.390667;0.022737;0.06;0.8388;-0.5411;0.738209;1.204658;1.367104;0.06;0.8388;-0.5411;0.738209;1.204658;1.367104;0.1685;-0.7786;0.6045;0.005546;0.929764;1.217277;0.1685;-0.7786;0.6045;1.023249;0.781643;0.742883;0.1685;-0.7786;0.6045;-1.436816;0.883984;-0.252157;0.3787;0.9248;-0.037;-0.045422;0.324169;-0.004482;0.3787;0.9248;-0.037;-0.884763;0.641537;-0.661604;0.3787;0.9248;-0.037;-0.884763;0.641537;-0.661604;-0.2461;-0.9578;-0.1483;-0.045422;0.324169;-0.004482;-0.2461;-0.9578;-0.1483;-1.09302;0.544411;0.311486;-0.2461;-0.9578;-0.1483;-1.09302;0.544411;0.311486;0.2938;0.8873;0.3554;-0.045422;0.324169;-0.004482;0.2938;0.8873;0.3554;-1.436816;0.883984;-0.252157;0.2938;0.8873;0.3554;-1.436816;0.883984;-0.252157;-0.511;-0.8376;-0.193;-0.884763;0.641537;-0.661604;-0.511;-0.8376;-0.193;-1.09302;0.544411;0.311486;-0.511;-0.8376;-0.193;0.239031;0.706693;-1.551686;0.2109;0.9317;0.2956;-0.011803;0.282803;-0.036589;0.2109;0.9317;0.2956;0.697902;0.438392;-1.033403;0.2109;0.9317;0.2956;0.697902;0.438392;-1.033403;-0.0572;-0.9794;-0.1936;-0.011803;0.282803;-0.036589;-0.0572;-0.9794;-0.1936;-0.39177;0.5317;-1.183412;-0.0572;-0.9794;-0.1936;-0.39177;0.5317;-1.183412;-0.1213;0.9609;0.2488;-0.011803;0.282803;-0.036589;-0.1213;0.9609;0.2488;0.239031;0.706693;-1.551686;-0.1213;0.9609;0.2488;0.239031;0.706693;-1.551686;-0.0146;-0.8932;-0.4494;0.697902;0.438392;-1.033403;-0.0146;-0.8932;-0.4494;-0.39177;0.5317;-1.183412;-0.0146;-0.8932;-0.4494
18;0.90354544;0.87587523;0.88811713;0.15
-0.491764;1.821342;-1.013261;-0.5372;-0.7409;-0.4031;-0.015117;0.931045;-0.011833;-0.5372;-0.7409;-0.4031;-1.048899;1.729679;-0.102243;-0.5372;-0.7409;-0.4031;1.066462;1.840933;0.128826;-0.5561;0.8109;0.182;0.580072;1.729679;-0.861911;-0.5561;0.8109;0.182;-0.015116;1.130772;-0.011833;-0.5561;0.8109;0.182;-0.640663;1.819538;0.874161;-0.0965;-0.7361;0.67;-0.015117;0.931045;-0.011833;-0.0965;-0.7361;0.67;0.423478;1.729678;0.928653;-0.0965;-0.7361;0.67;-0.640663;1.819538;0.874161;0.0981;0.8181;-0.5667;0.423478;1.729678;0.928653;0.0981;0.8181;-0.5667;-0.015116;1.130772;-0.011833;0.0981;0.8181;-0.5667;-0.491764;1.821342;-1.013261;0.4452;0.8221;0.355;-1.048899;1.729679;-0.102243;0.4452;0.8221;0.355;-0.015116;1.130772;-0.011833;0.4452;0.8221;0.355;1.066462;1.840933;0.128826;0.6435;-0.7288;-0.2341;-0.015117;0.931045;-0.011833;0.6435;-0.7288;-0.2341;0.580072;1.729679;-0.861911;0.6435;-0.7288;-0.2341
6
SPREADER;9;0.1;0.1;0.1;6.5;5;
MATERIAL;second;1;count;9;CUSTOM;0.38;0.7686;0.702;10000;CUSTOM;0.769;0.494;0.733;10000;YELLOW;100000;LIGHT_BLUE;300000;ORANGE;500000;RED;500000;PURPLE;100000;GREEN;1000000;BLACK;2000000
INFO;NameId;342;DescId;343;price;13600;dpPerMin;0;range;2;placeSound;grassPlace
LIFE;averagePop;7.0;averageLife;7.0;popFactors;0;breedMat;3.5;breedTime;2.532201;parentId;128;count;150;reqs;1;LIFE;type;2;enviroType;0;classification;ar75;count;2;FADE_DEATH;0.5;enviroReqCount;1;reqId;2;growsBarren;1;biomes;3;5;7;9;idealFactor;100;influence;0.85
GROWTH;dynamic;0;growthTime;2.3333333;modelStages;3;subStages;1
FOOD;2;901;5;SAMPLE;902;13;WHOLE;PARTICLE_DEATH;isColour;1;Spawn;0;PPS;8;Speed;0.6;Gravity;0.2;Life;0.5;Scale;0.05;Colour;1;1;1;Additive;0;Alpha;1;FadeIn;0.1;FadeOut;0.8;HasDir;1;Dir;0;1;0;Deviation;0.3;Offset;0;0;0;LifeError;0.4;ScaleError;0.1;SpeedError;0.1;RandomRot;1;HasXRot;0
