0.65
pnf
0;1
3
-0.348035;-0.036378;-0.455562;0.317669;1.079329;0.35124;1
45;2
33;0.557;0.749;0.647;0.2
0.117866;0.599008;0.35124;-0.8901;0.3459;-0.297;0.283188;0.991615;0.312981;-0.8901;0.3459;-0.297;0.004055;-0.006558;-0.012892;-0.8901;0.3459;-0.297;-0.006009;-0.013037;-0.037265;0.311;0.4411;0.8419;-0.324264;0.907922;-0.402187;0.311;0.4411;0.8419;-0.348035;0.584526;-0.223977;0.311;0.4411;0.8419;0.317669;0.622126;0.110607;0.7551;-0.2593;0.6021;0.283188;0.991615;0.312981;0.7551;-0.2593;0.6021;0.117866;0.599008;0.35124;0.7551;-0.2593;0.6021;-0.348035;0.584526;-0.223977;-0.7521;-0.2748;-0.599;-0.324264;0.907922;-0.402187;-0.7521;-0.2748;-0.599;-0.163043;0.582967;-0.455562;-0.7521;-0.2748;-0.599;0.004055;-0.006558;-0.012892;-0.4698;0.3899;-0.792;0.283188;0.991615;0.312981;-0.4698;0.3899;-0.792;0.317669;0.622126;0.110607;-0.4698;0.3899;-0.792;0.004055;-0.006558;-0.012892;0.705;-0.4581;0.5414;0.317669;0.622126;0.110607;0.705;-0.4581;0.5414;0.117866;0.599008;0.35124;0.705;-0.4581;0.5414;-0.163043;0.582967;-0.455562;0.8851;0.4001;0.2378;-0.324264;0.907922;-0.402187;0.8851;0.4001;0.2378;-0.006009;-0.013037;-0.037265;0.8851;0.4001;0.2378;-0.006009;-0.013037;-0.037265;-0.6591;-0.5406;-0.5228;-0.348035;0.584526;-0.223977;-0.6591;-0.5406;-0.5228;-0.163043;0.582967;-0.455562;-0.6591;-0.5406;-0.5228;0.041536;-0.036378;-0.048101;0.0598;0.1174;-0.9913;-0.033499;-0.034132;-0.052359;0.0598;0.1174;-0.9913;0.032995;0.834579;0.054557;0.0598;0.1174;-0.9913;-0.033499;-0.034132;-0.052359;-0.8928;0.0129;0.4503;3.63E-4;-0.034132;0.014774;-0.8928;0.0129;0.4503;0.032995;0.834579;0.054557;-0.8928;0.0129;0.4503;3.63E-4;-0.034132;0.014774;0.8343;-0.0565;0.5484;0.041536;-0.036378;-0.048101;0.8343;-0.0565;0.5484;0.032995;0.834579;0.054557;0.8343;-0.0565;0.5484
12;-1.0;0.0;0.0;0.2
-0.049205;1.064288;0.049527;-0.4105;-0.093;0.9071;0.020686;0.520358;0.025387;-0.4105;-0.093;0.9071;0.10265;1.060574;0.117865;-0.4105;-0.093;0.9071;0.10265;1.060574;0.117865;0.9848;-0.1297;-0.1152;0.020686;0.520358;0.025387;0.9848;-0.1297;-0.1152;0.085855;1.079329;-0.046787;0.9848;-0.1297;-0.1152;0.085855;1.079329;-0.046787;-0.5774;-0.038;-0.8156;0.020686;0.520358;0.025387;-0.5774;-0.038;-0.8156;-0.049205;1.064288;0.049527;-0.5774;-0.038;-0.8156;-0.049205;1.064288;0.049527;-0.0279;0.9929;0.1159;0.10265;1.060574;0.117865;-0.0279;0.9929;0.1159;0.085855;1.079329;-0.046787;-0.0279;0.9929;0.1159
-0.849782;-0.03093;-0.554894;0.729423;1.726981;0.483138;1
57;2
33;0.557;0.749;0.647;0.2
0.034758;-0.03093;-0.043379;-0.0581;-0.0831;-0.9948;-0.045041;-0.028542;-0.038918;-0.0581;-0.0831;-0.9948;0.072234;1.493657;-0.172921;-0.0581;-0.0831;-0.9948;-0.045041;-0.028542;-0.038918;-0.8314;0.112;0.5443;-0.001242;-0.028542;0.027978;-0.8314;0.112;0.5443;0.072234;1.493657;-0.172921;-0.8314;0.112;0.5443;-0.001242;-0.028542;0.027978;0.8929;0.0163;0.4499;0.034758;-0.03093;-0.043379;0.8929;0.0163;0.4499;0.072234;1.493657;-0.172921;0.8929;0.0163;0.4499;0.338592;1.007206;0.483138;-0.7245;0.5863;-0.3625;0.678108;1.322633;0.314792;-0.7245;0.5863;-0.3625;0.033238;0.288969;-0.068258;-0.7245;0.5863;-0.3625;0.010037;0.127224;-0.06244;0.2689;0.5986;0.7546;-0.849782;0.967328;-0.422488;0.2689;0.5986;0.7546;-0.716645;0.530135;-0.123128;0.2689;0.5986;0.7546;0.729423;0.940152;0.008728;0.6782;-0.4015;0.6155;0.678108;1.322633;0.314792;0.6782;-0.4015;0.6155;0.338592;1.007206;0.483138;0.6782;-0.4015;0.6155;-0.716645;0.530135;-0.123128;-0.5524;-0.5789;-0.5998;-0.849782;0.967328;-0.422488;-0.5524;-0.5789;-0.5998;-0.406954;0.681973;-0.554894;-0.5524;-0.5789;-0.5998;0.033238;0.288969;-0.068258;-0.4172;0.533;-0.7361;0.678108;1.322633;0.314792;-0.4172;0.533;-0.7361;0.729423;0.940152;0.008728;-0.4172;0.533;-0.7361;0.033238;0.288969;-0.068258;0.5431;-0.6443;0.5385;0.729423;0.940152;0.008728;0.5431;-0.6443;0.5385;0.338592;1.007206;0.483138;0.5431;-0.6443;0.5385;-0.406954;0.681973;-0.554894;0.5791;0.7396;0.3428;-0.849782;0.967328;-0.422488;0.5791;0.7396;0.3428;0.010037;0.127224;-0.06244;0.5791;0.7396;0.3428;0.010037;0.127224;-0.06244;-0.375;-0.7569;-0.5352;-0.716645;0.530135;-0.123128;-0.375;-0.7569;-0.5352;-0.406954;0.681973;-0.554894;-0.375;-0.7569;-0.5352
24;-1.0;0.0;0.0;0.2
0.029742;1.177051;0.115481;0.7968;-0.3468;0.4949;0.045724;0.876982;-0.120509;0.7968;-0.3468;0.4949;0.090961;1.223287;0.049314;0.7968;-0.3468;0.4949;-0.007947;1.70912;-0.11758;-0.3061;-0.0744;0.9491;0.053587;1.13139;-0.143041;-0.3061;-0.0744;0.9491;0.180354;1.70471;-0.057191;-0.3061;-0.0744;0.9491;-0.008983;1.221102;0.032876;-0.9188;-0.2731;0.2851;0.045724;0.876982;-0.120509;-0.9188;-0.2731;0.2851;0.029742;1.177051;0.115481;-0.9188;-0.2731;0.2851;0.180354;1.70471;-0.057191;0.9572;-0.1774;-0.2288;0.053587;1.13139;-0.143041;0.9572;-0.1774;-0.2288;0.138581;1.726981;-0.249239;0.9572;-0.1774;-0.2288;0.090961;1.223287;0.049314;0.1382;0.4215;-0.8963;0.045724;0.876982;-0.120509;0.1382;0.4215;-0.8963;-0.008983;1.221102;0.032876;0.1382;0.4215;-0.8963;0.090961;1.223287;0.049314;-0.1018;0.8572;0.5048;-0.008983;1.221102;0.032876;-0.1018;0.8572;0.5048;0.029742;1.177051;0.115481;-0.1018;0.8572;0.5048;0.138581;1.726981;-0.249239;-0.6653;-0.038;-0.7456;0.053587;1.13139;-0.143041;-0.6653;-0.038;-0.7456;-0.007947;1.70912;-0.11758;-0.6653;-0.038;-0.7456;-0.007947;1.70912;-0.11758;-0.0147;0.9929;0.1183;0.180354;1.70471;-0.057191;-0.0147;0.9929;0.1183;0.138581;1.726981;-0.249239;-0.0147;0.9929;0.1183
-1.029317;-0.018667;-0.996899;1.141148;2.49653;0.943163;1
96;2
78;0.557;0.749;0.647;0.2
0.089127;1.918287;-0.243939;0.7574;0.2467;0.6046;-0.199269;1.767992;0.178666;0.7574;0.2467;0.6046;0.112174;1.868743;-0.252598;0.7574;0.2467;0.6046;0.112174;1.868743;-0.252598;0.0246;-0.9773;-0.2105;-0.199269;1.767992;0.178666;0.0246;-0.9773;-0.2105;0.062207;1.868743;-0.258434;0.0246;-0.9773;-0.2105;0.062207;1.868743;-0.258434;-0.7787;0.524;-0.345;-0.199269;1.767992;0.178666;-0.7787;0.524;-0.345;0.089127;1.918287;-0.243939;-0.7787;0.524;-0.345;0.032594;-0.018667;-0.0446;-0.0502;-0.1143;-0.9922;0.060205;2.064469;-0.285886;-0.0502;-0.1143;-0.9922;0.132938;2.074358;-0.290705;-0.0502;-0.1143;-0.9922;0.132938;2.074358;-0.290705;-0.4197;0.3632;-0.8319;-0.022174;2.437198;-0.054048;-0.4197;0.3632;-0.8319;0.032601;2.49653;-0.055781;-0.4197;0.3632;-0.8319;-0.052602;-0.016118;-0.039838;-0.823;0.1105;0.5571;0.101439;2.064469;-0.22497;-0.823;0.1105;0.5571;0.060205;2.064469;-0.285886;-0.823;0.1105;0.5571;0.032594;-0.018667;-0.0446;0.8929;0.0095;0.4502;0.101439;2.064469;-0.22497;0.8929;0.0095;0.4502;-0.005841;-0.016118;0.031582;0.8929;0.0095;0.4502;0.032601;2.49653;-0.055781;-0.694;0.6306;-0.3474;-0.022174;2.437198;-0.054048;-0.694;0.6306;-0.3474;-0.239485;2.464046;0.428749;-0.694;0.6306;-0.3474;0.101439;2.064469;-0.22497;-0.7312;-0.4695;0.4949;-0.022174;2.437198;-0.054048;-0.7312;-0.4695;0.4949;0.060205;2.064469;-0.285886;-0.7312;-0.4695;0.4949;0.132938;2.074358;-0.290705;0.9037;-0.068;0.4228;0.032237;2.433628;-0.017644;0.9037;-0.068;0.4228;0.101439;2.064469;-0.22497;0.9037;-0.068;0.4228;-0.022174;2.437198;-0.054048;-0.0788;-0.9967;0.02;0.032237;2.433628;-0.017644;-0.0788;-0.9967;0.02;-0.239485;2.464046;0.428749;-0.0788;-0.9967;0.02;0.032237;2.433628;-0.017644;0.8265;0.2883;0.4835;0.032601;2.49653;-0.055781;0.8265;0.2883;0.4835;-0.239485;2.464046;0.428749;0.8265;0.2883;0.4835;0.534082;0.689712;0.943163;-0.3333;0.9407;-0.0633;0.99527;0.833741;0.655035;-0.3333;0.9407;-0.0633;0.023048;0.440177;-0.07362;-0.3333;0.9407;-0.0633;0.005308;0.273598;-0.051728;0.1743;0.9517;0.2529;-0.980098;0.636619;-0.738671;0.1743;0.9517;0.2529;-1.029317;0.506106;-0.213678;0.1743;0.9517;0.2529;1.141148;0.690637;0.134921;0.4734;-0.8063;0.3546;0.99527;0.833741;0.655035;0.4734;-0.8063;0.3546;0.534082;0.689712;0.943163;0.4734;-0.8063;0.3546;-1.029317;0.506106;-0.213678;-0.3901;-0.8844;-0.2564;-0.980098;0.636619;-0.738671;-0.3901;-0.8844;-0.2564;-0.512481;0.505247;-0.996899;-0.3901;-0.8844;-0.2564;0.023048;0.440177;-0.07362;-0.1544;0.9407;-0.3021;0.99527;0.833741;0.655035;-0.1544;0.9407;-0.3021;1.141148;0.690637;0.134921;-0.1544;0.9407;-0.3021;0.023048;0.440177;-0.07362;0.191;-0.9712;0.1424;1.141148;0.690637;0.134921;0.191;-0.9712;0.1424;0.534082;0.689712;0.943163;0.191;-0.9712;0.1424;-0.512481;0.505247;-0.996899;0.3038;0.9504;0.0665;-0.980098;0.636619;-0.738671;0.3038;0.9504;0.0665;0.005308;0.273598;-0.051728;0.3038;0.9504;0.0665;0.005308;0.273598;-0.051728;-0.198;-0.9716;-0.1296;-1.029317;0.506106;-0.213678;-0.198;-0.9716;-0.1296;-0.512481;0.505247;-0.996899;-0.198;-0.9716;-0.1296;0.032594;-0.018667;-0.0446;-0.0588;-0.1141;-0.9917;-0.052602;-0.016118;-0.039838;-0.0588;-0.1141;-0.9917;0.060205;2.064469;-0.285886;-0.0588;-0.1141;-0.9917;0.132938;2.074358;-0.290705;-0.1251;0.5039;-0.8546;0.060205;2.064469;-0.285886;-0.1251;0.5039;-0.8546;-0.022174;2.437198;-0.054048;-0.1251;0.5039;-0.8546;-0.052602;-0.016118;-0.039838;-0.8316;0.11;0.5444;-0.005841;-0.016118;0.031582;-0.8316;0.11;0.5444;0.101439;2.064469;-0.22497;-0.8316;0.11;0.5444;0.032594;-0.018667;-0.0446;0.9013;0.0077;0.4331;0.132938;2.074358;-0.290705;0.9013;0.0077;0.4331;0.101439;2.064469;-0.22497;0.9013;0.0077;0.4331;0.101439;2.064469;-0.22497;-0.506;-0.4925;0.7081;0.032237;2.433628;-0.017644;-0.506;-0.4925;0.7081;-0.022174;2.437198;-0.054048;-0.506;-0.4925;0.7081;0.132938;2.074358;-0.290705;0.972;0.1178;0.2035;0.032601;2.49653;-0.055781;0.972;0.1178;0.2035;0.032237;2.433628;-0.017644;0.972;0.1178;0.2035
18;-1.0;0.0;0.0;0.2
-0.279472;1.146314;0.066791;0.7902;0.0083;-0.6128;-0.199269;1.767992;0.178666;0.7902;0.0083;-0.6128;-0.038351;1.208499;0.378585;0.7902;0.0083;-0.6128;-0.629667;1.907977;0.44773;-0.2246;0.1246;-0.9665;-0.239485;2.464046;0.428749;-0.2246;0.1246;-0.9665;-0.139664;1.812211;0.321507;-0.2246;0.1246;-0.9665;-0.431996;1.261201;0.417161;-0.875;0.1928;-0.4441;-0.199269;1.767992;0.178666;-0.875;0.1928;-0.4441;-0.279472;1.146314;0.066791;-0.875;0.1928;-0.4441;-0.139664;1.812211;0.321507;0.9689;0.1121;0.2206;-0.239485;2.464046;0.428749;0.9689;0.1121;0.2206;-0.263331;1.920996;0.809441;0.9689;0.1121;0.2206;-0.038351;1.208499;0.378585;0.1394;0.3685;0.9191;-0.199269;1.767992;0.178666;0.1394;0.3685;0.9191;-0.431996;1.261201;0.417161;0.1394;0.3685;0.9191;-0.263331;1.920996;0.809441;-0.6307;0.4638;0.6221;-0.239485;2.464046;0.428749;-0.6307;0.4638;0.6221;-0.629667;1.907977;0.44773;-0.6307;0.4638;0.6221
6
SPREADER;4;0.1;0.1;0.1;8.5;5;
INFO;NameId;278;DescId;279;price;4024;dpPerMin;0;range;2;placeSound;grassPlace
LIFE;averagePop;5.5;averageLife;6.5;popFactors;0;breedMat;3.25;breedTime;2.3513134;parentId;80;count;150;reqs;2;MATERIAL;colour;PURPLE;LIFE;type;2;enviroType;1;biome;SNOW;amount;0.2;FADE_DEATH;0.5;enviroReqCount;2;reqId;3;badBiomes;5;3;5;6;2;9;influence;0.8;reqId;1;minAltitude;50;maxAltitude;100;influence;0.8
MATERIAL;second;0;count;5;CUSTOM;0.633;0.512;0.825;1000;DARK_BLUE;100000;LIGHT_BLUE;250000;WHITE;500000;YELLOW;600000
GROWTH;dynamic;0;growthTime;2.1666667;modelStages;3;subStages;1
FOOD;2;901;5;SAMPLE;902;13;WHOLE;PARTICLE_DEATH;isColour;1;Spawn;0;PPS;8;Speed;0.6;Gravity;0.2;Life;0.5;Scale;0.05;Colour;1;1;1;Additive;0;Alpha;1;FadeIn;0.1;FadeOut;0.8;HasDir;1;Dir;0;1;0;Deviation;0.3;Offset;0;0;0;LifeError;0.4;ScaleError;0.1;SpeedError;0.1;RandomRot;1;HasXRot;0
