0.65
pnm
0;1
2
-0.202141;-0.05095;-0.198977;0.202141;0.72463;0.205305;1
45;2
36;-1.0;0.0;0.0
-0.155016;0.616846;0.001417;-0.7031;0.1819;0.6874;-0.051104;0.247999;0.205305;-0.7031;0.1819;0.6874;-0.001747;0.616846;0.15818;-0.7031;0.1819;0.6874;0.001747;0.616846;-0.151852;0.5013;0.7131;-0.4901;-0.0;0.72463;0.003164;0.5013;0.7131;-0.4901;0.155016;0.616846;0.004911;0.5013;0.7131;-0.4901;0.001747;0.616846;-0.151852;-0.6874;0.1819;-0.7031;-0.202141;0.247999;-0.047939;-0.6874;0.1819;-0.7031;-0.155016;0.616846;0.001417;-0.6874;0.1819;-0.7031;0.155016;0.616846;0.004911;0.4901;0.7131;0.5013;-0.0;0.72463;0.003164;0.4901;0.7131;0.5013;-0.001747;0.616846;0.15818;0.4901;0.7131;0.5013;-0.001747;0.616846;0.15818;0.6874;0.1819;0.7031;0.202141;0.247999;0.054268;0.6874;0.1819;0.7031;0.155016;0.616846;0.004911;0.6874;0.1819;0.7031;-0.001747;0.616846;0.15818;-0.5013;0.7131;0.4901;-0.0;0.72463;0.003164;-0.5013;0.7131;0.4901;-0.155016;0.616846;0.001417;-0.5013;0.7131;0.4901;-0.155016;0.616846;0.001417;-0.4901;0.7131;-0.5013;-0.0;0.72463;0.003164;-0.4901;0.7131;-0.5013;0.001747;0.616846;-0.151852;-0.4901;0.7131;-0.5013;0.155016;0.616846;0.004911;0.7031;0.1819;-0.6874;0.051103;0.247999;-0.198977;0.7031;0.1819;-0.6874;0.001747;0.616846;-0.151852;0.7031;0.1819;-0.6874;-0.155016;0.616846;0.001417;-0.8581;0.0412;0.5118;-0.202141;0.247999;-0.047939;-0.8581;0.0412;0.5118;-0.051104;0.247999;0.205305;-0.8581;0.0412;0.5118;0.001747;0.616846;-0.151852;-0.5118;0.0412;-0.8581;0.051103;0.247999;-0.198977;-0.5118;0.0412;-0.8581;-0.202141;0.247999;-0.047939;-0.5118;0.0412;-0.8581;-0.001747;0.616846;0.15818;0.5118;0.0412;0.8581;-0.051104;0.247999;0.205305;0.5118;0.0412;0.8581;0.202141;0.247999;0.054268;0.5118;0.0412;0.8581;0.155016;0.616846;0.004911;0.8581;0.0412;-0.5118;0.202141;0.247999;0.054268;0.8581;0.0412;-0.5118;0.051103;0.247999;-0.198977;0.8581;0.0412;-0.5118
9;0.90354544;0.7199208;0.6134503
0.0;-0.05095;-0.094402;0.863;0.0839;-0.4982;-0.0;0.469141;-0.006848;0.863;0.0839;-0.4982;0.075824;-0.05095;0.036929;0.863;0.0839;-0.4982;0.075824;-0.05095;0.036929;-0.0;0.0839;0.9965;-0.0;0.469141;-0.006848;-0.0;0.0839;0.9965;-0.075824;-0.05095;0.036929;-0.0;0.0839;0.9965;-0.075824;-0.05095;0.036929;-0.863;0.0839;-0.4982;-0.0;0.469141;-0.006848;-0.863;0.0839;-0.4982;0.0;-0.05095;-0.094402;-0.863;0.0839;-0.4982
-0.62016;-0.126888;-0.648365;0.622868;1.467259;0.533825;2
81;2
18;0.90354544;0.7199208;0.6134503
-0.0;-0.126888;-0.194678;0.865;0.0496;-0.4994;0.083551;0.798349;0.041848;0.865;0.0496;-0.4994;0.174637;-0.126888;0.107802;0.865;0.0496;-0.4994;0.083551;0.798349;0.041848;-0.0;0.0711;0.9975;-0.174637;-0.126888;0.107802;-0.0;0.0711;0.9975;0.174637;-0.126888;0.107802;-0.0;0.0711;0.9975;-0.083551;0.798349;0.041848;-0.865;0.0496;-0.4994;-0.0;-0.126888;-0.194678;-0.865;0.0496;-0.4994;-0.174637;-0.126888;0.107802;-0.865;0.0496;-0.4994;-0.0;-0.126888;-0.194678;0.865;0.0496;-0.4994;-0.0;0.798349;-0.102867;0.865;0.0496;-0.4994;0.083551;0.798349;0.041848;0.865;0.0496;-0.4994;0.083551;0.798349;0.041848;-0.0;0.0711;0.9975;-0.083551;0.798349;0.041848;-0.0;0.0711;0.9975;-0.174637;-0.126888;0.107802;-0.0;0.0711;0.9975;-0.083551;0.798349;0.041848;-0.865;0.0496;-0.4994;-0.0;0.798349;-0.102867;-0.865;0.0496;-0.4994;-0.0;-0.126888;-0.194678;-0.865;0.0496;-0.4994
63;-1.0;0.0;0.0
-0.113673;1.377467;0.219238;0.5305;0.6416;0.5541;0.22026;1.377467;-0.10047;0.5305;0.6416;0.5541;0.001354;1.467259;0.005134;0.5305;0.6416;0.5541;0.557418;1.075442;-0.077631;0.5727;0.5968;-0.5621;0.094473;1.075442;-0.54929;0.5727;0.5968;-0.5621;0.22026;1.377467;-0.10047;0.5727;0.5968;-0.5621;0.094473;1.075442;-0.54929;0.5871;0.0483;-0.8081;0.622868;0.549611;-0.196808;0.5871;0.0483;-0.8081;0.001354;0.549611;-0.648365;0.5871;0.0483;-0.8081;0.251901;1.075442;0.508406;0.3786;0.8368;0.3954;0.22026;1.377467;-0.10047;0.3786;0.8368;0.3954;-0.113673;1.377467;0.219238;0.3786;0.8368;0.3954;0.557418;1.075442;-0.077631;0.9499;0.0483;0.3087;0.385471;0.549611;0.533825;0.9499;0.0483;0.3087;0.622868;0.549611;-0.196808;0.9499;0.0483;0.3087;0.094473;1.075442;-0.54929;0.1516;0.7998;-0.5807;-0.206405;1.377467;-0.211869;0.1516;0.7998;-0.5807;0.22026;1.377467;-0.10047;0.1516;0.7998;-0.5807;0.251901;1.075442;0.508406;-0.0;0.0483;0.9988;-0.382763;0.549611;0.533825;-0.0;0.0483;0.9988;0.385471;0.549611;0.533825;-0.0;0.0483;0.9988;-0.497159;1.075442;-0.254754;-0.7226;0.6736;0.1554;-0.113673;1.377467;0.219238;-0.7226;0.6736;0.1554;-0.206405;1.377467;-0.211869;-0.7226;0.6736;0.1554;-0.399863;1.075442;0.398938;-0.9499;0.0483;0.3087;-0.62016;0.549611;-0.196809;-0.9499;0.0483;0.3087;-0.382763;0.549611;0.533825;-0.9499;0.0483;0.3087;-0.206405;1.377467;-0.211869;-0.4842;0.8687;0.1042;-0.113673;1.377467;0.219238;-0.4842;0.8687;0.1042;0.001354;1.467259;0.005134;-0.4842;0.8687;0.1042;-0.399863;1.075442;0.398938;-0.1329;0.5968;0.7913;0.251901;1.075442;0.508406;-0.1329;0.5968;0.7913;-0.113673;1.377467;0.219238;-0.1329;0.5968;0.7913;-0.497159;1.075442;-0.254754;-0.5871;0.0483;-0.8081;0.001354;0.549611;-0.648365;-0.5871;0.0483;-0.8081;-0.62016;0.549611;-0.196809;-0.5871;0.0483;-0.8081;0.22026;1.377467;-0.10047;0.1251;0.8687;-0.4793;-0.206405;1.377467;-0.211869;0.1251;0.8687;-0.4793;0.001354;1.467259;0.005134;0.1251;0.8687;-0.4793;0.094473;1.075442;-0.54929;0.6928;0.2403;-0.68;0.557418;1.075442;-0.077631;0.6928;0.2403;-0.68;0.622868;0.549611;-0.196808;0.6928;0.2403;-0.68;0.251901;1.075442;0.508406;0.6193;0.7157;0.3228;0.557418;1.075442;-0.077631;0.6193;0.7157;0.3228;0.22026;1.377467;-0.10047;0.6193;0.7157;0.3228;0.557418;1.075442;-0.077631;0.8607;0.2403;0.4487;0.251901;1.075442;0.508406;0.8607;0.2403;0.4487;0.385471;0.549611;0.533825;0.8607;0.2403;0.4487;0.094473;1.075442;-0.54929;-0.3895;0.486;-0.7824;-0.497159;1.075442;-0.254754;-0.3895;0.486;-0.7824;-0.206405;1.377467;-0.211869;-0.3895;0.486;-0.7824;0.251901;1.075442;0.508406;-0.1608;0.2403;0.9573;-0.399863;1.075442;0.398938;-0.1608;0.2403;0.9573;-0.382763;0.549611;0.533825;-0.1608;0.2403;0.9573;-0.497159;1.075442;-0.254754;-0.6908;0.7157;0.1028;-0.399863;1.075442;0.398938;-0.6908;0.7157;0.1028;-0.113673;1.377467;0.219238;-0.6908;0.7157;0.1028;-0.399863;1.075442;0.398938;-0.9601;0.2403;0.1429;-0.497159;1.075442;-0.254754;-0.9601;0.2403;0.1429;-0.62016;0.549611;-0.196809;-0.9601;0.2403;0.1429;-0.497159;1.075442;-0.254754;-0.4326;0.2403;-0.869;0.094473;1.075442;-0.54929;-0.4326;0.2403;-0.869;0.001354;0.549611;-0.648365;-0.4326;0.2403;-0.869
5
MATERIAL;second;1;count;7;CUSTOM;0.525;0.428;0.327;10000;CUSTOM;0.871;0.855;0.7843;10000;RED;50000;YELLOW_GREEN;250000;PURPLE;150000;LIGHT_BLUE;250000;LIGHT_GREEN;400000;
INFO;NameId;286;DescId;287;price;590;dpPerMin;0;range;2;placeSound;grassPlace
LIFE;averagePop;9.0;averageLife;6.7;popFactors;0;breedMat;3.35;breedTime;2.4246786;parentId;-1;FADE_DEATH;0.5;enviroReqCount;3;reqId;2;growsBarren;0;biomes;4;0;1;6;5;idealFactor;50;influence;0.75;reqId;5;likedSpecies;1;pt;influence;0.3;reqId;1;minAltitude;0;maxAltitude;60;influence;0.7
GROWTH;dynamic;0;growthTime;2.2333333;modelStages;2;subStages;2
FOOD;1;902;10;WHOLE;PARTICLE_DEATH;isColour;1;Spawn;0;PPS;8;Speed;0.6;Gravity;0.2;Life;0.5;Scale;0.05;Colour;1;1;1;Additive;0;Alpha;1;FadeIn;0.1;FadeOut;0.8;HasDir;1;Dir;0;1;0;Deviation;0.3;Offset;0;0;0;LifeError;0.4;ScaleError;0.1;SpeedError;0.1;RandomRot;1;HasXRot;0
