1
png
0;1
5
-0.469155;0.002005;-0.435756;0.400247;0.186879;0.474292;1
90;1
90;0.6196;0.475;0.3098;0.0
0.272968;0.037926;0.19372;-0.165014;0.155339;-0.973968;0.089052;0.072519;0.2304;-0.165014;0.155339;-0.973968;0.251604;0.136003;0.212984;-0.165014;0.155339;-0.973968;0.245534;0.066661;0.288143;0.261483;-0.899594;0.349742;0.272968;0.037926;0.19372;0.261483;-0.899594;0.349742;0.400247;0.089172;0.230376;0.261483;-0.899594;0.349742;0.245534;0.066661;0.288143;-0.129612;-0.958464;0.254006;0.089052;0.072519;0.2304;-0.129612;-0.958464;0.254006;0.272968;0.037926;0.19372;-0.129612;-0.958464;0.254006;0.251604;0.136003;0.212984;-0.213752;0.726524;0.653005;0.089052;0.072519;0.2304;-0.213752;0.726524;0.653005;0.245534;0.066661;0.288143;-0.213752;0.726524;0.653005;0.272968;0.037926;0.19372;0.18363;0.227821;-0.956206;0.251604;0.136003;0.212984;0.18363;0.227821;-0.956206;0.400247;0.089172;0.230376;0.18363;0.227821;-0.956206;0.251604;0.136003;0.212984;0.147893;0.720908;0.677053;0.245534;0.066661;0.288143;0.147893;0.720908;0.677053;0.400247;0.089172;0.230376;0.147893;0.720908;0.677053;-0.089012;0.002005;-0.214049;0.234565;-0.886258;-0.399365;-0.126902;0.091881;-0.435756;0.234565;-0.886258;-0.399365;0.016117;0.054636;-0.269097;0.234565;-0.886258;-0.399365;-0.082741;0.130706;-0.232093;-0.814417;0.119297;0.567827;-0.089012;0.002005;-0.214049;-0.814417;0.119297;0.567827;0.015639;0.035052;-0.070892;-0.814417;0.119297;0.567827;-0.082741;0.130706;-0.232093;-0.977386;0.07532;0.197546;-0.126902;0.091881;-0.435756;-0.977386;0.07532;0.197546;-0.089012;0.002005;-0.214049;-0.977386;0.07532;0.197546;0.016117;0.054636;-0.269097;0.52266;0.809412;-0.267617;-0.126902;0.091881;-0.435756;0.52266;0.809412;-0.267617;-0.082741;0.130706;-0.232093;0.52266;0.809412;-0.267617;-0.089012;0.002005;-0.214049;0.408307;-0.908475;-0.088778;0.016117;0.054636;-0.269097;0.408307;-0.908475;-0.088778;0.015639;0.035052;-0.070892;0.408307;-0.908475;-0.088778;0.016117;0.054636;-0.269097;0.626179;0.775719;0.078127;-0.082741;0.130706;-0.232093;0.626179;0.775719;0.078127;0.015639;0.035052;-0.070892;0.626179;0.775719;0.078127;0.106859;0.019113;0.365554;0.385632;-0.229896;-0.893521;-0.095;0.098736;0.257941;0.385632;-0.229896;-0.893521;0.109127;0.145048;0.334127;0.385632;-0.229896;-0.893521;0.030343;0.103192;0.428837;-0.219642;-0.706351;0.672872;0.106859;0.019113;0.365554;-0.219642;-0.706351;0.672872;0.236062;0.082518;0.474292;-0.219642;-0.706351;0.672872;0.030343;0.103192;0.428837;-0.511582;-0.762963;0.395123;-0.095;0.098736;0.257941;-0.511582;-0.762963;0.395123;0.106859;0.019113;0.365554;-0.511582;-0.762963;0.395123;0.109127;0.145048;0.334127;-0.281655;0.942076;0.182012;-0.095;0.098736;0.257941;-0.281655;0.942076;0.182012;0.030343;0.103192;0.428837;-0.281655;0.942076;0.182012;0.106859;0.019113;0.365554;0.684805;-0.188025;-0.704031;0.109127;0.145048;0.334127;0.684805;-0.188025;-0.704031;0.236062;0.082518;0.474292;0.684805;-0.188025;-0.704031;0.109127;0.145048;0.334127;0.002197;0.913968;0.405744;0.030343;0.103192;0.428837;0.002197;0.913968;0.405744;0.236062;0.082518;0.474292;0.002197;0.913968;0.405744;0.2088;0.041828;-0.004146;0.793756;0.319987;0.517258;0.338587;0.117943;-0.250396;0.793756;0.319987;0.517258;0.17974;0.186879;-0.049285;0.793756;0.319987;0.517258;0.122255;0.067749;-0.130116;-0.2537;-0.966948;-0.024659;0.2088;0.041828;-0.004146;-0.2537;-0.966948;-0.024659;0.027984;0.086535;0.103064;-0.2537;-0.966948;-0.024659;0.122255;0.067749;-0.130116;0.082003;-0.96353;-0.254585;0.338587;0.117943;-0.250396;0.082003;-0.96353;-0.254585;0.2088;0.041828;-0.004146;0.082003;-0.96353;-0.254585;0.17974;0.186879;-0.049285;-0.481643;0.63918;-0.599506;0.338587;0.117943;-0.250396;-0.481643;0.63918;-0.599506;0.122255;0.067749;-0.130116;-0.481643;0.63918;-0.599506;0.2088;0.041828;-0.004146;0.5403;0.346812;0.766656;0.17974;0.186879;-0.049285;0.5403;0.346812;0.766656;0.027984;0.086535;0.103064;0.5403;0.346812;0.766656;0.17974;0.186879;-0.049285;-0.733085;0.586901;-0.343638;0.122255;0.067749;-0.130116;-0.733085;0.586901;-0.343638;0.027984;0.086535;0.103064;-0.733085;0.586901;-0.343638;-0.231778;0.003406;-0.047588;0.674062;0.167333;-0.719413;-0.469155;0.037583;-0.262051;0.674062;0.167333;-0.719413;-0.294196;0.172714;-0.066686;0.674062;0.167333;-0.719413;-0.390881;0.050727;0.007259;-0.078036;-0.855556;0.511765;-0.231778;0.003406;-0.047588;-0.078036;-0.855556;0.511765;-0.162891;0.118683;0.155636;-0.078036;-0.855556;0.511765;-0.390881;0.050727;0.007259;-0.245369;-0.962157;0.118259;-0.469155;0.037583;-0.262051;-0.245369;-0.962157;0.118259;-0.231778;0.003406;-0.047588;-0.245369;-0.962157;0.118259;-0.294196;0.172714;-0.066686;-0.716971;0.674612;0.175451;-0.469155;0.037583;-0.262051;-0.716971;0.674612;0.175451;-0.390881;0.050727;0.007259;-0.716971;0.674612;0.175451;-0.231778;0.003406;-0.047588;0.856899;0.266121;-0.44142;-0.294196;0.172714;-0.066686;0.856899;0.266121;-0.44142;-0.162891;0.118683;0.155636;0.856899;0.266121;-0.44142;-0.294196;0.172714;-0.066686;-0.522355;0.704886;0.479812;-0.390881;0.050727;0.007259;-0.522355;0.704886;0.479812;-0.162891;0.118683;0.155636;-0.522355;0.704886;0.479812
-0.435806;-0.184416;-0.548351;0.317754;0.852051;0.560073;1
63;2
18;0.478;0.384;0.239;0.2
0.056511;-0.175914;-0.226606;-0.650472;-0.408612;-0.640217;0.065137;0.314467;-0.548351;-0.650472;-0.408612;-0.640217;0.117143;-0.126908;-0.319489;-0.650472;-0.408612;-0.640217;0.117143;-0.126908;-0.319489;0.755211;-0.229377;-0.614002;0.065137;0.314467;-0.548351;0.755211;-0.229377;-0.614002;0.177775;-0.175914;-0.226606;0.755211;-0.229377;-0.614002;0.177775;-0.175914;-0.226606;0.0;0.54857;0.836085;0.065137;0.314467;-0.548351;0.0;0.54857;0.836085;0.056511;-0.175914;-0.226606;0.0;0.54857;0.836085;0.129616;-0.130245;0.152405;-0.836329;0.454848;-0.305948;0.304249;0.243465;0.230642;-0.836329;0.454848;-0.305948;0.208479;-0.066504;0.031594;-0.836329;0.454848;-0.305948;0.208479;-0.066504;0.031594;0.851833;0.070101;-0.519059;0.304249;0.243465;0.230642;0.851833;0.070101;-0.519059;0.287342;-0.130245;0.152405;0.851833;0.070101;-0.519059;0.287342;-0.130245;0.152405;0.0;-0.204901;0.978759;0.304249;0.243465;0.230642;0.0;-0.204901;0.978759;0.129616;-0.130245;0.152405;0.0;-0.204901;0.978759
45;0.765;0.7686;0.392;0.2
-0.079708;-0.154197;0.183807;-0.865017;-0.047884;-0.499405;-0.019974;0.852051;-0.016169;-0.865017;-0.047884;-0.499405;-0.006868;-0.154197;0.057644;-0.865017;-0.047884;-0.499405;-0.006868;-0.154197;0.057644;0.865719;-0.025361;-0.499832;-0.019974;0.852051;-0.016169;0.865719;-0.025361;-0.499832;0.065973;-0.154197;0.183807;0.865719;-0.025361;-0.499832;0.065973;-0.154197;0.183807;0.0;0.194922;0.980804;-0.019974;0.852051;-0.016169;0.0;0.194922;0.980804;-0.079708;-0.154197;0.183807;0.0;0.194922;0.980804;-0.035332;-0.163359;-0.022685;-0.857601;0.086459;-0.506974;0.317754;0.595118;-0.490599;-0.857601;0.086459;-0.506974;0.0253;-0.174351;-0.127126;-0.857601;0.086459;-0.506974;0.0253;-0.174351;-0.127126;0.777612;-0.484695;-0.400403;0.317754;0.595118;-0.490599;0.777612;-0.484695;-0.400403;0.085932;-0.163359;-0.022685;0.777612;-0.484695;-0.400403;0.085932;-0.163359;-0.022685;0.0;0.52504;0.85107;0.317754;0.595118;-0.490599;0.0;0.52504;0.85107;-0.035332;-0.163359;-0.022685;0.0;0.52504;0.85107;0.081674;-0.173424;0.375873;-0.86462;-0.108829;-0.490463;-0.145127;0.798157;0.560073;-0.86462;-0.108829;-0.490463;0.142306;-0.184416;0.271432;-0.86462;-0.108829;-0.490463;0.142306;-0.184416;0.271432;0.784143;0.374676;-0.494644;-0.145127;0.798157;0.560073;0.784143;0.374676;-0.494644;0.202939;-0.173424;0.375873;0.784143;0.374676;-0.494644;0.202939;-0.173424;0.375873;0.0;-0.186254;0.982482;-0.145127;0.798157;0.560073;0.0;-0.186254;0.982482;0.081674;-0.173424;0.375873;0.0;-0.186254;0.982482;-0.179601;-0.13258;-0.152049;-0.857753;-0.188788;-0.478072;-0.230864;0.790751;-0.424681;-0.857753;-0.188788;-0.478072;-0.109325;-0.145321;-0.273101;-0.857753;-0.188788;-0.478072;-0.109325;-0.145321;-0.273101;0.863033;0.030396;-0.504196;-0.230864;0.790751;-0.424681;0.863033;0.030396;-0.504196;-0.039049;-0.13258;-0.152049;0.863033;0.030396;-0.504196;-0.039049;-0.13258;-0.152049;0.0;0.283181;0.959044;-0.230864;0.790751;-0.424681;0.0;0.283181;0.959044;-0.179601;-0.13258;-0.152049;0.0;0.283181;0.959044;-0.327882;-0.114637;0.087754;-0.755882;-0.431288;-0.492508;-0.435806;0.37278;-0.173433;-0.755882;-0.431288;-0.492508;-0.255271;-0.099344;-0.037078;-0.755882;-0.431288;-0.492508;-0.255271;-0.099344;-0.037078;0.858486;0.190802;-0.475967;-0.435806;0.37278;-0.173433;0.858486;0.190802;-0.475967;-0.182661;-0.114637;0.087754;0.858486;0.190802;-0.475967;-0.182661;-0.114637;0.087754;0.0;0.472304;0.881405;-0.435806;0.37278;-0.173433;0.0;0.472304;0.881405;-0.327882;-0.114637;0.087754;0.0;0.472304;0.881405
-0.755586;-0.26688;-0.938569;0.957969;2.172381;0.852573;2
99;2
54;0.478;0.384;0.239;0.2
0.19485;-0.207274;-0.053259;-0.699149;0.544603;-0.46321;0.715167;0.489702;-0.019147;-0.699149;0.544603;-0.46321;0.282595;-0.223182;-0.204402;-0.699149;0.544603;-0.46321;0.282595;-0.223182;-0.204402;0.815973;-0.382488;-0.433424;0.715167;0.489702;-0.019147;0.815973;-0.382488;-0.433424;0.370339;-0.207274;-0.053259;0.815973;-0.382488;-0.433424;0.370339;-0.207274;-0.053259;0.0;-0.04886;0.998779;0.715167;0.489702;-0.019147;0.0;-0.04886;0.998779;0.19485;-0.207274;-0.053259;0.0;-0.04886;0.998779;-0.13576;-0.23058;0.386228;-0.84817;0.09891;-0.520371;-0.276815;0.90034;0.83111;-0.84817;0.09891;-0.520371;-0.048016;-0.147413;0.259025;-0.84817;0.09891;-0.520371;-0.048016;-0.147413;0.259025;0.859127;0.37669;-0.346324;-0.276815;0.90034;0.83111;0.859127;0.37669;-0.346324;0.039728;-0.23058;0.386228;0.859127;0.37669;-0.346324;0.039728;-0.23058;0.386228;0.0;-0.36607;0.93057;-0.276815;0.90034;0.83111;0.0;-0.36607;0.93057;-0.13576;-0.23058;0.386228;0.0;-0.36607;0.93057;0.162843;-0.254575;-0.327936;-0.735954;-0.267861;-0.621754;0.211843;1.028118;-0.938569;-0.735954;-0.267861;-0.621754;0.250588;-0.183656;-0.462351;-0.735954;-0.267861;-0.621754;0.250588;-0.183656;-0.462351;0.76162;-0.215766;-0.611011;0.211843;1.028118;-0.938569;0.76162;-0.215766;-0.611011;0.338332;-0.254575;-0.327936;0.76162;-0.215766;-0.611011;0.338332;-0.254575;-0.327936;0.0;0.429823;0.90289;0.211843;1.028118;-0.938569;0.0;0.429823;0.90289;0.162843;-0.254575;-0.327936;0.0;0.429823;0.90289;0.29502;-0.181377;0.207082;-0.865993;0.240822;-0.438215;0.581102;1.077782;0.333776;-0.865993;0.240822;-0.438215;0.382765;-0.110458;0.072666;-0.865993;0.240822;-0.438215;0.382765;-0.110458;0.072666;0.832972;-0.017518;-0.552995;0.581102;1.077782;0.333776;0.832972;-0.017518;-0.552995;0.470509;-0.181377;0.207082;0.832972;-0.017518;-0.552995;0.470509;-0.181377;0.207082;0.0;-0.100101;0.994964;0.581102;1.077782;0.333776;0.0;-0.100101;0.994964;0.29502;-0.181377;0.207082;0.0;-0.100101;0.994964;-0.463489;-0.236649;0.416574;-0.825251;0.006958;-0.564684;-0.578489;0.477719;0.593469;-0.825251;0.006958;-0.564684;-0.375745;-0.153482;0.289371;-0.825251;0.006958;-0.564684;-0.375745;-0.153482;0.289371;0.851192;0.423017;-0.310556;-0.578489;0.477719;0.593469;0.851192;0.423017;-0.310556;-0.288001;-0.236649;0.416574;0.851192;0.423017;-0.310556;-0.288001;-0.236649;0.416574;0.0;-0.240364;0.970672;-0.578489;0.477719;0.593469;0.0;-0.240364;0.970672;-0.463489;-0.236649;0.416574;0.0;-0.240364;0.970672;-0.536318;-0.236649;-0.20247;-0.704794;-0.263649;-0.658559;-0.548395;0.783796;-0.598078;-0.704794;-0.263649;-0.658559;-0.448574;-0.153482;-0.329673;-0.704794;-0.263649;-0.658559;-0.448574;-0.153482;-0.329673;0.791864;-0.088687;-0.604205;-0.548395;0.783796;-0.598078;0.791864;-0.088687;-0.604205;-0.360829;-0.236649;-0.20247;0.791864;-0.088687;-0.604205;-0.360829;-0.236649;-0.20247;0.0;0.361461;0.932371;-0.548395;0.783796;-0.598078;0.0;0.361461;0.932371;-0.536318;-0.236649;-0.20247;0.0;0.361461;0.932371
45;0.765;0.7686;0.392;0.2
-0.01662;-0.223148;0.255798;-0.865719;0.025697;-0.499832;0.202218;2.172381;-0.0;-0.865719;0.025697;-0.499832;0.071124;-0.223148;0.10382;-0.865719;0.025697;-0.499832;0.071124;-0.223148;0.10382;0.863948;-0.06888;-0.498795;0.202218;2.172381;-0.0;0.863948;-0.06888;-0.498795;0.158869;-0.223148;0.255798;0.863948;-0.06888;-0.498795;0.158869;-0.223148;0.255798;0.0;0.106174;0.994324;0.202218;2.172381;-0.0;0.0;0.106174;0.994324;-0.01662;-0.223148;0.255798;0.0;0.106174;0.994324;0.029932;-0.236406;-0.032829;-0.832972;0.221717;-0.506912;0.957969;1.714373;-0.70449;-0.832972;0.221717;-0.506912;0.117676;-0.252314;-0.183971;-0.832972;0.221717;-0.506912;0.117676;-0.252314;-0.183971;0.79281;-0.448073;-0.413099;0.957969;1.714373;-0.70449;0.79281;-0.448073;-0.413099;0.20542;-0.236406;-0.032829;0.79281;-0.448073;-0.413099;0.20542;-0.236406;-0.032829;0.0;0.325541;0.945524;0.957969;1.714373;-0.70449;0.0;0.325541;0.945524;0.029932;-0.236406;-0.032829;0.0;0.325541;0.945524;0.199258;-0.250972;0.543948;-0.86581;-0.073855;-0.494858;-0.176315;2.083536;0.852573;-0.86581;-0.073855;-0.494858;0.287003;-0.26688;0.392805;-0.86581;-0.073855;-0.494858;0.287003;-0.26688;0.392805;0.822657;0.260964;-0.505051;-0.176315;2.083536;0.852573;0.822657;0.260964;-0.505051;0.374747;-0.250972;0.543948;0.822657;0.260964;-0.505051;0.374747;-0.250972;0.543948;0.0;-0.131046;0.991363;-0.176315;2.083536;0.852573;0.0;-0.131046;0.991363;0.199258;-0.250972;0.543948;0.0;-0.131046;0.991363;-0.164892;-0.192708;-0.228052;-0.865413;-0.089114;-0.493027;-0.201571;2.105763;-0.579199;-0.865413;-0.089114;-0.493027;-0.077148;-0.208616;-0.379194;-0.865413;-0.089114;-0.493027;-0.077148;-0.208616;-0.379194;0.864681;0.003052;-0.502304;-0.201571;2.105763;-0.579199;0.864681;0.003052;-0.502304;0.010596;-0.192708;-0.228052;0.864681;0.003052;-0.502304;0.010596;-0.192708;-0.228052;0.0;0.151006;0.988525;-0.201571;2.105763;-0.579199;0.0;0.151006;0.988525;-0.164892;-0.192708;-0.228052;0.0;0.151006;0.988525;-0.3761;-0.164681;0.11706;-0.759301;-0.423994;-0.493606;-0.755586;1.368257;-0.615926;-0.759301;-0.423994;-0.493606;-0.288355;-0.146201;-0.03379;-0.759301;-0.423994;-0.493606;-0.288355;-0.146201;-0.03379;0.865902;0.077151;-0.494186;-0.755586;1.368257;-0.615926;0.865902;0.077151;-0.494186;-0.200611;-0.164681;0.11706;0.865902;0.077151;-0.494186;-0.200611;-0.164681;0.11706;0.0;0.431379;0.902158;-0.755586;1.368257;-0.615926;0.0;0.431379;0.902158;-0.3761;-0.164681;0.11706;0.0;0.431379;0.902158
-0.326607;1.714525;-0.694957;1.4E-45;2.697719;0.992854;1;1
36;1
36;0.6196;0.475;0.3098;0.2
-0.202291;2.179508;0.776501;0.841395;0.367321;-0.396313;-0.326607;2.697719;0.992854;0.841395;0.367321;-0.396313;-0.123883;2.169418;0.93361;0.841395;0.367321;-0.396313;-0.297775;2.143777;0.920303;-0.797815;-0.181585;-0.574877;-0.202291;2.179508;0.776501;-0.797815;-0.181585;-0.574877;-0.114181;1.714525;0.801108;-0.797815;-0.181585;-0.574877;-0.297775;2.143777;0.920303;-0.835932;0.02826;-0.548051;-0.326607;2.697719;0.992854;-0.835963;0.02826;-0.548051;-0.202291;2.179508;0.776501;-0.835963;0.02826;-0.548051;-0.123883;2.169418;0.93361;-0.056185;-0.132511;0.989563;-0.326607;2.697719;0.992854;-0.056185;-0.132511;0.989563;-0.297775;2.143777;0.920303;-0.056185;-0.132511;0.989563;-0.202291;2.179508;0.776501;0.888943;0.145451;-0.434278;-0.123883;2.169418;0.93361;0.888943;0.145451;-0.434278;-0.114181;1.714525;0.801108;0.888943;0.145451;-0.434278;-0.123883;2.169418;0.93361;-0.032105;-0.280129;0.95941;-0.297775;2.143777;0.920303;-0.032105;-0.280129;0.95941;-0.114181;1.714525;0.801108;-0.032105;-0.280129;0.95941;-0.292264;2.174617;-0.663381;-0.030854;-0.067476;-0.997223;-0.218843;2.6076;-0.694957;-0.030854;-0.067476;-0.997223;-0.12041;2.175142;-0.668734;-0.030854;-0.067476;-0.997223;-0.201942;2.211626;-0.521363;-0.841762;-0.016205;0.539567;-0.292264;2.174617;-0.663381;-0.841762;-0.016205;0.539567;-0.200938;1.760236;-0.53336;-0.841762;-0.016205;0.539567;-0.201942;2.211626;-0.521363;-0.850551;0.180242;0.493973;-0.218843;2.6076;-0.694957;-0.850551;0.180242;0.493973;-0.292264;2.174617;-0.663381;-0.850551;0.180242;0.493973;-0.12041;2.175142;-0.668734;0.875088;0.225135;0.428388;-0.218843;2.6076;-0.694957;0.875088;0.225135;0.428388;-0.201942;2.211626;-0.521363;0.875088;0.225135;0.428388;-0.292264;2.174617;-0.663381;-0.028718;-0.305002;-0.951903;-0.12041;2.175142;-0.668734;-0.028718;-0.305002;-0.951903;-0.200938;1.760236;-0.53336;-0.028718;-0.305002;-0.951903;-0.12041;2.175142;-0.668734;0.873806;-0.010956;0.486129;-0.201942;2.211626;-0.521363;0.873806;-0.010956;0.486129;-0.200938;1.760236;-0.53336;0.873806;-0.010956;0.486129
-0.909984;0.981273;-0.897486;1.085463;2.752128;0.086765;1;1
54;1
54;0.6196;0.475;0.3098;0.2
0.924525;1.81019;-0.852714;0.559038;-0.290811;-0.776452;1.085463;2.239098;-0.897486;0.559038;-0.290811;-0.776452;1.064415;1.803729;-0.749572;0.559038;-0.290811;-0.776452;0.918868;1.881861;-0.693913;-0.980987;0.16129;-0.10773;0.924525;1.81019;-0.852714;-0.980987;0.16129;-0.10773;0.832673;1.416288;-0.606172;-0.980987;0.16129;-0.10773;0.918868;1.881861;-0.693913;-0.926786;0.328806;-0.181402;1.085463;2.239098;-0.897486;-0.926786;0.328806;-0.181402;0.924525;1.81019;-0.852714;-0.926786;0.328806;-0.181402;1.064415;1.803729;-0.749572;0.465072;0.264534;0.844813;1.085463;2.239098;-0.897486;0.465072;0.264534;0.844813;0.918868;1.881861;-0.693913;0.465072;0.264534;0.844813;0.924525;1.81019;-0.852714;0.481979;-0.542833;-0.687735;1.064415;1.803729;-0.749572;0.481979;-0.542833;-0.687735;0.832673;1.416288;-0.606172;0.481979;-0.542833;-0.687735;1.064415;1.803729;-0.749572;0.400708;0.097476;0.910977;0.918868;1.881861;-0.693913;0.400708;0.097476;0.910977;0.832673;1.416288;-0.606172;0.400708;0.097476;0.910977;0.155738;2.340275;-0.076417;0.447188;0.05884;-0.892483;0.214318;2.752128;-0.019903;0.447188;0.05884;-0.892483;0.302355;2.338087;-0.003099;0.447188;0.05884;-0.892483;0.166035;2.356531;0.086765;-0.996918;-0.040254;0.066897;0.155738;2.340275;-0.076417;-0.996918;-0.040254;0.066897;0.183853;1.813502;0.025562;-0.996918;-0.040254;0.066897;0.166035;2.356531;0.086765;-0.989746;0.134037;0.049074;0.214318;2.752128;-0.019903;-0.989746;0.134037;0.049074;0.155738;2.340275;-0.076417;-0.989746;0.134037;0.049074;0.302355;2.338087;-0.003099;0.558214;0.151799;0.815668;0.214318;2.752128;-0.019903;0.558214;0.151799;0.815668;0.166035;2.356531;0.086765;0.558214;0.151799;0.815668;0.155738;2.340275;-0.076417;0.440565;-0.147893;-0.885433;0.302355;2.338087;-0.003099;0.440565;-0.147893;-0.885433;0.183853;1.813502;0.025562;0.440565;-0.147893;-0.885433;0.302355;2.338087;-0.003099;0.54152;-0.076571;0.837184;0.166035;2.356531;0.086765;0.54152;-0.076571;0.837184;0.183853;1.813502;0.025562;0.54152;-0.076571;0.837184;-0.87131;1.42176;-0.702978;0.019654;-0.239418;-0.970702;-0.909984;1.827449;-0.803822;0.019654;-0.239418;-0.970702;-0.713123;1.4642;-0.710238;0.019654;-0.239418;-0.970702;-0.801689;1.500512;-0.576685;-0.838435;-0.113559;0.533006;-0.87131;1.42176;-0.702978;-0.838435;-0.113559;0.533006;-0.647915;0.981273;-0.445429;-0.838435;-0.113559;0.533006;-0.801689;1.500512;-0.576685;-0.883572;0.031892;0.467177;-0.909984;1.827449;-0.803822;-0.883572;0.031892;0.467177;-0.87131;1.42176;-0.702978;-0.883572;0.031892;0.467177;-0.713123;1.4642;-0.710238;0.772393;0.514512;0.372326;-0.909984;1.827449;-0.803822;0.772393;0.514512;0.372326;-0.801689;1.500512;-0.576685;0.772393;0.514512;0.372326;-0.87131;1.42176;-0.702978;0.085788;-0.470077;-0.878414;-0.713123;1.4642;-0.710238;0.085788;-0.470077;-0.878414;-0.647915;0.981273;-0.445429;0.085788;-0.470077;-0.878414;-0.713123;1.4642;-0.710238;0.82046;0.356029;0.447279;-0.801689;1.500512;-0.576685;0.82046;0.356029;0.447279;-0.647915;0.981273;-0.445429;0.82046;0.356029;0.447279
6
SPREADER;0;0;0;0;7;4
INFO;NameId;224;DescId;225;price;215;dpPerMin;0;range;2;placeSound;grassPlace
LIFE;averagePop;11.0;averageLife;6.5;popFactors;1;0.25;breedMat;3.25;breedTime;2.3516948;parentId;20;chance;200;reqCount;1;LIFE;type;2;enviroType;0;classification;ers;count;3;FADE_DEATH;0.5;enviroReqCount;3;reqId;1;minAltitude;0;maxAltitude;20;influence;0.85;reqId;5;likedSpecies;1;ers;influence;0.7;reqId;3;badBiomes;4;3;4;5;7;influence;0.9
GROWTH;dynamic;0;growthTime;2.1666667;modelStages;3;subStages;1
FRUITER;startModelIndex;3;stageCount;2;fruiterTime;8.5
FOOD;2;904;7;FRUIT;902;19;WHOLE;PARTICLE_DEATH;isColour;1;Spawn;0;PPS;8;Speed;0.6;Gravity;0.2;Life;0.5;Scale;0.05;Colour;0.478;0.384;0.239;Additive;0;Alpha;1;FadeIn;0.1;FadeOut;0.8;HasDir;1;Dir;0;1;0;Deviation;0.3;Offset;0;0;0;LifeError;0.4;ScaleError;0.1;SpeedError;0.1;RandomRot;1;HasXRot;0
