0.7
pc
0;1
3
-0.459964;-0.120766;-0.451339;0.394649;0.840003;0.48642;1
36;1
36;0.404;0.655;0.384;0.05
0.394649;0.109203;-0.243678;0.9196;0.2221;0.3241;0.054785;0.450828;0.48642;0.9196;0.2221;0.3241;0.242535;0.059695;0.221823;0.9196;0.2221;0.3241;0.122571;0.343965;-0.451339;-0.5013;-0.2684;-0.8226;-0.224625;-0.120766;-0.088162;-0.5013;-0.2684;-0.8226;-0.459964;0.415976;-0.119855;-0.5013;-0.2684;-0.8226;-0.459964;0.415976;-0.119855;-0.4998;-0.0689;-0.8634;-0.185211;0.76;-0.306352;-0.4998;-0.0689;-0.8634;0.122571;0.343965;-0.451339;-0.4998;-0.0689;-0.8634;0.054785;0.450828;0.48642;-0.2515;-0.6222;0.7413;-0.224625;-0.120766;-0.088162;-0.2515;-0.6222;0.7413;0.242535;0.059695;0.221823;-0.2515;-0.6222;0.7413;0.133619;0.840003;0.118136;0.7551;0.487;-0.4388;0.394649;0.109203;-0.243678;0.7551;0.487;-0.4388;0.122571;0.343965;-0.451339;0.7551;0.487;-0.4388;0.122571;0.343965;-0.451339;0.5719;0.613;-0.5451;-0.185211;0.76;-0.306352;0.5719;0.613;-0.5451;0.133619;0.840003;0.118136;0.5719;0.613;-0.5451;-0.224625;-0.120766;-0.088162;0.3515;-0.9361;0.0153;0.394649;0.109203;-0.243678;0.3515;-0.9361;0.0153;0.242535;0.059695;0.221823;0.3515;-0.9361;0.0153;0.122571;0.343965;-0.451339;0.0417;-0.6344;-0.7719;0.394649;0.109203;-0.243678;0.0417;-0.6344;-0.7719;-0.224625;-0.120766;-0.088162;0.0417;-0.6344;-0.7719;0.133619;0.840003;0.118136;-0.6332;0.6928;0.3451;-0.185211;0.76;-0.306352;-0.6332;0.6928;0.3451;-0.459964;0.415976;-0.119855;-0.6332;0.6928;0.3451;-0.459964;0.415976;-0.119855;-0.6273;0.5985;0.4982;0.054785;0.450828;0.48642;-0.6273;0.5985;0.4982;0.133619;0.840003;0.118136;-0.6273;0.5985;0.4982;0.133619;0.840003;0.118136;0.9214;0.152;0.3578;0.054785;0.450828;0.48642;0.9214;0.152;0.3578;0.394649;0.109203;-0.243678;0.9214;0.152;0.3578;-0.459964;0.415976;-0.119855;-0.7238;-0.2801;0.6306;-0.224625;-0.120766;-0.088162;-0.7238;-0.2801;0.6306;0.054785;0.450828;0.48642;-0.7238;-0.2801;0.6306
-0.92381;-0.06087;-1.356199;1.156326;2.037614;1.035206;2
96;2
84;0.404;0.655;0.384;0.04
0.485822;0.934896;1.035206;0.0958;-0.5587;0.8238;-0.767644;0.251812;0.717669;0.0958;-0.5587;0.8238;0.340042;-0.057879;0.378825;0.0958;-0.5587;0.8238;-0.781393;0.661;-0.726995;-0.9423;0.2901;-0.167;-0.92381;0.998075;0.661944;-0.9423;0.2901;-0.167;-0.519795;1.795249;-0.232764;-0.9423;0.2901;-0.167;-0.767644;0.251812;0.717669;-0.7788;-0.6054;-0.1641;-0.781393;0.661;-0.726995;-0.7788;-0.6054;-0.1641;-0.287612;0.002547;-0.641024;-0.7788;-0.6054;-0.1641;0.965854;0.685631;-0.323488;0.8529;-0.3693;0.3691;0.485822;0.934896;1.035206;0.8529;-0.3693;0.3691;0.340042;-0.057879;0.378825;0.8529;-0.3693;0.3691;0.391488;1.382262;-0.586991;-0.1545;0.4244;-0.8922;-0.781393;0.661;-0.726995;-0.1545;0.4244;-0.8922;-0.519795;1.795249;-0.232764;-0.1545;0.4244;-0.8922;-0.287612;0.002547;-0.641024;0.3003;-0.1107;-0.9474;0.391488;1.382262;-0.586991;0.3003;-0.1107;-0.9474;0.965854;0.685631;-0.323488;0.3003;-0.1107;-0.9474;-0.92381;0.998075;0.661944;-0.3607;0.7713;0.5244;0.372755;1.615879;0.644958;-0.3607;0.7713;0.5244;-0.519795;1.795249;-0.232764;-0.3607;0.7713;0.5244;-0.287612;0.002547;-0.641024;0.5151;-0.7765;-0.363;0.965854;0.685631;-0.323488;0.5151;-0.7765;-0.363;0.340042;-0.057879;0.378825;0.5151;-0.7765;-0.363;0.965854;0.685631;-0.323488;0.9142;0.3048;0.2671;0.372755;1.615879;0.644958;0.9142;0.3048;0.2671;0.485822;0.934896;1.035206;0.9142;0.3048;0.2671;-0.287612;0.002547;-0.641024;0.1353;-0.0278;-0.9904;-0.781393;0.661;-0.726995;0.1353;-0.0278;-0.9904;0.391488;1.382262;-0.586991;0.1353;-0.0278;-0.9904;0.372755;1.615879;0.644958;0.3515;0.9208;-0.1693;0.391488;1.382262;-0.586991;0.3515;0.9208;-0.1693;-0.519795;1.795249;-0.232764;0.3515;0.9208;-0.1693;0.485822;0.934896;1.035206;-0.2551;0.0188;0.9667;-0.92381;0.998075;0.661944;-0.2551;0.0188;0.9667;-0.767644;0.251812;0.717669;-0.2551;0.0188;0.9667;-0.767644;0.251812;0.717669;-0.242;-0.9659;0.0917;-0.287612;0.002547;-0.641024;-0.242;-0.9659;0.0917;0.340042;-0.057879;0.378825;-0.242;-0.9659;0.0917;-0.767644;0.251812;0.717669;-0.9768;-0.2081;-0.0497;-0.92381;0.998075;0.661944;-0.9768;-0.2081;-0.0497;-0.781393;0.661;-0.726995;-0.9768;-0.2081;-0.0497;0.965854;0.685631;-0.323488;0.7863;0.6091;-0.1036;0.391488;1.382262;-0.586991;0.7863;0.6091;-0.1036;0.372755;1.615879;0.644958;0.7863;0.6091;-0.1036;0.485822;0.934896;1.035206;-0.2079;0.4601;0.8632;0.372755;1.615879;0.644958;-0.2079;0.4601;0.8632;-0.92381;0.998075;0.661944;-0.2079;0.4601;0.8632;0.316235;-0.06087;-0.719048;0.3847;-0.9074;-0.1694;1.156326;0.34473;-0.984072;0.3847;-0.9074;-0.1694;0.793592;0.101846;-0.506668;0.3847;-0.9074;-0.1694;0.107386;0.176047;-1.154008;-0.9162;0.3801;0.127;0.392668;0.598382;-0.360166;-0.9162;0.3801;0.127;0.448657;0.918735;-0.915072;-0.9162;0.3801;0.127;0.448657;0.918735;-0.915072;-0.9105;0.4132;0.016;0.322071;0.656263;-1.338972;-0.9105;0.4132;0.016;0.107386;0.176047;-1.154008;-0.9105;0.4132;0.016;1.156326;0.34473;-0.984072;0.6604;0.3349;0.6721;0.392668;0.598382;-0.360166;0.6604;0.3349;0.6721;0.793592;0.101846;-0.506668;0.6604;0.3349;0.6721;0.918639;0.30961;-1.356199;0.0225;-0.8734;-0.4865;0.316235;-0.06087;-0.719048;0.0225;-0.8734;-0.4865;0.107386;0.176047;-1.154008;0.0225;-0.8734;-0.4865;0.107386;0.176047;-1.154008;-0.1889;-0.2783;-0.9417;0.322071;0.656263;-1.338972;-0.1889;-0.2783;-0.9417;0.918639;0.30961;-1.356199;-0.1889;-0.2783;-0.9417;0.392668;0.598382;-0.360166;-0.2336;-0.4439;0.8651;0.316235;-0.06087;-0.719048;-0.2336;-0.4439;0.8651;0.793592;0.101846;-0.506668;-0.2336;-0.4439;0.8651;0.107386;0.176047;-1.154008;-0.9174;-0.1029;0.3844;0.316235;-0.06087;-0.719048;-0.9174;-0.1029;0.3844;0.392668;0.598382;-0.360166;-0.9174;-0.1029;0.3844;0.918639;0.30961;-1.356199;0.402;0.7199;-0.5658;0.322071;0.656263;-1.338972;0.402;0.7199;-0.5658;0.448657;0.918735;-0.915072;0.402;0.7199;-0.5658;0.448657;0.918735;-0.915072;0.5473;0.725;-0.418;1.156326;0.34473;-0.984072;0.5473;0.725;-0.418;0.918639;0.30961;-1.356199;0.5473;0.725;-0.418;0.918639;0.30961;-1.356199;0.3872;-0.9077;-0.1617;1.156326;0.34473;-0.984072;0.3872;-0.9077;-0.1617;0.316235;-0.06087;-0.719048;0.3872;-0.9077;-0.1617;0.448657;0.918735;-0.915072;0.5892;0.6726;0.4477;0.392668;0.598382;-0.360166;0.5892;0.6726;0.4477;1.156326;0.34473;-0.984072;0.5892;0.6726;0.4477
12;0.90354544;0.47333032;0.887747;0.04
0.048408;2.033115;0.247168;0.8692;-0.2111;0.4472;-0.007135;1.416892;0.064231;0.8692;-0.2111;0.4472;0.242031;2.019215;-0.135686;0.8692;-0.2111;0.4472;0.242031;2.019215;-0.135686;-0.0647;-0.2902;-0.9548;-0.007135;1.416892;0.064231;-0.0647;-0.2902;-0.9548;-0.186191;2.037614;-0.11228;-0.0647;-0.2902;-0.9548;-0.186191;2.037614;-0.11228;-0.8348;-0.0862;0.5438;-0.007135;1.416892;0.064231;-0.8348;-0.0862;0.5438;0.048408;2.033115;0.247168;-0.8348;-0.0862;0.5438;0.048408;2.033115;0.247168;0.0421;0.999;-0.015;0.242031;2.019215;-0.135686;0.0421;0.999;-0.015;-0.186191;2.037614;-0.11228;0.0421;0.999;-0.015
-1.630743;-0.048154;-2.468053;1.50169;2.972408;1.304458;1.5
219;2
183;0.404;0.655;0.384;0.03
-0.869887;-0.006491;-0.294497;-0.7797;-0.5412;0.3151;-0.892235;0.898249;1.204119;-0.7797;-0.5412;0.3151;-1.437001;0.706903;-0.4725;-0.7797;-0.5412;0.3151;0.0;0.899143;-1.526227;0.5876;-0.0026;-0.8092;1.146056;1.59469;-0.696317;0.5876;-0.0026;-0.8092;1.439547;0.706009;-0.480335;0.5876;-0.0026;-0.8092;0.533913;0.001198;0.725423;0.8091;-0.4935;0.3192;1.439547;0.706009;-0.480335;0.8091;-0.4935;0.3192;0.889689;0.899143;1.211954;0.8091;-0.4935;0.3192;-0.869887;-0.006491;-0.294497;-0.5239;-0.4663;-0.7128;0.0;0.899143;-1.526227;-0.5239;-0.4663;-0.7128;-0.002291;-0.017603;-0.924842;-0.5239;-0.4663;-0.7128;-0.002291;-0.017603;-0.924842;0.4963;-0.6088;-0.6189;1.439547;0.706009;-0.480335;0.4963;-0.6088;-0.6189;0.74624;-0.048154;-0.294497;0.4963;-0.6088;-0.6189;0.533913;0.001198;0.725423;-9.0E-4;-0.4719;0.8816;-0.892235;0.898249;1.204119;-9.0E-4;-0.4719;0.8816;-0.538495;0.003304;0.725423;-9.0E-4;-0.4719;0.8816;-0.892235;0.898249;1.204119;-0.9456;-0.0774;0.3161;-1.391266;1.811392;-0.065055;-0.9456;-0.0774;0.3161;-1.437001;0.706903;-0.4725;-0.9456;-0.0774;0.3161;1.439547;0.706009;-0.480335;0.9483;-0.0482;0.3136;1.033294;1.788657;0.914317;0.9483;-0.0482;0.3136;0.889689;0.899143;1.211954;0.9483;-0.0482;0.3136;-1.437001;0.706903;-0.4725;-0.5888;-0.027;-0.8079;-0.352404;1.861301;-1.301602;-0.5888;-0.027;-0.8079;0.0;0.899143;-1.526227;-0.5888;-0.027;-0.8079;0.889689;0.899143;1.211954;-0.0043;-0.1584;0.9874;-0.534858;1.513936;1.304458;-0.0043;-0.1584;0.9874;-0.892235;0.898249;1.204119;-0.0043;-0.1584;0.9874;-0.366596;2.511398;0.610337;0.1088;0.9316;0.3469;0.572849;2.486154;0.383482;0.1088;0.9316;0.3469;0.040276;2.669483;0.05819;0.1088;0.9316;0.3469;-0.352404;1.861301;-1.301602;-0.3737;0.7609;-0.5306;-0.619209;2.531428;-0.152683;-0.3737;0.7609;-0.5306;0.028095;2.516872;-0.62944;-0.3737;0.7609;-0.5306;-0.534858;1.513936;1.304458;0.212;0.5339;0.8186;0.572849;2.486154;0.383482;0.212;0.5339;0.8186;-0.366596;2.511398;0.610337;0.212;0.5339;0.8186;1.146056;1.59469;-0.696317;0.5967;0.745;-0.2983;0.028095;2.516872;-0.62944;0.5967;0.745;-0.2983;0.572849;2.486154;0.383482;0.5967;0.745;-0.2983;-1.391266;1.811392;-0.065055;-0.6488;0.7241;0.2338;-0.366596;2.511398;0.610337;-0.6488;0.7241;0.2338;-0.619209;2.531428;-0.152683;-0.6488;0.7241;0.2338;0.572849;2.486154;0.383482;0.4273;0.881;-0.2031;0.028095;2.516872;-0.62944;0.4273;0.881;-0.2031;0.040276;2.669483;0.05819;0.4273;0.881;-0.2031;-0.619209;2.531428;-0.152683;-0.2353;0.9664;0.1033;-0.366596;2.511398;0.610337;-0.2353;0.9664;0.1033;0.040276;2.669483;0.05819;-0.2353;0.9664;0.1033;0.028095;2.516872;-0.62944;-0.1347;0.9679;-0.2124;-0.619209;2.531428;-0.152683;-0.1347;0.9679;-0.2124;0.040276;2.669483;0.05819;-0.1347;0.9679;-0.2124;-0.869887;-0.006491;-0.294497;-0.8344;-0.4773;0.2757;-0.538495;0.003304;0.725423;-0.8344;-0.4773;0.2757;-0.892235;0.898249;1.204119;-0.8344;-0.4773;0.2757;0.0;0.899143;-1.526227;0.4037;0.3456;-0.8471;-0.352404;1.861301;-1.301602;0.4037;0.3456;-0.8471;1.146056;1.59469;-0.696317;0.4037;0.3456;-0.8471;0.533913;0.001198;0.725423;0.7457;-0.6397;0.1862;0.74624;-0.048154;-0.294497;0.7457;-0.6397;0.1862;1.439547;0.706009;-0.480335;0.7457;-0.6397;0.1862;-0.869887;-0.006491;-0.294497;-0.4511;-0.5366;-0.7131;-1.437001;0.706903;-0.4725;-0.4511;-0.5366;-0.7131;0.0;0.899143;-1.526227;-0.4511;-0.5366;-0.7131;-0.002291;-0.017603;-0.924842;0.4706;-0.4848;-0.7372;0.0;0.899143;-1.526227;0.4706;-0.4848;-0.7372;1.439547;0.706009;-0.480335;0.4706;-0.4848;-0.7372;0.533913;0.001198;0.725423;-0.0036;-0.4753;0.8798;0.889689;0.899143;1.211954;-0.0036;-0.4753;0.8798;-0.892235;0.898249;1.204119;-0.0036;-0.4753;0.8798;1.033294;1.788657;0.914317;0.8371;0.547;-0.0073;1.146056;1.59469;-0.696317;0.8371;0.547;-0.0073;0.572849;2.486154;0.383482;0.8371;0.547;-0.0073;-0.892235;0.898249;1.204119;-0.758;0.3503;0.5501;-0.534858;1.513936;1.304458;-0.758;0.3503;0.5501;-1.391266;1.811392;-0.065055;-0.758;0.3503;0.5501;1.439547;0.706009;-0.480335;0.9472;0.3196;0.0278;1.146056;1.59469;-0.696317;0.9472;0.3196;0.0278;1.033294;1.788657;0.914317;0.9472;0.3196;0.0278;-1.437001;0.706903;-0.4725;-0.7449;0.2579;-0.6154;-1.391266;1.811392;-0.065055;-0.7449;0.2579;-0.6154;-0.352404;1.861301;-1.301602;-0.7449;0.2579;-0.6154;0.889689;0.899143;1.211954;0.1841;0.285;0.9407;1.033294;1.788657;0.914317;0.1841;0.285;0.9407;-0.534858;1.513936;1.304458;0.1841;0.285;0.9407;-0.352404;1.861301;-1.301602;-0.6212;0.6055;-0.4974;-1.391266;1.811392;-0.065055;-0.6212;0.6055;-0.4974;-0.619209;2.531428;-0.152683;-0.6212;0.6055;-0.4974;-0.534858;1.513936;1.304458;0.0794;0.6364;0.7673;1.033294;1.788657;0.914317;0.0794;0.6364;0.7673;0.572849;2.486154;0.383482;0.0794;0.6364;0.7673;1.146056;1.59469;-0.696317;0.3965;0.5348;-0.7461;-0.352404;1.861301;-1.301602;0.3965;0.5348;-0.7461;0.028095;2.516872;-0.62944;0.3965;0.5348;-0.7461;-1.391266;1.811392;-0.065055;-0.6877;0.4892;0.5363;-0.534858;1.513936;1.304458;-0.6877;0.4892;0.5363;-0.366596;2.511398;0.610337;-0.6877;0.4892;0.5363;1.097954;1.012526;-0.855343;0.0958;-0.5587;0.8238;0.043713;0.43801;-1.12241;0.0958;-0.5587;0.8238;0.975344;0.177541;-1.407399;0.0958;-0.5587;0.8238;0.03215;0.782162;-2.33746;-0.926;0.3339;-0.176;-0.087632;1.065663;-1.169279;-0.926;0.3339;-0.176;0.275332;1.676483;-1.920386;-0.926;0.3339;-0.176;0.043713;0.43801;-1.12241;-0.7788;-0.6054;-0.1641;0.03215;0.782162;-2.33746;-0.7788;-0.6054;-0.1641;0.447449;0.228363;-2.265153;-0.7788;-0.6054;-0.1641;1.50169;0.802878;-1.998086;0.8529;-0.3693;0.3691;1.097954;1.012526;-0.855343;0.8529;-0.3693;0.3691;0.975344;0.177541;-1.407399;0.8529;-0.3693;0.3691;1.12264;1.301773;-2.351746;-0.2314;0.4622;-0.8561;0.03215;0.782162;-2.33746;-0.2314;0.4622;-0.8561;0.275332;1.676483;-1.920386;-0.2314;0.4622;-0.8561;0.447449;0.228363;-2.265153;0.3911;-0.3157;-0.8645;1.12264;1.301773;-2.351746;0.3911;-0.3157;-0.8645;1.50169;0.802878;-1.998086;0.3911;-0.3157;-0.8645;-0.087632;1.065663;-1.169279;-0.3749;0.7996;0.4691;1.002858;1.585273;-1.183565;-0.3749;0.7996;0.4691;0.275332;1.676483;-1.920386;-0.3749;0.7996;0.4691;0.447449;0.228363;-2.265153;0.5151;-0.7765;-0.363;1.50169;0.802878;-1.998086;0.5151;-0.7765;-0.363;0.975344;0.177541;-1.407399;0.5151;-0.7765;-0.363;1.50169;0.802878;-1.998086;0.9142;0.3048;0.2671;1.002858;1.585273;-1.183565;0.9142;0.3048;0.2671;1.097954;1.012526;-0.855343;0.9142;0.3048;0.2671;0.447449;0.228363;-2.265153;0.036;-0.1028;-0.994;0.03215;0.782162;-2.33746;0.036;-0.1028;-0.994;1.12264;1.301773;-2.351746;0.036;-0.1028;-0.994;1.002858;1.585273;-1.183565;0.3127;0.9299;-0.1936;1.12264;1.301773;-2.351746;0.3127;0.9299;-0.1936;0.275332;1.676483;-1.920386;0.3127;0.9299;-0.1936;1.097954;1.012526;-0.855343;-0.2551;0.0188;0.9667;-0.087632;1.065663;-1.169279;-0.2551;0.0188;0.9667;0.043713;0.43801;-1.12241;-0.2551;0.0188;0.9667;0.043713;0.43801;-1.12241;-0.242;-0.9659;0.0917;0.447449;0.228363;-2.265153;-0.242;-0.9659;0.0917;0.975344;0.177541;-1.407399;-0.242;-0.9659;0.0917;0.043713;0.43801;-1.12241;-0.9768;-0.2081;-0.0497;-0.087632;1.065663;-1.169279;-0.9768;-0.2081;-0.0497;0.03215;0.782162;-2.33746;-0.9768;-0.2081;-0.0497;1.50169;0.802878;-1.998086;0.814;0.5781;-0.0568;1.12264;1.301773;-2.351746;0.814;0.5781;-0.0568;1.002858;1.585273;-1.183565;0.814;0.5781;-0.0568;1.097954;1.012526;-0.855343;-0.2079;0.4601;0.8632;1.002858;1.585273;-1.183565;-0.2079;0.4601;0.8632;-0.087632;1.065663;-1.169279;-0.2079;0.4601;0.8632;-1.02833;1.721318;0.365691;0.1919;-0.6724;-0.7149;-1.046405;2.477431;-0.350281;0.1919;-0.6724;-0.7149;-0.586631;2.16566;0.066328;0.1919;-0.6724;-0.7149;-1.394649;1.9192;0.66148;0.0364;-0.0058;0.9993;-0.585977;2.577481;0.635879;0.0364;-0.0058;0.9993;-1.026292;2.893316;0.653742;0.0364;-0.0058;0.9993;-1.026292;2.893316;0.653742;-0.3238;0.1299;0.9372;-1.630743;2.532529;0.494897;-0.3238;0.1299;0.9372;-1.394649;1.9192;0.66148;-0.3238;0.1299;0.9372;-1.046405;2.477431;-0.350281;0.734;0.55;-0.3985;-0.585977;2.577481;0.635879;0.734;0.55;-0.3985;-0.586631;2.16566;0.066328;0.734;0.55;-0.3985;-1.526031;2.518934;-0.179773;-0.6543;-0.6603;-0.3686;-1.02833;1.721318;0.365691;-0.6543;-0.6603;-0.3686;-1.394649;1.9192;0.66148;-0.6543;-0.6603;-0.3686;-1.394649;1.9192;0.66148;-0.9121;-0.3874;-0.1338;-1.630743;2.532529;0.494897;-0.9121;-0.3874;-0.1338;-1.526031;2.518934;-0.179773;-0.9121;-0.3874;-0.1338;-0.585977;2.577481;0.635879;0.7714;-0.5161;0.3723;-1.02833;1.721318;0.365691;0.7714;-0.5161;0.3723;-0.586631;2.16566;0.066328;0.7714;-0.5161;0.3723;-1.394649;1.9192;0.66148;0.3967;-0.4563;0.7965;-1.02833;1.721318;0.365691;0.3967;-0.4563;0.7965;-0.585977;2.577481;0.635879;0.3967;-0.4563;0.7965;-1.526031;2.518934;-0.179773;-0.492;0.8655;-0.0938;-1.630743;2.532529;0.494897;-0.492;0.8655;-0.0938;-1.026292;2.893316;0.653742;-0.492;0.8655;-0.0938;-1.026292;2.893316;0.653742;-0.0556;0.9228;-0.3811;-1.046405;2.477431;-0.350281;-0.0556;0.9228;-0.3811;-1.526031;2.518934;-0.179773;-0.0556;0.9228;-0.3811;-1.526031;2.518934;-0.179773;-0.3019;-0.6593;-0.6886;-1.046405;2.477431;-0.350281;-0.3019;-0.6593;-0.6886;-1.02833;1.721318;0.365691;-0.3019;-0.6593;-0.6886;-1.026292;2.893316;0.653742;0.5411;0.7731;-0.3311;-0.585977;2.577481;0.635879;0.5411;0.7731;-0.3311;-1.046405;2.477431;-0.350281;0.5411;0.7731;-0.3311
36;0.90354544;0.47333032;0.887747;0.03
0.80762;1.848817;-2.215192;0.8642;0.1592;0.4773;0.764525;1.331771;-1.964682;0.8642;0.1592;0.4773;0.999361;1.565988;-2.468053;0.8642;0.1592;0.4773;0.999361;1.565988;-2.468053;-0.0648;-0.8928;-0.4457;0.764525;1.331771;-1.964682;-0.0648;-0.8928;-0.4457;0.575302;1.595324;-2.465121;-0.0648;-0.8928;-0.4457;0.575302;1.595324;-2.465121;-0.8307;0.2973;0.4707;0.764525;1.331771;-1.964682;-0.8307;0.2973;0.4707;0.80762;1.848817;-2.215192;-0.8307;0.2973;0.4707;0.80762;1.848817;-2.215192;0.0421;0.6816;-0.7305;0.999361;1.565988;-2.468053;0.0421;0.6816;-0.7305;0.575302;1.595324;-2.465121;0.0421;0.6816;-0.7305;0.035301;2.972055;0.476547;0.5837;-0.5646;0.5835;0.035301;2.452787;-0.025891;0.5837;-0.5646;0.5835;0.537036;2.972231;-0.025188;0.5837;-0.5646;0.5835;0.537036;2.972231;-0.025188;0.5841;-0.5634;-0.5843;0.035301;2.452787;-0.025891;0.5841;-0.5634;-0.5843;0.035301;2.972408;-0.526923;0.5841;-0.5634;-0.5843;0.035301;2.972408;-0.526923;-0.5841;-0.5634;-0.5843;0.035301;2.452787;-0.025891;-0.5841;-0.5634;-0.5843;-0.466434;2.972231;-0.025188;-0.5841;-0.5634;-0.5843;-0.466434;2.972231;-0.025188;-0.5837;-0.5646;0.5835;0.035301;2.452787;-0.025891;-0.5837;-0.5646;0.5835;0.035301;2.972055;0.476547;-0.5837;-0.5646;0.5835;0.035301;2.972055;0.476547;-0.2328;0.9443;-0.2325;0.537036;2.972231;-0.025188;-0.2328;0.9443;-0.2325;0.035301;2.848538;-0.025188;-0.2328;0.9443;-0.2325;0.537036;2.972231;-0.025188;-0.2328;0.9442;0.2331;0.035301;2.972408;-0.526923;-0.2328;0.9442;0.2331;0.035301;2.848538;-0.025188;-0.2328;0.9442;0.2331;0.035301;2.972408;-0.526923;0.2328;0.9442;0.2331;-0.466434;2.972231;-0.025188;0.2328;0.9442;0.2331;0.035301;2.848538;-0.025188;0.2328;0.9442;0.2331;-0.466434;2.972231;-0.025188;0.2328;0.9443;-0.2325;0.035301;2.972055;0.476547;0.2328;0.9443;-0.2325;0.035301;2.848538;-0.025188;0.2328;0.9443;-0.2325
5
SPREADER;3;0;0;0;12;7
INFO;NameId;298;DescId;299;price;6760;dpPerMin;0;range;2;placeSound;thud
LIFE;averagePop;4.0;averageLife;27.0;popFactors;1;0.03;breedMat;13.5;breedTime;9.76469;parentId;21;count;200;reqs;2;LIFE;type;2;enviroType;0;classification;er;count;2;LIFE;type;2;enviroType;3;min;0;max;15;FADE_DEATH;0.5;enviroReqCount;3;reqId;1;minAltitude;0;maxAltitude;100;influence;0.8;reqId;2;barren;1;goodBiomes;1;3;idealFactor;100;influence;0.85;reqId;5;likedSpecies;1;er;influence;0.8
GROWTH;dynamic;0;growthTime;9.0;modelStages;3;subStages;2
FOOD;1;905;8;SAMPLE
