1
pc
0;1
4
-0.389775;-0.067891;-0.643911;0.396521;2.247298;1.024064;1
105;1
105;0.394841;0.6620359;0.53958935;0.04
0.353466;1.376337;0.889384;-0.5852;-0.6201;0.5225;-0.007977;1.149506;0.215366;-0.5852;-0.6201;0.5225;0.116508;1.025615;0.207742;-0.5852;-0.6201;0.5225;-0.007977;1.149506;0.215366;-0.4674;0.7825;-0.4114;0.396521;1.698277;0.799476;-0.4674;0.7825;-0.4114;0.10914;1.15053;0.08427;-0.4674;0.7825;-0.4114;0.353466;1.376337;0.889384;0.9491;-0.0397;0.3124;0.396521;1.698277;0.799476;0.9491;-0.0397;0.3124;0.318744;1.6061;1.024064;0.9491;-0.0397;0.3124;0.10914;1.15053;0.08427;0.9542;-0.18;-0.2391;0.353466;1.376337;0.889384;0.9542;-0.18;-0.2391;0.116508;1.025615;0.207742;0.9542;-0.18;-0.2391;0.396521;1.698277;0.799476;-0.2498;0.9231;0.2924;0.090804;1.587499;0.888065;-0.2498;0.9231;0.2924;0.318744;1.6061;1.024064;-0.2498;0.9231;0.2924;0.090804;1.587499;0.888065;-0.411;-0.5064;0.758;0.353466;1.376337;0.889384;-0.411;-0.5064;0.758;0.318744;1.6061;1.024064;-0.411;-0.5064;0.758;0.207498;1.436153;0.265514;-0.1434;0.0042;0.9897;-0.122918;2.122767;0.214703;-0.1434;0.0042;0.9897;-0.230123;1.428872;0.202125;-0.1434;0.0042;0.9897;-0.034474;-0.065202;-0.057055;0.8212;-0.2086;-0.5311;0.271652;1.432847;-0.172088;0.8212;-0.2086;-0.5311;0.068212;-0.066049;0.102064;0.8212;-0.2086;-0.5311;0.068212;-0.066049;0.102064;-0.1042;-0.0871;0.9907;-0.230123;1.428872;0.202125;-0.1042;-0.0871;0.9907;-0.121804;-0.067891;0.08191;-0.1042;-0.0871;0.9907;-0.121804;-0.067891;0.08191;-0.8374;-0.1376;-0.5289;-0.165879;1.42599;-0.236917;-0.8374;-0.1376;-0.5289;-0.034474;-0.065202;-0.057055;-0.8374;-0.1376;-0.5289;-0.165879;1.42599;-0.236917;0.1445;0.0916;-0.9852;-0.01228;2.12278;-0.149611;0.1445;0.0916;-0.9852;0.271652;1.432847;-0.172088;0.1445;0.0916;-0.9852;-0.230123;1.428872;0.202125;-0.9627;0.2301;-0.1424;-0.01228;2.12278;-0.149611;-0.9627;0.2301;-0.1424;-0.165879;1.42599;-0.236917;-0.9627;0.2301;-0.1424;0.271652;1.432847;-0.172088;0.9892;0.0208;0.1449;0.208655;2.1284;0.15845;0.9892;0.0208;0.1449;0.207498;1.436153;0.265514;0.9892;0.0208;0.1449;-0.01228;2.12278;-0.149611;-0.8268;0.5033;-0.2511;-0.122918;2.122767;0.214703;-0.8268;0.5033;-0.2511;0.012117;2.247298;0.019647;-0.8268;0.5033;-0.2511;0.208655;2.1284;0.15845;0.6783;0.5418;-0.4964;-0.01228;2.12278;-0.149611;0.6783;0.5418;-0.4964;0.012117;2.247298;0.019647;0.6783;0.5418;-0.4964;-0.122918;2.122767;0.214703;0.0841;0.8125;0.5769;0.208655;2.1284;0.15845;0.0841;0.8125;0.5769;0.012117;2.247298;0.019647;0.0841;0.8125;0.5769;0.068212;-0.066049;0.102064;0.9836;-0.107;0.145;0.271652;1.432847;-0.172088;0.9836;-0.107;0.145;0.207498;1.436153;0.265514;0.9836;-0.107;0.145;0.207498;1.436153;0.265514;0.1629;0.1505;0.9751;0.208655;2.1284;0.15845;0.1629;0.1505;0.9751;-0.122918;2.122767;0.214703;0.1629;0.1505;0.9751;-0.034474;-0.065202;-0.057055;0.1474;-0.1056;-0.9834;-0.165879;1.42599;-0.236917;0.1474;-0.1056;-0.9834;0.271652;1.432847;-0.172088;0.1474;-0.1056;-0.9834;0.068212;-0.066049;0.102064;-0.1412;-0.0941;0.9855;0.207498;1.436153;0.265514;-0.1412;-0.0941;0.9855;-0.230123;1.428872;0.202125;-0.1412;-0.0941;0.9855;-0.121804;-0.067891;0.08191;-0.9877;-0.0599;-0.1441;-0.230123;1.428872;0.202125;-0.9877;-0.0599;-0.1441;-0.165879;1.42599;-0.236917;-0.9877;-0.0599;-0.1441;-0.230123;1.428872;0.202125;-0.9458;0.1513;-0.2872;-0.122918;2.122767;0.214703;-0.9458;0.1513;-0.2872;-0.01228;2.12278;-0.149611;-0.9458;0.1513;-0.2872;0.271652;1.432847;-0.172088;0.7636;0.3323;-0.5537;-0.01228;2.12278;-0.149611;0.7636;0.3323;-0.5537;0.208655;2.1284;0.15845;0.7636;0.3323;-0.5537;-0.378359;0.492362;-0.533687;0.4486;-0.6437;-0.62;-0.005456;0.312379;-0.077026;0.4486;-0.6437;-0.62;-0.09797;0.214075;-0.041893;0.4486;-0.6437;-0.62;-0.005456;0.312379;-0.077026;0.5959;0.7576;0.2665;-0.389775;0.747812;-0.455418;0.5959;0.7576;0.2665;-0.06327;0.313191;0.049913;0.5959;0.7576;0.2665;-0.378359;0.492362;-0.533687;-0.9991;-0.0397;-0.0162;-0.389775;0.747812;-0.455418;-0.9991;-0.0397;-0.0162;-0.383814;0.674673;-0.643911;-0.9991;-0.0397;-0.0162;-0.06327;0.313191;0.049913;-0.8882;-0.1037;0.4477;-0.378359;0.492362;-0.533687;-0.8882;-0.1037;0.4477;-0.09797;0.214075;-0.041893;-0.8882;-0.1037;0.4477;-0.389775;0.747812;-0.455418;0.1516;0.9231;-0.3534;-0.179051;0.659913;-0.59463;0.1516;0.9231;-0.3534;-0.383814;0.674673;-0.643911;0.1516;0.9231;-0.3534;-0.179051;0.659913;-0.59463;0.1671;-0.5064;-0.8459;-0.378359;0.492362;-0.533687;0.1671;-0.5064;-0.8459;-0.383814;0.674673;-0.643911;0.1671;-0.5064;-0.8459;0.353466;1.376337;0.889384;-0.5391;-0.6674;0.5137;0.090804;1.587499;0.888065;-0.5391;-0.6674;0.5137;-0.007977;1.149506;0.215366;-0.5391;-0.6674;0.5137;-0.007977;1.149506;0.215366;-0.4168;0.7885;-0.4522;0.090804;1.587499;0.888065;-0.4168;0.7885;-0.4522;0.396521;1.698277;0.799476;-0.4168;0.7885;-0.4522;0.10914;1.15053;0.08427;0.9526;-0.193;-0.235;0.396521;1.698277;0.799476;0.9526;-0.193;-0.235;0.353466;1.376337;0.889384;0.9526;-0.193;-0.235;-0.378359;0.492362;-0.533687;0.3996;-0.6934;-0.5996;-0.179051;0.659913;-0.59463;0.3996;-0.6934;-0.5996;-0.005456;0.312379;-0.077026;0.3996;-0.6934;-0.5996;-0.005456;0.312379;-0.077026;0.5427;0.7702;0.3351;-0.179051;0.659913;-0.59463;0.5427;0.7702;0.3351;-0.389775;0.747812;-0.455418;0.5427;0.7702;0.3351;-0.06327;0.313191;0.049913;-0.888;-0.1705;0.4271;-0.389775;0.747812;-0.455418;-0.888;-0.1705;0.4271;-0.378359;0.492362;-0.533687;-0.888;-0.1705;0.4271
-0.412539;-0.149587;-1.26677;0.618885;4.941025;1.50931;2
216;2
204;0.394841;0.6620359;0.53958935;0.03
0.618885;1.41483;0.528921;-0.1401;-0.5561;0.8192;0.070237;1.152091;0.256726;-0.1401;-0.5561;0.8192;0.192581;1.008854;0.180414;-0.1401;-0.5561;0.8192;0.070237;1.152091;0.256726;-0.7375;0.6534;-0.1708;0.569615;1.745064;0.369027;-0.7375;0.6534;-0.1708;0.117087;1.153276;0.058957;-0.7375;0.6534;-0.1708;0.618885;1.41483;0.528921;0.9868;0.0785;-0.1419;0.569615;1.745064;0.369027;0.9868;0.0785;-0.1419;0.613069;1.688185;0.639744;0.9868;0.0785;-0.1419;0.117087;1.153276;0.058957;0.7213;-0.1844;-0.6676;0.618885;1.41483;0.528921;0.7213;-0.1844;-0.6676;0.192581;1.008854;0.180414;0.7213;-0.1844;-0.6676;0.569615;1.745064;0.369027;-0.2263;0.9453;0.2349;0.328375;1.62432;0.622546;-0.2263;0.9453;0.2349;0.613069;1.688185;0.639744;-0.2263;0.9453;0.2349;0.328375;1.62432;0.622546;0.0282;-0.375;0.9266;0.618885;1.41483;0.528921;0.0282;-0.375;0.9266;0.613069;1.688185;0.639744;0.0282;-0.375;0.9266;-0.412539;2.303456;-0.907436;-0.0189;0.713;0.701;-0.035879;2.370275;-0.965248;-0.0189;0.713;0.701;-0.266159;2.495869;-1.0992;-0.0189;0.713;0.701;0.036045;1.738571;-0.766243;0.7973;-0.0969;-0.5957;-0.269156;2.304348;-1.26677;0.7973;-0.0969;-0.5957;-0.035879;2.370275;-0.965248;0.7973;-0.0969;-0.5957;-0.153275;1.653856;-0.827457;0.684;-0.6377;-0.3543;0.02717;1.474009;-0.155356;0.684;-0.6377;-0.3543;-0.063965;1.365108;-0.135305;0.684;-0.6377;-0.3543;-0.269156;2.304348;-1.26677;-0.8801;0.3203;-0.3504;-0.412539;2.303456;-0.907436;-0.8801;0.3203;-0.3504;-0.266159;2.495869;-1.0992;-0.8801;0.3203;-0.3504;0.036045;1.738571;-0.766243;0.425;0.5223;0.7393;-0.412539;2.303456;-0.907436;0.425;0.5223;0.7393;-0.200413;1.79304;-0.668802;0.425;0.5223;0.7393;0.02717;1.474009;-0.155356;0.5391;0.8014;0.259;-0.200413;1.79304;-0.668802;0.5391;0.8014;0.259;-0.072001;1.517595;-0.08384;0.5391;0.8014;0.259;-0.200413;1.79304;-0.668802;-0.9693;-0.2306;-0.0857;-0.269156;2.304348;-1.26677;-0.9693;-0.2306;-0.0857;-0.153275;1.653856;-0.827457;-0.9693;-0.2306;-0.0857;-0.072001;1.517595;-0.08384;-0.9921;-0.0837;0.0931;-0.153275;1.653856;-0.827457;-0.9921;-0.0837;0.0931;-0.063965;1.365108;-0.135305;-0.9921;-0.0837;0.0931;-0.035879;2.370275;-0.965248;0.6231;0.5095;-0.5935;-0.269156;2.304348;-1.26677;0.6231;0.5095;-0.5935;-0.266159;2.495869;-1.0992;0.6231;0.5095;-0.5935;0.036045;1.738571;-0.766243;0.4493;-0.4437;-0.7754;-0.153275;1.653856;-0.827457;0.4493;-0.4437;-0.7754;-0.269156;2.304348;-1.26677;0.4493;-0.4437;-0.7754;-0.153275;1.653856;-0.827457;0.474;-0.8105;-0.3441;0.036045;1.738571;-0.766243;0.474;-0.8105;-0.3441;0.02717;1.474009;-0.155356;0.474;-0.8105;-0.3441;0.036045;1.738571;-0.766243;0.0906;0.3086;0.9469;-0.035879;2.370275;-0.965248;0.0906;0.3086;0.9469;-0.412539;2.303456;-0.907436;0.0906;0.3086;0.9469;0.02717;1.474009;-0.155356;0.3524;0.8569;0.3762;0.036045;1.738571;-0.766243;0.3524;0.8569;0.3762;-0.200413;1.79304;-0.668802;0.3524;0.8569;0.3762;-0.200413;1.79304;-0.668802;-0.8101;-0.4884;-0.3245;-0.412539;2.303456;-0.907436;-0.8101;-0.4884;-0.3245;-0.269156;2.304348;-1.26677;-0.8101;-0.4884;-0.3245;-0.072001;1.517595;-0.08384;-0.9332;-0.3576;0.0365;-0.200413;1.79304;-0.668802;-0.9332;-0.3576;0.0365;-0.153275;1.653856;-0.827457;-0.9332;-0.3576;0.0365;-0.020532;-0.149566;-0.242358;0.7066;-0.0381;-0.7066;0.312517;1.954449;-0.022842;0.7066;-0.0381;-0.7066;0.275223;-0.149577;0.053398;0.7066;-0.0381;-0.7066;0.275223;-0.149577;0.053398;0.7067;-0.0345;0.7067;0.057174;2.232711;0.387875;0.7067;-0.0345;0.7067;-0.020537;-0.149587;0.349156;0.7067;-0.0345;0.7067;0.312517;1.954449;-0.022842;0.819;-0.0859;0.5673;0.253124;3.765218;0.336928;0.819;-0.0859;0.5673;0.057174;2.232711;0.387875;0.819;-0.0859;0.5673;-0.020537;-0.149587;0.349156;-0.7066;-0.0391;0.7066;-0.353491;1.960983;0.133063;-0.7066;-0.0391;0.7066;-0.316291;-0.149576;0.053393;-0.7066;-0.0391;0.7066;-0.316291;-0.149576;0.053393;-0.7067;-0.0338;-0.7067;-0.098738;2.232447;-0.27815;-0.7067;-0.0338;-0.7067;-0.020532;-0.149566;-0.242358;-0.7067;-0.0338;-0.7067;0.253124;3.765218;0.336928;-0.1449;0.0206;0.9892;-0.194612;4.480758;0.25642;-0.1449;0.0206;0.9892;-0.337642;3.759071;0.250508;-0.1449;0.0206;0.9892;-0.098738;2.232447;-0.27815;0.4645;-0.1188;-0.8776;0.339418;3.762914;-0.253475;0.4645;-0.1188;-0.8776;0.312517;1.954449;-0.022842;0.4645;-0.1188;-0.8776;0.057174;2.232711;0.387875;-0.5015;-0.052;0.8636;-0.337642;3.759071;0.250508;-0.5015;-0.052;0.8636;-0.353491;1.960983;0.133063;-0.5015;-0.052;0.8636;-0.353491;1.960983;0.133063;-0.8131;-0.1044;-0.5727;-0.250818;3.756742;-0.340132;-0.8131;-0.1044;-0.5727;-0.098738;2.232447;-0.27815;-0.8131;-0.1044;-0.5727;0.177976;4.488043;-0.265675;-0.112;0.8132;-0.571;-0.269308;4.478887;-0.190962;-0.112;0.8132;-0.571;-0.011029;4.645303;-0.00463;-0.112;0.8132;-0.571;-0.250818;3.756742;-0.340132;0.1451;0.0157;-0.9893;0.177976;4.488043;-0.265675;0.1451;0.0157;-0.9893;0.339418;3.762914;-0.253475;0.1451;0.0157;-0.9893;-0.337642;3.759071;0.250508;-0.9894;0.0047;-0.1455;-0.269308;4.478887;-0.190962;-0.9894;0.0047;-0.1455;-0.250818;3.756742;-0.340132;-0.9894;0.0047;-0.1455;0.339418;3.762914;-0.253475;0.989;0.0316;0.1444;0.252669;4.489913;0.181699;0.989;0.0316;0.1444;0.253124;3.765218;0.336928;0.989;0.0316;0.1444;0.275223;-0.149577;0.053398;0.8505;0.004;0.526;0.312517;1.954449;-0.022842;0.8505;0.004;0.526;0.057174;2.232711;0.387875;0.8505;0.004;0.526;-0.269308;4.478887;-0.190962;-0.5865;0.8044;0.0946;-0.194612;4.480758;0.25642;-0.5865;0.8044;0.0946;-0.011029;4.645303;-0.00463;-0.5865;0.8044;0.0946;0.252669;4.489913;0.181699;0.5549;0.8264;-0.0961;0.177976;4.488043;-0.265675;0.5549;0.8264;-0.0961;-0.011029;4.645303;-0.00463;0.5549;0.8264;-0.0961;-0.194612;4.480758;0.25642;0.0786;0.8175;0.5705;0.252669;4.489913;0.181699;0.0786;0.8175;0.5705;-0.011029;4.645303;-0.00463;0.0786;0.8175;0.5705;-0.020532;-0.149566;-0.242358;0.5297;0.0046;-0.8482;-0.098738;2.232447;-0.27815;0.5297;0.0046;-0.8482;0.312517;1.954449;-0.022842;0.5297;0.0046;-0.8482;0.312517;1.954449;-0.022842;0.9895;0.0037;0.1446;0.339418;3.762914;-0.253475;0.9895;0.0037;0.1446;0.253124;3.765218;0.336928;0.9895;0.0037;0.1446;-0.020537;-0.149587;0.349156;-0.5289;0.0035;0.8487;0.057174;2.232711;0.387875;-0.5289;0.0035;0.8487;-0.353491;1.960983;0.133063;-0.5289;0.0035;0.8487;-0.316291;-0.149576;0.053393;-0.8515;0.0048;-0.5244;-0.353491;1.960983;0.133063;-0.8515;0.0048;-0.5244;-0.098738;2.232447;-0.27815;-0.8515;0.0048;-0.5244;0.253124;3.765218;0.336928;0.1571;0.2069;0.9657;0.252669;4.489913;0.181699;0.1571;0.2069;0.9657;-0.194612;4.480758;0.25642;0.1571;0.2069;0.9657;-0.098738;2.232447;-0.27815;0.1455;-0.0257;-0.989;-0.250818;3.756742;-0.340132;0.1455;-0.0257;-0.989;0.339418;3.762914;-0.253475;0.1455;-0.0257;-0.989;0.057174;2.232711;0.387875;-0.1451;0.0514;0.9881;0.253124;3.765218;0.336928;-0.1451;0.0514;0.9881;-0.337642;3.759071;0.250508;-0.1451;0.0514;0.9881;-0.353491;1.960983;0.133063;-0.9892;0.0182;-0.1455;-0.337642;3.759071;0.250508;-0.9892;0.0182;-0.1455;-0.250818;3.756742;-0.340132;-0.9892;0.0182;-0.1455;-0.250818;3.756742;-0.340132;-0.1655;0.1954;-0.9667;-0.269308;4.478887;-0.190962;-0.1655;0.1954;-0.9667;0.177976;4.488043;-0.265675;-0.1655;0.1954;-0.9667;-0.337642;3.759071;0.250508;-0.9684;0.1906;0.1609;-0.194612;4.480758;0.25642;-0.9684;0.1906;0.1609;-0.269308;4.478887;-0.190962;-0.9684;0.1906;0.1609;0.339418;3.762914;-0.253475;0.9638;0.2119;-0.1618;0.177976;4.488043;-0.265675;0.9638;0.2119;-0.1618;0.252669;4.489913;0.181699;0.9638;0.2119;-0.1618;0.406886;3.852014;1.114643;0.0277;0.713;-0.7007;-0.009699;3.925778;1.173232;0.0277;0.713;-0.7007;0.24264;4.064429;1.324294;0.0277;0.713;-0.7007;-0.059904;3.233558;0.955692;-0.8051;-0.1239;0.58;0.243623;3.852998;1.50931;-0.8051;-0.1239;0.58;-0.009699;3.925778;1.173232;-0.8051;-0.1239;0.58;0.128632;3.148844;1.019283;-0.6816;-0.635;0.3636;-0.04803;2.91345;0.277059;-0.6816;-0.635;0.3636;0.058188;2.786866;0.255086;-0.6816;-0.635;0.3636;0.243623;3.852998;1.50931;0.8756;0.3203;0.3614;0.406886;3.852014;1.114643;0.8756;0.3203;0.3614;0.24264;4.064429;1.324294;0.8756;0.3203;0.3614;-0.059904;3.233558;0.955692;-0.4162;0.5079;-0.7542;0.406886;3.852014;1.114643;-0.4162;0.5079;-0.7542;0.17776;3.288028;0.861233;-0.4162;0.5079;-0.7542;-0.04803;2.91345;0.277059;-0.5468;0.7848;-0.2919;0.17776;3.288028;0.861233;-0.5468;0.7848;-0.2919;0.068281;2.964114;0.195387;-0.5468;0.7848;-0.2919;0.17776;3.288028;0.861233;0.9685;-0.228;0.1003;0.243623;3.852998;1.50931;0.9685;-0.228;0.1003;0.128632;3.148844;1.019283;0.9685;-0.228;0.1003;0.068281;2.964114;0.195387;0.9956;-0.0755;-0.056;0.128632;3.148844;1.019283;0.9956;-0.0755;-0.056;0.058188;2.786866;0.255086;0.9956;-0.0755;-0.056;-0.009699;3.925778;1.173232;-0.6305;0.5095;0.5856;0.243623;3.852998;1.50931;-0.6305;0.5095;0.5856;0.24264;4.064429;1.324294;-0.6305;0.5095;0.5856;-0.059904;3.233558;0.955692;-0.4613;-0.4548;0.7618;0.128632;3.148844;1.019283;-0.4613;-0.4548;0.7618;0.243623;3.852998;1.50931;-0.4613;-0.4548;0.7618;0.128632;3.148844;1.019283;-0.4814;-0.7959;0.367;-0.059904;3.233558;0.955692;-0.4814;-0.7959;0.367;-0.04803;2.91345;0.277059;-0.4814;-0.7959;0.367;-0.059904;3.233558;0.955692;-0.0797;0.3041;-0.9493;-0.009699;3.925778;1.173232;-0.0797;0.3041;-0.9493;0.406886;3.852014;1.114643;-0.0797;0.3041;-0.9493;-0.04803;2.91345;0.277059;-0.3539;0.8435;-0.4041;-0.059904;3.233558;0.955692;-0.3539;0.8435;-0.4041;0.17776;3.288028;0.861233;-0.3539;0.8435;-0.4041;0.17776;3.288028;0.861233;0.8101;-0.4802;0.3363;0.406886;3.852014;1.114643;0.8101;-0.4802;0.3363;0.243623;3.852998;1.50931;0.8101;-0.4802;0.3363;0.068281;2.964114;0.195387;0.9445;-0.3284;0.0044;0.17776;3.288028;0.861233;0.9445;-0.3284;0.0044;0.128632;3.148844;1.019283;0.9445;-0.3284;0.0044;0.17776;3.288028;0.861233;0.1008;0.7309;0.675;-0.059904;3.233558;0.955692;0.1008;0.7309;0.675;0.128632;3.148844;1.019283;0.1008;0.7309;0.675;0.618885;1.41483;0.528921;-0.1387;-0.558;0.8182;0.328375;1.62432;0.622546;-0.1387;-0.558;0.8182;0.070237;1.152091;0.256726;-0.1387;-0.558;0.8182;0.070237;1.152091;0.256726;-0.6845;0.6419;-0.3456;0.328375;1.62432;0.622546;-0.6845;0.6419;-0.3456;0.569615;1.745064;0.369027;-0.6845;0.6419;-0.3456;0.117087;1.153276;0.058957;0.7244;-0.2099;-0.6567;0.569615;1.745064;0.369027;0.7244;-0.2099;-0.6567;0.618885;1.41483;0.528921;0.7244;-0.2099;-0.6567
12;0.90354544;0.5592829;0.891831;0.03
-0.021944;4.941025;0.142494;0.8464;-0.1703;0.5046;-0.021944;4.536757;0.006052;0.8464;-0.1703;0.5046;0.116369;4.921113;-0.096243;0.8464;-0.1703;0.5046;0.116369;4.921113;-0.096243;-0.0;-0.2572;-0.9664;-0.021944;4.536757;0.006052;-0.0;-0.2572;-0.9664;-0.160257;4.921113;-0.096242;-0.0;-0.2572;-0.9664;-0.160257;4.921113;-0.096242;-0.8464;-0.1703;0.5046;-0.021944;4.536757;0.006052;-0.8464;-0.1703;0.5046;-0.021944;4.941025;0.142494;-0.8464;-0.1703;0.5046;-0.021944;4.941025;0.142494;-0.0;0.9965;-0.0831;0.116369;4.921113;-0.096243;-0.0;0.9965;-0.0831;-0.160257;4.921113;-0.096242;-0.0;0.9965;-0.0831
-0.929602;-0.062871;-2.747988;1.369531;8.362412;2.46036;1.7
321;2
291;0.394841;0.6620359;0.53958935;0.02
1.261049;2.731955;1.121458;-0.3792;0.8026;-0.4604;0.874293;2.756317;1.482471;-0.3792;0.8026;-0.4604;1.236568;2.93303;1.492161;-0.3792;0.8026;-0.4604;0.587086;1.633069;1.004332;-0.3376;-0.2943;0.8941;1.369531;2.643038;1.632173;-0.3376;-0.2943;0.8941;0.874293;2.756317;1.482471;-0.3376;-0.2943;0.8941;0.850538;1.534498;0.912041;-0.5248;-0.5701;0.6321;0.156977;1.525987;0.328527;-0.5248;-0.5701;0.6321;0.174551;1.373758;0.205808;-0.5248;-0.5701;0.6321;1.369531;2.643038;1.632173;0.9237;0.359;-0.1337;1.261049;2.731955;1.121458;0.9237;0.359;-0.1337;1.236568;2.93303;1.492161;0.9237;0.359;-0.1337;0.587086;1.633069;1.004332;-0.7902;0.5193;-0.3254;1.261049;2.731955;1.121458;-0.7902;0.5193;-0.3254;0.782237;1.759501;0.732183;-0.7902;0.5193;-0.3254;0.156977;1.525987;0.328527;-0.4446;0.8773;0.1811;0.782237;1.759501;0.732183;-0.4446;0.8773;0.1811;0.215708;1.587926;0.172676;-0.4446;0.8773;0.1811;0.782237;1.759501;0.732183;0.8775;-0.1072;-0.4674;1.369531;2.643038;1.632173;0.8775;-0.1072;-0.4674;0.850538;1.534498;0.912041;0.8775;-0.1072;-0.4674;0.215708;1.587926;0.172676;0.728;-0.2393;-0.6424;0.850538;1.534498;0.912041;0.728;-0.2393;-0.6424;0.174551;1.373758;0.205808;0.728;-0.2393;-0.6424;0.874293;2.756317;1.482471;-0.1962;0.352;0.9152;1.369531;2.643038;1.632173;-0.1962;0.352;0.9152;1.236568;2.93303;1.492161;-0.1962;0.352;0.9152;0.587086;1.633069;1.004332;0.0748;-0.5676;0.8199;0.850538;1.534498;0.912041;0.0748;-0.5676;0.8199;1.369531;2.643038;1.632173;0.0748;-0.5676;0.8199;0.850538;1.534498;0.912041;-0.2406;-0.9233;0.2994;0.587086;1.633069;1.004332;-0.2406;-0.9233;0.2994;0.156977;1.525987;0.328527;-0.2406;-0.9233;0.2994;0.587086;1.633069;1.004332;-0.5984;0.4385;-0.6706;0.874293;2.756317;1.482471;-0.5984;0.4385;-0.6706;1.261049;2.731955;1.121458;-0.5984;0.4385;-0.6706;0.156977;1.525987;0.328527;-0.415;0.9017;0.1213;0.587086;1.633069;1.004332;-0.415;0.9017;0.1213;0.782237;1.759501;0.732183;-0.415;0.9017;0.1213;0.782237;1.759501;0.732183;0.9044;-0.3444;-0.2521;1.261049;2.731955;1.121458;0.9044;-0.3444;-0.2521;1.369531;2.643038;1.632173;0.9044;-0.3444;-0.2521;0.215708;1.587926;0.172676;0.7155;-0.2907;-0.6353;0.782237;1.759501;0.732183;0.7155;-0.2907;-0.6353;0.850538;1.534498;0.912041;0.7155;-0.2907;-0.6353;0.658234;6.709196;1.898378;0.7625;0.6332;0.133;0.352237;7.025659;2.145932;0.7625;0.6332;0.133;0.566748;6.701296;2.46036;0.7625;0.6332;0.133;0.007082;5.127192;1.578427;-0.6977;0.1395;-0.7026;0.096395;6.725595;1.807145;-0.6977;0.1395;-0.7026;0.223013;5.215618;1.381556;-0.6977;0.1395;-0.7026;0.256978;5.053235;1.726666;0.6037;-0.7269;0.3272;0.251621;4.414077;0.316641;0.6037;-0.7269;0.3272;0.46837;5.127192;1.500952;0.6037;-0.7269;0.3272;0.566748;6.701296;2.46036;-0.1022;0.6567;0.7472;0.352237;7.025659;2.145932;-0.1022;0.6567;0.7472;0.004909;6.717696;2.369127;-0.1022;0.6567;0.7472;0.007082;5.127192;1.578427;-0.1564;-0.4399;0.8843;0.566748;6.701296;2.46036;-0.1564;-0.4399;0.8843;0.004909;6.717696;2.369127;-0.1564;-0.4399;0.8843;0.46837;5.127192;1.500952;0.497;0.7148;-0.4919;0.059908;4.603843;0.327744;0.497;0.7148;-0.4919;0.223013;5.215618;1.381556;0.497;0.7148;-0.4919;0.096395;6.725595;1.807145;0.1358;0.6885;-0.7124;0.352237;7.025659;2.145932;0.1358;0.6885;-0.7124;0.658234;6.709196;1.898378;0.1358;0.6885;-0.7124;0.223013;5.215618;1.381556;0.4779;0.1596;-0.8638;0.658234;6.709196;1.898378;0.4779;0.1596;-0.8638;0.46837;5.127192;1.500952;0.4779;0.1596;-0.8638;0.059908;4.603843;0.327744;-0.5997;0.7289;-0.3303;0.007082;5.127192;1.578427;-0.5997;0.7289;-0.3303;0.223013;5.215618;1.381556;-0.5997;0.7289;-0.3303;0.004909;6.717696;2.369127;-0.6962;0.7103;-0.1034;0.352237;7.025659;2.145932;-0.6962;0.7103;-0.1034;0.096395;6.725595;1.807145;-0.6962;0.7103;-0.1034;-0.124912;4.414077;0.379881;-0.4994;-0.7193;0.483;0.256978;5.053235;1.726666;-0.4994;-0.7193;0.483;0.007082;5.127192;1.578427;-0.4994;-0.7193;0.483;0.46837;5.127192;1.500952;0.7329;-0.3869;0.5596;0.566748;6.701296;2.46036;0.7329;-0.3869;0.5596;0.256978;5.053235;1.726666;0.7329;-0.3869;0.5596;0.007082;5.127192;1.578427;-0.9842;0.0778;-0.1591;0.004909;6.717696;2.369127;-0.9842;0.0778;-0.1591;0.096395;6.725595;1.807145;-0.9842;0.0778;-0.1591;0.256978;5.053235;1.726666;0.7249;-0.6285;0.2821;0.066801;4.22431;0.368778;0.7249;-0.6285;0.2821;0.251621;4.414077;0.316641;0.7249;-0.6285;0.2821;0.007082;5.127192;1.578427;-0.5478;-0.2522;0.7977;0.256978;5.053235;1.726666;-0.5478;-0.2522;0.7977;0.566748;6.701296;2.46036;-0.5478;-0.2522;0.7977;0.46837;5.127192;1.500952;0.5984;0.6333;-0.4908;0.251621;4.414077;0.316641;0.5984;0.6333;-0.4908;0.059908;4.603843;0.327744;0.5984;0.6333;-0.4908;0.223013;5.215618;1.381556;0.1618;0.2803;-0.9462;0.096395;6.725595;1.807145;0.1618;0.2803;-0.9462;0.658234;6.709196;1.898378;0.1618;0.2803;-0.9462;0.059908;4.603843;0.327744;-0.724;0.6249;-0.2921;-0.124912;4.414077;0.379881;-0.724;0.6249;-0.2921;0.007082;5.127192;1.578427;-0.724;0.6249;-0.2921;-0.124912;4.414077;0.379881;-0.6051;-0.6391;0.4749;0.066801;4.22431;0.368778;-0.6051;-0.6391;0.4749;0.256978;5.053235;1.726666;-0.6051;-0.6391;0.4749;0.46837;5.127192;1.500952;0.9752;-0.1564;0.1566;0.658234;6.709196;1.898378;0.9752;-0.1564;0.1566;0.566748;6.701296;2.46036;0.9752;-0.1564;0.1566;0.031326;-0.062871;-0.236959;0.5872;-0.0461;-0.8082;0.455838;3.526065;-0.133287;0.5872;-0.0461;-0.8082;0.345544;-0.062871;-0.008666;0.5872;-0.0461;-0.8082;0.345544;-0.062871;-0.008666;0.9496;-0.0549;0.3086;0.397253;3.282395;0.427249;0.9496;-0.0549;0.3086;0.225523;-0.062871;0.360719;0.9496;-0.0549;0.3086;0.225523;-0.062871;0.360719;0.0;-0.0514;0.9987;-0.153846;3.514654;0.544735;0.0;-0.0514;0.9987;-0.162872;-0.062871;0.360719;0.0;-0.0514;0.9987;-0.153846;3.514654;0.544735;-0.8566;-0.0382;0.5145;-0.506336;5.988536;0.141756;-0.8566;-0.0382;0.5145;-0.435858;3.266803;0.056809;-0.8566;-0.0382;0.5145;-0.162872;-0.062871;0.360719;-0.9499;-0.0497;0.3086;-0.435858;3.266803;0.056809;-0.9499;-0.0497;0.3086;-0.282892;-0.062871;-0.008666;-0.9499;-0.0497;0.3086;-0.282892;-0.062871;-0.008666;-0.587;-0.0514;-0.8079;-0.059052;2.937463;-0.362231;-0.587;-0.0514;-0.8079;0.031326;-0.062871;-0.236959;-0.587;-0.0514;-0.8079;0.300739;6.014513;-0.459374;-0.0349;0.115;-0.9928;-0.321162;5.888235;-0.452154;-0.0349;0.115;-0.9928;-0.126874;7.676645;-0.251805;-0.0349;0.115;-0.9928;0.455838;3.526065;-0.133287;0.9954;-0.0286;0.0916;0.49992;5.905346;0.130073;0.9954;-0.0286;0.0916;0.397253;3.282395;0.427249;0.9954;-0.0286;0.0916;-0.435858;3.266803;0.056809;-0.7741;-0.0879;-0.627;-0.321162;5.888235;-0.452154;-0.7741;-0.0879;-0.627;-0.059052;2.937463;-0.362231;-0.7741;-0.0879;-0.627;-0.059052;2.937463;-0.362231;0.4835;-0.084;-0.8713;0.300739;6.014513;-0.459374;0.4835;-0.084;-0.8713;0.455838;3.526065;-0.133287;0.4835;-0.084;-0.8713;0.397253;3.282395;0.427249;0.202;-0.0161;0.9793;0.001121;5.636908;0.547607;0.202;-0.0161;0.9793;-0.153846;3.514654;0.544735;0.202;-0.0161;0.9793;0.261588;7.678485;0.028061;0.4119;0.7059;-0.5763;-0.126874;7.676645;-0.251805;0.4119;0.7059;-0.5763;-0.066673;7.852962;0.007177;0.4119;0.7059;-0.5763;0.001121;5.636908;0.547607;-0.6055;0.0433;0.7946;-0.340734;7.667708;0.176451;-0.6055;0.0433;0.7946;-0.506336;5.988536;0.141756;-0.6055;0.0433;0.7946;0.300739;6.014513;-0.459374;0.9476;0.1101;-0.2998;0.261588;7.678485;0.028061;0.9476;0.1101;-0.2998;0.49992;5.905346;0.130073;0.9476;0.1101;-0.2998;-0.506336;5.988536;0.141756;-0.9388;0.1374;-0.3159;-0.126874;7.676645;-0.251805;-0.9388;0.1374;-0.3159;-0.321162;5.888235;-0.452154;-0.9388;0.1374;-0.3159;0.49992;5.905346;0.130073;0.6128;0.0835;0.7858;0.014382;7.670903;0.321078;0.6128;0.0835;0.7858;0.001121;5.636908;0.547607;0.6128;0.0835;0.7858;-0.126874;7.676645;-0.251805;-0.6571;0.6853;-0.3138;-0.340734;7.667708;0.176451;-0.6571;0.6853;-0.3138;-0.066673;7.852962;0.007177;-0.6571;0.6853;-0.3138;0.014382;7.670903;0.321078;0.4168;0.8289;0.3731;0.261588;7.678485;0.028061;0.4168;0.8289;0.3731;-0.066673;7.852962;0.007177;0.4168;0.8289;0.3731;-0.340734;7.667708;0.176451;-0.2238;0.8169;0.5316;0.014382;7.670903;0.321078;-0.2238;0.8169;0.5316;-0.066673;7.852962;0.007177;-0.2238;0.8169;0.5316;0.031326;-0.062871;-0.236959;0.4297;-0.0247;-0.9027;-0.059052;2.937463;-0.362231;0.4297;-0.0247;-0.9027;0.455838;3.526065;-0.133287;0.4297;-0.0247;-0.9027;0.345544;-0.062871;-0.008666;0.9954;-0.0274;0.0921;0.455838;3.526065;-0.133287;0.9954;-0.0274;0.0921;0.397253;3.282395;0.427249;0.9954;-0.0274;0.0921;0.225523;-0.062871;0.360719;0.1965;-0.0296;0.9801;0.397253;3.282395;0.427249;0.1965;-0.0296;0.9801;-0.153846;3.514654;0.544735;0.1965;-0.0296;0.9801;-0.153846;3.514654;0.544735;-0.6056;0.0431;0.7946;0.001121;5.636908;0.547607;-0.6056;0.0431;0.7946;-0.506336;5.988536;0.141756;-0.6056;0.0431;0.7946;-0.162872;-0.062871;0.360719;-0.8602;-0.024;0.5094;-0.153846;3.514654;0.544735;-0.8602;-0.024;0.5094;-0.435858;3.266803;0.056809;-0.8602;-0.024;0.5094;-0.282892;-0.062871;-0.008666;-0.7518;-0.0216;-0.6591;-0.435858;3.266803;0.056809;-0.7518;-0.0216;-0.6591;-0.059052;2.937463;-0.362231;-0.7518;-0.0216;-0.6591;0.455838;3.526065;-0.133287;0.9482;0.0175;-0.3172;0.300739;6.014513;-0.459374;0.9482;0.0175;-0.3172;0.49992;5.905346;0.130073;0.9482;0.0175;-0.3172;-0.435858;3.266803;0.056809;-0.9553;-0.0155;-0.2952;-0.506336;5.988536;0.141756;-0.9553;-0.0155;-0.2952;-0.321162;5.888235;-0.452154;-0.9553;-0.0155;-0.2952;-0.059052;2.937463;-0.362231;-0.0053;-0.0309;-0.9995;-0.321162;5.888235;-0.452154;-0.0053;-0.0309;-0.9995;0.300739;6.014513;-0.459374;-0.0053;-0.0309;-0.9995;0.397253;3.282395;0.427249;0.62;0.0643;0.782;0.49992;5.905346;0.130073;0.62;0.0643;0.782;0.001121;5.636908;0.547607;0.62;0.0643;0.782;0.001121;5.636908;0.547607;-0.3759;0.105;0.9207;0.014382;7.670903;0.321078;-0.3759;0.105;0.9207;-0.340734;7.667708;0.176451;-0.3759;0.105;0.9207;0.300739;6.014513;-0.459374;0.5661;0.244;-0.7874;-0.126874;7.676645;-0.251805;0.5661;0.244;-0.7874;0.261588;7.678485;0.028061;0.5661;0.244;-0.7874;-0.506336;5.988536;0.141756;-0.8912;0.097;-0.443;-0.340734;7.667708;0.176451;-0.8912;0.097;-0.443;-0.126874;7.676645;-0.251805;-0.8912;0.097;-0.443;0.49992;5.905346;0.130073;0.7552;0.1384;0.6407;0.261588;7.678485;0.028061;0.7552;0.1384;0.6407;0.014382;7.670903;0.321078;0.7552;0.1384;0.6407;-0.929602;5.096622;-2.069566;-0.8274;0.5534;-0.096;-0.74249;5.34376;-2.257734;-0.8274;0.5534;-0.096;-0.883181;5.09558;-2.475779;-0.8274;0.5534;-0.096;-0.197354;3.407877;-1.710744;0.7129;0.2525;0.6543;-0.526705;5.148881;-2.023657;0.7129;0.2525;0.6543;-0.411304;3.475281;-1.503656;0.7129;0.2525;0.6543;-0.445465;3.308655;-1.846717;-0.5251;-0.8046;-0.2773;-0.308443;2.649391;-0.193443;-0.5251;-0.8046;-0.2773;-0.65207;3.362254;-1.611039;-0.5251;-0.8046;-0.2773;-0.883181;5.09558;-2.475779;-0.0;0.66;-0.7512;-0.74249;5.34376;-2.257734;-0.0;0.66;-0.7512;-0.480283;5.147839;-2.42987;-0.0;0.66;-0.7512;-0.197354;3.407877;-1.710744;0.1513;-0.3565;-0.922;-0.883181;5.09558;-2.475779;0.1513;-0.3565;-0.922;-0.480283;5.147839;-2.42987;0.1513;-0.3565;-0.922;-0.65207;3.362254;-1.611039;-0.5365;0.711;0.4546;-0.137392;2.857272;-0.213809;-0.5365;0.711;0.4546;-0.411304;3.475281;-1.503656;-0.5365;0.711;0.4546;-0.526705;5.148881;-2.023657;-0.1694;0.675;0.7181;-0.74249;5.34376;-2.257734;-0.1694;0.675;0.7181;-0.929602;5.096622;-2.069566;-0.1694;0.675;0.7181;-0.411304;3.475281;-1.503656;-0.4627;0.1566;0.8726;-0.929602;5.096622;-2.069566;-0.4627;0.1566;0.8726;-0.65207;3.362254;-1.611039;-0.4627;0.1566;0.8726;-0.137392;2.857272;-0.213809;0.5216;0.8073;0.2761;-0.197354;3.407877;-1.710744;0.5216;0.8073;0.2761;-0.411304;3.475281;-1.503656;0.5216;0.8073;0.2761;-0.480283;5.147839;-2.42987;0.626;0.7767;0.0695;-0.74249;5.34376;-2.257734;0.626;0.7767;0.0695;-0.526705;5.148881;-2.023657;0.626;0.7767;0.0695;0.062725;2.686632;-0.274829;0.5342;-0.7127;-0.4547;-0.445465;3.308655;-1.846717;0.5342;-0.7127;-0.4547;-0.197354;3.407877;-1.710744;0.5342;-0.7127;-0.4547;-0.65207;3.362254;-1.611039;-0.7371;-0.3778;-0.5603;-0.883181;5.09558;-2.475779;-0.7371;-0.3778;-0.5603;-0.445465;3.308655;-1.846717;-0.7371;-0.3778;-0.5603;-0.197354;3.407877;-1.710744;0.9727;0.2039;0.1106;-0.480283;5.147839;-2.42987;0.9727;0.2039;0.1106;-0.526705;5.148881;-2.023657;0.9727;0.2039;0.1106;-0.445465;3.308655;-1.846717;-0.671;-0.7061;-0.226;-0.108327;2.47875;-0.254462;-0.671;-0.7061;-0.226;-0.308443;2.649391;-0.193443;-0.671;-0.7061;-0.226;-0.197354;3.407877;-1.710744;0.5241;-0.1657;-0.8354;-0.445465;3.308655;-1.846717;0.5241;-0.1657;-0.8354;-0.883181;5.09558;-2.475779;0.5241;-0.1657;-0.8354;-0.65207;3.362254;-1.611039;-0.6638;0.5911;0.4582;-0.308443;2.649391;-0.193443;-0.6638;0.5911;0.4582;-0.137392;2.857272;-0.213809;-0.6638;0.5911;0.4582;-0.411304;3.475281;-1.503656;-0.1449;0.2845;0.9477;-0.526705;5.148881;-2.023657;-0.1449;0.2845;0.9477;-0.929602;5.096622;-2.069566;-0.1449;0.2845;0.9477;-0.137392;2.857272;-0.213809;0.6711;0.7041;0.2321;0.062725;2.686632;-0.274829;0.6711;0.7041;0.2321;-0.197354;3.407877;-1.710744;0.6711;0.7041;0.2321;0.062725;2.686632;-0.274829;0.6673;-0.5932;-0.4505;-0.108327;2.47875;-0.254462;0.6673;-0.5932;-0.4505;-0.445465;3.308655;-1.846717;0.6673;-0.5932;-0.4505;-0.65207;3.362254;-1.611039;-0.9763;-0.1856;-0.1111;-0.929602;5.096622;-2.069566;-0.9763;-0.1856;-0.1111;-0.883181;5.09558;-2.475779;-0.9763;-0.1856;-0.1111;-0.271614;4.016027;-2.645912;0.7829;-0.6221;-0.0065;-0.371865;3.880992;-1.800872;0.7829;-0.6221;-0.0065;-0.499806;3.720993;-1.898718;0.7829;-0.6221;-0.0065;-0.371865;3.880992;-1.800872;0.0776;0.8199;0.5672;-0.389676;4.431798;-2.594579;0.0776;0.8199;0.5672;-0.597045;3.882315;-1.771981;0.0776;0.8199;0.5672;-0.271614;4.016027;-2.645912;-0.5127;-0.0397;-0.8577;-0.389676;4.431798;-2.594579;-0.5127;-0.0397;-0.8577;-0.123817;4.312757;-2.747988;-0.5127;-0.0397;-0.8577;-0.597045;3.882315;-1.771981;-0.8949;-0.2478;-0.3712;-0.271614;4.016027;-2.645912;-0.8949;-0.2478;-0.3712;-0.499806;3.720993;-1.898718;-0.8949;-0.2478;-0.3712;-0.389676;4.431798;-2.594579;0.3802;0.9231;-0.0574;-0.016379;4.288733;-2.422471;0.3802;0.9231;-0.0574;-0.123817;4.312757;-2.747988;0.3802;0.9231;-0.0574;-0.016379;4.288733;-2.422471;0.807;-0.5064;-0.3037;-0.271614;4.016027;-2.645912;0.807;-0.5064;-0.3037;-0.123817;4.312757;-2.747988;0.807;-0.5064;-0.3037;-0.271614;4.016027;-2.645912;0.7382;-0.6743;-0.0202;-0.016379;4.288733;-2.422471;0.7382;-0.6743;-0.0202;-0.371865;3.880992;-1.800872;0.7382;-0.6743;-0.0202;-0.371865;3.880992;-1.800872;0.0525;0.821;0.5685;-0.016379;4.288733;-2.422471;0.0525;0.821;0.5685;-0.389676;4.431798;-2.594579;0.0525;0.821;0.5685;-0.597045;3.882315;-1.771981;-0.9049;-0.2114;-0.3693;-0.389676;4.431798;-2.594579;-0.9049;-0.2114;-0.3693;-0.271614;4.016027;-2.645912;-0.9049;-0.2114;-0.3693
30;0.90354544;0.5592829;0.891831;0.02
0.354777;7.321851;2.327932;0.8413;-0.1961;0.5038;0.354777;6.900267;2.163801;0.8413;-0.1961;0.5038;0.520025;7.29806;2.042706;0.8413;-0.1961;0.5038;0.520025;7.29806;2.042706;0.0;-0.2912;-0.9567;0.354777;6.900267;2.163801;0.0;-0.2912;-0.9567;0.18953;7.29806;2.042706;0.0;-0.2912;-0.9567;0.18953;7.29806;2.042706;-0.8413;-0.1961;0.5038;0.354777;6.900267;2.163801;-0.8413;-0.1961;0.5038;0.354777;7.321851;2.327932;-0.8413;-0.1961;0.5038;0.354777;7.321851;2.327932;0.0;0.9965;-0.0831;0.520025;7.29806;2.042706;0.0;0.9965;-0.0831;0.18953;7.29806;2.042706;0.0;0.9965;-0.0831;-0.057093;8.350594;0.318048;0.6906;-0.2302;0.6856;-0.057093;7.485301;0.027467;0.6906;-0.2302;0.6856;0.207762;8.356503;0.053258;0.6906;-0.2302;0.6856;0.207762;8.356503;0.053258;0.6921;-0.1898;-0.6965;-0.057093;7.485301;0.027467;0.6921;-0.1898;-0.6965;-0.057093;8.362412;-0.211532;0.6921;-0.1898;-0.6965;-0.057093;8.362412;-0.211532;-0.6921;-0.1898;-0.6965;-0.057093;7.485301;0.027467;-0.6921;-0.1898;-0.6965;-0.321948;8.356503;0.053258;-0.6921;-0.1898;-0.6965;-0.321948;8.356503;0.053258;-0.6906;-0.2302;0.6856;-0.057093;7.485301;0.027467;-0.6906;-0.2302;0.6856;-0.057093;8.350594;0.318048;-0.6906;-0.2302;0.6856;0.207762;8.356503;0.053258;0.0;0.9998;0.0223;-0.321948;8.356503;0.053258;0.0;0.9998;0.0223;-0.057093;8.350594;0.318048;0.0;0.9998;0.0223;0.207762;8.356503;0.053258;0.0;0.9998;0.0223;-0.057093;8.362412;-0.211532;0.0;0.9998;0.0223;-0.321948;8.356503;0.053258;0.0;0.9998;0.0223
-1.618638;-0.392632;-4.469205;1.375953;11.335139;3.413875;1.4;0;extraBounds;2;-1.580218;3.488793;-4.268918;0.052911;7.638724;-0.6621;-0.620223;-0.002709;-0.802293;1.379777;11.404945;3.260347
531;2
453;0.394841;0.6620359;0.53958935;0.015
0.183754;6.08147;2.371599;-0.5712;-0.7065;0.4179;-0.170887;5.034424;0.116707;-0.5712;-0.7065;0.4179;0.122556;4.823054;0.160459;-0.5712;-0.7065;0.4179;-0.234623;6.180215;2.107704;-0.7286;0.5833;-0.359;0.125464;5.376428;0.070968;-0.7286;0.5833;-0.359;-0.170887;5.034424;0.116707;-0.7286;0.5833;-0.359;-0.234623;6.180215;2.107704;-0.3078;-0.3363;0.89;0.16083;9.095242;3.345794;-0.3078;-0.3363;0.89;-0.52997;8.835989;3.008927;-0.3078;-0.3363;0.89;0.125464;5.376428;0.070968;0.7353;0.5559;-0.3877;0.425494;6.325862;2.00109;0.7353;0.5559;-0.3877;0.418221;5.034424;0.135846;0.7353;0.5559;-0.3877;0.418221;5.034424;0.135846;0.5548;-0.7296;0.3999;0.183754;6.08147;2.371599;0.5548;-0.7296;0.3999;0.122556;4.823054;0.160459;0.5548;-0.7296;0.3999;0.002354;6.51757;1.8704;0.3746;0.2114;-0.9028;0.597662;8.928891;2.68218;0.3746;0.2114;-0.9028;0.425494;6.325862;2.00109;0.3746;0.2114;-0.9028;0.002354;6.51757;1.8704;-0.8659;0.0458;-0.4982;-0.52997;8.835989;3.008927;-0.8659;0.0458;-0.4982;-0.113552;9.144629;2.313554;-0.8659;0.0458;-0.4982;0.183754;6.08147;2.371599;0.8006;-0.1788;0.5718;0.597662;8.928891;2.68218;0.8006;-0.1788;0.5718;0.16083;9.095242;3.345794;0.8006;-0.1788;0.5718;0.16083;9.095242;3.345794;0.7493;0.2704;0.6045;0.22196;10.010586;2.860629;0.7493;0.2704;0.6045;0.014528;9.984674;3.129354;0.7493;0.2704;0.6045;-0.113552;9.144629;2.313554;-0.5942;0.3911;-0.7029;-0.218684;10.007019;2.88232;-0.5942;0.3911;-0.7029;-0.006329;10.023714;2.712096;-0.5942;0.3911;-0.7029;-0.52997;8.835989;3.008927;-0.4745;0.1337;0.8701;0.16083;9.095242;3.345794;-0.4745;0.1337;0.8701;0.014528;9.984674;3.129354;-0.4745;0.1337;0.8701;-0.113552;9.144629;2.313554;0.5099;0.3095;-0.8026;0.22196;10.010586;2.860629;0.5099;0.3095;-0.8026;0.597662;8.928891;2.68218;0.5099;0.3095;-0.8026;-0.52997;8.835989;3.008927;-0.8771;0.1853;-0.443;-0.218684;10.007019;2.88232;-0.8771;0.1853;-0.443;-0.113552;9.144629;2.313554;-0.8771;0.1853;-0.443;0.22196;10.010586;2.860629;0.3275;0.8418;-0.429;-0.006329;10.023714;2.712096;0.3275;0.8418;-0.429;0.003559;10.148455;2.964434;0.3275;0.8418;-0.429;-0.218684;10.007019;2.88232;-0.5764;0.5603;0.5948;0.014528;9.984674;3.129354;-0.5764;0.5603;0.5948;0.003559;10.148455;2.964434;-0.5764;0.5603;0.5948;0.014528;9.984674;3.129354;0.6181;0.5779;0.5328;0.22196;10.010586;2.860629;0.6181;0.5779;0.5328;0.003559;10.148455;2.964434;0.6181;0.5779;0.5328;-0.006329;10.023714;2.712096;-0.3838;0.8337;-0.3971;-0.218684;10.007019;2.88232;-0.3838;0.8337;-0.3971;0.003559;10.148455;2.964434;-0.3838;0.8337;-0.3971;0.183754;6.08147;2.371599;-0.4565;-0.7774;0.4328;-0.234623;6.180215;2.107704;-0.4565;-0.7774;0.4328;-0.170887;5.034424;0.116707;-0.4565;-0.7774;0.4328;-0.234623;6.180215;2.107704;-0.8668;0.3922;-0.308;0.002354;6.51757;1.8704;-0.8668;0.3922;-0.308;0.125464;5.376428;0.070968;-0.8668;0.3922;-0.308;-0.234623;6.180215;2.107704;-0.5583;-0.259;0.7882;0.183754;6.08147;2.371599;-0.5583;-0.259;0.7882;0.16083;9.095242;3.345794;-0.5583;-0.259;0.7882;0.125464;5.376428;0.070968;0.48;0.7553;-0.4462;0.002354;6.51757;1.8704;0.48;0.7553;-0.4462;0.425494;6.325862;2.00109;0.48;0.7553;-0.4462;0.418221;5.034424;0.135846;0.8619;-0.4184;0.2864;0.425494;6.325862;2.00109;0.8619;-0.4184;0.2864;0.183754;6.08147;2.371599;0.8619;-0.4184;0.2864;0.002354;6.51757;1.8704;0.493;0.1658;-0.8541;-0.113552;9.144629;2.313554;0.493;0.1658;-0.8541;0.597662;8.928891;2.68218;0.493;0.1658;-0.8541;0.002354;6.51757;1.8704;-0.7827;0.1202;-0.6107;-0.234623;6.180215;2.107704;-0.7827;0.1202;-0.6107;-0.52997;8.835989;3.008927;-0.7827;0.1202;-0.6107;0.183754;6.08147;2.371599;0.8736;-0.1765;0.4536;0.425494;6.325862;2.00109;0.8736;-0.1765;0.4536;0.597662;8.928891;2.68218;0.8736;-0.1765;0.4536;0.16083;9.095242;3.345794;0.8401;0.2092;0.5005;0.597662;8.928891;2.68218;0.8401;0.2092;0.5005;0.22196;10.010586;2.860629;0.8401;0.2092;0.5005;-0.113552;9.144629;2.313554;0.533;0.2946;-0.7932;-0.006329;10.023714;2.712096;0.533;0.2946;-0.7932;0.22196;10.010586;2.860629;0.533;0.2946;-0.7932;-0.52997;8.835989;3.008927;-0.6911;0.2568;0.6756;0.014528;9.984674;3.129354;-0.6911;0.2568;0.6756;-0.218684;10.007019;2.88232;-0.6911;0.2568;0.6756;-0.927367;3.929493;-2.406268;-0.1989;-0.9483;-0.2472;0.195073;3.163439;-0.370781;-0.1989;-0.9483;-0.2472;-0.150686;3.205821;-0.255112;-0.1989;-0.9483;-0.2472;-0.539701;4.166187;-2.397225;0.7983;0.6022;0.0085;-0.064515;3.505442;-0.220681;0.7983;0.6022;0.0085;0.195073;3.163439;-0.370781;0.7983;0.6022;0.0085;-0.539701;4.166187;-2.397225;-0.0505;-0.4781;-0.8768;-1.479211;6.519513;-3.626333;-0.0505;-0.4781;-0.8768;-0.794175;6.340996;-3.568449;-0.0505;-0.4781;-0.8768;-0.064515;3.505442;-0.220681;-0.8407;0.1832;0.5095;-1.035676;4.291489;-2.105792;-0.8407;0.1832;0.5095;-0.150686;3.205821;-0.255112;-0.8407;0.1832;0.5095;-0.639855;4.390471;-2.096018;-0.1103;0.3492;0.9306;-1.618638;6.354799;-2.949077;-0.1103;0.3492;0.9306;-1.035676;4.291489;-2.105792;-0.1103;0.3492;0.9306;-0.639855;4.390471;-2.096018;0.9685;0.1942;0.1557;-0.794175;6.340996;-3.568449;0.9685;0.1942;0.1557;-0.951417;6.592217;-2.903617;0.9685;0.1942;0.1557;-0.927367;3.929493;-2.406268;-0.9101;-0.3187;-0.2649;-1.618638;6.354799;-2.949077;-0.9101;-0.3187;-0.2649;-1.479211;6.519513;-3.626333;-0.9101;-0.3187;-0.2649;-1.479211;6.519513;-3.626333;-0.9433;0.1503;-0.296;-1.468314;7.444408;-3.191438;-0.9433;0.1503;-0.296;-1.368608;7.429763;-3.516642;-0.9433;0.1503;-0.296;-0.951417;6.592217;-2.903617;0.808;0.3533;0.4715;-1.065118;7.472394;-3.368356;0.808;0.3533;0.4715;-1.203743;7.476099;-3.133581;0.808;0.3533;0.4715;-0.794175;6.340996;-3.568449;0.111;0.1056;-0.9882;-1.479211;6.519513;-3.626333;0.111;0.1056;-0.9882;-1.368608;7.429763;-3.516642;0.111;0.1056;-0.9882;-0.951417;6.592217;-2.903617;-0.1488;0.2342;0.9607;-1.468314;7.444408;-3.191438;-0.1488;0.2342;0.9607;-1.618638;6.354799;-2.949077;-0.1488;0.2342;0.9607;-0.794175;6.340996;-3.568449;0.967;0.2048;0.1513;-1.065118;7.472394;-3.368356;0.967;0.2048;0.1513;-0.951417;6.592217;-2.903617;0.967;0.2048;0.1513;-1.468314;7.444408;-3.191438;-0.2328;0.687;0.6884;-1.203743;7.476099;-3.133581;-0.2328;0.687;0.6884;-1.311672;7.658146;-3.351755;-0.2328;0.687;0.6884;-1.065118;7.472394;-3.368356;0.3225;0.4999;-0.8038;-1.368608;7.429763;-3.516642;0.3225;0.4999;-0.8038;-1.311672;7.658146;-3.351755;0.3225;0.4999;-0.8038;-1.368608;7.429763;-3.516642;-0.8624;0.4195;-0.2833;-1.468314;7.444408;-3.191438;-0.8624;0.4195;-0.2833;-1.311672;7.658146;-3.351755;-0.8624;0.4195;-0.2833;-1.203743;7.476099;-3.133581;0.5818;0.7426;0.3318;-1.065118;7.472394;-3.368356;0.5818;0.7426;0.3318;-1.311672;7.658146;-3.351755;0.5818;0.7426;0.3318;-0.927367;3.929493;-2.406268;0.4533;-0.7226;-0.5219;-0.539701;4.166187;-2.397225;0.4533;-0.7226;-0.5219;0.195073;3.163439;-0.370781;0.4533;-0.7226;-0.5219;-0.539701;4.166187;-2.397225;0.884;0.4646;-0.052;-0.639855;4.390471;-2.096018;0.884;0.4646;-0.052;-0.064515;3.505442;-0.220681;0.884;0.4646;-0.052;-0.539701;4.166187;-2.397225;0.2465;-0.3695;-0.8959;-0.927367;3.929493;-2.406268;0.2465;-0.3695;-0.8959;-1.479211;6.519513;-3.626333;0.2465;-0.3695;-0.8959;-0.064515;3.505442;-0.220681;-0.2249;0.8527;0.4714;-0.639855;4.390471;-2.096018;-0.2249;0.8527;0.4714;-1.035676;4.291489;-2.105792;-0.2249;0.8527;0.4714;-0.150686;3.205821;-0.255112;-0.8907;-0.417;0.1813;-1.035676;4.291489;-2.105792;-0.8907;-0.417;0.1813;-0.927367;3.929493;-2.406268;-0.8907;-0.417;0.1813;-0.639855;4.390471;-2.096018;-0.1763;0.3169;0.9319;-0.951417;6.592217;-2.903617;-0.1763;0.3169;0.9319;-1.618638;6.354799;-2.949077;-0.1763;0.3169;0.9319;-0.639855;4.390471;-2.096018;0.9643;0.2038;0.1689;-0.539701;4.166187;-2.397225;0.9643;0.2038;0.1689;-0.794175;6.340996;-3.568449;0.9643;0.2038;0.1689;-0.927367;3.929493;-2.406268;-0.9609;-0.2768;-0.0129;-1.035676;4.291489;-2.105792;-0.9609;-0.2768;-0.0129;-1.618638;6.354799;-2.949077;-0.9609;-0.2768;-0.0129;-1.479211;6.519513;-3.626333;-0.9793;0.0954;-0.1784;-1.618638;6.354799;-2.949077;-0.9793;0.0954;-0.1784;-1.468314;7.444408;-3.191438;-0.9793;0.0954;-0.1784;-0.951417;6.592217;-2.903617;-0.2309;0.1827;0.9557;-1.203743;7.476099;-3.133581;-0.2309;0.1827;0.9557;-1.468314;7.444408;-3.191438;-0.2309;0.1827;0.9557;-0.794175;6.340996;-3.568449;0.3962;0.2511;-0.8831;-1.368608;7.429763;-3.516642;0.3962;0.2511;-0.8831;-1.065118;7.472394;-3.368356;0.3962;0.2511;-0.8831;0.16908;-0.392632;-0.334642;0.8982;-0.1429;-0.4158;0.67353;1.996222;-0.065713;0.8982;-0.1429;-0.4158;0.339095;-0.392632;0.032659;0.8982;-0.1429;-0.4158;0.339095;-0.392632;0.032659;0.6809;-0.1106;0.724;0.286867;2.576546;0.535507;0.6809;-0.1106;0.724;-9.36E-4;-0.392632;0.352466;0.6809;-0.1106;0.724;-9.36E-4;-0.392632;0.352466;-0.499;-0.062;0.8644;-0.237632;3.011744;0.460051;-0.499;-0.062;0.8644;-0.340966;-0.392632;0.15615;-0.499;-0.062;0.8644;0.67353;1.996222;-0.065713;0.8233;-0.0383;0.5664;0.404049;4.909882;0.52278;0.8233;-0.0383;0.5664;0.286867;2.576546;0.535507;0.8233;-0.0383;0.5664;-0.340966;-0.392632;0.15615;-0.9733;-0.0672;-0.2197;-0.434534;1.996222;-0.160505;-0.9733;-0.0672;-0.2197;-0.239626;-0.392632;-0.292833;-0.9733;-0.0672;-0.2197;-0.239626;-0.392632;-0.292833;-0.1014;-0.0804;-0.9916;0.155312;2.576546;-0.574086;-0.1014;-0.0804;-0.9916;0.16908;-0.392632;-0.334642;-0.1014;-0.0804;-0.9916;0.404049;4.909882;0.52278;0.1001;0.0025;0.995;-0.067827;7.439811;0.563826;0.1001;0.0025;0.995;-0.287127;5.275204;0.591365;0.1001;0.0025;0.995;-0.434534;1.996222;-0.160505;-0.4821;-0.1277;-0.8668;-0.40592;4.909882;-0.605786;-0.4821;-0.1277;-0.8668;0.155312;2.576546;-0.574086;-0.4821;-0.1277;-0.8668;0.286867;2.576546;0.535507;-0.1916;-0.061;0.9796;-0.287127;5.275204;0.591365;-0.1916;-0.061;0.9796;-0.237632;3.011744;0.460051;-0.1916;-0.061;0.9796;0.155312;2.576546;-0.574086;0.6897;-0.0182;-0.7238;0.69024;4.399402;-0.110088;0.6897;-0.0182;-0.7238;0.67353;1.996222;-0.065713;0.6897;-0.0182;-0.7238;-0.237632;3.011744;0.460051;-0.8632;-0.1306;0.4876;-0.692111;4.399402;0.027082;-0.8632;-0.1306;0.4876;-0.434534;1.996222;-0.160505;-0.8632;-0.1306;0.4876;0.618628;7.071634;-0.393429;0.997;0.0658;0.0415;0.393223;10.238437;-0.002833;0.997;0.0658;0.0415;0.551736;7.657931;0.28336;0.997;0.0658;0.0415;0.285256;5.275204;-0.674371;0.7765;-0.0458;-0.6284;0.618628;7.071634;-0.393429;0.7765;-0.0458;-0.6284;0.69024;4.399402;-0.110088;0.7765;-0.0458;-0.6284;-0.287127;5.275204;0.591365;-0.8053;-0.0096;0.5928;-0.620498;7.071634;0.167501;-0.8053;-0.0096;0.5928;-0.692111;4.399402;0.027082;-0.8053;-0.0096;0.5928;0.69024;4.399402;-0.110088;0.9074;-0.0122;0.4201;0.551736;7.657931;0.28336;0.9074;-0.0122;0.4201;0.404049;4.909882;0.52278;0.9074;-0.0122;0.4201;-0.40592;4.909882;-0.605786;-0.0672;-0.0599;-0.9959;0.065956;7.439811;-0.789754;-0.0672;-0.0599;-0.9959;0.285256;5.275204;-0.674371;-0.0672;-0.0599;-0.9959;-0.692111;4.399402;0.027082;-0.9004;-0.0332;-0.4339;-0.553606;7.657931;-0.509289;-0.9004;-0.0332;-0.4339;-0.40592;4.909882;-0.605786;-0.9004;-0.0332;-0.4339;-0.553606;7.657931;-0.509289;-0.3783;0.1077;-0.9194;0.100551;10.238437;-0.476178;-0.3783;0.1077;-0.9194;0.065956;7.439811;-0.789754;-0.3783;0.1077;-0.9194;-0.620498;7.071634;0.167501;-0.997;0.0658;-0.0415;-0.395091;10.238437;-0.223095;-0.997;0.0658;-0.0415;-0.553606;7.657931;-0.509289;-0.997;0.0658;-0.0415;0.551736;7.657931;0.28336;0.3783;0.1077;0.9194;-0.102419;10.238437;0.25025;0.3783;0.1077;0.9194;-0.067827;7.439811;0.563826;0.3783;0.1077;0.9194;0.618628;7.071634;-0.393429;0.6156;0.0802;-0.7839;0.065956;7.439811;-0.789754;0.6156;0.0802;-0.7839;0.100551;10.238437;-0.476178;0.6156;0.0802;-0.7839;-0.067827;7.439811;0.563826;-0.6156;0.0802;0.7839;-0.102419;10.238437;0.25025;-0.6156;0.0802;0.7839;-0.620498;7.071634;0.167501;-0.6156;0.0802;0.7839;-0.184391;10.539282;0.027084;0.0494;0.9952;-0.084;0.162325;10.515072;-0.055678;0.0494;0.9952;-0.084;-0.093012;10.515858;-0.196551;0.0494;0.9952;-0.084;-0.102419;10.238437;0.25025;-0.3892;0.478;0.7874;0.049679;10.515858;0.157007;-0.3892;0.478;0.7874;-0.184391;10.539282;0.027084;-0.3892;0.478;0.7874;0.100551;10.238437;-0.476178;0.7263;0.5204;-0.4491;0.162325;10.515072;-0.055678;0.7263;0.5204;-0.4491;0.393223;10.238437;-0.002833;0.7263;0.5204;-0.4491;0.100551;10.238437;-0.476178;-0.3933;0.502;-0.7703;-0.395091;10.238437;-0.223095;-0.3933;0.502;-0.7703;-0.093012;10.515858;-0.196551;-0.3933;0.502;-0.7703;-0.395091;10.238437;-0.223095;-0.6229;0.7098;-0.3289;-0.184391;10.539282;0.027084;-0.6229;0.7098;-0.3289;-0.093012;10.515858;-0.196551;-0.6229;0.7098;-0.3289;-0.102419;10.238437;0.25025;0.8396;-0.3105;0.4458;0.162325;10.515072;-0.055678;0.8396;-0.3105;0.4458;0.049679;10.515858;0.157007;0.8396;-0.3105;0.4458;0.16908;-0.392632;-0.334642;0.666;-0.0569;-0.7438;0.155312;2.576546;-0.574086;0.666;-0.0569;-0.7438;0.67353;1.996222;-0.065713;0.666;-0.0569;-0.7438;0.339095;-0.392632;0.032659;0.7975;-0.0871;0.597;0.67353;1.996222;-0.065713;0.7975;-0.0871;0.597;0.286867;2.576546;0.535507;0.7975;-0.0871;0.597;-9.36E-4;-0.392632;0.352466;-0.1775;-0.0434;0.9832;0.286867;2.576546;0.535507;-0.1775;-0.0434;0.9832;-0.237632;3.011744;0.460051;-0.1775;-0.0434;0.9832;0.67353;1.996222;-0.065713;0.9115;0.0013;0.4112;0.69024;4.399402;-0.110088;0.9115;0.0013;0.4112;0.404049;4.909882;0.52278;0.9115;0.0013;0.4112;-0.340966;-0.392632;0.15615;-0.9542;0.0023;0.2991;-0.237632;3.011744;0.460051;-0.9542;0.0023;0.2991;-0.434534;1.996222;-0.160505;-0.9542;0.0023;0.2991;-0.239626;-0.392632;-0.292833;-0.5732;-0.0014;-0.8194;-0.434534;1.996222;-0.160505;-0.5732;-0.0014;-0.8194;0.155312;2.576546;-0.574086;-0.5732;-0.0014;-0.8194;0.404049;4.909882;0.52278;0.3945;0.0587;0.917;0.551736;7.657931;0.28336;0.3945;0.0587;0.917;-0.067827;7.439811;0.563826;0.3945;0.0587;0.917;-0.434534;1.996222;-0.160505;-0.8904;-0.0602;-0.4512;-0.692111;4.399402;0.027082;-0.8904;-0.0602;-0.4512;-0.40592;4.909882;-0.605786;-0.8904;-0.0602;-0.4512;0.286867;2.576546;0.535507;0.099;5.0E-4;0.9951;0.404049;4.909882;0.52278;0.099;5.0E-4;0.9951;-0.287127;5.275204;0.591365;0.099;5.0E-4;0.9951;0.155312;2.576546;-0.574086;0.7639;-0.0607;-0.6424;0.285256;5.275204;-0.674371;0.7639;-0.0607;-0.6424;0.69024;4.399402;-0.110088;0.7639;-0.0607;-0.6424;-0.237632;3.011744;0.460051;-0.7699;-0.0537;0.6359;-0.287127;5.275204;0.591365;-0.7699;-0.0537;0.6359;-0.692111;4.399402;0.027082;-0.7699;-0.0537;0.6359;0.155312;2.576546;-0.574086;-0.0814;-0.0331;-0.9961;-0.40592;4.909882;-0.605786;-0.0814;-0.0331;-0.9961;0.285256;5.275204;-0.674371;-0.0814;-0.0331;-0.9961;0.618628;7.071634;-0.393429;0.8439;0.1244;-0.5218;0.100551;10.238437;-0.476178;0.8439;0.1244;-0.5218;0.393223;10.238437;-0.002833;0.8439;0.1244;-0.5218;0.285256;5.275204;-0.674371;0.59;0.0167;-0.8072;0.065956;7.439811;-0.789754;0.59;0.0167;-0.8072;0.618628;7.071634;-0.393429;0.59;0.0167;-0.8072;-0.287127;5.275204;0.591365;-0.6125;0.0721;0.7872;-0.067827;7.439811;0.563826;-0.6125;0.0721;0.7872;-0.620498;7.071634;0.167501;-0.6125;0.0721;0.7872;0.69024;4.399402;-0.110088;0.997;0.034;0.0691;0.618628;7.071634;-0.393429;0.997;0.034;0.0691;0.551736;7.657931;0.28336;0.997;0.034;0.0691;-0.40592;4.909882;-0.605786;-0.4094;0.01;-0.9123;-0.553606;7.657931;-0.509289;-0.4094;0.01;-0.9123;0.065956;7.439811;-0.789754;-0.4094;0.01;-0.9123;-0.692111;4.399402;0.027082;-0.9969;0.0305;-0.0721;-0.620498;7.071634;0.167501;-0.9969;0.0305;-0.0721;-0.553606;7.657931;-0.509289;-0.9969;0.0305;-0.0721;-0.553606;7.657931;-0.509289;-0.4512;0.1257;-0.8835;-0.395091;10.238437;-0.223095;-0.4512;0.1257;-0.8835;0.100551;10.238437;-0.476178;-0.4512;0.1257;-0.8835;-0.620498;7.071634;0.167501;-0.8439;0.1244;0.5218;-0.102419;10.238437;0.25025;-0.8439;0.1244;0.5218;-0.395091;10.238437;-0.223095;-0.8439;0.1244;0.5218;0.551736;7.657931;0.28336;0.4512;0.1257;0.8835;0.393223;10.238437;-0.002833;0.4512;0.1257;0.8835;-0.102419;10.238437;0.25025;0.4512;0.1257;0.8835;-0.184391;10.539282;0.027084;0.0786;0.9962;0.038;0.049679;10.515858;0.157007;0.0786;0.9962;0.038;0.162325;10.515072;-0.055678;0.0786;0.9962;0.038;0.100551;10.238437;-0.476178;0.3081;0.7734;-0.554;-0.093012;10.515858;-0.196551;0.3081;0.7734;-0.554;0.162325;10.515072;-0.055678;0.3081;0.7734;-0.554;-0.395091;10.238437;-0.223095;-0.8401;0.1564;0.5194;-0.102419;10.238437;0.25025;-0.8401;0.1564;0.5194;-0.184391;10.539282;0.027084;-0.8401;0.1564;0.5194;-0.102419;10.238437;0.25025;0.3985;0.4817;0.7805;0.393223;10.238437;-0.002833;0.3985;0.4817;0.7805;0.162325;10.515072;-0.055678;0.3985;0.4817;0.7805;1.297563;3.52387;1.745829;0.988;0.0209;-0.1528;1.336208;4.1427;2.080213;0.988;0.0209;-0.1528;1.375953;3.516767;2.25171;0.988;0.0209;-0.1528;0.495557;1.825912;1.540662;-0.879;0.222;-0.4219;0.791875;3.538615;1.824395;-0.879;0.222;-0.4219;0.675746;1.936343;1.223332;-0.879;0.222;-0.4219;0.849646;1.733552;1.619954;0.6263;-0.7746;0.0884;0.356851;1.164968;0.12976;0.6263;-0.7746;0.0884;1.013282;1.825912;1.270134;0.6263;-0.7746;0.0884;1.375953;3.516767;2.25171;0.1544;0.0346;0.9874;1.067447;4.167505;2.277139;0.1544;0.0346;0.9874;0.870264;3.531512;2.330276;0.1544;0.0346;0.9874;0.495557;1.825912;1.540662;0.1254;-0.4394;0.8895;1.375953;3.516767;2.25171;0.1254;-0.4394;0.8895;0.870264;3.531512;2.330276;0.1254;-0.4394;0.8895;1.013282;1.825912;1.270134;0.3254;0.7512;-0.5743;0.133518;1.401957;0.217144;0.3254;0.7512;-0.5743;0.675746;1.936343;1.223332;0.3254;0.7512;-0.5743;0.791875;3.538615;1.824395;-0.1514;0.0643;-0.9864;1.138825;4.14414;1.810647;-0.1514;0.0643;-0.9864;1.297563;3.52387;1.745829;-0.1514;0.0643;-0.9864;0.675746;1.936343;1.223332;0.2075;0.2315;-0.9504;1.297563;3.52387;1.745829;0.2075;0.2315;-0.9504;1.013282;1.825912;1.270134;0.2075;0.2315;-0.9504;0.133518;1.401957;0.217144;-0.62;0.7805;-0.0804;0.495557;1.825912;1.540662;-0.62;0.7805;-0.0804;0.675746;1.936343;1.223332;-0.62;0.7805;-0.0804;0.870264;3.531512;2.330276;-0.9851;0.0775;0.1537;0.870064;4.168946;2.007573;-0.9851;0.0775;0.1537;0.791875;3.538615;1.824395;-0.9851;0.0775;0.1537;1.336208;4.1427;2.080213;0.5784;0.6995;-0.4198;1.138825;4.14414;1.810647;0.5784;0.6995;-0.4198;1.112319;4.302465;2.037953;0.5784;0.6995;-0.4198;-0.06575;1.164968;0.350583;-0.3246;-0.7536;0.5716;0.849646;1.733552;1.619954;-0.3246;-0.7536;0.5716;0.495557;1.825912;1.540662;-0.3246;-0.7536;0.5716;1.013282;1.825912;1.270134;0.8755;-0.369;0.3121;1.375953;3.516767;2.25171;0.8755;-0.369;0.3121;0.849646;1.733552;1.619954;0.8755;-0.369;0.3121;0.870064;4.168946;2.007573;-0.4846;0.7976;0.3591;1.067447;4.167505;2.277139;-0.4846;0.7976;0.3591;1.112319;4.302465;2.037953;-0.4846;0.7976;0.3591;1.138825;4.14414;1.810647;-0.3435;0.7514;-0.5634;0.870064;4.168946;2.007573;-0.3435;0.7514;-0.5634;1.112319;4.302465;2.037953;-0.3435;0.7514;-0.5634;1.067447;4.167505;2.277139;0.4372;0.7457;0.5028;1.336208;4.1427;2.080213;0.4372;0.7457;0.5028;1.112319;4.302465;2.037953;0.4372;0.7457;0.5028;1.297563;3.52387;1.745829;0.7799;0.2591;-0.5697;1.138825;4.14414;1.810647;0.7799;0.2591;-0.5697;1.336208;4.1427;2.080213;0.7799;0.2591;-0.5697;0.495557;1.825912;1.540662;-0.9776;0.1437;0.1535;0.870264;3.531512;2.330276;-0.9776;0.1437;0.1535;0.791875;3.538615;1.824395;-0.9776;0.1437;0.1535;0.849646;1.733552;1.619954;0.7637;-0.6456;-0.0062;0.157583;0.927979;0.263199;0.7637;-0.6456;-0.0062;0.356851;1.164968;0.12976;0.7637;-0.6456;-0.0062;1.375953;3.516767;2.25171;0.5873;0.2483;0.7703;1.336208;4.1427;2.080213;0.5873;0.2483;0.7703;1.067447;4.167505;2.277139;0.5873;0.2483;0.7703;0.495557;1.825912;1.540662;-0.273;-0.2487;0.9293;0.849646;1.733552;1.619954;-0.273;-0.2487;0.9293;1.375953;3.516767;2.25171;-0.273;-0.2487;0.9293;1.013282;1.825912;1.270134;0.4389;0.6445;-0.6261;0.356851;1.164968;0.12976;0.4389;0.6445;-0.6261;0.133518;1.401957;0.217144;0.4389;0.6445;-0.6261;0.791875;3.538615;1.824395;-0.5468;0.2955;-0.7834;0.870064;4.168946;2.007573;-0.5468;0.2955;-0.7834;1.138825;4.14414;1.810647;-0.5468;0.2955;-0.7834;0.675746;1.936343;1.223332;-0.1333;0.3566;-0.9247;0.791875;3.538615;1.824395;-0.1333;0.3566;-0.9247;1.297563;3.52387;1.745829;-0.1333;0.3566;-0.9247;0.133518;1.401957;0.217144;-0.7646;0.6445;0.0027;-0.06575;1.164968;0.350583;-0.7646;0.6445;0.0027;0.495557;1.825912;1.540662;-0.7646;0.6445;0.0027;0.870264;3.531512;2.330276;-0.7722;0.2868;0.567;1.067447;4.167505;2.277139;-0.7722;0.2868;0.567;0.870064;4.168946;2.007573;-0.7722;0.2868;0.567;-0.06575;1.164968;0.350583;-0.4486;-0.6492;0.6143;0.157583;0.927979;0.263199;-0.4486;-0.6492;0.6143;0.849646;1.733552;1.619954;-0.4486;-0.6492;0.6143;1.013282;1.825912;1.270134;0.9807;-0.1211;-0.1537;1.297563;3.52387;1.745829;0.9807;-0.1211;-0.1537;1.375953;3.516767;2.25171;0.9807;-0.1211;-0.1537;-0.60701;5.628584;-4.007417;-0.3269;0.5973;0.7324;0.007414;5.659118;-3.758032;-0.3269;0.5973;0.7324;-0.20986;6.021452;-4.150544;-0.3269;0.5973;0.7324;-0.353269;4.775474;-3.201881;0.9157;-0.3998;-0.0413;-0.083517;5.51714;-4.400073;0.9157;-0.3998;-0.0413;0.007414;5.659118;-3.758032;0.9157;-0.3998;-0.0413;-0.583041;4.457662;-3.414264;0.7869;-0.5465;0.2866;-0.841462;4.623558;-2.388432;0.7869;-0.5465;0.2866;-0.989728;4.433448;-2.343863;0.7869;-0.5465;0.2866;-0.083517;5.51714;-4.400073;-0.5437;0.2588;-0.7984;-0.60701;5.628584;-4.007417;-0.5437;0.2588;-0.7984;-0.20986;6.021452;-4.150544;-0.5437;0.2588;-0.7984;-0.353269;4.775474;-3.201881;-0.2259;0.6324;0.7409;-0.60701;5.628584;-4.007417;-0.2259;0.6324;0.7409;-0.86071;4.805171;-3.381967;-0.2259;0.6324;0.7409;-0.841462;4.623558;-2.388432;-0.069;0.9811;0.1807;-0.86071;4.805171;-3.381967;-0.069;0.9811;0.1807;-1.070484;4.623558;-2.475953;-0.069;0.9811;0.1807;-0.86071;4.805171;-3.381967;-0.5765;-0.3941;-0.7157;-0.083517;5.51714;-4.400073;-0.5765;-0.3941;-0.7157;-0.583041;4.457662;-3.414264;-0.5765;-0.3941;-0.7157;-1.070484;4.623558;-2.475953;-0.7794;-0.5454;-0.3084;-0.583041;4.457662;-3.414264;-0.7794;-0.5454;-0.3084;-0.989728;4.433448;-2.343863;-0.7794;-0.5454;-0.3084;0.007414;5.659118;-3.758032;0.9211;0.3316;-0.2038;-0.083517;5.51714;-4.400073;0.9211;0.3316;-0.2038;-0.20986;6.021452;-4.150544;0.9211;0.3316;-0.2038;-0.353269;4.775474;-3.201881;0.8432;-0.521;-0.1326;-0.583041;4.457662;-3.414264;0.8432;-0.521;-0.1326;-0.083517;5.51714;-4.400073;0.8432;-0.521;-0.1326;-0.583041;4.457662;-3.414264;0.6789;-0.6784;0.2807;-0.353269;4.775474;-3.201881;0.6789;-0.6784;0.2807;-0.841462;4.623558;-2.388432;0.6789;-0.6784;0.2807;-0.353269;4.775474;-3.201881;-0.3274;0.5954;0.7337;0.007414;5.659118;-3.758032;-0.3274;0.5954;0.7337;-0.60701;5.628584;-4.007417;-0.3274;0.5954;0.7337;-0.841462;4.623558;-2.388432;-0.0063;0.9837;0.1799;-0.353269;4.775474;-3.201881;-0.0063;0.9837;0.1799;-0.86071;4.805171;-3.381967;-0.0063;0.9837;0.1799;-0.86071;4.805171;-3.381967;-0.6084;-0.3526;-0.711;-0.60701;5.628584;-4.007417;-0.6084;-0.3526;-0.711;-0.083517;5.51714;-4.400073;-0.6084;-0.3526;-0.711;-1.070484;4.623558;-2.475953;-0.7602;-0.5802;-0.2923;-0.86071;4.805171;-3.381967;-0.7602;-0.5802;-0.2923;-0.583041;4.457662;-3.414264;-0.7602;-0.5802;-0.2923
78;0.90354544;0.5592829;0.891831;0.015
-0.572494;11.234474;-3.68E-4;0.4364;0.7663;-0.4715;-0.065881;11.277548;0.538493;0.4364;0.7663;-0.4715;0.042407;10.840322;-0.07179;0.4364;0.7663;-0.4715;-0.065881;11.277548;0.538493;0.2921;-0.5237;0.8003;-0.012318;10.39497;-0.058625;0.2921;-0.5237;0.8003;0.601889;11.16758;0.222822;0.2921;-0.5237;0.8003;-0.217829;11.335139;-0.649073;0.5265;0.7481;0.4039;-0.572494;11.234474;-3.68E-4;0.5265;0.7481;0.4039;0.042407;10.840322;-0.07179;0.5265;0.7481;0.4039;0.601889;11.16758;0.222822;0.7961;-0.5972;-0.0978;-0.012318;10.39497;-0.058625;0.7961;-0.5972;-0.0978;0.507979;11.162646;-0.511133;0.7961;-0.5972;-0.0978;0.507979;11.162646;-0.511133;0.0631;0.7716;0.633;-0.217829;11.335139;-0.649073;0.0631;0.7716;0.633;0.042407;10.840322;-0.07179;0.0631;0.7716;0.633;0.507979;11.162646;-0.511133;0.0366;-0.5257;-0.8499;-0.012318;10.39497;-0.058625;0.0366;-0.5257;-0.8499;-0.217829;11.335139;-0.649073;0.0366;-0.5257;-0.8499;0.601889;11.16758;0.222822;-0.528;0.847;0.0619;0.507979;11.162646;-0.511133;-0.528;0.847;0.0619;0.042407;10.840322;-0.07179;-0.528;0.847;0.0619;-0.065881;11.277548;0.538493;-0.1502;0.7909;-0.5933;0.601889;11.16758;0.222822;-0.1502;0.7909;-0.5933;0.042407;10.840322;-0.07179;-0.1502;0.7909;-0.5933;-0.217829;11.335139;-0.649073;-0.745;-0.4639;-0.4793;-0.012318;10.39497;-0.058625;-0.745;-0.4639;-0.4793;-0.572494;11.234474;-3.68E-4;-0.745;-0.4639;-0.4793;-0.572494;11.234474;-3.68E-4;-0.6274;-0.4621;0.6268;-0.012318;10.39497;-0.058625;-0.6274;-0.4621;0.6268;-0.065881;11.277548;0.538493;-0.6274;-0.4621;0.6268;-0.450906;10.879269;2.979875;0.6736;0.6814;-0.2862;-0.042878;10.658204;3.413875;0.6736;0.6814;-0.2862;0.044337;10.365505;2.922351;0.6736;0.6814;-0.2862;-0.042878;10.658204;3.413875;0.4216;-0.4613;0.7807;2.61E-4;9.883796;2.932956;0.4216;-0.4613;0.7807;0.494945;10.719479;3.159633;0.4216;-0.4613;0.7807;-0.165258;10.737003;2.457407;0.7156;0.6663;0.2098;-0.450906;10.879269;2.979875;0.7156;0.6663;0.2098;0.044337;10.365505;2.922351;0.7156;0.6663;0.2098;0.494945;10.719479;3.159633;0.868;-0.4849;-0.1067;2.61E-4;9.883796;2.932956;0.868;-0.4849;-0.1067;0.41931;10.714144;2.568503;0.868;-0.4849;-0.1067;0.41931;10.714144;2.568503;-0.0933;0.7569;0.6468;-0.165258;10.737003;2.457407;-0.0933;0.7569;0.6468;0.044337;10.365505;2.922351;-0.0933;0.7569;0.6468;0.41931;10.714144;2.568503;0.1485;-0.4593;-0.8758;2.61E-4;9.883796;2.932956;0.1485;-0.4593;-0.8758;-0.165258;10.737003;2.457407;0.1485;-0.4593;-0.8758;0.494945;10.719479;3.159633;-0.6401;0.7646;0.075;0.41931;10.714144;2.568503;-0.6401;0.7646;0.075;0.044337;10.365505;2.922351;-0.6401;0.7646;0.075;-0.042878;10.658204;3.413875;-0.3373;0.7813;-0.5251;0.494945;10.719479;3.159633;-0.3373;0.7813;-0.5251;0.044337;10.365505;2.922351;-0.3373;0.7813;-0.5251;-0.165258;10.737003;2.457407;-0.8539;-0.3698;-0.3662;2.61E-4;9.883796;2.932956;-0.8539;-0.3698;-0.3662;-0.450906;10.879269;2.979875;-0.8539;-0.3698;-0.3662;-0.450906;10.879269;2.979875;-0.7634;-0.3709;0.5288;2.61E-4;9.883796;2.932956;-0.7634;-0.3709;0.5288;-0.042878;10.658204;3.413875;-0.7634;-0.3709;0.5288;-0.188192;6.344234;-4.011811;0.6547;-0.2029;0.7282;-0.221873;5.851466;-4.118852;0.6547;-0.2029;0.7282;0.034934;6.235435;-4.242748;0.6547;-0.2029;0.7282;0.034934;6.235435;-4.242748;0.5882;-0.5764;-0.5672;-0.221873;5.851466;-4.118852;0.5882;-0.5764;-0.5672;-0.215297;6.202935;-4.469205;0.5882;-0.5764;-0.5672;-0.215297;6.202935;-4.469205;-0.7346;-0.4721;-0.4874;-0.221873;5.851466;-4.118852;-0.7346;-0.4721;-0.4874;-0.438424;6.311734;-4.238267;-0.7346;-0.4721;-0.4874;-0.438424;6.311734;-4.238267;-0.6581;-0.1166;0.7439;-0.221873;5.851466;-4.118852;-0.6581;-0.1166;0.7439;-0.188192;6.344234;-4.011811;-0.6581;-0.1166;0.7439;0.034934;6.235435;-4.242748;0.149;0.9423;-0.2999;-0.438424;6.311734;-4.238267;0.149;0.9423;-0.2999;-0.188192;6.344234;-4.011811;0.149;0.9423;-0.2999;0.034934;6.235435;-4.242748;0.149;0.9423;-0.2999;-0.215297;6.202935;-4.469205;0.149;0.9423;-0.2999;-0.438424;6.311734;-4.238267;0.149;0.9423;-0.2999
4
SPREADER;3;0;0;0;12;7
INFO;NameId;308;DescId;309;price;75000;dpPerMin;0;range;3;placeSound;thud
LIFE;averagePop;4.0;averageLife;43.0;popFactors;0;breedMat;21.5;breedTime;15.55721;parentId;18;count;600;reqs;1;LIFE;type;2;enviroType;0;classification;ahs73;count;2;FADE_DEATH;0.5;enviroReqCount;3;reqId;2;barren;0;goodBiomes;1;3;idealFactor;100;influence;0.8;reqId;5;likedSpecies;2;pc120;erl;influence;0.85;reqId;6;dislikedSpecies;1;pt;influence;0.5
GROWTH;dynamic;0;growthTime;14.333333;modelStages;4;subStages;2
