0.4
ptd
0;1
3
-1.237578;-0.120742;-1.199429;1.455175;4.404934;0.677059;1
90;2
54;0.92335445;0.681801;0.513252;0.05
0.264308;2.025307;-0.244715;0.769;0.1274;-0.6264;0.810661;1.220876;0.262393;0.769;0.1274;-0.6264;0.058688;1.044485;-0.696544;0.769;0.1274;-0.6264;0.316556;2.025307;0.21455;0.1345;0.1409;0.9808;-0.395789;1.176778;0.434152;0.1345;0.1409;0.9808;0.810661;1.220876;0.262393;0.1345;0.1409;0.9808;0.264308;2.025307;-0.244715;-0.5836;-0.192;-0.789;-0.107303;2.025307;0.030166;-0.5836;-0.192;-0.789;-0.676782;3.880617;0.0;-0.5836;-0.192;-0.789;-0.107303;2.025307;0.030166;-0.9148;0.1288;-0.3828;0.058688;1.044485;-0.696544;-0.9148;0.1288;-0.3828;-0.395789;1.176778;0.434152;-0.9148;0.1288;-0.3828;0.058688;1.044485;-0.696544;-0.9283;-0.0733;-0.3645;-0.149678;-0.120742;0.068312;-0.9283;-0.0733;-0.3645;-0.395789;1.176778;0.434152;-0.9283;-0.0733;-0.3645;-0.107303;2.025307;0.030166;-0.5927;0.082;-0.8012;1.068365;3.652989;-0.672808;-0.5927;0.082;-0.8012;0.264308;2.025307;-0.244715;-0.5927;0.082;-0.8012;-0.107303;2.025307;0.030166;-0.3966;-0.1069;0.9117;0.316556;2.025307;0.21455;-0.3966;-0.1069;0.9117;-0.676782;3.880617;0.0;-0.3966;-0.1069;0.9117;0.316556;2.025307;0.21455;0.8819;0.4606;-0.1003;0.264308;2.025307;-0.244715;0.8819;0.4606;-0.1003;-0.676782;3.880617;0.0;0.8819;0.4606;-0.1003;0.316556;2.025307;0.21455;-0.3292;0.5647;0.7568;1.068365;3.652989;-0.672808;-0.3292;0.5647;0.7568;-0.107303;2.025307;0.030166;-0.3292;0.5647;0.7568;0.264308;2.025307;-0.244715;0.8813;-0.4617;-0.1003;1.068365;3.652989;-0.672808;0.8813;-0.4617;-0.1003;0.316556;2.025307;0.21455;0.8813;-0.4617;-0.1003;-0.395789;1.176778;0.434152;0.1431;-0.0692;0.9873;0.370779;-0.120742;0.232175;0.1431;-0.0692;0.9873;0.810661;1.220876;0.262393;0.1431;-0.0692;0.9873;0.810661;1.220876;0.262393;0.7913;-0.0747;-0.6068;0.25246;-0.120742;-0.300486;0.7913;-0.0747;-0.6068;0.058688;1.044485;-0.696544;0.7913;-0.0747;-0.6068;0.264308;2.025307;-0.244715;0.8507;0.5167;-0.0968;0.316556;2.025307;0.21455;0.8507;0.5167;-0.0968;0.810661;1.220876;0.262393;0.8507;0.5167;-0.0968;0.316556;2.025307;0.21455;-0.3462;0.4966;0.7959;-0.107303;2.025307;0.030166;-0.3462;0.4966;0.7959;-0.395789;1.176778;0.434152;-0.3462;0.4966;0.7959;-0.107303;2.025307;0.030166;-0.533;0.4436;-0.7205;0.264308;2.025307;-0.244715;-0.533;0.4436;-0.7205;0.058688;1.044485;-0.696544;-0.533;0.4436;-0.7205;0.058688;1.044485;-0.696544;-0.6354;-0.3411;-0.6928;0.25246;-0.120742;-0.300486;-0.6354;-0.3411;-0.6928;-0.149678;-0.120742;0.068312;-0.6354;-0.3411;-0.6928;-0.395789;1.176778;0.434152;-0.2855;-0.3099;0.9069;-0.149678;-0.120742;0.068312;-0.2855;-0.3099;0.9069;0.370779;-0.120742;0.232175;-0.2855;-0.3099;0.9069;0.810661;1.220876;0.262393;0.9311;-0.3006;-0.2068;0.370779;-0.120742;0.232175;0.9311;-0.3006;-0.2068;0.25246;-0.120742;-0.300486;0.9311;-0.3006;-0.2068
36;-1.0;0.0;0.0;0.08
1.300316;3.093366;-0.001427;-0.5578;-0.3883;0.7336;0.347542;3.896678;-0.300605;-0.5578;-0.3883;0.7336;0.526092;2.949974;-0.666004;-0.5578;-0.3883;0.7336;-0.850427;3.065006;-0.538211;0.6232;-0.7786;-0.0736;0.249632;3.878014;0.175998;0.6232;-0.7786;-0.0736;-0.612791;3.140321;0.677059;0.6232;-0.7786;-0.0736;-0.850427;3.065006;-0.538211;0.6459;-0.2361;-0.726;-0.612791;4.404934;-0.76249;0.6459;-0.2361;-0.726;0.249632;3.878014;0.175998;0.6459;-0.2361;-0.726;1.300316;3.093366;-0.001427;-0.0731;0.2708;0.9599;1.455175;4.188739;-0.298634;-0.0731;0.2708;0.9599;0.347542;3.896678;-0.300605;-0.0731;0.2708;0.9599;0.249632;3.878014;0.175998;0.237;0.3408;0.9098;-1.237578;4.187239;0.447646;0.237;0.3408;0.9098;-0.612791;3.140321;0.677059;0.237;0.3408;0.9098;0.249632;3.878014;0.175998;0.2456;0.924;0.293;-0.612791;4.404934;-0.76249;0.2456;0.924;0.293;-1.237578;4.187239;0.447646;0.2456;0.924;0.293;1.186199;3.534235;-1.199429;0.4495;-0.8236;-0.3459;1.300316;3.093366;-0.001427;0.4495;-0.8236;-0.3459;0.526092;2.949974;-0.666004;0.4495;-0.8236;-0.3459;1.186199;3.534235;-1.199429;0.9707;-0.1803;-0.1588;1.455175;4.188739;-0.298634;0.9707;-0.1803;-0.1588;1.300316;3.093366;-0.001427;0.9707;-0.1803;-0.1588;-1.237578;4.187239;0.447646;-0.8915;0.0836;-0.4452;-0.612791;4.404934;-0.76249;-0.8915;0.0836;-0.4452;-0.850427;3.065006;-0.538211;-0.8915;0.0836;-0.4452;-1.237578;4.187239;0.447646;-0.8602;-0.4701;0.1974;-0.850427;3.065006;-0.538211;-0.8602;-0.4701;0.1974;-0.612791;3.140321;0.677059;-0.8602;-0.4701;0.1974;0.347542;3.896678;-0.300605;-0.2151;0.8195;-0.5312;1.455175;4.188739;-0.298634;-0.2151;0.8195;-0.5312;1.186199;3.534235;-1.199429;-0.2151;0.8195;-0.5312;0.347542;3.896678;-0.300605;-0.6948;0.1411;-0.7052;1.186199;3.534235;-1.199429;-0.6948;0.1411;-0.7052;0.526092;2.949974;-0.666004;-0.6948;0.1411;-0.7052
-4.455633;-0.564926;-4.067598;4.571693;13.339561;4.759273;3;0;extraBounds;2;-4.053701;8.861965;-3.943187;4.610944;13.21423;4.663747;-1.424773;-0.066085;-1.316341;1.503309;9.23595;1.39492
165;2
63;0.92335445;0.681801;0.513252;0.02
0.370248;2.975523;-1.313686;0.8554;-0.1564;-0.4938;0.917186;-0.564926;0.755121;0.8554;-0.1564;-0.4938;0.109474;-0.564926;-0.643878;0.8554;-0.1564;-0.4938;1.408642;2.975523;1.349324;0.0;-0.1655;0.9862;-0.698238;-0.564926;0.755121;0.0;-0.1655;0.9862;0.917186;-0.564926;0.755121;0.0;-0.1655;0.9862;-1.41679;2.975523;0.917095;-0.778;0.0795;-0.6232;0.215253;6.47767;-0.673315;-0.778;0.0795;-0.6232;0.370248;2.975523;-1.313686;-0.778;0.0795;-0.6232;-1.41679;2.975523;0.917095;-0.8561;-0.1511;-0.4943;0.109474;-0.564926;-0.643878;-0.8561;-0.1511;-0.4943;-0.698238;-0.564926;0.755121;-0.8561;-0.1511;-0.4943;0.215253;6.47767;-0.673315;-0.7352;-0.4572;-0.5005;-0.69226;6.627587;0.522755;-0.7352;-0.4572;-0.5005;-2.607002;11.737925;-1.332629;-0.7352;-0.4572;-0.5005;1.408642;2.975523;1.349324;-0.1498;0.1355;0.9794;-0.69226;6.627587;0.522755;-0.1498;0.1355;0.9794;-1.41679;2.975523;0.917095;-0.1498;0.1355;0.9794;1.408642;2.975523;1.349324;0.9127;0.0795;-0.4009;0.215253;6.47767;-0.673315;0.9127;0.0795;-0.4009;0.805429;6.650373;0.704548;0.9127;0.0795;-0.4009;-0.69226;6.627587;0.522755;-0.5816;0.6258;-0.5197;2.429179;11.285178;2.637545;-0.5816;0.6258;-0.5197;0.215253;6.47767;-0.673315;-0.5816;0.6258;-0.5197;-0.69226;6.627587;0.522755;-0.1195;0.299;0.9468;0.805429;6.650373;0.704548;-0.1195;0.299;0.9468;-2.607002;11.737925;-1.332629;-0.1195;0.299;0.9468;0.805429;6.650373;0.704548;0.8265;0.3929;-0.4032;0.215253;6.47767;-0.673315;0.8265;0.3929;-0.4032;-2.607002;11.737925;-1.332629;0.8265;0.3929;-0.4032;0.805429;6.650373;0.704548;-0.1076;-0.3503;0.9304;2.429179;11.285178;2.637545;-0.1076;-0.3503;0.9304;-0.69226;6.627587;0.522755;-0.1076;-0.3503;0.9304;0.215253;6.47767;-0.673315;0.9139;-0.1656;-0.3707;2.429179;11.285178;2.637545;0.9139;-0.1656;-0.3707;0.805429;6.650373;0.704548;0.9139;-0.1656;-0.3707;0.53212;6.847635;0.397932;0.8276;-0.5372;0.1629;3.127601;10.34861;-1.241551;0.8276;-0.5372;0.1629;0.752532;7.315259;0.820478;0.8276;-0.5372;0.1629;0.752532;7.315259;0.820478;-0.1355;0.6274;0.7668;3.127601;10.34861;-1.241551;-0.1355;0.6274;0.7668;0.06153;7.357888;0.663512;-0.1355;0.6274;0.7668;0.06153;7.357888;0.663512;-0.5108;-0.0238;-0.8594;3.127601;10.34861;-1.241551;-0.5108;-0.0238;-0.8594;0.53212;6.847635;0.397932;-0.5108;-0.0238;-0.8594;0.370248;2.975523;-1.313686;0.9295;-0.0682;-0.3624;1.408642;2.975523;1.349324;0.9295;-0.0682;-0.3624;0.917186;-0.564926;0.755121;0.9295;-0.0682;-0.3624;1.408642;2.975523;1.349324;-0.1508;-0.0757;0.9857;-1.41679;2.975523;0.917095;-0.1508;-0.0757;0.9857;-0.698238;-0.564926;0.755121;-0.1508;-0.0757;0.9857;-1.41679;2.975523;0.917095;-0.7879;0.0905;-0.6091;-0.69226;6.627587;0.522755;-0.7879;0.0905;-0.6091;0.215253;6.47767;-0.673315;-0.7879;0.0905;-0.6091;-1.41679;2.975523;0.917095;-0.779;-0.0607;-0.6241;0.370248;2.975523;-1.313686;-0.779;-0.0607;-0.6241;0.109474;-0.564926;-0.643878;-0.779;-0.0607;-0.6241;1.408642;2.975523;1.349324;-0.1214;0.1522;0.9809;0.805429;6.650373;0.704548;-0.1214;0.1522;0.9809;-0.69226;6.627587;0.522755;-0.1214;0.1522;0.9809;1.408642;2.975523;1.349324;0.9263;0.107;-0.3612;0.370248;2.975523;-1.313686;0.9263;0.107;-0.3612;0.215253;6.47767;-0.673315;0.9263;0.107;-0.3612
102;-1.0;0.0;0.0;0.04
-3.349813;13.027884;0.48829;0.5742;0.2172;0.7893;-2.376691;9.958774;0.624966;0.5742;0.2172;0.7893;-0.747968;12.931709;-1.378102;0.5742;0.2172;0.7893;-2.376691;9.958774;0.624966;-0.5419;-0.1349;0.8296;-3.349813;13.027884;0.48829;-0.5419;-0.1349;0.8296;-4.455633;10.753001;-0.603891;-0.5419;-0.1349;0.8296;-3.349813;13.027884;0.48829;-0.0403;0.9934;-0.1074;-0.747968;12.931709;-1.378102;-0.0403;0.9934;-0.1074;-3.469238;12.694551;-2.550045;-0.0403;0.9934;-0.1074;-3.349813;13.027884;0.48829;-0.8968;0.4423;-0.0133;-3.469238;12.694551;-2.550045;-0.8968;0.4423;-0.0133;-4.455633;10.753001;-0.603891;-0.8968;0.4423;-0.0133;-0.747968;12.931709;-1.378102;0.6222;0.1735;0.7634;-2.376691;9.958774;0.624966;0.6222;0.1735;0.7634;-0.423601;10.269543;-1.037577;0.6222;0.1735;0.7634;-3.469238;12.694551;-2.550045;0.3552;0.2999;-0.8854;-0.747968;12.931709;-1.378102;0.3552;0.2999;-0.8854;-2.513955;10.563571;-2.888565;0.3552;0.2999;-0.8854;-4.455633;10.753001;-0.603891;-0.7497;-0.238;-0.6174;-3.469238;12.694551;-2.550045;-0.7497;-0.238;-0.6174;-2.513955;10.563571;-2.888565;-0.7497;-0.238;-0.6174;-0.747968;12.931709;-1.378102;0.6617;-0.0153;-0.7496;-0.423601;10.269543;-1.037577;0.6617;-0.0153;-0.7496;-2.513955;10.563571;-2.888565;0.6617;-0.0153;-0.7496;-4.455633;10.753001;-0.603891;-0.2725;-0.9499;-0.1529;-2.513955;10.563571;-2.888565;-0.2725;-0.9499;-0.1529;-2.376691;9.958774;0.624966;-0.2725;-0.9499;-0.1529;-0.423601;10.269543;-1.037577;0.012;-0.9854;-0.1701;-2.376691;9.958774;0.624966;0.012;-0.9854;-0.1701;-2.513955;10.563571;-2.888565;0.012;-0.9854;-0.1701;3.853167;9.495757;3.561562;0.5374;0.0369;0.8425;4.393276;12.596536;3.081267;0.5374;0.0369;0.8425;1.939916;10.014153;4.759273;0.5374;0.0369;0.8425;4.393276;12.596536;3.081267;0.9841;-0.1591;0.0794;3.853167;9.495757;3.561562;0.9841;-0.1591;0.0794;4.272268;10.78523;0.951036;0.9841;-0.1591;0.0794;3.853167;9.495757;3.561562;-0.0341;-0.9359;0.3507;1.939916;10.014153;4.759273;-0.0341;-0.9359;0.3507;2.291437;8.967322;1.999637;-0.0341;-0.9359;0.3507;3.853167;9.495757;3.561562;0.557;-0.7766;-0.2942;2.291437;8.967322;1.999637;0.557;-0.7766;-0.2942;4.272268;10.78523;0.951036;0.557;-0.7766;-0.2942;1.939916;10.014153;4.759273;0.4508;0.1441;0.8809;4.393276;12.596536;3.081267;0.4508;0.1441;0.8809;1.576217;12.692389;4.507207;0.4508;0.1441;0.8809;2.291437;8.967322;1.999637;-0.7902;-0.5996;0.1268;1.939916;10.014153;4.759273;-0.7902;-0.5996;0.1268;0.104692;11.828455;1.89999;-0.7902;-0.5996;0.1268;4.272268;10.78523;0.951036;-0.0491;-0.4584;-0.8874;2.291437;8.967322;1.999637;-0.0491;-0.4584;-0.8874;2.014267;11.925657;0.486941;-0.0491;-0.4584;-0.8874;1.939916;10.014153;4.759273;-0.8589;-0.0689;0.5076;1.576217;12.692389;4.507207;-0.8589;-0.0689;0.5076;0.104692;11.828455;1.89999;-0.8589;-0.0689;0.5076;4.272268;10.78523;0.951036;0.4571;0.6646;-0.5911;2.014267;11.925657;0.486941;0.4571;0.6646;-0.5911;4.393276;12.596536;3.081267;0.4571;0.6646;-0.5911;1.576217;12.692389;4.507207;-0.0998;0.96;-0.2618;4.393276;12.596536;3.081267;-0.0998;0.96;-0.2618;0.104692;11.828455;1.89999;-0.0998;0.96;-0.2618;2.014267;11.925657;0.486941;-0.524;-0.4262;-0.7374;2.291437;8.967322;1.999637;-0.524;-0.4262;-0.7374;0.104692;11.828455;1.89999;-0.524;-0.4262;-0.7374;4.393276;12.596536;3.081267;-0.1417;0.9821;-0.124;2.014267;11.925657;0.486941;-0.1417;0.9821;-0.124;0.104692;11.828455;1.89999;-0.1417;0.9821;-0.124;2.80506;9.960367;0.305072;0.865;0.0582;0.4984;4.571693;9.93299;-2.7579;0.865;0.0582;0.4984;2.685183;12.528064;0.213457;0.865;0.0582;0.4984;4.571693;9.93299;-2.7579;0.5478;-0.7718;0.3229;2.80506;9.960367;0.305072;0.5478;-0.7718;0.3229;1.981718;8.260808;-2.360773;0.5478;-0.7718;0.3229;2.80506;9.960367;0.305072;-0.2748;0.0215;0.9613;2.685183;12.528064;0.213457;-0.2748;0.0215;0.9613;0.395238;10.228164;-0.389827;-0.2748;0.0215;0.9613;2.80506;9.960367;0.305072;-0.2522;-0.7788;0.5744;0.395238;10.228164;-0.389827;-0.2522;-0.7788;0.5744;1.981718;8.260808;-2.360773;-0.2522;-0.7788;0.5744;2.685183;12.528064;0.213457;0.8927;0.1721;0.4164;4.571693;9.93299;-2.7579;0.8927;0.1721;0.4164;3.782655;13.339561;-2.47464;0.8927;0.1721;0.4164;0.395238;10.228164;-0.389827;-0.6895;0.569;0.4481;2.685183;12.528064;0.213457;-0.6895;0.569;0.4481;0.511833;12.788891;-3.461689;-0.6895;0.569;0.4481;1.981718;8.260808;-2.360773;-0.8202;-0.5636;-0.0976;0.395238;10.228164;-0.389827;-0.8202;-0.5636;-0.0976;0.826146;10.238167;-4.067598;-0.8202;-0.5636;-0.0976;2.685183;12.528064;0.213457;-0.2206;0.955;0.1982;3.782655;13.339561;-2.47464;-0.2206;0.955;0.1982;0.511833;12.788891;-3.461689;-0.2206;0.955;0.1982;1.981718;8.260808;-2.360773;0.2345;-0.5531;-0.7995;0.826146;10.238167;-4.067598;0.2345;-0.5531;-0.7995;4.571693;9.93299;-2.7579;0.2345;-0.5531;-0.7995;3.782655;13.339561;-2.47464;0.2643;0.1406;-0.9542;4.571693;9.93299;-2.7579;0.2643;0.1406;-0.9542;0.511833;12.788891;-3.461689;0.2643;0.1406;-0.9542;0.826146;10.238167;-4.067598;-0.9888;-0.0943;-0.1161;0.395238;10.228164;-0.389827;-0.9888;-0.0943;-0.1161;0.511833;12.788891;-3.461689;-0.9888;-0.0943;-0.1161;4.571693;9.93299;-2.7579;0.3376;0.2567;-0.9056;0.826146;10.238167;-4.067598;0.3376;0.2567;-0.9056;0.511833;12.788891;-3.461689;0.3376;0.2567;-0.9056
-8.190639;-0.429476;-7.611294;8.1654;22.850592;10.333949;1.6666;0;extraBounds;2;-7.720981;13.954746;-6.898565;7.478059;22.296047;9.5988;-1.710512;-0.066085;-1.852102;1.8962;15.700798;2.109267
333;2
174;-1.0;0.0;0.0;0.025
-2.952339;14.879952;-1.167409;0.4253;-0.2397;-0.8727;-3.708318;19.742004;-2.871182;0.4253;-0.2397;-0.8727;1.286325;19.196602;-0.287289;0.4253;-0.2397;-0.8727;-3.485371;22.437325;1.039151;0.5875;0.7855;0.1946;-0.827841;19.535757;4.726957;0.5875;0.7855;0.1946;1.286325;19.196602;-0.287289;0.5875;0.7855;0.1946;-3.708318;19.742004;-2.871182;0.3634;0.7572;-0.5427;-3.485371;22.437325;1.039151;0.3634;0.7572;-0.5427;1.286325;19.196602;-0.287289;0.3634;0.7572;-0.5427;0.658536;15.4694;1.839861;0.6094;-0.4679;-0.64;-2.952339;14.879952;-1.167409;0.6094;-0.4679;-0.64;1.286325;19.196602;-0.287289;0.6094;-0.4679;-0.64;-7.121272;20.742727;1.254229;-0.3884;0.7689;-0.5079;-3.485371;22.437325;1.039151;-0.3884;0.7689;-0.5079;-3.708318;19.742004;-2.871182;-0.3884;0.7689;-0.5079;-4.528585;15.485994;5.04807;0.4854;-0.3812;0.7868;0.658536;15.4694;1.839861;0.4854;-0.3812;0.7868;-0.827841;19.535757;4.726957;0.4854;-0.3812;0.7868;-0.827841;19.535757;4.726957;0.9211;0.064;0.384;0.658536;15.4694;1.839861;0.9211;0.064;0.384;1.286325;19.196602;-0.287289;0.9211;0.064;0.384;-7.200088;16.90409;-2.297244;0.1009;-0.315;-0.9437;-3.708318;19.742004;-2.871182;0.1009;-0.315;-0.9437;-2.952339;14.879952;-1.167409;0.1009;-0.315;-0.9437;-7.121272;20.742727;1.254229;-0.2641;0.6563;0.7067;-0.827841;19.535757;4.726957;-0.2641;0.6563;0.7067;-3.485371;22.437325;1.039151;-0.2641;0.6563;0.7067;-7.200088;16.90409;-2.297244;-0.5609;0.5684;-0.6019;-7.121272;20.742727;1.254229;-0.5609;0.5684;-0.6019;-3.708318;19.742004;-2.871182;-0.5609;0.5684;-0.6019;-7.121272;20.742727;1.254229;-0.3785;0.4116;0.829;-4.528585;15.485994;5.04807;-0.3785;0.4116;0.829;-0.827841;19.535757;4.726957;-0.3785;0.4116;0.829;-4.528585;15.485994;5.04807;0.0671;-0.9912;0.1137;-2.952339;14.879952;-1.167409;0.0671;-0.9912;0.1137;0.658536;15.4694;1.839861;0.0671;-0.9912;0.1137;-8.190639;16.83172;1.336249;-0.9353;0.2505;-0.25;-7.121272;20.742727;1.254229;-0.9353;0.2505;-0.25;-7.200088;16.90409;-2.297244;-0.9353;0.2505;-0.25;-8.190639;16.83172;1.336249;-0.6616;0.1961;0.7238;-4.528585;15.485994;5.04807;-0.6616;0.1961;0.7238;-7.121272;20.742727;1.254229;-0.6616;0.1961;0.7238;-2.952339;14.879952;-1.167409;-0.399;-0.9081;-0.1269;-8.190639;16.83172;1.336249;-0.399;-0.9081;-0.1269;-7.200088;16.90409;-2.297244;-0.399;-0.9081;-0.1269;-8.190639;16.83172;1.336249;-0.3478;-0.9376;0.0032;-2.952339;14.879952;-1.167409;-0.3478;-0.9376;0.0032;-4.528585;15.485994;5.04807;-0.3478;-0.9376;0.0032;1.653592;17.052744;1.838828;0.1603;-0.972;0.1718;-2.492406;15.379129;-3.761844;0.1603;-0.972;0.1718;5.274971;16.663826;-3.740863;0.1603;-0.972;0.1718;-2.492406;15.379129;-3.761844;-0.0307;-0.9512;0.3069;1.653592;17.052744;1.838828;-0.0307;-0.9512;0.3069;-3.396261;16.965319;1.063461;-0.0307;-0.9512;0.3069;1.653592;17.052744;1.838828;0.8385;-0.0091;0.5448;5.274971;16.663826;-3.740863;0.8385;-0.0091;0.5448;2.714258;21.59728;0.282427;0.8385;-0.0091;0.5448;1.653592;17.052744;1.838828;-0.148;0.3512;0.9245;2.714258;21.59728;0.282427;-0.148;0.3512;0.9245;-3.396261;16.965319;1.063461;-0.148;0.3512;0.9245;5.274971;16.663826;-3.740863;0.1579;-0.9501;-0.269;-2.492406;15.379129;-3.761844;0.1579;-0.9501;-0.269;0.345345;16.940462;-7.611294;0.1579;-0.9501;-0.269;2.714258;21.59728;0.282427;0.728;0.6187;-0.2953;5.274971;16.663826;-3.740863;0.728;0.6187;-0.2953;0.182411;21.038307;-7.129869;0.728;0.6187;-0.2953;-3.396261;16.965319;1.063461;-0.3572;0.5929;0.7217;2.714258;21.59728;0.282427;-0.3572;0.5929;0.7217;-4.683411;20.853876;-2.767976;-0.3572;0.5929;0.7217;5.274971;16.663826;-3.740863;0.6174;0.116;-0.7781;0.345345;16.940462;-7.611294;0.6174;0.116;-0.7781;0.182411;21.038307;-7.129869;0.6174;0.116;-0.7781;2.714258;21.59728;0.282427;0.7693;0.5613;-0.3051;0.182411;21.038307;-7.129869;0.7693;0.5613;-0.3051;0.376211;22.850592;-3.306882;0.7693;0.5613;-0.3051;2.714258;21.59728;0.282427;-0.2792;0.8353;0.4736;0.376211;22.850592;-3.306882;-0.2792;0.8353;0.4736;-4.683411;20.853876;-2.767976;-0.2792;0.8353;0.4736;-3.396261;16.965319;1.063461;-0.9304;-0.3623;-0.0552;-4.683411;20.853876;-2.767976;-0.9304;-0.3623;-0.0552;-2.492406;15.379129;-3.761844;-0.9304;-0.3623;-0.0552;0.345345;16.940462;-7.611294;-0.8114;0.0363;-0.5834;-2.492406;15.379129;-3.761844;-0.8114;0.0363;-0.5834;0.182411;21.038307;-7.129869;-0.8114;0.0363;-0.5834;-4.683411;20.853876;-2.767976;-0.3742;0.8452;-0.3817;0.376211;22.850592;-3.306882;-0.3742;0.8452;-0.3817;0.182411;21.038307;-7.129869;-0.3742;0.8452;-0.3817;-2.492406;15.379129;-3.761844;-0.6592;-0.1293;-0.7408;-4.683411;20.853876;-2.767976;-0.6592;-0.1293;-0.7408;0.182411;21.038307;-7.129869;-0.6592;-0.1293;-0.7408;-2.132576;13.766977;7.586295;0.4519;-0.8885;-0.0795;1.849387;16.378706;1.0278;0.4519;-0.8885;-0.0795;1.941286;15.593087;10.333949;0.4519;-0.8885;-0.0795;1.849387;16.378706;1.0278;0.1845;-0.9465;-0.2649;-2.132576;13.766977;7.586295;0.1845;-0.9465;-0.2649;-3.039596;14.80546;3.243894;0.1845;-0.9465;-0.2649;-2.132576;13.766977;7.586295;-0.3927;-0.3825;0.8364;1.941286;15.593087;10.333949;-0.3927;-0.3825;0.8364;-4.111889;18.47163;8.808408;-0.3927;-0.3825;0.8364;-2.132576;13.766977;7.586295;-0.909;-0.4065;0.0926;-4.111889;18.47163;8.808408;-0.909;-0.4065;0.0926;-3.039596;14.80546;3.243894;-0.909;-0.4065;0.0926;1.941286;15.593087;10.333949;0.4791;-0.8743;-0.0785;1.849387;16.378706;1.0278;0.4791;-0.8743;-0.0785;5.516218;17.988468;5.475314;0.4791;-0.8743;-0.0785;-4.111889;18.47163;8.808408;-0.0078;0.4554;0.8902;1.941286;15.593087;10.333949;-0.0078;0.4554;0.8902;2.555704;21.554663;7.289674;-0.0078;0.4554;0.8902;-3.039596;14.80546;3.243894;-0.8725;0.3135;-0.3747;-4.111889;18.47163;8.808408;-0.8725;0.3135;-0.3747;-0.88582;21.437729;3.778362;-0.8725;0.3135;-0.3747;1.941286;15.593087;10.333949;0.7123;0.2596;0.6521;5.516218;17.988468;5.475314;0.7123;0.2596;0.6521;2.555704;21.554663;7.289674;0.7123;0.2596;0.6521;-4.111889;18.47163;8.808408;0.1437;0.1695;0.975;2.555704;21.554663;7.289674;0.1437;0.1695;0.975;-1.596001;21.369717;7.933744;0.1437;0.1695;0.975;-4.111889;18.47163;8.808408;-0.7674;0.6297;-0.1208;-1.596001;21.369717;7.933744;-0.7674;0.6297;-0.1208;-0.88582;21.437729;3.778362;-0.7674;0.6297;-0.1208;-3.039596;14.80546;3.243894;-0.4604;0.2188;-0.8603;-0.88582;21.437729;3.778362;-0.4604;0.2188;-0.8603;1.849387;16.378706;1.0278;-0.4604;0.2188;-0.8603;5.516218;17.988468;5.475314;0.4365;0.6687;-0.6019;1.849387;16.378706;1.0278;0.4365;0.6687;-0.6019;2.555704;21.554663;7.289674;0.4365;0.6687;-0.6019;-0.88582;21.437729;3.778362;-0.0431;0.999;0.009;-1.596001;21.369717;7.933744;-0.0431;0.999;0.009;2.555704;21.554663;7.289674;-0.0431;0.999;0.009;1.849387;16.378706;1.0278;0.5565;0.6085;-0.5657;-0.88582;21.437729;3.778362;0.5565;0.6085;-0.5657;2.555704;21.554663;7.289674;0.5565;0.6085;-0.5657;6.439111;17.726137;4.394463;0.87;-0.362;0.3349;5.80156;13.705756;1.704996;0.87;-0.362;0.3349;8.1654;18.221212;0.445151;0.87;-0.362;0.3349;5.80156;13.705756;1.704996;0.6907;-0.4746;0.5457;6.439111;17.726137;4.394463;0.6907;-0.4746;0.5457;4.413961;15.10147;4.675229;0.6907;-0.4746;0.5457;6.439111;17.726137;4.394463;0.53;0.7813;0.3296;8.1654;18.221212;0.445151;0.53;0.7813;0.3296;4.591636;19.702597;2.679875;0.53;0.7813;0.3296;6.439111;17.726137;4.394463;-0.3764;0.3808;0.8446;4.591636;19.702597;2.679875;-0.3764;0.3808;0.8446;4.413961;15.10147;4.675229;-0.3764;0.3808;0.8446;8.1654;18.221212;0.445151;0.8807;-0.4721;-0.0396;5.80156;13.705756;1.704996;0.8807;-0.4721;-0.0396;6.103408;14.532005;-1.430581;0.8807;-0.4721;-0.0396;4.591636;19.702597;2.679875;-0.017;0.8206;-0.5712;8.1654;18.221212;0.445151;-0.017;0.8206;-0.5712;3.889014;16.799517;-1.469881;-0.017;0.8206;-0.5712;4.413961;15.10147;4.675229;-0.6936;0.309;0.6508;4.591636;19.702597;2.679875;-0.6936;0.309;0.6508;1.950013;15.239864;1.98342;-0.6936;0.309;0.6508;8.1654;18.221212;0.445151;0.3103;0.2873;-0.9062;6.103408;14.532005;-1.430581;0.3103;0.2873;-0.9062;3.889014;16.799517;-1.469881;0.3103;0.2873;-0.9062;4.591636;19.702597;2.679875;0.0536;0.8139;-0.5785;3.889014;16.799517;-1.469881;0.0536;0.8139;-0.5785;3.024829;18.354172;0.637361;0.0536;0.8139;-0.5785;4.591636;19.702597;2.679875;-0.8295;0.4367;0.348;3.024829;18.354172;0.637361;-0.8295;0.4367;0.348;1.950013;15.239864;1.98342;-0.8295;0.4367;0.348;4.413961;15.10147;4.675229;-0.3402;-0.9022;0.265;1.950013;15.239864;1.98342;-0.3402;-0.9022;0.265;5.80156;13.705756;1.704996;-0.3402;-0.9022;0.265;6.103408;14.532005;-1.430581;-0.6914;-0.6795;-0.2456;5.80156;13.705756;1.704996;-0.6914;-0.6795;-0.2456;3.889014;16.799517;-1.469881;-0.6914;-0.6795;-0.2456;1.950013;15.239864;1.98342;-0.8873;0.1129;-0.4472;3.024829;18.354172;0.637361;-0.8873;0.1129;-0.4472;3.889014;16.799517;-1.469881;-0.8873;0.1129;-0.4472;5.80156;13.705756;1.704996;-0.3448;-0.7676;-0.5403;1.950013;15.239864;1.98342;-0.3448;-0.7676;-0.5403;3.889014;16.799517;-1.469881;-0.3448;-0.7676;-0.5403
159;0.92335445;0.681801;0.513252;0.01
1.461523;5.580116;2.219047;-0.1832;-0.0983;0.9781;-1.140335;8.164255;1.99154;-0.1832;-0.0983;0.9781;-1.835133;4.546399;1.497657;-0.1832;-0.0983;0.9781;1.949609;4.51922;-1.294457;0.9797;-0.2007;0.0;0.935851;-0.429476;0.932614;0.9797;-0.2007;0.0;0.935851;-0.429476;-0.893044;0.9797;-0.2007;0.0;1.461523;5.580116;2.219047;-0.0;-0.2093;0.9778;-0.889808;-0.429476;0.932614;-0.0;-0.2093;0.9778;0.935851;-0.429476;0.932614;-0.0;-0.2093;0.9778;-1.835133;4.546399;1.497657;-0.9824;-0.1866;-0.0;-0.889807;-0.429476;-0.893045;-0.9824;-0.1866;-0.0;-0.889808;-0.429476;0.932614;-0.9824;-0.1866;-0.0;0.935851;-0.429476;-0.893044;0.1718;-0.1146;-0.9784;-1.346467;5.192855;-1.952106;0.1718;-0.1146;-0.9784;1.949609;4.51922;-1.294457;0.1718;-0.1146;-0.9784;-1.140335;8.164255;1.99154;0.1616;0.3132;0.9359;1.151566;10.694008;0.749283;0.1616;0.3132;0.9359;-1.005127;11.730771;0.774712;0.1616;0.3132;0.9359;1.949609;4.51922;-1.294457;0.9855;-0.0652;0.1566;1.928454;8.918406;0.670562;0.9855;-0.0652;0.1566;1.461523;5.580116;2.219047;0.9855;-0.0652;0.1566;-1.835133;4.546399;1.497657;-0.9885;-0.0367;-0.1469;-1.615742;8.133257;-0.87427;-0.9885;-0.0367;-0.1469;-1.346467;5.192855;-1.952106;-0.9885;-0.0367;-0.1469;-1.346467;5.192855;-1.952106;0.1935;-0.0111;-0.981;1.009338;9.225481;-1.532934;0.1935;-0.0111;-0.981;1.949609;4.51922;-1.294457;0.1935;-0.0111;-0.981;-1.005127;11.730771;0.774712;-0.7306;0.5345;-0.4249;0.023021;16.844645;5.44027;-0.7306;0.5345;-0.4249;-0.784612;10.715377;-0.881861;-0.7306;0.5345;-0.4249;1.009338;9.225481;-1.532934;0.8669;0.3929;-0.3068;1.151566;10.694008;0.749283;0.8669;0.3929;-0.3068;1.928454;8.918406;0.670562;0.8669;0.3929;-0.3068;-1.615742;8.133257;-0.87427;-0.9084;0.2915;-0.2996;-1.005127;11.730771;0.774712;-0.9084;0.2915;-0.2996;-0.784612;10.715377;-0.881861;-0.9084;0.2915;-0.2996;1.009338;9.225481;-1.532934;-0.31;0.0418;-0.9498;-0.784612;10.715377;-0.881861;-0.31;0.0418;-0.9498;0.348556;11.448717;-1.219472;-0.31;0.0418;-0.9498;1.151566;10.694008;0.749283;-0.3143;-0.6704;0.6722;-0.302861;16.721275;6.080253;-0.3143;-0.6704;0.6722;-1.005127;11.730771;0.774712;-0.3143;-0.6704;0.6722;1.151566;10.694008;0.749283;0.8394;0.4185;-0.3468;0.023021;16.844645;5.44027;0.8394;0.4185;-0.3468;0.348904;16.721275;6.080253;0.8394;0.4185;-0.3468;0.023022;16.872002;-3.314455;-0.9836;0.0622;-0.1691;-0.784612;10.715377;-0.881861;-0.9836;0.0622;-0.1691;-1.005127;11.730771;0.774712;-0.9836;0.0622;-0.1691;-0.297737;16.696526;-3.931507;0.0301;-0.456;-0.8895;0.348556;11.448717;-1.219472;0.0301;-0.456;-0.8895;-0.784612;10.715377;-0.881861;0.0301;-0.456;-0.8895;0.023022;16.872002;-3.314455;0.2797;0.5628;0.7779;-1.005127;11.730771;0.774712;0.2797;0.5628;0.7779;1.151566;10.694008;0.749283;0.2797;0.5628;0.7779;0.348556;11.448717;-1.219472;0.9064;-0.1038;-0.4095;0.023022;16.872002;-3.314455;0.9064;-0.1038;-0.4095;1.151566;10.694008;0.749283;0.9064;-0.1038;-0.4095;1.461523;5.580116;2.219047;0.2894;0.3692;0.8831;1.928454;8.918406;0.670562;0.2894;0.3692;0.8831;-1.140335;8.164255;1.99154;0.2894;0.3692;0.8831;1.949609;4.51922;-1.294457;0.9773;-0.1225;0.1727;1.461523;5.580116;2.219047;0.9773;-0.1225;0.1727;0.935851;-0.429476;0.932614;0.9773;-0.1225;0.1727;1.461523;5.580116;2.219047;-0.1686;-0.1428;0.9753;-1.835133;4.546399;1.497657;-0.1686;-0.1428;0.9753;-0.889808;-0.429476;0.932614;-0.1686;-0.1428;0.9753;-1.835133;4.546399;1.497657;-0.9811;-0.1097;-0.1595;-1.346467;5.192855;-1.952106;-0.9811;-0.1097;-0.1595;-0.889807;-0.429476;-0.893045;-0.9811;-0.1097;-0.1595;0.935851;-0.429476;-0.893044;0.0;-0.1851;-0.9827;-0.889807;-0.429476;-0.893045;0.0;-0.1851;-0.9827;-1.346467;5.192855;-1.952106;0.0;-0.1851;-0.9827;-1.140335;8.164255;1.99154;0.3675;0.1199;0.9223;1.928454;8.918406;0.670562;0.3675;0.1199;0.9223;1.151566;10.694008;0.749283;0.3675;0.1199;0.9223;1.949609;4.51922;-1.294457;0.9182;0.1652;-0.36;1.009338;9.225481;-1.532934;0.9182;0.1652;-0.36;1.928454;8.918406;0.670562;0.9182;0.1652;-0.36;-1.835133;4.546399;1.497657;-0.9733;0.1651;0.1597;-1.140335;8.164255;1.99154;-0.9733;0.1651;0.1597;-1.615742;8.133257;-0.87427;-0.9733;0.1651;0.1597;-1.346467;5.192855;-1.952106;-0.3461;0.2948;-0.8907;-1.615742;8.133257;-0.87427;-0.3461;0.2948;-0.8907;1.009338;9.225481;-1.532934;-0.3461;0.2948;-0.8907;-1.005127;11.730771;0.774712;-0.8219;0.4652;-0.3288;-0.302861;16.721275;6.080253;-0.8219;0.4652;-0.3288;0.023021;16.844645;5.44027;-0.8219;0.4652;-0.3288;1.009338;9.225481;-1.532934;0.9163;0.3084;-0.2555;0.348556;11.448717;-1.219472;0.9163;0.3084;-0.2555;1.151566;10.694008;0.749283;0.9163;0.3084;-0.2555;-1.615742;8.133257;-0.87427;-0.9824;0.0925;0.162;-1.140335;8.164255;1.99154;-0.9824;0.0925;0.162;-1.005127;11.730771;0.774712;-0.9824;0.0925;0.162;1.009338;9.225481;-1.532934;-0.276;0.086;-0.9573;-1.615742;8.133257;-0.87427;-0.276;0.086;-0.9573;-0.784612;10.715377;-0.881861;-0.276;0.086;-0.9573;0.348556;11.448717;-1.219472;-0.5654;0.6271;-0.5357;-0.784612;10.715377;-0.881861;-0.5654;0.6271;-0.5357;0.023021;16.844645;5.44027;-0.5654;0.6271;-0.5357;1.151566;10.694008;0.749283;0.0;-0.6625;0.749;0.348904;16.721275;6.080253;0.0;-0.6625;0.749;-0.302861;16.721275;6.080253;0.0;-0.6625;0.749;1.151566;10.694008;0.749283;0.9073;0.3472;-0.237;0.348556;11.448717;-1.219472;0.9073;0.3472;-0.237;0.023021;16.844645;5.44027;0.9073;0.3472;-0.237;0.023022;16.872002;-3.314455;-0.884;0.2675;0.3835;-0.297737;16.696526;-3.931507;-0.884;0.2675;0.3835;-0.784612;10.715377;-0.881861;-0.884;0.2675;0.3835;-0.297737;16.696526;-3.931507;0.0;-0.4591;-0.8884;0.343781;16.696526;-3.931507;0.0;-0.4591;-0.8884;0.348556;11.448717;-1.219472;0.0;-0.4591;-0.8884;0.348556;11.448717;-1.219472;0.8907;0.2093;0.4035;0.343781;16.696526;-3.931507;0.8907;0.2093;0.4035;0.023022;16.872002;-3.314455;0.8907;0.2093;0.4035;-0.784612;10.715377;-0.881861;-0.9482;-0.3112;0.0645;-1.005127;11.730771;0.774712;-0.9482;-0.3112;0.0645;-2.903053;17.453354;0.481563;-0.9482;-0.3112;0.0645;-1.005127;11.730771;0.774712;0.0432;0.0654;0.9969;1.151566;10.694008;0.749283;0.0432;0.0654;0.9969;-2.903053;17.453354;0.481563;0.0432;0.0654;0.9969;-2.903053;17.453354;0.481563;0.6088;0.3368;-0.7183;1.151566;10.694008;0.749283;0.6088;0.3368;-0.7183;-0.784612;10.715377;-0.881861;0.6088;0.3368;-0.7183;0.077989;12.919066;1.363529;0.3847;0.5648;-0.7301;-6.012962;17.091446;1.381705;0.3847;0.5648;-0.7301;0.290922;13.509608;1.932609;0.3847;0.5648;-0.7301;0.290922;13.509608;1.932609;0.0537;0.2434;0.9684;-6.012962;17.091446;1.381705;0.0537;0.2434;0.9684;-0.32943;12.958934;2.105386;0.0537;0.2434;0.9684;-0.32943;12.958934;2.105386;-0.5466;-0.7968;-0.2574;-6.012962;17.091446;1.381705;-0.5466;-0.7968;-0.2574;0.077989;12.919066;1.363529;-0.5466;-0.7968;-0.2574;0.077989;12.919066;1.363529;0.6681;-0.627;0.4006;0.290922;13.509608;1.932609;0.6681;-0.627;0.4006;-0.32943;12.958934;2.105386;0.6681;-0.627;0.4006;0.472539;13.523043;-1.607942;0.8934;-0.4045;0.1954;3.201393;19.611609;-1.479606;0.8934;-0.4045;0.1954;-0.064607;12.737694;-0.777923;0.8934;-0.4045;0.1954;-0.064607;12.737694;-0.777923;-0.2944;0.2344;0.9265;3.201393;19.611609;-1.479606;-0.2944;0.2344;0.9265;-0.496375;13.500599;-1.108141;-0.2944;0.2344;0.9265;-0.496375;13.500599;-1.108141;-0.4512;0.2204;-0.8648;3.201393;19.611609;-1.479606;-0.4512;0.2204;-0.8648;0.472539;13.523043;-1.607942;-0.4512;0.2204;-0.8648;0.472539;13.523043;-1.607942;-0.3762;-0.5391;-0.7536;-0.064607;12.737694;-0.777923;-0.3762;-0.5391;-0.7536;-0.496375;13.500599;-1.108141;-0.3762;-0.5391;-0.7536;0.348556;11.448717;-1.219472;0.8145;-0.3467;-0.4651;5.121216;17.554613;2.586107;0.8145;-0.3467;-0.4651;1.151566;10.694008;0.749283;0.8145;-0.3467;-0.4651;1.151566;10.694008;0.749283;-0.3803;-0.0275;0.9245;5.121216;17.554613;2.586107;-0.3803;-0.0275;0.9245;-0.006178;12.096639;0.31465;-0.3803;-0.0275;0.9245;-0.006178;12.096639;0.31465;-0.5626;0.7069;-0.4287;5.121216;17.554613;2.586107;-0.5626;0.7069;-0.4287;0.348556;11.448717;-1.219472;-0.5626;0.7069;-0.4287;0.348556;11.448717;-1.219472;-0.7809;-0.6194;0.081;1.151566;10.694008;0.749283;-0.7809;-0.6194;0.081;-0.006178;12.096639;0.31465;-0.7809;-0.6194;0.081
5
MATERIAL;second;1;count;5;CUSTOM;0.6237;0.591;0.352;10000;CUSTOM;0.639;0.745;0.4078;10000;BEIGE;80000;BROWN;100000;RED;800000
INFO;NameId;310;DescId;311;price;20000;dpPerMin;0;range;3;placeSound;thud
LIFE;averagePop;4.0;averageLife;69.0;popFactors;2;0;0.5;breedMat;34.5;breedTime;24.97168;parentId;-1;FALL_DEATH;fallTime;3;totalTime;5;fallenAngle;60;particleEffect;1;ExplodeTime;0.975;UseMaterial;1;Colour;1;Spawn;2;5;0;1;0;PPS;30;Speed;1.5;Gravity;0.3;Life;3;Scale;0.1;Colour;1;0;0;Additive;0;Alpha;1;FadeIn;0.1;FadeOut;0.8;HasDir;1;Dir;0;1;0;Varience;0.25;Offset;0;5;0;LifeError;0.4;ScaleError;0.3;SpeedError;0.4;RandRot;1;HasXRot;1;XRotSpeed;180;Stages;1;2;enviroReqCount;2;reqId;1;minAltitude;0;maxAltitude;25;influence;0.8;reqId;2;barren;0;goodBiomes;1;3;idealFactor;65;influence;0.8
GROWTH;dynamic;0;growthTime;23.0;modelStages;3;subStages;2
WOOD;cut time;7.5;bark factor;0.6;colour;0.92335445;0.681801;0.513252
