0.35
png
0;1
3
-0.837386;-0.298237;-0.379472;0.637902;2.677175;1.156757;1
27;1
27;0.33959633;0.4832289;0.3102392;0.2
0.136067;-0.18152;0.018223;0.7596;-0.1837;-0.6239;0.637902;1.785388;0.050005;0.7596;-0.1837;-0.6239;0.342642;-0.195134;0.273737;0.7596;-0.1837;-0.6239;0.637902;1.785388;0.050005;-0.0153;0.1145;0.9933;-0.050339;-0.147613;0.262193;-0.0153;0.1145;0.9933;0.342642;-0.195134;0.273737;-0.0153;0.1145;0.9933;-0.050339;-0.147613;0.262193;-0.7638;0.2048;-0.6121;0.637902;1.785388;0.050005;-0.7638;0.2048;-0.6121;0.136067;-0.18152;0.018223;-0.7638;0.2048;-0.6121;-0.493142;-0.082914;0.369275;-0.2899;0.315;-0.9037;-0.837386;1.859182;1.156757;-0.2899;0.315;-0.9037;-0.226719;-0.054134;0.293839;-0.2899;0.315;-0.9037;-0.837386;1.859182;1.156757;0.8018;-0.0136;0.5975;-0.46052;-0.138919;0.605646;0.8018;-0.0136;0.5975;-0.226719;-0.054134;0.293839;0.8018;-0.0136;0.5975;-0.46052;-0.138919;0.605646;-0.9745;-0.2074;0.0854;-0.837386;1.859182;1.156757;-0.9745;-0.2074;0.0854;-0.493142;-0.082914;0.369275;-0.9745;-0.2074;0.0854;0.052029;-0.274459;0.153809;0.3698;0.1814;0.9112;-0.081766;2.677175;-0.379472;0.3698;0.1814;0.9112;-0.21;-0.266225;0.258496;0.3698;0.1814;0.9112;-0.081766;2.677175;-0.379472;-0.9254;-0.0413;-0.3767;-0.055716;-0.298237;-0.117002;-0.9254;-0.0413;-0.3767;-0.21;-0.266225;0.258496;-0.9254;-0.0413;-0.3767;-0.055716;-0.298237;-0.117002;0.9296;-0.0243;-0.3677;-0.081766;2.677175;-0.379472;0.9296;-0.0243;-0.3677;0.052029;-0.274459;0.153809;0.9296;-0.0243;-0.3677
-2.606865;-0.614688;-1.457363;1.472134;6.038607;1.661663;1
99;1
99;0.33959633;0.4832289;0.3102392;0.15
0.622978;-0.289069;-0.207821;0.7168;-0.1911;-0.6706;1.16558;2.525727;-0.429926;0.7168;-0.1911;-0.6706;0.828048;-0.289069;0.011395;0.7168;-0.1911;-0.6706;1.16558;2.525727;-0.429926;-0.0;0.1549;0.9879;0.417908;-0.289069;0.011395;-0.0;0.1549;0.9879;0.828048;-0.289069;0.011395;-0.0;0.1549;0.9879;0.417908;-0.289069;0.011395;-0.7302;0.011;-0.6831;0.937441;2.741304;-0.495323;-0.7302;0.011;-0.6831;0.622978;-0.289069;-0.207821;-0.7302;0.011;-0.6831;1.16558;2.525727;-0.429926;0.1342;-0.3289;0.9348;1.472134;4.603544;0.257153;0.1342;-0.3289;0.9348;0.738889;2.616724;-0.336658;0.1342;-0.3289;0.9348;0.622978;-0.289069;-0.207821;0.1755;-0.111;-0.9782;0.937441;2.741304;-0.495323;0.1755;-0.111;-0.9782;1.16558;2.525727;-0.429926;0.1755;-0.111;-0.9782;1.16558;2.525727;-0.429926;0.2311;0.0905;0.9687;0.738889;2.616724;-0.336658;0.2311;0.0905;0.9687;0.417908;-0.289069;0.011395;0.2311;0.0905;0.9687;0.937441;2.741304;-0.495323;-0.7127;0.4289;-0.5551;0.738889;2.616724;-0.336658;-0.7127;0.4289;-0.5551;1.472134;4.603544;0.257153;-0.7127;0.4289;-0.5551;0.417908;-0.289069;0.011395;-0.6138;-0.0267;-0.789;0.738889;2.616724;-0.336658;-0.6138;-0.0267;-0.789;0.937441;2.741304;-0.495323;-0.6138;-0.0267;-0.789;1.16558;2.525727;-0.429926;0.4541;0.2186;-0.8637;0.937441;2.741304;-0.495323;0.4541;0.2186;-0.8637;1.472134;4.603544;0.257153;0.4541;0.2186;-0.8637;-0.702345;-0.161097;0.332985;-0.2223;0.2409;-0.9447;-1.258299;2.236012;1.075103;-0.2223;0.2409;-0.9447;-0.448592;-0.161097;0.273266;-0.2223;0.2409;-0.9447;-1.258299;2.236012;1.075103;0.78;0.055;0.6234;-0.704642;-0.161097;0.59366;0.78;0.055;0.6234;-0.448592;-0.161097;0.273266;0.78;0.055;0.6234;-0.704642;-0.161097;0.59366;-0.9559;-0.2935;-0.0084;-1.540011;2.541553;1.235311;-0.9559;-0.2935;-0.0084;-0.702345;-0.161097;0.332985;-0.9559;-0.2935;-0.0084;-1.258299;2.236012;1.075103;0.8928;0.2599;0.3679;-2.606865;6.038607;1.661663;0.8928;0.2599;0.3679;-1.48396;2.364985;1.53168;0.8928;0.2599;0.3679;-0.702345;-0.161097;0.332985;-0.2898;0.2211;-0.9312;-1.540011;2.541553;1.235311;-0.2898;0.2211;-0.9312;-1.258299;2.236012;1.075103;-0.2898;0.2211;-0.9312;-1.258299;2.236012;1.075103;0.903;0.1261;0.4107;-1.48396;2.364985;1.53168;0.903;0.1261;0.4107;-0.704642;-0.161097;0.59366;0.903;0.1261;0.4107;-1.540011;2.541553;1.235311;-0.9562;-0.2925;0.0066;-1.48396;2.364985;1.53168;-0.9562;-0.2925;0.0066;-2.606865;6.038607;1.661663;-0.9562;-0.2925;0.0066;-0.704642;-0.161097;0.59366;-0.9551;-0.2962;0.0042;-1.48396;2.364985;1.53168;-0.9551;-0.2962;0.0042;-1.540011;2.541553;1.235311;-0.9551;-0.2962;0.0042;-1.258299;2.236012;1.075103;-0.5452;-0.0644;-0.8358;-1.540011;2.541553;1.235311;-0.5452;-0.0644;-0.8358;-2.606865;6.038607;1.661663;-0.5452;-0.0644;-0.8358;0.465865;-0.614688;0.689517;0.7188;-0.2984;0.6279;0.976071;2.095828;1.393662;0.7188;-0.2984;0.6279;0.294365;-0.614688;0.885846;0.7188;-0.2984;0.6279;0.976071;2.095828;1.393662;-0.9662;0.2525;-0.0508;0.315919;-0.614688;0.476273;-0.9662;0.2525;-0.0508;0.294365;-0.614688;0.885846;-0.9662;0.2525;-0.0508;0.315919;-0.614688;0.476273;0.818;-0.0045;-0.5752;0.976071;2.095828;1.393662;0.818;-0.0045;-0.5752;0.465865;-0.614688;0.689517;0.818;-0.0045;-0.5752;0.085697;-0.449674;-0.169074;0.4647;0.282;0.8394;-0.13991;2.232753;-0.945447;0.4647;0.282;0.8394;-0.142371;-0.449674;-0.042812;0.4647;0.282;0.8394;-0.13991;2.232753;-0.945447;-0.9135;-0.129;-0.3859;0.017253;-0.449674;-0.420614;-0.9135;-0.129;-0.3859;-0.142371;-0.449674;-0.042812;-0.9135;-0.129;-0.3859;0.017253;-0.449674;-0.420614;0.9624;-0.0717;-0.2619;0.037781;2.545169;-1.165666;0.9624;-0.0717;-0.2619;0.085697;-0.449674;-0.169074;0.9624;-0.0717;-0.2619;-0.13991;2.232753;-0.945447;-0.9624;-0.1586;-0.2205;-0.780434;5.221291;-0.29886;-0.9624;-0.1586;-0.2205;-0.044345;2.364628;-1.457363;-0.9624;-0.1586;-0.2205;0.085697;-0.449674;-0.169074;0.5157;0.2779;0.8104;0.037781;2.545169;-1.165666;0.5157;0.2779;0.8104;-0.13991;2.232753;-0.945447;0.5157;0.2779;0.8104;-0.13991;2.232753;-0.945447;-0.9735;-0.0975;-0.2069;-0.044345;2.364628;-1.457363;-0.9735;-0.0975;-0.2069;0.017253;-0.449674;-0.420614;-0.9735;-0.0975;-0.2069;0.037781;2.545169;-1.165666;0.7923;0.3933;-0.4665;-0.044345;2.364628;-1.457363;0.7923;0.3933;-0.4665;-0.780434;5.221291;-0.29886;0.7923;0.3933;-0.4665;0.017253;-0.449674;-0.420614;0.9703;-0.0647;-0.2332;-0.044345;2.364628;-1.457363;0.9703;-0.0647;-0.2332;0.037781;2.545169;-1.165666;0.9703;-0.0647;-0.2332;-0.13991;2.232753;-0.945447;0.7617;0.0232;0.6475;0.037781;2.545169;-1.165666;0.7617;0.0232;0.6475;-0.780434;5.221291;-0.29886;0.7617;0.0232;0.6475;-0.457922;-0.363766;-0.210306;0.8787;0.4615;-0.1218;-1.916935;2.386201;-0.316892;0.8787;0.4615;-0.1218;-0.465143;-0.266732;0.105139;0.8787;0.4615;-0.1218;-0.465143;-0.266732;0.105139;-0.8206;-0.3813;0.4257;-1.916935;2.386201;-0.316892;-0.8206;-0.3813;0.4257;-0.626209;-0.529599;-0.440854;-0.8206;-0.3813;0.4257;-0.626209;-0.529599;-0.440854;0.6444;0.3149;-0.6969;-1.916935;2.386201;-0.316892;0.6444;0.3149;-0.6969;-0.457922;-0.363766;-0.210306;0.6444;0.3149;-0.6969
-4.302855;-0.67154;-1.651271;2.159721;9.362817;2.715378;1
180;1
180;0.33959633;0.4832289;0.3102392;0.1
0.182498;-0.315805;-0.219519;0.71;-0.2339;-0.6642;0.923211;3.181683;-0.659338;0.71;-0.2339;-0.6642;0.406535;-0.315805;0.019971;0.71;-0.2339;-0.6642;0.923211;3.181683;-0.659338;-0.0;0.1907;0.9817;-0.041538;-0.315805;0.019971;-0.0;0.1907;0.9817;0.406535;-0.315805;0.019971;-0.0;0.1907;0.9817;0.55837;3.526435;-0.763921;-0.8115;0.461;-0.3592;1.21951;5.510321;0.28846;-0.8115;0.461;-0.3592;1.426755;5.854602;0.262073;-0.8115;0.461;-0.3592;-0.041538;-0.315805;0.019971;-0.73;-0.0253;-0.6829;0.55837;3.526435;-0.763921;-0.73;-0.0253;-0.6829;0.182498;-0.315805;-0.219519;-0.73;-0.0253;-0.6829;1.426755;5.854602;0.262073;-0.0702;-0.0342;-0.9969;1.21951;5.510321;0.28846;-0.0702;-0.0342;-0.9969;0.932769;8.376532;0.210443;-0.0702;-0.0342;-0.9969;0.923211;3.181683;-0.659338;0.1173;-0.3872;0.9145;1.21951;5.510321;0.28846;0.1173;-0.3872;0.9145;0.240846;3.327207;-0.510183;0.1173;-0.3872;0.9145;0.923211;3.181683;-0.659338;0.7679;0.0746;-0.6362;1.426755;5.854602;0.262073;0.7679;0.0746;-0.6362;1.640254;5.454297;0.472816;0.7679;0.0746;-0.6362;1.21951;5.510321;0.28846;-0.403;-0.0154;0.9151;1.640254;5.454297;0.472816;-0.403;-0.0154;0.9151;0.932769;8.376532;0.210443;-0.403;-0.0154;0.9151;1.640254;5.454297;0.472816;0.8225;0.1499;-0.5486;1.426755;5.854602;0.262073;0.8225;0.1499;-0.5486;0.932769;8.376532;0.210443;0.8225;0.1499;-0.5486;0.182498;-0.315805;-0.219519;0.1369;-0.1521;-0.9788;0.55837;3.526435;-0.763921;0.1369;-0.1521;-0.9788;0.923211;3.181683;-0.659338;0.1369;-0.1521;-0.9788;0.923211;3.181683;-0.659338;0.2367;0.1219;0.9639;0.240846;3.327207;-0.510183;0.2367;0.1219;0.9639;-0.041538;-0.315805;0.019971;0.2367;0.1219;0.9639;0.55837;3.526435;-0.763921;-0.71;0.4998;-0.4961;0.240846;3.327207;-0.510183;-0.71;0.4998;-0.4961;1.21951;5.510321;0.28846;-0.71;0.4998;-0.4961;-0.041538;-0.315805;0.019971;-0.5954;-0.0703;-0.8003;0.240846;3.327207;-0.510183;-0.5954;-0.0703;-0.8003;0.55837;3.526435;-0.763921;-0.5954;-0.0703;-0.8003;0.923211;3.181683;-0.659338;-0.4161;-0.2969;0.8595;1.640254;5.454297;0.472816;-0.4161;-0.2969;0.8595;1.21951;5.510321;0.28846;-0.4161;-0.2969;0.8595;0.923211;3.181683;-0.659338;0.4506;0.2139;-0.8667;0.55837;3.526435;-0.763921;0.4506;0.2139;-0.8667;1.426755;5.854602;0.262073;0.4506;0.2139;-0.8667;-1.265404;-0.175996;0.371306;-0.2269;0.1393;-0.9639;-1.825599;2.402417;0.875894;-0.2269;0.1393;-0.9639;-0.988181;-0.175996;0.306063;-0.2269;0.1393;-0.9639;-1.825599;2.402417;0.875894;0.776;0.115;0.6202;-1.267914;-0.175996;0.656091;0.776;0.115;0.6202;-0.988181;-0.175996;0.306063;0.776;0.115;0.6202;-2.211952;2.82145;1.09561;-0.8073;-0.1561;-0.5692;-3.198964;5.772303;1.686243;-0.8073;-0.1561;-0.5692;-3.090194;6.190763;1.417213;-0.8073;-0.1561;-0.5692;-1.267914;-0.175996;0.656091;-0.9541;-0.2993;-0.0084;-2.211952;2.82145;1.09561;-0.9541;-0.2993;-0.0084;-1.265404;-0.175996;0.371306;-0.9541;-0.2993;-0.0084;-3.090194;6.190763;1.417213;-0.8357;-0.1263;-0.5344;-3.198964;5.772303;1.686243;-0.8357;-0.1263;-0.5344;-4.302855;8.721192;2.715378;-0.8357;-0.1263;-0.5344;-1.825599;2.402417;0.875894;0.8904;0.2758;0.3622;-3.198964;5.772303;1.686243;0.8904;0.2758;0.3622;-2.135082;2.579296;1.502064;0.8904;0.2758;0.3622;-1.825599;2.402417;0.875894;0.6436;0.3145;-0.6978;-3.090194;6.190763;1.417213;0.6436;0.3145;-0.6978;-2.792278;5.704207;1.472657;0.6436;0.3145;-0.6978;-3.198964;5.772303;1.686243;0.4411;-0.144;0.8858;-2.792278;5.704207;1.472657;0.4411;-0.144;0.8858;-4.302855;8.721192;2.715378;0.4411;-0.144;0.8858;-2.792278;5.704207;1.472657;0.8479;0.4987;-0.18;-3.090194;6.190763;1.417213;0.8479;0.4987;-0.18;-4.302855;8.721192;2.715378;0.8479;0.4987;-0.18;-1.265404;-0.175996;0.371306;-0.4211;0.0852;-0.903;-2.211952;2.82145;1.09561;-0.4211;0.0852;-0.903;-1.825599;2.402417;0.875894;-0.4211;0.0852;-0.903;-1.825599;2.402417;0.875894;0.9021;0.161;0.4004;-2.135082;2.579296;1.502064;0.9021;0.161;0.4004;-1.267914;-0.175996;0.656091;0.9021;0.161;0.4004;-2.211952;2.82145;1.09561;-0.9488;-0.3156;-0.0086;-2.135082;2.579296;1.502064;-0.9488;-0.3156;-0.0086;-3.198964;5.772303;1.686243;-0.9488;-0.3156;-0.0086;-1.267914;-0.175996;0.656091;-0.9538;-0.3006;0.0013;-2.135082;2.579296;1.502064;-0.9538;-0.3006;0.0013;-2.211952;2.82145;1.09561;-0.9538;-0.3006;0.0013;-1.825599;2.402417;0.875894;0.4615;-0.0252;0.8868;-2.792278;5.704207;1.472657;0.4615;-0.0252;0.8868;-3.198964;5.772303;1.686243;0.4615;-0.0252;0.8868;-1.825599;2.402417;0.875894;-0.5431;-0.0616;-0.8374;-2.211952;2.82145;1.09561;-0.5431;-0.0616;-0.8374;-3.090194;6.190763;1.417213;-0.5431;-0.0616;-0.8374;0.010853;-0.67154;0.760813;0.6972;-0.3782;0.609;0.444638;1.944918;1.888925;0.6972;-0.3782;0.609;-0.176508;-0.67154;0.9753;0.6972;-0.3782;0.609;0.444638;1.944918;1.888925;-0.9676;0.2475;-0.0509;-0.152961;-0.67154;0.527847;-0.9676;0.2475;-0.0509;-0.176508;-0.67154;0.9753;-0.9676;0.2475;-0.0509;-0.152961;-0.67154;0.527847;0.818;-0.0045;-0.5752;0.568249;2.289671;1.530085;0.818;-0.0045;-0.5752;0.010853;-0.67154;0.760813;0.818;-0.0045;-0.5752;0.444638;1.944918;1.888925;-0.97;-0.2148;0.1138;-0.298517;5.316569;1.91914;-0.97;-0.2148;0.1138;0.331548;2.090443;1.199665;-0.97;-0.2148;0.1138;0.010853;-0.67154;0.760813;0.9683;-0.2152;0.1268;0.568249;2.289671;1.530085;0.9683;-0.2152;0.1268;0.444638;1.944918;1.888925;0.9683;-0.2152;0.1268;0.444638;1.944918;1.888925;-0.9744;0.1256;0.1864;0.331548;2.090443;1.199665;-0.9744;0.1256;0.1864;-0.152961;-0.67154;0.527847;-0.9744;0.1256;0.1864;0.568249;2.289671;1.530085;0.6906;0.2833;-0.6655;0.331548;2.090443;1.199665;0.6906;0.2833;-0.6655;-0.298517;5.316569;1.91914;0.6906;0.2833;-0.6655;-0.152961;-0.67154;0.527847;0.8133;-0.0011;-0.5819;0.331548;2.090443;1.199665;0.8133;-0.0011;-0.5819;0.568249;2.289671;1.530085;0.8133;-0.0011;-0.5819;0.444638;1.944918;1.888925;0.8605;0.1854;0.4745;0.568249;2.289671;1.530085;0.8605;0.1854;0.4745;-0.298517;5.316569;1.91914;0.8605;0.1854;0.4745;-0.404477;-0.491264;-0.177189;0.466;0.2724;0.8418;-0.673609;2.402417;-0.964656;0.466;0.2724;0.8418;-0.653638;-0.491264;-0.039248;0.466;0.2724;0.8418;-0.673609;2.402417;-0.964656;-0.9134;-0.1297;-0.3859;-0.47925;-0.491264;-0.451994;-0.9134;-0.1297;-0.3859;-0.653638;-0.491264;-0.039248;-0.9134;-0.1297;-0.3859;-0.435278;2.82145;-1.260028;0.7063;0.2773;-0.6513;-1.017144;5.772303;-0.634799;0.7063;0.2773;-0.6513;-0.959851;6.156451;-0.409141;0.7063;0.2773;-0.6513;-0.47925;-0.491264;-0.451994;0.9621;-0.0766;-0.2618;-0.435278;2.82145;-1.260028;0.9621;-0.0766;-0.2618;-0.404477;-0.491264;-0.177189;0.9621;-0.0766;-0.2618;-0.959851;6.156451;-0.409141;0.9864;-0.0564;-0.1544;-1.017144;5.772303;-0.634799;0.9864;-0.0564;-0.1544;-0.767583;9.362817;-0.351921;0.9864;-0.0564;-0.1544;-0.673609;2.402417;-0.964656;-0.976;-0.0797;-0.2027;-1.017144;5.772303;-0.634799;-0.976;-0.0797;-0.2027;-0.545432;2.579296;-1.651271;-0.976;-0.0797;-0.2027;-0.673609;2.402417;-0.964656;0.3443;-0.1117;0.9322;-0.959851;6.156451;-0.409141;0.3443;-0.1117;0.9322;-1.350715;5.704207;-0.318978;0.3443;-0.1117;0.9322;-1.017144;5.772303;-0.634799;-0.6949;0.1044;-0.7115;-1.350715;5.704207;-0.318978;-0.6949;0.1044;-0.7115;-0.767583;9.362817;-0.351921;-0.6949;0.1044;-0.7115;-1.350715;5.704207;-0.318978;0.2606;-0.0328;0.9649;-0.959851;6.156451;-0.409141;0.2606;-0.0328;0.9649;-0.767583;9.362817;-0.351921;0.2606;-0.0328;0.9649;-0.404477;-0.491264;-0.177189;0.5272;0.2684;0.8062;-0.435278;2.82145;-1.260028;0.5272;0.2684;0.8062;-0.673609;2.402417;-0.964656;0.5272;0.2684;0.8062;-0.673609;2.402417;-0.964656;-0.9728;-0.1022;-0.2079;-0.545432;2.579296;-1.651271;-0.9728;-0.1022;-0.2079;-0.47925;-0.491264;-0.451994;-0.9728;-0.1022;-0.2079;-0.435278;2.82145;-1.260028;0.876;0.2589;-0.4069;-0.545432;2.579296;-1.651271;0.876;0.2589;-0.4069;-1.017144;5.772303;-0.634799;0.876;0.2589;-0.4069;-0.47925;-0.491264;-0.451994;0.9706;-0.0691;-0.2305;-0.545432;2.579296;-1.651271;0.9706;-0.0691;-0.2305;-0.435278;2.82145;-1.260028;0.9706;-0.0691;-0.2305;-0.673609;2.402417;-0.964656;-0.6876;0.001;-0.7261;-1.350715;5.704207;-0.318978;-0.6876;0.001;-0.7261;-1.017144;5.772303;-0.634799;-0.6876;0.001;-0.7261;-0.673609;2.402417;-0.964656;0.7973;-0.0284;0.603;-0.435278;2.82145;-1.260028;0.7973;-0.0284;0.603;-0.959851;6.156451;-0.409141;0.7973;-0.0284;0.603;0.96251;-0.498318;-0.053182;0.312;0.0841;-0.9463;2.159721;3.282697;0.677561;0.312;0.0841;-0.9463;1.305015;-0.498318;0.059751;0.312;0.0841;-0.9463;1.305015;-0.498318;0.059751;-0.0;-0.1613;0.9869;2.159721;3.282697;0.677561;-0.0;-0.1613;0.9869;0.620005;-0.498318;0.059751;-0.0;-0.1613;0.9869;0.620005;-0.498318;0.059751;-0.3013;0.272;-0.9139;2.159721;3.282697;0.677561;-0.3013;0.272;-0.9139;0.96251;-0.498318;-0.053182;-0.3013;0.272;-0.9139;-0.998375;-0.397411;-0.222234;0.8947;0.4322;-0.1125;-2.915524;3.513508;-0.443767;0.8947;0.4322;-0.1125;-1.006263;-0.291402;0.122387;0.8947;0.4322;-0.1125;-1.006263;-0.291402;0.122387;-0.8353;-0.3569;0.4182;-2.915524;3.513508;-0.443767;-0.8353;-0.3569;0.4182;-1.182227;-0.578581;-0.474106;-0.8353;-0.3569;0.4182;-1.182227;-0.578581;-0.474106;0.664;0.2864;-0.6907;-2.915524;3.513508;-0.443767;0.664;0.2864;-0.6907;-0.998375;-0.397411;-0.222234;0.664;0.2864;-0.6907
5
SPREADER;5;0;0;0;6.5;5
INFO;NameId;326;DescId;327;price;8100;dpPerMin;0;range;2;placeSound;thud
LIFE;averagePop;10.0;averageLife;6.9;popFactors;1;0.2;breedMat;3.45;breedTime;2.4960144;parentId;-1;FADE_DEATH;0.5;enviroReqCount;1;reqId;2;barren;1;goodBiomes;1;5;idealFactor;60;influence;0.7
GROWTH;dynamic;0;growthTime;2.3;modelStages;3;subStages;1
FOOD;1;902;27;WHOLE;PARTICLE_DEATH;isColour;1;Spawn;0;PPS;8;Speed;0.6;Gravity;0.2;Life;0.5;Scale;0.05;Colour;1;1;1;Additive;0;Alpha;1;FadeIn;0.1;FadeOut;0.8;HasDir;1;Dir;0;1;0;Deviation;0.3;Offset;0;0;0;LifeError;0.4;ScaleError;0.1;SpeedError;0.1;RandomRot;1;HasXRot;0
