0.6
ptj
0;1
3
-0.949008;-0.107807;-1.348639;1.36455;3.935812;1.304057;1
72;2
36;0.450068;0.36722657;0.24877252;0.03
0.070545;1.384133;-0.069974;0.8653;0.0406;-0.4996;0.267193;-0.107807;0.149501;0.8653;0.0406;-0.4996;0.048578;-0.107807;-0.229152;0.8653;0.0406;-0.4996;0.124697;1.384133;0.145791;-0.0;0.0025;1.0;-0.170037;-0.107807;0.149501;-0.0;0.0025;1.0;0.267193;-0.107807;0.149501;-0.0;0.0025;1.0;0.070545;1.384133;-0.069974;-0.6787;-0.22;-0.7007;-0.089237;1.384133;0.084805;-0.6787;-0.22;-0.7007;0.061796;3.407636;-0.696869;-0.6787;-0.22;-0.7007;-0.089237;1.384133;0.084805;-0.8658;0.0252;-0.4998;0.048578;-0.107807;-0.229152;-0.8658;0.0252;-0.4998;-0.170037;-0.107807;0.149501;-0.8658;0.0252;-0.4998;0.070545;1.384133;-0.069974;0.9658;0.0916;-0.2424;0.124697;1.384133;0.145791;0.9658;0.0916;-0.2424;0.267193;-0.107807;0.149501;0.9658;0.0916;-0.2424;-0.089237;1.384133;0.084805;-0.2552;0.3649;0.8954;0.124697;1.384133;0.145791;-0.2552;0.3649;0.8954;0.061796;3.407636;-0.696869;-0.2552;0.3649;0.8954;0.124697;1.384133;0.145791;0.9675;-0.071;-0.2428;0.070545;1.384133;-0.069974;0.9675;-0.071;-0.2428;0.061796;3.407636;-0.696869;0.9675;-0.071;-0.2428;0.124697;1.384133;0.145791;-0.2737;0.0565;0.9602;-0.089237;1.384133;0.084805;-0.2737;0.0565;0.9602;-0.170037;-0.107807;0.149501;-0.2737;0.0565;0.9602;-0.089237;1.384133;0.084805;-0.6932;0.0866;-0.7156;0.070545;1.384133;-0.069974;-0.6932;0.0866;-0.7156;0.048578;-0.107807;-0.229152;-0.6932;0.0866;-0.7156;0.070545;1.384133;-0.069974;-0.6143;0.4695;-0.6342;-0.089237;1.384133;0.084805;-0.6143;0.4695;-0.6342;0.577994;2.956493;0.602404;-0.6143;0.4695;-0.6342;-0.089237;1.384133;0.084805;-0.2688;-0.1963;0.943;0.124697;1.384133;0.145791;-0.2688;-0.1963;0.943;0.577994;2.956493;0.602404;-0.2688;-0.1963;0.943;0.070545;1.384133;-0.069974;0.9494;-0.2045;-0.2383;0.577994;2.956493;0.602404;0.9494;-0.2045;-0.2383;0.124697;1.384133;0.145791;0.9494;-0.2045;-0.2383
36;0.27959093;0.47991672;0.25372335;0.07
0.101342;2.887337;-1.348639;-0.0873;-0.8284;-0.5532;1.063333;2.376974;-0.736273;-0.0873;-0.8284;-0.5532;-0.949008;2.381097;-0.4248;-0.0873;-0.8284;-0.5532;1.063333;2.376974;-0.736273;-0.0421;-0.9648;-0.2595;-0.170971;2.089264;0.533986;-0.0421;-0.9648;-0.2595;-0.949008;2.381097;-0.4248;-0.0421;-0.9648;-0.2595;1.36455;2.751144;0.355474;0.3687;-0.6861;0.6272;0.334789;3.064993;1.304057;0.3687;-0.6861;0.6272;-0.170971;2.089264;0.533986;0.3687;-0.6861;0.6272;0.101342;2.887337;-1.348639;-0.7042;0.4301;-0.5649;-0.949008;2.381097;-0.4248;-0.7042;0.4301;-0.5649;0.204278;3.935812;-0.678746;-0.7042;0.4301;-0.5649;-0.949008;2.381097;-0.4248;-0.8067;0.5793;-0.1169;-0.090799;3.832315;0.844329;-0.8067;0.5793;-0.1169;0.204278;3.935812;-0.678746;-0.8067;0.5793;-0.1169;-0.170971;2.089264;0.533986;-0.7892;-0.0723;0.6099;0.334789;3.064993;1.304057;-0.7892;-0.0723;0.6099;-0.090799;3.832315;0.844329;-0.7892;-0.0723;0.6099;0.101342;2.887337;-1.348639;0.6309;0.3728;-0.6804;0.204278;3.935812;-0.678746;0.6309;0.3728;-0.6804;1.063333;2.376974;-0.736273;0.6309;0.3728;-0.6804;0.204278;3.935812;-0.678746;0.8046;0.4574;-0.3787;1.36455;2.751144;0.355474;0.8046;0.4574;-0.3787;1.063333;2.376974;-0.736273;0.8046;0.4574;-0.3787;-0.090799;3.832315;0.844329;0.6228;0.6263;0.4689;0.334789;3.064993;1.304057;0.6228;0.6263;0.4689;1.36455;2.751144;0.355474;0.6228;0.6263;0.4689;1.063333;2.376974;-0.736273;0.4072;-0.8926;0.1935;1.36455;2.751144;0.355474;0.4072;-0.8926;0.1935;-0.170971;2.089264;0.533986;0.4072;-0.8926;0.1935;-0.949008;2.381097;-0.4248;-0.7852;-0.0734;0.6149;-0.170971;2.089264;0.533986;-0.7852;-0.0734;0.6149;-0.090799;3.832315;0.844329;-0.7852;-0.0734;0.6149;0.204278;3.935812;-0.678746;0.6241;0.762;0.1727;-0.090799;3.832315;0.844329;0.6241;0.762;0.1727;1.36455;2.751144;0.355474;0.6241;0.762;0.1727
-3.467467;-0.30238;-5.73956;3.715791;12.881895;4.328896;3;0;extraBounds;2;-3.31405;6.884706;-5.529784;3.596251;12.954039;4.513859;-0.751075;-0.026766;-0.471878;0.310135;8.379923;0.86696
228;3
66;0.27959093;0.47991672;0.25372335;0.05
3.715791;11.25683;1.828722;0.9138;0.1668;-0.3704;2.909085;7.560198;-1.826262;0.9138;0.1668;-0.3704;2.098295;12.47933;-1.610598;0.9138;0.1668;-0.3704;1.006931;9.283421;-5.73956;0.7269;-0.4241;-0.5401;2.909085;7.560198;-1.826262;0.7269;-0.4241;-0.5401;0.768607;7.030256;-4.290934;0.7269;-0.4241;-0.5401;3.715791;11.25683;1.828722;0.6629;-0.3396;0.6673;-0.162419;8.599442;4.328896;0.6629;-0.3396;0.6673;1.660078;6.951527;1.679892;0.6629;-0.3396;0.6673;1.006931;9.283421;-5.73956;-0.3976;-0.4661;-0.7904;0.768607;7.030256;-4.290934;-0.3976;-0.4661;-0.7904;-2.725162;7.981038;-3.094237;-0.3976;-0.4661;-0.7904;1.660078;6.951527;1.679892;-0.0324;-0.9827;-0.1821;-2.725162;7.981038;-3.094237;-0.0324;-0.9827;-0.1821;2.909085;7.560198;-1.826262;-0.0324;-0.9827;-0.1821;2.909085;7.560198;-1.826262;-0.143;-0.9348;0.3252;-2.725162;7.981038;-3.094237;-0.143;-0.9348;0.3252;0.768607;7.030256;-4.290934;-0.143;-0.9348;0.3252;-0.162419;8.599442;4.328896;-0.2673;-0.8899;0.3697;-2.441039;7.893889;0.98283;-0.2673;-0.8899;0.3697;1.660078;6.951527;1.679892;-0.2673;-0.8899;0.3697;-2.441039;7.893889;0.98283;-0.9968;-0.0421;0.0686;-2.887888;9.584455;-4.476096;-0.9968;-0.0421;0.0686;-2.725162;7.981038;-3.094237;-0.9968;-0.0421;0.0686;-0.162419;8.599442;4.328896;-0.4397;0.3236;0.8378;0.1748;12.881895;2.852064;-0.4397;0.3236;0.8378;-3.467467;11.338743;1.536321;-0.4397;0.3236;0.8378;-0.162419;8.599442;4.328896;-0.7515;-0.3169;0.5786;-3.467467;11.338743;1.536321;-0.7515;-0.3169;0.5786;-2.441039;7.893889;0.98283;-0.7515;-0.3169;0.5786;-3.467467;11.338743;1.536321;-0.9341;0.3082;-0.18;-2.219096;12.430887;-3.072381;-0.9341;0.3082;-0.18;-2.887888;9.584455;-4.476096;-0.9341;0.3082;-0.18;-3.467467;11.338743;1.536321;-0.3128;0.9244;-0.2182;0.1748;12.881895;2.852064;-0.3128;0.9244;-0.2182;2.098295;12.47933;-1.610598;-0.3128;0.9244;-0.2182;-2.887888;9.584455;-4.476096;-0.2809;-0.6427;-0.7127;1.006931;9.283421;-5.73956;-0.2809;-0.6427;-0.7127;-2.725162;7.981038;-3.094237;-0.2809;-0.6427;-0.7127;-2.219096;12.430887;-3.072381;0.2057;0.7468;-0.6324;2.098295;12.47933;-1.610598;0.2057;0.7468;-0.6324;1.006931;9.283421;-5.73956;0.2057;0.7468;-0.6324;2.098295;12.47933;-1.610598;0.4406;0.891;0.1095;0.1748;12.881895;2.852064;0.4406;0.891;0.1095;3.715791;11.25683;1.828722;0.4406;0.891;0.1095;3.715791;11.25683;1.828722;0.8734;-0.4252;0.2373;1.660078;6.951527;1.679892;0.8734;-0.4252;0.2373;2.909085;7.560198;-1.826262;0.8734;-0.4252;0.2373;1.006931;9.283421;-5.73956;0.9137;0.1668;-0.3706;2.098295;12.47933;-1.610598;0.9137;0.1668;-0.3706;2.909085;7.560198;-1.826262;0.9137;0.1668;-0.3706;3.715791;11.25683;1.828722;0.3811;0.2745;0.8829;0.1748;12.881895;2.852064;0.3811;0.2745;0.8829;-0.162419;8.599442;4.328896;0.3811;0.2745;0.8829;1.660078;6.951527;1.679892;-0.2231;-0.9748;-0.0053;-2.441039;7.893889;0.98283;-0.2231;-0.9748;-0.0053;-2.725162;7.981038;-3.094237;-0.2231;-0.9748;-0.0053;-2.441039;7.893889;0.98283;-0.9587;-0.2841;-0.0095;-3.467467;11.338743;1.536321;-0.9587;-0.2841;-0.0095;-2.887888;9.584455;-4.476096;-0.9587;-0.2841;-0.0095;-3.467467;11.338743;1.536321;-0.0816;0.9745;0.2088;2.098295;12.47933;-1.610598;-0.0816;0.9745;0.2088;-2.219096;12.430887;-3.072381;-0.0816;0.9745;0.2088;-2.887888;9.584455;-4.476096;-0.2383;0.474;-0.8476;-2.219096;12.430887;-3.072381;-0.2383;0.474;-0.8476;1.006931;9.283421;-5.73956;-0.2383;0.474;-0.8476
90;0.450068;0.36722657;0.24877252;0.025
-0.2433;1.081245;-0.201616;0.5517;0.1536;-0.8198;0.37917;-0.29992;-0.041492;0.5517;0.1536;-0.8198;-0.181421;-0.300307;-0.418795;0.5517;0.1536;-0.8198;0.34282;-0.300121;0.394434;0.4547;0.2375;0.8584;-0.335236;0.875225;0.428439;0.4547;0.2375;0.8584;-0.144472;-0.300121;0.652545;0.4547;0.2375;0.8584;-0.335236;0.875225;0.428439;-0.9874;0.1549;0.0336;-0.538535;-0.300121;-0.126671;-0.9874;0.1549;0.0336;-0.520538;-0.300121;0.402598;-0.9874;0.1549;0.0336;0.28789;0.979563;0.083957;0.2041;0.1099;-0.9727;1.173954;-0.283324;0.127175;0.2041;0.1099;-0.9727;0.37917;-0.29992;-0.041492;0.2041;0.1099;-0.9727;-0.2433;1.081245;-0.201616;-0.9703;0.2135;0.1135;-0.622134;-0.260265;-0.915999;-0.9703;0.2135;0.1135;-0.538535;-0.300121;-0.126671;-0.9703;0.2135;0.1135;-0.181421;-0.300307;-0.418795;0.7468;0.1358;-0.651;-0.622134;-0.260265;-0.915999;0.7468;0.1358;-0.651;-0.2433;1.081245;-0.201616;0.7468;0.1358;-0.651;-0.2433;1.081245;-0.201616;0.4667;-0.0427;-0.8834;0.121976;2.995871;-0.101093;0.4667;-0.0427;-0.8834;0.28789;0.979563;0.083957;0.4667;-0.0427;-0.8834;-0.2433;1.081245;-0.201616;-0.9048;-0.126;0.4068;-0.292281;3.244269;0.359284;-0.9048;-0.126;0.4068;-0.530298;3.196835;-0.18487;-0.9048;-0.126;0.4068;0.28789;0.979563;0.083957;0.4816;0.0168;0.8762;-0.292281;3.244269;0.359284;0.4816;0.0168;0.8762;-0.335236;0.875225;0.428439;0.4816;0.0168;0.8762;-0.520538;-0.300121;0.402598;-0.9778;0.1572;-0.1384;-0.618071;-0.30238;1.089081;-0.9778;0.1572;-0.1384;-0.335236;0.875225;0.428439;-0.9778;0.1572;-0.1384;-0.2433;1.081245;-0.201616;0.4878;0.1196;-0.8647;0.28789;0.979563;0.083957;0.4878;0.1196;-0.8647;0.37917;-0.29992;-0.041492;0.4878;0.1196;-0.8647;0.28789;0.979563;0.083957;0.293;0.2373;0.9262;0.34282;-0.300121;0.394434;0.293;0.2373;0.9262;1.173954;-0.283324;0.127175;0.293;0.2373;0.9262;0.34282;-0.300121;0.394434;0.4412;0.2294;0.8676;0.28789;0.979563;0.083957;0.4412;0.2294;0.8676;-0.335236;0.875225;0.428439;0.4412;0.2294;0.8676;-0.335236;0.875225;0.428439;-0.9759;0.2045;-0.0755;-0.2433;1.081245;-0.201616;-0.9759;0.2045;-0.0755;-0.538535;-0.300121;-0.126671;-0.9759;0.2045;-0.0755;-0.530298;3.196835;-0.18487;-0.6283;-0.1934;-0.7535;-0.822008;4.856129;-0.367489;-0.6283;-0.1934;-0.7535;-0.583657;4.732002;-0.534391;-0.6283;-0.1934;-0.7535;-0.2433;1.081245;-0.201616;0.1353;0.0262;-0.9905;-0.530298;3.196835;-0.18487;0.1353;0.0262;-0.9905;0.121976;2.995871;-0.101093;0.1353;0.0262;-0.9905;-0.2433;1.081245;-0.201616;-0.9901;0.0139;-0.1399;-0.335236;0.875225;0.428439;-0.9901;0.0139;-0.1399;-0.292281;3.244269;0.359284;-0.9901;0.0139;-0.1399;0.28789;0.979563;0.083957;0.7695;0.1209;0.6272;0.121976;2.995871;-0.101093;0.7695;0.1209;0.6272;-0.292281;3.244269;0.359284;0.7695;0.1209;0.6272;-0.144472;-0.300121;0.652545;0.6569;0.2427;0.7139;-0.335236;0.875225;0.428439;0.6569;0.2427;0.7139;-0.618071;-0.30238;1.089081;0.6569;0.2427;0.7139;-0.530298;3.196835;-0.18487;0.0574;-0.2197;-0.9739;-0.583657;4.732002;-0.534391;0.0574;-0.2197;-0.9739;0.121976;2.995871;-0.101093;0.0574;-0.2197;-0.9739;0.121976;2.995871;-0.101093;0.784;0.2956;0.5459;-0.476381;4.854024;-0.248091;0.784;0.2956;0.5459;-0.292281;3.244269;0.359284;0.784;0.2956;0.5459;-0.822008;4.856129;-0.367489;-0.2563;0.6064;0.7527;-0.476381;4.854024;-0.248091;-0.2563;0.6064;0.7527;0.528944;9.391954;-3.561486;-0.2563;0.6064;0.7527;-0.292281;3.244269;0.359284;-0.3094;0.3045;0.9009;-0.476381;4.854024;-0.248091;-0.3094;0.3045;0.9009;-0.822008;4.856129;-0.367489;-0.3094;0.3045;0.9009;-0.530298;3.196835;-0.18487;-0.9064;-0.1146;0.4065;-0.292281;3.244269;0.359284;-0.9064;-0.1146;0.4065;-0.822008;4.856129;-0.367489;-0.9064;-0.1146;0.4065;0.121976;2.995871;-0.101093;0.8687;0.2457;-0.4302;-0.583657;4.732002;-0.534391;0.8687;0.2457;-0.4302;-0.476381;4.854024;-0.248091;0.8687;0.2457;-0.4302;-0.476381;4.854024;-0.248091;0.9174;-0.3464;-0.1961;-0.583657;4.732002;-0.534391;0.9174;-0.3464;-0.1961;0.528944;9.391954;-3.561486;0.9174;-0.3464;-0.1961;-0.583657;4.732002;-0.534391;-0.6471;-0.3006;-0.7006;-0.822008;4.856129;-0.367489;-0.6471;-0.3006;-0.7006;0.528944;9.391954;-3.561486;-0.6471;-0.3006;-0.7006;-0.506255;5.086469;-0.657878;0.9978;0.0635;-0.0204;-0.788194;10.144037;1.304481;0.9978;0.0635;-0.0204;-0.491333;4.936134;-0.395807;0.9978;0.0635;-0.0204;-0.491333;4.936134;-0.395807;0.1349;-0.3006;0.9442;-0.788194;10.144037;1.304481;0.1349;-0.3006;0.9442;-0.724957;4.831271;-0.395807;0.1349;-0.3006;0.9442;-0.724957;4.831271;-0.395807;-0.8293;0.1613;-0.535;-0.788194;10.144037;1.304481;-0.8293;0.1613;-0.535;-0.506255;5.086469;-0.657878;-0.8293;0.1613;-0.535
72;0.6004244;0.85632706;0.49872547;0.05
-1.645461;8.09481;-2.851211;0.8611;-0.0533;-0.5057;-1.546108;8.103397;-2.682931;0.8611;-0.0533;-0.5057;-1.728262;5.297175;-2.697314;0.8611;-0.0533;-0.5057;-1.546108;8.103397;-2.682931;0.0157;-0.0061;0.9999;-1.750527;8.11302;-2.679657;0.0157;-0.0061;0.9999;-1.728262;5.297175;-2.697314;0.0157;-0.0061;0.9999;-1.728262;5.297175;-2.697314;-0.8529;-0.0035;-0.522;-1.750527;8.11302;-2.679657;-0.8529;-0.0035;-0.522;-1.645461;8.09481;-2.851211;-0.8529;-0.0035;-0.522;-1.272889;6.375644;1.782068;0.9534;0.2535;0.1636;-0.784104;4.392418;2.00718;0.9534;0.2535;0.1636;-1.24446;6.384715;1.60234;0.9534;0.2535;0.1636;-1.902156;8.443732;1.815604;-0.4806;-0.0629;-0.8747;-1.24446;6.384715;1.60234;-0.4806;-0.0629;-0.8747;-1.481111;6.335241;1.735925;-0.4806;-0.0629;-0.8747;-1.667507;8.48768;1.679281;0.9684;0.1889;0.1627;-1.272889;6.375644;1.782068;0.9684;0.1889;0.1627;-1.24446;6.384715;1.60234;0.9684;0.1889;0.1627;-1.24446;6.384715;1.60234;-0.4287;-0.274;-0.8609;-0.784104;4.392418;2.00718;-0.4287;-0.274;-0.8609;-1.481111;6.335241;1.735925;-0.4287;-0.274;-0.8609;-1.272889;6.375644;1.782068;-0.2014;-0.0771;0.9765;-1.902156;8.443732;1.815604;-0.2014;-0.0771;0.9765;-1.481111;6.335241;1.735925;-0.2014;-0.0771;0.9765;-1.902156;8.443732;1.815604;-0.4918;-0.0672;-0.8681;-1.667507;8.48768;1.679281;-0.4918;-0.0672;-0.8681;-1.24446;6.384715;1.60234;-0.4918;-0.0672;-0.8681;-1.667507;8.48768;1.679281;0.9829;0.1839;0.0059;-1.669853;8.491277;1.959842;0.9829;0.1839;0.0059;-1.272889;6.375644;1.782068;0.9829;0.1839;0.0059;-1.272889;6.375644;1.782068;-0.4957;-0.1647;0.8527;-1.669853;8.491277;1.959842;-0.4957;-0.1647;0.8527;-1.902156;8.443732;1.815604;-0.4957;-0.1647;0.8527;-1.272889;6.375644;1.782068;-0.2261;0.0547;0.9726;-1.481111;6.335241;1.735925;-0.2261;0.0547;0.9726;-0.784104;4.392418;2.00718;-0.2261;0.0547;0.9726;-0.144576;3.903982;0.091316;0.9647;-0.1507;0.216;-0.448108;2.797335;0.674462;0.9647;-0.1507;0.216;-0.408588;2.769372;0.478485;0.9647;-0.1507;0.216;-0.144576;3.903982;0.091316;0.984;0.0304;-0.1754;-0.361978;5.544558;-0.84463;0.984;0.0304;-0.1754;-0.12435;4.082567;0.235731;0.984;0.0304;-0.1754;-0.12435;4.082567;0.235731;-0.3749;0.3827;0.8444;-0.580779;2.829371;0.601048;-0.3749;0.3827;0.8444;-0.448108;2.797335;0.674462;-0.3749;0.3827;0.8444;-0.12435;4.082567;0.235731;-0.3159;0.5301;0.7869;-0.361978;5.544558;-0.84463;-0.3159;0.5301;0.7869;-0.290588;4.064652;0.18106;-0.3159;0.5301;0.7869;-0.408588;2.769372;0.478485;0.9726;-0.0993;0.2103;-0.448108;2.797335;0.674462;0.9726;-0.0993;0.2103;-0.419686;1.099075;-0.259002;0.9726;-0.0993;0.2103;-0.290588;4.064652;0.18106;-0.7564;-0.3969;-0.52;-0.361978;5.544558;-0.84463;-0.7564;-0.3969;-0.52;-0.144576;3.903982;0.091316;-0.7564;-0.3969;-0.52;-0.144576;3.903982;0.091316;-0.6132;-0.1213;-0.7805;-0.580779;2.829371;0.601048;-0.6132;-0.1213;-0.7805;-0.290588;4.064652;0.18106;-0.6132;-0.1213;-0.7805;-0.448108;2.797335;0.674462;-0.515;-0.4195;0.7475;-0.580779;2.829371;0.601048;-0.515;-0.4195;0.7475;-0.419686;1.099075;-0.259002;-0.515;-0.4195;0.7475;-0.580779;2.829371;0.601048;-0.4533;0.3626;-0.8143;-0.408588;2.769372;0.478485;-0.4533;0.3626;-0.8143;-0.419686;1.099075;-0.259002;-0.4533;0.3626;-0.8143;-0.144576;3.903982;0.091316;0.9718;-0.2048;0.1172;-0.12435;4.082567;0.235731;0.9718;-0.2048;0.1172;-0.448108;2.797335;0.674462;0.9718;-0.2048;0.1172;-0.12435;4.082567;0.235731;-0.3259;0.3721;0.8691;-0.290588;4.064652;0.18106;-0.3259;0.3721;0.8691;-0.580779;2.829371;0.601048;-0.3259;0.3721;0.8691;-0.144576;3.903982;0.091316;-0.6043;-0.1278;-0.7865;-0.408588;2.769372;0.478485;-0.6043;-0.1278;-0.7865;-0.580779;2.829371;0.601048;-0.6043;-0.1278;-0.7865
-6.589355;-1.472814;-10.130522;7.051726;21.316738;7.583861;1.66666666;0;extraBounds;2;-6.27071;10.344117;-9.741672;6.479383;20.446012;6.862737;-1.0;-0.237221;-0.976483;0.882416;12.623373;1.0
429;3
96;0.27959093;0.47991672;0.25372335;0.04
0.884332;21.316738;2.617234;0.102;0.9622;-0.2527;4.062781;19.633774;-2.508037;0.102;0.9622;-0.2527;-4.950531;20.217234;-3.925669;0.102;0.9622;-0.2527;-4.950531;20.217234;-3.925669;0.3031;0.8659;-0.3978;5.920277;14.971272;-7.062877;0.3031;0.8659;-0.3978;0.060813;15.612631;-10.130522;0.3031;0.8659;-0.3978;0.060813;15.612631;-10.130522;0.3508;-0.5199;-0.7788;5.920277;14.971272;-7.062877;0.3508;-0.5199;-0.7788;2.442821;10.873892;-5.894197;0.3508;-0.5199;-0.7788;7.051726;17.072851;2.650943;0.8871;0.1749;-0.4271;5.561027;11.244756;-2.831532;0.8871;0.1749;-0.4271;4.062781;19.633774;-2.508037;0.8871;0.1749;-0.4271;5.920277;14.971272;-7.062877;0.5778;-0.6362;-0.5112;5.561027;11.244756;-2.831532;0.5778;-0.6362;-0.5112;2.442821;10.873892;-5.894197;0.5778;-0.6362;-0.5112;7.051726;17.072851;2.650943;0.7669;-0.4444;0.463;2.582526;13.285913;6.419055;0.7669;-0.4444;0.463;3.253006;10.285127;2.427699;0.7669;-0.4444;0.463;0.060813;15.612631;-10.130522;0.4297;-0.4721;-0.7697;2.442821;10.873892;-5.894197;0.4297;-0.4721;-0.7697;-1.235387;9.563558;-7.144031;0.4297;-0.4721;-0.7697;3.253006;10.285127;2.427699;-0.0704;-0.9754;-0.2089;-5.651063;12.368136;-4.298972;-0.0704;-0.9754;-0.2089;5.561027;11.244756;-2.831532;-0.0704;-0.9754;-0.2089;2.582526;13.285913;6.419055;0.03;-0.2439;0.9693;1.12152;17.73506;7.583861;0.03;-0.2439;0.9693;-2.812043;12.480532;6.383353;0.03;-0.2439;0.9693;5.561027;11.244756;-2.831532;0.4118;-0.8548;-0.3158;-1.235387;9.563558;-7.144031;0.4118;-0.8548;-0.3158;2.442821;10.873892;-5.894197;0.4118;-0.8548;-0.3158;2.582526;13.285913;6.419055;-0.2331;-0.7957;0.5591;-4.325384;11.770851;1.382106;-0.2331;-0.7957;0.5591;3.253006;10.285127;2.427699;-0.2331;-0.7957;0.5591;0.060813;15.612631;-10.130522;0.4684;-0.4698;-0.7482;-1.235387;9.563558;-7.144031;0.4684;-0.4698;-0.7482;-3.814173;11.034923;-9.682243;0.4684;-0.4698;-0.7482;-4.325384;11.770851;1.382106;-0.9697;-0.1182;0.2138;-6.589355;16.417347;-6.314701;-0.9697;-0.1182;0.2138;-5.651063;12.368136;-4.298972;-0.9697;-0.1182;0.2138;-2.812043;12.480532;6.383353;-0.5823;0.2599;0.7703;1.12152;17.73506;7.583861;-0.5823;0.2599;0.7703;-6.222105;17.201992;2.212342;-0.5823;0.2599;0.7703;-5.651063;12.368136;-4.298972;-0.5202;-0.8534;0.0338;-3.814173;11.034923;-9.682243;-0.5202;-0.8534;0.0338;-1.235387;9.563558;-7.144031;-0.5202;-0.8534;0.0338;-2.812043;12.480532;6.383353;-0.8794;-0.3555;0.3166;-6.222105;17.201992;2.212342;-0.8794;-0.3555;0.3166;-4.325384;11.770851;1.382106;-0.8794;-0.3555;0.3166;-6.222105;17.201992;2.212342;-0.919;0.3943;0.0033;-4.950531;20.217234;-3.925669;-0.919;0.3943;0.0033;-6.589355;16.417347;-6.314701;-0.919;0.3943;0.0033;-6.222105;17.201992;2.212342;-0.4452;0.716;0.5376;1.12152;17.73506;7.583861;-0.4452;0.716;0.5376;0.884332;21.316738;2.617234;-0.4452;0.716;0.5376;-6.589355;16.417347;-6.314701;-0.448;0.2967;-0.8434;0.060813;15.612631;-10.130522;-0.448;0.2967;-0.8434;-3.814173;11.034923;-9.682243;-0.448;0.2967;-0.8434;0.884332;21.316738;2.617234;0.5647;0.8213;0.0805;7.051726;17.072851;2.650943;0.5647;0.8213;0.0805;4.062781;19.633774;-2.508037;0.5647;0.8213;0.0805;-4.950531;20.217234;-3.925669;0.153;0.7211;-0.6758;4.062781;19.633774;-2.508037;0.153;0.7211;-0.6758;5.920277;14.971272;-7.062877;0.153;0.7211;-0.6758;0.884332;21.316738;2.617234;0.491;0.7175;0.494;1.12152;17.73506;7.583861;0.491;0.7175;0.494;7.051726;17.072851;2.650943;0.491;0.7175;0.494;7.051726;17.072851;2.650943;0.834;-0.4759;0.2792;3.253006;10.285127;2.427699;0.834;-0.4759;0.2792;5.561027;11.244756;-2.831532;0.834;-0.4759;0.2792;5.920277;14.971272;-7.062877;0.9606;0.1629;0.225;4.062781;19.633774;-2.508037;0.9606;0.1629;0.225;5.561027;11.244756;-2.831532;0.9606;0.1629;0.225;7.051726;17.072851;2.650943;0.6401;0.0091;0.7683;1.12152;17.73506;7.583861;0.6401;0.0091;0.7683;2.582526;13.285913;6.419055;0.6401;0.0091;0.7683;3.253006;10.285127;2.427699;-0.184;-0.9811;-0.0602;-4.325384;11.770851;1.382106;-0.184;-0.9811;-0.0602;-5.651063;12.368136;-4.298972;-0.184;-0.9811;-0.0602;5.561027;11.244756;-2.831532;-0.1549;-0.8131;0.5611;-5.651063;12.368136;-4.298972;-0.1549;-0.8131;0.5611;-1.235387;9.563558;-7.144031;-0.1549;-0.8131;0.5611;2.582526;13.285913;6.419055;0.1464;-0.9846;0.0954;-2.812043;12.480532;6.383353;0.1464;-0.9846;0.0954;-4.325384;11.770851;1.382106;0.1464;-0.9846;0.0954;-4.325384;11.770851;1.382106;-0.9382;-0.3386;0.0716;-6.222105;17.201992;2.212342;-0.9382;-0.3386;0.0716;-6.589355;16.417347;-6.314701;-0.9382;-0.3386;0.0716;-5.651063;12.368136;-4.298972;-0.9161;-0.3275;-0.2315;-6.589355;16.417347;-6.314701;-0.9161;-0.3275;-0.2315;-3.814173;11.034923;-9.682243;-0.9161;-0.3275;-0.2315;-6.222105;17.201992;2.212342;-0.4907;0.818;0.3002;0.884332;21.316738;2.617234;-0.4907;0.818;0.3002;-4.950531;20.217234;-3.925669;-0.4907;0.818;0.3002;-6.589355;16.417347;-6.314701;-0.3416;0.6014;-0.7222;-4.950531;20.217234;-3.925669;-0.3416;0.6014;-0.7222;0.060813;15.612631;-10.130522;-0.3416;0.6014;-0.7222
162;0.450068;0.36722657;0.24877252;0.015
-0.248272;1.568352;-0.555055;0.355;0.1799;-0.9174;0.833742;-0.234864;-0.489921;0.355;0.1799;-0.9174;-0.191644;-0.235573;-0.886886;0.355;0.1799;-0.9174;0.81913;1.364026;0.01879;-0.0538;0.244;0.9683;1.795439;-0.234637;0.475958;-0.0538;0.244;0.9683;2.163476;0.431797;0.32846;-0.0538;0.244;0.9683;0.767255;-0.235232;0.600604;0.6288;0.1748;0.7577;-0.031412;1.154365;0.942875;0.6288;0.1748;0.7577;0.055005;-0.235232;1.191731;0.6288;0.1748;0.7577;-0.031412;1.154365;0.942875;-0.3357;0.7411;0.5815;-0.834613;1.154365;0.479146;-0.3357;0.7411;0.5815;-0.786693;0.505139;1.334265;-0.3357;0.7411;0.5815;-0.031412;1.154365;0.942875;-0.4928;0.1688;0.8536;-0.287316;3.475668;0.336134;-0.4928;0.1688;0.8536;-0.834613;1.154365;0.479146;-0.4928;0.1688;0.8536;-0.834613;1.154365;0.479146;-0.9797;0.1081;-0.1686;-0.844845;-0.235232;-0.352556;-0.9797;0.1081;-0.1686;-0.990992;-0.235232;0.496526;-0.9797;0.1081;-0.1686;2.209485;-0.234637;0.051847;0.7788;0.2856;-0.5585;2.163476;0.431797;0.32846;0.7788;0.2856;-0.5585;2.850678;-0.234375;0.946161;0.7788;0.2856;-0.5585;0.81913;1.364026;0.01879;0.351;0.2868;-0.8914;2.209485;-0.234637;0.051847;0.351;0.2868;-0.8914;0.833742;-0.234864;-0.489921;0.351;0.2868;-0.8914;-0.644236;0.712719;-1.320126;0.6019;0.3972;-0.6928;-0.515465;-0.233328;-1.75063;0.6019;0.3972;-0.6928;-1.62349;-0.233791;-2.713573;0.6019;0.3972;-0.6928;2.163476;0.431797;0.32846;-0.3744;0.3927;0.84;1.795439;-0.234637;0.475958;-0.3744;0.3927;0.84;2.850678;-0.234375;0.946161;-0.3744;0.3927;0.84;-0.248272;1.568352;-0.555055;-0.9103;0.3293;0.251;-1.101604;-0.233328;-1.28607;-0.9103;0.3293;0.251;-0.844845;-0.235232;-0.352556;-0.9103;0.3293;0.251;-0.191644;-0.235573;-0.886886;0.8139;0.1297;-0.5663;-0.644236;0.712719;-1.320126;0.8139;0.1297;-0.5663;-0.248272;1.568352;-0.555055;0.8139;0.1297;-0.5663;-1.101604;-0.233328;-1.28607;-0.8512;0.4227;0.3111;-0.644236;0.712719;-1.320126;-0.8512;0.4227;0.3111;-1.62349;-0.233791;-2.713573;-0.8512;0.4227;0.3111;0.596483;3.767199;0.69824;-0.3583;-0.07;0.931;-0.67708;5.845779;0.364419;-0.3583;-0.07;0.931;-0.287316;3.475668;0.336134;-0.3583;-0.07;0.931;-0.248272;1.568352;-0.555055;0.4658;-0.0482;-0.8836;0.852537;3.20037;-0.063671;0.4658;-0.0482;-0.8836;0.81913;1.364026;0.01879;0.4658;-0.0482;-0.8836;-0.248272;1.568352;-0.555055;-0.9491;0.1172;-0.2924;-0.287316;3.475668;0.336134;-0.9491;0.1172;-0.2924;-0.063682;3.579041;-0.348449;-0.9491;0.1172;-0.2924;0.81913;1.364026;0.01879;0.7438;-0.1171;0.658;0.596483;3.767199;0.69824;0.7438;-0.1171;0.658;-0.031412;1.154365;0.942875;0.7438;-0.1171;0.658;-0.786693;0.505139;1.334265;-0.8276;0.5451;0.1338;-1.261571;-0.250373;1.475046;-0.8276;0.5451;0.1338;-1.046877;-0.248278;2.794585;-0.8276;0.5451;0.1338;0.055005;-0.235232;1.191731;0.5178;0.4484;0.7286;-0.786693;0.505139;1.334265;0.5178;0.4484;0.7286;-0.747898;-0.250373;1.771616;0.5178;0.4484;0.7286;-0.990992;-0.235232;0.496526;-0.9837;0.1125;0.1405;-0.786693;0.505139;1.334265;-0.9837;0.1125;0.1405;-0.834613;1.154365;0.479146;-0.9837;0.1125;0.1405;-0.747898;-0.250373;1.771616;0.9392;0.2069;0.2741;-0.786693;0.505139;1.334265;0.9392;0.2069;0.2741;-1.046877;-0.248278;2.794585;0.9392;0.2069;0.2741;-0.248272;1.568352;-0.555055;0.4955;0.2675;-0.8264;0.81913;1.364026;0.01879;0.4955;0.2675;-0.8264;0.833742;-0.234864;-0.489921;0.4955;0.2675;-0.8264;0.81913;1.364026;0.01879;0.1131;0.3364;0.9349;0.767255;-0.235232;0.600604;0.1131;0.3364;0.9349;1.795439;-0.234637;0.475958;0.1131;0.3364;0.9349;0.767255;-0.235232;0.600604;0.6902;0.2275;0.6869;0.81913;1.364026;0.01879;0.6902;0.2275;0.6869;-0.031412;1.154365;0.942875;0.6902;0.2275;0.6869;-0.031412;1.154365;0.942875;-0.4242;0.1849;0.8865;0.596483;3.767199;0.69824;-0.4242;0.1849;0.8865;-0.287316;3.475668;0.336134;-0.4242;0.1849;0.8865;-0.834613;1.154365;0.479146;-0.8821;0.2467;-0.4013;-0.248272;1.568352;-0.555055;-0.8821;0.2467;-0.4013;-0.844845;-0.235232;-0.352556;-0.8821;0.2467;-0.4013;0.81913;1.364026;0.01879;0.4442;0.3694;-0.8162;2.163476;0.431797;0.32846;0.4442;0.3694;-0.8162;2.209485;-0.234637;0.051847;0.4442;0.3694;-0.8162;-0.248272;1.568352;-0.555055;-0.9004;0.4346;-0.02;-0.644236;0.712719;-1.320126;-0.9004;0.4346;-0.02;-1.101604;-0.233328;-1.28607;-0.9004;0.4346;-0.02;-0.191644;-0.235573;-0.886886;0.9003;0.2758;-0.3368;-0.515465;-0.233328;-1.75063;0.9003;0.2758;-0.3368;-0.644236;0.712719;-1.320126;0.9003;0.2758;-0.3368;-0.063682;3.579041;-0.348449;-0.9022;-0.3311;0.2763;-0.67708;5.845779;0.364419;-0.9022;-0.3311;0.2763;-0.959138;6.093009;-0.260369;-0.9022;-0.3311;0.2763;-0.248272;1.568352;-0.555055;0.3215;0.0675;-0.9445;-0.063682;3.579041;-0.348449;0.3215;0.0675;-0.9445;0.852537;3.20037;-0.063671;0.3215;0.0675;-0.9445;-0.248272;1.568352;-0.555055;-0.8849;0.1822;-0.4287;-0.834613;1.154365;0.479146;-0.8849;0.1822;-0.4287;-0.287316;3.475668;0.336134;-0.8849;0.1822;-0.4287;0.81913;1.364026;0.01879;0.9473;-0.0028;0.3205;0.852537;3.20037;-0.063671;0.9473;-0.0028;0.3205;0.596483;3.767199;0.69824;0.9473;-0.0028;0.3205;0.055005;-0.235232;1.191731;0.3211;0.1863;0.9286;-0.031412;1.154365;0.942875;0.3211;0.1863;0.9286;-0.786693;0.505139;1.334265;0.3211;0.1863;0.9286;-0.990992;-0.235232;0.496526;-0.8432;0.488;-0.2256;-1.261571;-0.250373;1.475046;-0.8432;0.488;-0.2256;-0.786693;0.505139;1.334265;-0.8432;0.488;-0.2256;-0.959138;6.093009;-0.260369;-0.6678;-0.1264;-0.7335;-0.610757;7.823288;-0.875719;-0.6678;-0.1264;-0.7335;-0.56002;5.617402;-0.541749;-0.6678;-0.1264;-0.7335;-0.260321;6.079499;0.018247;0.4267;0.4231;0.7993;-0.968283;8.009478;-0.625366;0.4267;0.4231;0.7993;-0.67708;5.845779;0.364419;0.4267;0.4231;0.7993;-0.063682;3.579041;-0.348449;0.2891;-0.0204;-0.9571;-0.56002;5.617402;-0.541749;0.2891;-0.0204;-0.9571;0.852537;3.20037;-0.063671;0.2891;-0.0204;-0.9571;0.852537;3.20037;-0.063671;0.9322;0.359;0.0462;-0.260321;6.079499;0.018247;0.9322;0.359;0.0462;0.596483;3.767199;0.69824;0.9322;0.359;0.0462;-0.968283;8.009478;-0.625366;-0.2462;0.6444;0.724;-0.449844;8.006321;-0.446269;-0.2462;0.6444;0.724;1.021984;14.172888;-5.434368;-0.2462;0.6444;0.724;-0.260321;6.079499;0.018247;0.9354;0.0068;-0.3534;-0.610757;7.823288;-0.875719;0.9354;0.0068;-0.3534;-0.449844;8.006321;-0.446269;0.9354;0.0068;-0.3534;0.596483;3.767199;0.69824;0.4424;0.4;0.8027;-0.260321;6.079499;0.018247;0.4424;0.4;0.8027;-0.67708;5.845779;0.364419;0.4424;0.4;0.8027;-0.063682;3.579041;-0.348449;-0.933;-0.1495;-0.3274;-0.287316;3.475668;0.336134;-0.933;-0.1495;-0.3274;-0.67708;5.845779;0.364419;-0.933;-0.1495;-0.3274;-0.959138;6.093009;-0.260369;-0.6183;-0.1499;-0.7715;-0.968283;8.009478;-0.625366;-0.6183;-0.1499;-0.7715;-0.610757;7.823288;-0.875719;-0.6183;-0.1499;-0.7715;-0.260321;6.079499;0.018247;-0.3194;0.1923;0.9279;-0.449844;8.006321;-0.446269;-0.3194;0.1923;0.9279;-0.968283;8.009478;-0.625366;-0.3194;0.1923;0.9279;-0.063682;3.579041;-0.348449;-0.7334;-0.2389;-0.6364;-0.959138;6.093009;-0.260369;-0.7334;-0.2389;-0.6364;-0.56002;5.617402;-0.541749;-0.7334;-0.2389;-0.6364;0.852537;3.20037;-0.063671;0.719;0.2958;-0.6289;-0.56002;5.617402;-0.541749;0.719;0.2958;-0.6289;-0.260321;6.079499;0.018247;0.719;0.2958;-0.6289;-0.260321;6.079499;0.018247;0.8961;-0.0462;-0.4414;-0.56002;5.617402;-0.541749;0.8961;-0.0462;-0.4414;-0.610757;7.823288;-0.875719;0.8961;-0.0462;-0.4414;-0.959138;6.093009;-0.260369;-0.8965;0.0787;0.4359;-0.67708;5.845779;0.364419;-0.8965;0.0787;0.4359;-0.968283;8.009478;-0.625366;-0.8965;0.0787;0.4359;-0.449844;8.006321;-0.446269;0.9115;-0.3672;-0.185;-0.610757;7.823288;-0.875719;0.9115;-0.3672;-0.185;1.021984;14.172888;-5.434368;0.9115;-0.3672;-0.185;-0.610757;7.823288;-0.875719;-0.6502;-0.3256;-0.6864;-0.968283;8.009478;-0.625366;-0.6502;-0.3256;-0.6864;1.021984;14.172888;-5.434368;-0.6502;-0.3256;-0.6864;-0.494655;8.354988;-1.060951;0.9973;0.0723;-0.0153;-0.953724;15.301013;1.864582;0.9973;0.0723;-0.0153;-0.472271;8.129486;-0.667844;0.9973;0.0723;-0.0153;-0.472271;8.129486;-0.667844;0.144;-0.3209;0.9361;-0.953724;15.301013;1.864582;0.144;-0.3209;0.9361;-0.822708;7.972191;-0.667844;0.144;-0.3209;0.9361;-0.822708;7.972191;-0.667844;-0.8312;0.1682;-0.5299;-0.953724;15.301013;1.864582;-0.8312;0.1682;-0.5299;-0.494655;8.354988;-1.060951;-0.8312;0.1682;-0.5299
171;0.6004244;0.85632706;0.49872547;0.04
-2.041068;8.192504;-4.57316;-0.4083;0.1455;0.9012;-2.452072;5.107403;-4.261151;-0.4083;0.1455;0.9012;-1.873822;8.209405;-4.500104;-0.4083;0.1455;0.9012;-2.239623;12.227174;-4.368955;0.8749;0.0952;-0.4749;-1.873822;8.209405;-4.500104;0.8749;0.0952;-0.4749;-2.041115;8.186537;-4.812876;0.8749;0.0952;-0.4749;-2.452072;5.107403;-4.261151;-0.2891;-0.163;0.9433;-2.597506;5.093619;-4.308102;-0.2891;-0.163;0.9433;-2.25578;1.764547;-4.778769;-0.2891;-0.163;0.9433;-2.5771;5.130065;-4.476946;0.864;0.1262;-0.4874;-2.452072;5.107403;-4.261151;0.864;0.1262;-0.4874;-2.25578;1.764547;-4.778769;0.864;0.1262;-0.4874;-2.090594;12.240054;-4.116536;-0.3888;-0.108;0.915;-2.041068;8.192504;-4.57316;-0.3888;-0.108;0.915;-1.873822;8.209405;-4.500104;-0.3888;-0.108;0.915;-1.873822;8.209405;-4.500104;0.8697;-0.202;-0.4504;-2.5771;5.130065;-4.476946;0.8697;-0.202;-0.4504;-2.041115;8.186537;-4.812876;0.8697;-0.202;-0.4504;-2.041068;8.192504;-4.57316;-0.9988;-0.0492;0.0014;-2.239623;12.227174;-4.368955;-0.9988;-0.0492;0.0014;-2.041115;8.186537;-4.812876;-0.9988;-0.0492;0.0014;-2.041068;8.192504;-4.57316;-0.9821;0.1693;-0.0822;-2.5771;5.130065;-4.476946;-0.9821;0.1693;-0.0822;-2.597506;5.093619;-4.308102;-0.9821;0.1693;-0.0822;-2.597506;5.093619;-4.308102;-0.9872;-0.082;-0.137;-2.5771;5.130065;-4.476946;-0.9872;-0.082;-0.137;-2.25578;1.764547;-4.778769;-0.9872;-0.082;-0.137;-2.041068;8.192504;-4.57316;-0.3161;0.137;0.9388;-2.597506;5.093619;-4.308102;-0.3161;0.137;0.9388;-2.452072;5.107403;-4.261151;-0.3161;0.137;0.9388;-2.239623;12.227174;-4.368955;0.8551;0.0945;-0.5097;-2.090594;12.240054;-4.116536;0.8551;0.0945;-0.5097;-1.873822;8.209405;-4.500104;0.8551;0.0945;-0.5097;-2.090594;12.240054;-4.116536;0.0106;-0.112;0.9937;-2.397223;12.254487;-4.111625;0.0106;-0.112;0.9937;-2.041068;8.192504;-4.57316;0.0106;-0.112;0.9937;-1.873822;8.209405;-4.500104;0.8395;-0.1955;-0.5069;-2.452072;5.107403;-4.261151;0.8395;-0.1955;-0.5069;-2.5771;5.130065;-4.476946;0.8395;-0.1955;-0.5069;-2.041068;8.192504;-4.57316;-0.8534;-0.0156;-0.521;-2.397223;12.254487;-4.111625;-0.8534;-0.0156;-0.521;-2.239623;12.227174;-4.368955;-0.8534;-0.0156;-0.521;-2.041068;8.192504;-4.57316;-0.985;0.1723;-0.0041;-2.041115;8.186537;-4.812876;-0.985;0.1723;-0.0041;-2.5771;5.130065;-4.476946;-0.985;0.1723;-0.0041;-1.680765;10.015052;2.580962;0.9865;0.0422;0.1582;-1.598699;7.419423;2.761948;0.9865;0.0422;0.1582;-1.638122;10.028658;2.31137;0.9865;0.0422;0.1582;-2.624667;12.750556;2.631267;-0.4791;-0.0708;-0.8749;-1.638122;10.028658;2.31137;-0.4791;-0.0708;-0.8749;-1.993099;9.954448;2.511749;-0.4791;-0.0708;-0.8749;-1.598699;7.419423;2.761948;0.8308;0.1696;0.5302;-1.705239;7.393513;2.93719;0.8308;0.1696;0.5302;-1.078638;4.239305;2.964484;0.8308;0.1696;0.5302;-1.914306;7.387852;2.940805;-0.4785;-0.1335;-0.8679;-1.598699;7.419423;2.761948;-0.4785;-0.1335;-0.8679;-1.078638;4.239305;2.964484;-0.4785;-0.1335;-0.8679;-2.272692;12.816478;2.426783;0.9634;0.2125;0.1631;-1.680765;10.015052;2.580962;0.9634;0.2125;0.1631;-1.638122;10.028658;2.31137;0.9634;0.2125;0.1631;-1.638122;10.028658;2.31137;-0.4596;-0.1601;-0.8736;-1.914306;7.387852;2.940805;-0.4596;-0.1601;-0.8736;-1.993099;9.954448;2.511749;-0.4596;-0.1601;-0.8736;-1.680765;10.015052;2.580962;-0.1995;-0.0868;0.9761;-2.624667;12.750556;2.631267;-0.1995;-0.0868;0.9761;-1.993099;9.954448;2.511749;-0.1995;-0.0868;0.9761;-1.680765;10.015052;2.580962;0.0135;0.1345;0.9908;-1.914306;7.387852;2.940805;0.0135;0.1345;0.9908;-1.705239;7.393513;2.93719;0.0135;0.1345;0.9908;-1.705239;7.393513;2.93719;0.017;0.012;0.9998;-1.914306;7.387852;2.940805;0.017;0.012;0.9998;-1.078638;4.239305;2.964484;0.017;0.012;0.9998;-1.680765;10.015052;2.580962;0.8486;0.0635;0.5253;-1.705239;7.393513;2.93719;0.8486;0.0635;0.5253;-1.598699;7.419423;2.761948;0.8486;0.0635;0.5253;-2.624667;12.750556;2.631267;-0.4903;-0.0757;-0.8683;-2.272692;12.816478;2.426783;-0.4903;-0.0757;-0.8683;-1.638122;10.028658;2.31137;-0.4903;-0.0757;-0.8683;-2.272692;12.816478;2.426783;0.9783;0.207;0.0055;-2.276212;12.821873;2.847625;0.9783;0.207;0.0055;-1.680765;10.015052;2.580962;0.9783;0.207;0.0055;-1.638122;10.028658;2.31137;-0.475;-0.1567;-0.8659;-1.598699;7.419423;2.761948;-0.475;-0.1567;-0.8659;-1.914306;7.387852;2.940805;-0.475;-0.1567;-0.8659;-1.680765;10.015052;2.580962;-0.4908;-0.185;0.8514;-2.276212;12.821873;2.847625;-0.4908;-0.185;0.8514;-2.624667;12.750556;2.631267;-0.4908;-0.185;0.8514;-1.680765;10.015052;2.580962;-0.242;0.1528;0.9582;-1.993099;9.954448;2.511749;-0.242;0.1528;0.9582;-1.914306;7.387852;2.940805;-0.242;0.1528;0.9582;3.333205;11.712908;-1.773687;0.3303;0.1616;-0.93;3.619857;8.497158;-2.230549;0.3303;0.1616;-0.93;2.975503;11.726054;-1.898432;0.3303;0.1616;-0.93;3.619857;8.497158;-2.230549;0.4725;-0.2628;-0.8413;3.82028;8.485335;-2.114292;0.4725;-0.2628;-0.8413;3.116496;5.152025;-1.46841;0.4725;-0.2628;-0.8413;3.715487;8.515082;-1.907644;-0.9419;0.2027;0.2677;3.619857;8.497158;-2.230549;-0.9419;0.2027;0.2677;3.116496;5.152025;-1.46841;-0.9419;0.2027;0.2677;2.975503;11.726054;-1.898432;-0.939;-0.2172;0.2666;3.715487;8.515082;-1.907644;-0.939;-0.2172;0.2666;3.122824;11.70892;-1.393495;-0.939;-0.2172;0.2666;3.333205;11.712908;-1.773687;0.8935;0.0884;0.4404;3.715487;8.515082;-1.907644;0.8935;0.0884;0.4404;3.82028;8.485335;-2.114292;0.8935;0.0884;0.4404;3.82028;8.485335;-2.114292;0.882;-0.0969;0.4612;3.715487;8.515082;-1.907644;0.882;-0.0969;0.4612;3.116496;5.152025;-1.46841;0.882;-0.0969;0.4612;3.333205;11.712908;-1.773687;0.5021;0.1654;-0.8488;3.82028;8.485335;-2.114292;0.5021;0.1654;-0.8488;3.619857;8.497158;-2.230549;0.5021;0.1654;-0.8488;2.975503;11.726054;-1.898432;-0.9329;-0.2158;0.2883;3.619857;8.497158;-2.230549;-0.9329;-0.2158;0.2883;3.715487;8.515082;-1.907644;-0.9329;-0.2158;0.2883;3.333205;11.712908;-1.773687;0.8715;0.0839;0.4831;3.122824;11.70892;-1.393495;0.8715;0.0839;0.4831;3.715487;8.515082;-1.907644;0.8715;0.0839;0.4831;-0.396281;5.736393;0.449864;0.979;-0.0781;0.1885;-0.645993;3.968103;1.013521;0.979;-0.0781;0.1885;-0.565372;3.826273;0.536097;0.979;-0.0781;0.1885;-0.396281;5.736393;0.449864;0.9295;-0.2009;-0.3095;-0.278238;9.042122;-1.341079;0.9295;-0.2009;-0.3095;-0.268731;5.918874;0.714506;0.9295;-0.2009;-0.3095;-0.268731;5.918874;0.714506;-0.6222;0.2348;0.7468;-0.851994;4.073853;0.808628;-0.6222;0.2348;0.7468;-0.645993;3.968103;1.013521;-0.6222;0.2348;0.7468;-0.268731;5.918874;0.714506;0.0044;0.5498;0.8353;-0.278238;9.042122;-1.341079;0.0044;0.5498;0.8353;-0.528992;5.955805;0.691566;0.0044;0.5498;0.8353;-0.565372;3.826273;0.536097;0.847;-0.177;0.5013;-0.400962;1.733571;-0.480643;0.847;-0.177;0.5013;-0.151994;2.042706;-0.792089;0.847;-0.177;0.5013;-0.528992;5.955805;0.691566;-0.9195;-0.1613;-0.3584;-0.278238;9.042122;-1.341079;-0.9195;-0.1613;-0.3584;-0.396281;5.736393;0.449864;-0.9195;-0.1613;-0.3584;-0.396281;5.736393;0.449864;-0.827;0.1076;-0.5518;-0.851994;4.073853;0.808628;-0.827;0.1076;-0.5518;-0.528992;5.955805;0.691566;-0.827;0.1076;-0.5518;-0.151994;2.042706;-0.792089;0.4744;0.4052;0.7815;-0.400962;1.733571;-0.480643;0.4744;0.4052;0.7815;2.949827;-1.472814;-0.852238;0.4744;0.4052;0.7815;-0.645993;3.968103;1.013521;-0.9749;-0.1873;0.1202;-0.507134;2.076376;-0.807631;-0.9749;-0.1873;0.1202;-0.400962;1.733571;-0.480643;-0.9749;-0.1873;0.1202;-0.565372;3.826273;0.536097;-0.2296;0.5879;-0.7756;-0.507134;2.076376;-0.807631;-0.2296;0.5879;-0.7756;-0.851994;4.073853;0.808628;-0.2296;0.5879;-0.7756;-0.400962;1.733571;-0.480643;-0.6449;-0.6226;-0.4433;-0.507134;2.076376;-0.807631;-0.6449;-0.6226;-0.4433;2.949827;-1.472814;-0.852238;-0.6449;-0.6226;-0.4433;-0.507134;2.076376;-0.807631;0.0494;0.0606;-0.9969;-0.151994;2.042706;-0.792089;0.0494;0.0606;-0.9969;2.949827;-1.472814;-0.852238;0.0494;0.0606;-0.9969;-0.396281;5.736393;0.449864;0.9293;-0.2246;-0.293;-0.268731;5.918874;0.714506;0.9293;-0.2246;-0.293;-0.645993;3.968103;1.013521;0.9293;-0.2246;-0.293;-0.268731;5.918874;0.714506;-0.077;0.0751;0.9942;-0.528992;5.955805;0.691566;-0.077;0.0751;0.9942;-0.851994;4.073853;0.808628;-0.077;0.0751;0.9942;-0.565372;3.826273;0.536097;0.9858;-0.004;0.1677;-0.645993;3.968103;1.013521;0.9858;-0.004;0.1677;-0.400962;1.733571;-0.480643;0.9858;-0.004;0.1677;-0.396281;5.736393;0.449864;-0.6766;0.0267;-0.7358;-0.565372;3.826273;0.536097;-0.6766;0.0267;-0.7358;-0.851994;4.073853;0.808628;-0.6766;0.0267;-0.7358;-0.645993;3.968103;1.013521;-0.7251;-0.5045;0.4687;-0.851994;4.073853;0.808628;-0.7251;-0.5045;0.4687;-0.507134;2.076376;-0.807631;-0.7251;-0.5045;0.4687;-0.565372;3.826273;0.536097;0.0922;0.6084;-0.7883;-0.151994;2.042706;-0.792089;0.0922;0.6084;-0.7883;-0.507134;2.076376;-0.807631;0.0922;0.6084;-0.7883
5
SPREADER;5;0;0;0;7;6
INFO;NameId;312;DescId;313;price;32700;dpPerMin;0;range;3;placeSound;thud
LIFE;averagePop;7.0;averageLife;76.0;popFactors;2;0;0.3;breedMat;38.0;breedTime;27.489584;parentId;37;count;350;reqs;2;TRANSFORM;size;1.06;LIFE;type;2;enviroType;0;classification;pnm39;count;2;FALL_DEATH;fallTime;3;totalTime;5;fallenAngle;60;particleEffect;1;ExplodeTime;0.975;UseMaterial;0;Colour;1;Spawn;2;5;0;1;0;PPS;30;Speed;1.5;Gravity;0.3;Life;3;Scale;0.1;Colour;0.27959093;0.47991672;0.25372335;Additive;0;Alpha;1;FadeIn;0.1;FadeOut;0.8;HasDir;1;Dir;0;1;0;Varience;0.25;Offset;0;5;0;LifeError;0.4;ScaleError;0.3;SpeedError;0.4;RandRot;1;HasXRot;1;XRotSpeed;180;Stages;1;2;enviroReqCount;3;reqId;2;barren;0;goodBiomes;1;5;idealFactor;80;influence;0.8;reqId;5;likedSpecies;1;erl;influence;0.8;reqId;1;minAltitude;0;maxAltitude;70;influence;0.8
GROWTH;dynamic;0;growthTime;25.333334;modelStages;3;subStages;2
WOOD;cut time;5;bark factor;0.85;colour;0.450068;0.36722657;0.24877252
