2.7
ptj
0;1
4
-0.19093;-0.018083;-0.474703;0.347841;0.832304;0.312165;1
75;2
27;0.40591955;0.34926355;0.18437618;0.05
-0.014002;0.387336;-0.030926;0.8558;-0.1696;-0.4886;0.052696;0.832304;-0.068587;0.8558;-0.1696;-0.4886;0.010542;0.38883;0.011544;0.8558;-0.1696;-0.4886;0.010542;0.38883;0.011544;-0.0071;0.1784;0.9839;0.052696;0.832304;-0.068587;-0.0071;0.1784;0.9839;-0.037743;0.389282;0.011113;-0.0071;0.1784;0.9839;-0.037743;0.389282;0.011113;-0.8656;0.088;-0.4929;0.052696;0.832304;-0.068587;-0.8656;0.088;-0.4929;-0.014002;0.387336;-0.030926;-0.8656;0.088;-0.4929;-0.014002;0.387336;-0.030926;-0.8705;-0.0547;-0.4891;-0.025683;-0.015839;0.034968;-0.8705;-0.0547;-0.4891;-0.037743;0.389282;0.011113;-0.8705;-0.0547;-0.4891;0.010542;0.38883;0.011544;0.0049;0.0573;0.9983;-0.025683;-0.015839;0.034968;0.0049;0.0573;0.9983;0.035927;-0.018083;0.034792;0.0049;0.0573;0.9983;0.010542;0.38883;0.011544;0.8651;0.026;-0.5009;0.005273;-0.017216;-0.018682;0.8651;0.026;-0.5009;-0.014002;0.387336;-0.030926;0.8651;0.026;-0.5009;-0.014002;0.387336;-0.030926;-0.8654;-0.0563;-0.4979;0.005273;-0.017216;-0.018682;-0.8654;-0.0563;-0.4979;-0.025683;-0.015839;0.034968;-0.8654;-0.0563;-0.4979;0.010542;0.38883;0.011544;-0.0084;0.0585;0.9982;-0.037743;0.389282;0.011113;-0.0084;0.0585;0.9982;-0.025683;-0.015839;0.034968;-0.0084;0.0585;0.9982;0.010542;0.38883;0.011544;0.8674;0.0257;-0.4968;0.035927;-0.018083;0.034792;0.8674;0.0257;-0.4968;0.005273;-0.017216;-0.018682;0.8674;0.0257;-0.4968
48;0.37913123;0.57036847;0.34627518;0.1
0.167883;0.41534;-0.113958;0.2651;0.8498;0.4555;-0.072403;0.470145;-0.076336;0.2651;0.8498;0.4555;-0.19093;0.406568;0.111266;0.2651;0.8498;0.4555;-0.15;0.368885;-0.213738;0.0808;0.78;-0.6205;-0.072403;0.470145;-0.076336;0.0808;0.78;-0.6205;0.167883;0.41534;-0.113958;0.0808;0.78;-0.6205;-0.19093;0.406568;0.111266;-0.6591;0.733;-0.168;-0.072403;0.470145;-0.076336;-0.6591;0.733;-0.168;-0.15;0.368885;-0.213738;-0.6591;0.733;-0.168;-0.19093;0.406568;0.111266;0.1041;-0.9864;0.1275;-0.15;0.368885;-0.213738;0.1041;-0.9864;0.1275;0.167883;0.41534;-0.113958;0.1041;-0.9864;0.1275;0.166168;0.732267;-0.474703;0.5114;0.8566;-0.0681;0.052696;0.832304;-0.068587;0.5114;0.8566;-0.0681;0.275658;0.70013;-0.057011;0.5114;0.8566;-0.0681;0.275658;0.70013;-0.057011;0.4712;0.8227;0.3181;0.052696;0.832304;-0.068587;0.4712;0.8227;0.3181;0.040417;0.710615;0.264313;0.4712;0.8227;0.3181;0.040417;0.710615;0.264313;-0.3988;0.8659;0.3018;0.052696;0.832304;-0.068587;-0.3988;0.8659;0.3018;-0.176191;0.736443;-0.095954;-0.3988;0.8659;0.3018;-0.176191;0.736443;-0.095954;-0.3349;0.8889;-0.3125;0.052696;0.832304;-0.068587;-0.3349;0.8889;-0.3125;0.166168;0.732267;-0.474703;-0.3349;0.8889;-0.3125;0.275658;0.70013;-0.057011;-0.0751;-0.9955;-0.0569;-0.176191;0.736443;-0.095954;-0.0751;-0.9955;-0.0569;0.166168;0.732267;-0.474703;-0.0751;-0.9955;-0.0569;0.347841;0.534449;-0.018383;0.3324;0.9426;-0.0315;0.091761;0.626605;0.037179;0.3324;0.9426;-0.0315;0.271392;0.572447;0.312165;0.3324;0.9426;-0.0315;0.271392;0.572447;0.312165;-0.2861;0.8873;0.3616;0.091761;0.626605;0.037179;-0.2861;0.8873;0.3616;-0.044371;0.543258;0.133978;-0.2861;0.8873;0.3616;-0.044371;0.543258;0.133978;-0.595;0.7879;-0.1584;0.091761;0.626605;0.037179;-0.595;0.7879;-0.1584;0.063822;0.560237;-0.187927;-0.595;0.7879;-0.1584;0.063822;0.560237;-0.187927;0.2639;0.9158;-0.3027;0.091761;0.626605;0.037179;0.2639;0.9158;-0.3027;0.347841;0.534449;-0.018383;0.2639;0.9158;-0.3027;0.347841;0.534449;-0.018383;-0.0492;-0.9964;-0.0691;-0.044371;0.543258;0.133978;-0.0492;-0.9964;-0.0691;0.063822;0.560237;-0.187927;-0.0492;-0.9964;-0.0691;0.275658;0.70013;-0.057011;-0.078;-0.9966;-0.0245;0.040417;0.710615;0.264313;-0.078;-0.9966;-0.0245;-0.176191;0.736443;-0.095954;-0.078;-0.9966;-0.0245;0.347841;0.534449;-0.018383;0.0242;-0.9925;0.1197;0.271392;0.572447;0.312165;0.0242;-0.9925;0.1197;-0.044371;0.543258;0.133978;0.0242;-0.9925;0.1197
-0.858383;-0.022853;-1.012998;0.74857;2.590055;0.640475;3
189;2
63;0.40591955;0.34926355;0.18437618;0.03
-0.041586;0.787611;-0.069862;-0.982;-0.1219;-0.1441;-0.097781;1.274544;-0.098792;-0.982;-0.1219;-0.1441;-0.034999;0.840417;-0.159441;-0.982;-0.1219;-0.1441;-0.051133;-0.01353;0.056076;-0.9998;0.0161;-0.0111;-0.034999;0.840417;-0.159441;-0.9998;0.0161;-0.0111;-0.050102;-0.019777;-0.045617;-0.9998;0.0161;-0.0111;0.050408;-0.022853;0.004682;0.4573;0.1328;0.8794;-0.041586;0.787611;-0.069862;0.4573;0.1328;0.8794;-0.051133;-0.01353;0.056076;0.4573;0.1328;0.8794;0.050408;-0.022853;0.004682;0.4198;-0.1293;-0.8984;-0.034999;0.840417;-0.159441;0.4198;-0.1293;-0.8984;0.057368;0.806174;-0.11135;0.4198;-0.1293;-0.8984;-0.023048;1.281868;-0.096708;0.7683;0.0524;0.6379;0.052167;2.47862;-0.285627;0.7683;0.0524;0.6379;-0.071224;1.301475;-0.040296;0.7683;0.0524;0.6379;0.057368;0.806174;-0.11135;0.3913;-0.0304;0.9198;-0.071224;1.301475;-0.040296;0.3913;-0.0304;0.9198;-0.041586;0.787611;-0.069862;0.3913;-0.0304;0.9198;-0.034999;0.840417;-0.159441;0.4907;0.1096;-0.8644;-0.023048;1.281868;-0.096708;0.4907;0.1096;-0.8644;0.057368;0.806174;-0.11135;0.4907;0.1096;-0.8644;-0.071224;1.301475;-0.040296;-0.9244;0.1682;0.3422;0.052167;2.47862;-0.285627;-0.9244;0.1682;0.3422;-0.097781;1.274544;-0.098792;-0.9244;0.1682;0.3422;-0.041586;0.787611;-0.069862;-0.894;-0.077;0.4413;-0.071224;1.301475;-0.040296;-0.894;-0.077;0.4413;-0.097781;1.274544;-0.098792;-0.894;-0.077;0.4413;-0.051133;-0.01353;0.056076;-0.9973;4.0E-4;-0.0731;-0.041586;0.787611;-0.069862;-0.9973;4.0E-4;-0.0731;-0.034999;0.840417;-0.159441;-0.9973;4.0E-4;-0.0731;0.050408;-0.022853;0.004682;0.3633;0.1261;0.9231;0.057368;0.806174;-0.11135;0.3633;0.1261;0.9231;-0.041586;0.787611;-0.069862;0.3633;0.1261;0.9231;0.050408;-0.022853;0.004682;0.4409;-0.1253;-0.8887;-0.050102;-0.019777;-0.045617;0.4409;-0.1253;-0.8887;-0.034999;0.840417;-0.159441;0.4409;-0.1253;-0.8887;0.057368;0.806174;-0.11135;0.7745;0.1118;0.6226;-0.023048;1.281868;-0.096708;0.7745;0.1118;0.6226;-0.071224;1.301475;-0.040296;0.7745;0.1118;0.6226;-0.034999;0.840417;-0.159441;0.0139;0.1403;-0.99;-0.097781;1.274544;-0.098792;0.0139;0.1403;-0.99;-0.023048;1.281868;-0.096708;0.0139;0.1403;-0.99;-0.023048;1.281868;-0.096708;0.043;-0.1584;-0.9864;-0.097781;1.274544;-0.098792;0.043;-0.1584;-0.9864;0.052167;2.47862;-0.285627;0.043;-0.1584;-0.9864;-0.027779;1.488571;-0.126642;0.951;-0.2576;-0.1709;0.144134;1.828398;0.317921;0.951;-0.2576;-0.1709;-0.039585;1.428794;-0.102233;0.951;-0.2576;-0.1709;-0.039585;1.428794;-0.102233;-0.5753;-0.4521;0.6816;0.144134;1.828398;0.317921;-0.5753;-0.4521;0.6816;-0.069304;1.464667;-0.103524;-0.5753;-0.4521;0.6816;-0.069304;1.464667;-0.103524;-0.6013;0.7298;-0.3254;0.144134;1.828398;0.317921;-0.6013;0.7298;-0.3254;-0.027779;1.488571;-0.126642;-0.6013;0.7298;-0.3254;-0.052521;1.140949;-0.082981;-0.1049;0.574;0.8121;-0.497592;1.444932;-0.355345;-0.1049;0.574;0.8121;-0.063211;1.100829;-0.056004;-0.1049;0.574;0.8121;-0.063211;1.100829;-0.056004;-0.7116;-0.6329;0.305;-0.497592;1.444932;-0.355345;-0.7116;-0.6329;0.305;-0.063644;1.080146;-0.099934;-0.7116;-0.6329;0.305;-0.063644;1.080146;-0.099934;0.5765;0.1199;-0.8083;-0.497592;1.444932;-0.355345;0.5765;0.1199;-0.8083;-0.052521;1.140949;-0.082981;0.5765;0.1199;-0.8083
126;0.37913123;0.57036847;0.34627518;0.06
0.315743;0.992757;-0.238535;0.2827;0.9592;-0.0051;0.152758;1.041539;-0.09697;0.2827;0.9592;-0.0051;0.311907;0.995168;0.003555;0.2827;0.9592;-0.0051;0.152758;1.041539;-0.09697;-5.0E-4;0.9077;0.4195;0.079025;0.972833;0.051604;-5.0E-4;0.9077;0.4195;0.311907;0.995168;0.003555;-5.0E-4;0.9077;0.4195;-0.051551;1.005879;-0.080485;-0.2999;-0.9522;0.0583;0.178929;0.927929;-0.168031;-0.2999;-0.9522;0.0583;0.079025;0.972833;0.051604;-0.2999;-0.9522;0.0583;0.311907;0.995168;0.003555;0.4348;-0.9004;0.0159;0.178929;0.927929;-0.168031;0.4348;-0.9004;0.0159;0.315743;0.992757;-0.238535;0.4348;-0.9004;0.0159;0.152758;1.041539;-0.09697;-0.1884;0.8616;-0.4713;0.061227;0.93346;-0.257972;-0.1884;0.8616;-0.4713;-0.051551;1.005879;-0.080485;-0.1884;0.8616;-0.4713;-0.218362;1.325472;-0.363361;0.5115;-0.7465;0.4257;-0.34589;1.447036;0.003055;0.5115;-0.7465;0.4257;-0.564957;1.352561;0.10061;0.5115;-0.7465;0.4257;-0.564957;1.352561;0.10061;-0.3198;0.8355;0.4469;-0.645827;1.531966;-0.292662;-0.3198;0.8355;0.4469;-0.858383;1.320536;-0.049525;-0.3198;0.8355;0.4469;-0.645827;1.531966;-0.292662;-0.7998;0.5622;-0.2103;-0.719768;1.325851;-0.562483;-0.7998;0.5622;-0.2103;-0.858383;1.320536;-0.049525;-0.7998;0.5622;-0.2103;-0.858383;1.320536;-0.049525;0.057;-0.9933;0.1005;-0.218362;1.325472;-0.363361;0.057;-0.9933;0.1005;-0.564957;1.352561;0.10061;0.057;-0.9933;0.1005;-0.645827;1.531966;-0.292662;-0.3572;0.7869;-0.5032;-0.411193;1.465418;-0.563258;-0.3572;0.7869;-0.5032;-0.719768;1.325851;-0.562483;-0.3572;0.7869;-0.5032;0.178929;0.927929;-0.168031;0.2376;-0.8997;-0.3662;0.061227;0.93346;-0.257972;0.2376;-0.8997;-0.3662;0.315743;0.992757;-0.238535;0.2376;-0.8997;-0.3662;0.152758;1.041539;-0.09697;-0.132;0.923;0.3614;-0.051551;1.005879;-0.080485;-0.132;0.923;0.3614;0.079025;0.972833;0.051604;-0.132;0.923;0.3614;-0.051551;1.005879;-0.080485;-0.2279;-0.9436;0.2402;0.061227;0.93346;-0.257972;-0.2279;-0.9436;0.2402;0.178929;0.927929;-0.168031;-0.2279;-0.9436;0.2402;0.311907;0.995168;0.003555;0.1454;-0.9543;0.2612;0.079025;0.972833;0.051604;0.1454;-0.9543;0.2612;0.178929;0.927929;-0.168031;0.1454;-0.9543;0.2612;0.152758;1.041539;-0.09697;-0.1633;0.8596;-0.4842;0.315743;0.992757;-0.238535;-0.1633;0.8596;-0.4842;0.061227;0.93346;-0.257972;-0.1633;0.8596;-0.4842;-0.218362;1.325472;-0.363361;0.6173;0.7854;-0.0457;-0.411193;1.465418;-0.563258;0.6173;0.7854;-0.0457;-0.34589;1.447036;0.003055;0.6173;0.7854;-0.0457;-0.564957;1.352561;0.10061;-0.1838;0.8795;0.439;-0.34589;1.447036;0.003055;-0.1838;0.8795;0.439;-0.645827;1.531966;-0.292662;-0.1838;0.8795;0.439;-0.719768;1.325851;-0.562483;0.285;-0.6341;-0.7188;-0.411193;1.465418;-0.563258;0.285;-0.6341;-0.7188;-0.218362;1.325472;-0.363361;0.285;-0.6341;-0.7188;-0.858383;1.320536;-0.049525;0.003;-0.9999;-0.0095;-0.719768;1.325851;-0.562483;0.003;-0.9999;-0.0095;-0.218362;1.325472;-0.363361;0.003;-0.9999;-0.0095;-0.645827;1.531966;-0.292662;0.2726;0.9621;-2.0E-4;-0.34589;1.447036;0.003055;0.2726;0.9621;-2.0E-4;-0.411193;1.465418;-0.563258;0.2726;0.9621;-2.0E-4;0.440672;1.804949;0.366801;0.1607;0.9727;0.1674;0.060992;1.888415;0.24637;0.1607;0.9727;0.1674;0.14729;1.80631;0.640475;0.1607;0.9727;0.1674;0.060992;1.888415;0.24637;-0.3422;0.9021;0.2629;-0.224609;1.724947;0.435565;-0.3422;0.9021;0.2629;0.14729;1.80631;0.640475;-0.3422;0.9021;0.2629;-0.207406;1.821985;0.052419;-0.2806;-0.9274;-0.2475;0.309486;1.678812;0.002746;-0.2806;-0.9274;-0.2475;-0.224609;1.724947;0.435565;-0.2806;-0.9274;-0.2475;0.14729;1.80631;0.640475;0.2248;-0.9429;0.2457;0.309486;1.678812;0.002746;0.2248;-0.9429;0.2457;0.440672;1.804949;0.366801;0.2248;-0.9429;0.2457;0.060992;1.888415;0.24637;-0.026;0.9562;-0.2915;0.115688;1.786084;-0.094183;-0.026;0.9562;-0.2915;-0.207406;1.821985;0.052419;-0.026;0.9562;-0.2915;0.309486;1.678812;0.002746;0.5938;0.6697;-0.446;0.115688;1.786084;-0.094183;0.5938;0.6697;-0.446;0.440672;1.804949;0.366801;0.5938;0.6697;-0.446;0.060992;1.888415;0.24637;-0.3762;0.9021;0.2116;-0.207406;1.821985;0.052419;-0.3762;0.9021;0.2116;-0.224609;1.724947;0.435565;-0.3762;0.9021;0.2116;-0.207406;1.821985;0.052419;-0.28;-0.8709;-0.4039;0.115688;1.786084;-0.094183;-0.28;-0.8709;-0.4039;0.309486;1.678812;0.002746;-0.28;-0.8709;-0.4039;0.14729;1.80631;0.640475;0.0926;-0.9716;0.2178;-0.224609;1.724947;0.435565;0.0926;-0.9716;0.2178;0.309486;1.678812;0.002746;0.0926;-0.9716;0.2178;0.060992;1.888415;0.24637;0.2792;0.9311;-0.2349;0.440672;1.804949;0.366801;0.2792;0.9311;-0.2349;0.115688;1.786084;-0.094183;0.2792;0.9311;-0.2349;0.568919;2.235323;-0.758711;0.607;-0.7918;0.0684;0.74857;2.430497;-0.093835;0.607;-0.7918;0.0684;0.46451;2.253006;0.372092;0.607;-0.7918;0.0684;0.46451;2.253006;0.372092;0.1588;0.9069;0.3904;-0.015663;2.590055;-0.215562;0.1588;0.9069;0.3904;0.094751;2.235007;0.56434;0.1588;0.9069;0.3904;-0.015663;2.590055;-0.215562;-0.4602;0.7817;0.421;-0.506194;2.098711;0.160568;-0.4602;0.7817;0.421;0.094751;2.235007;0.56434;-0.4602;0.7817;0.421;-0.417695;2.205893;-0.728189;0.026;-0.9928;-0.1171;0.568919;2.235323;-0.758711;0.026;-0.9928;-0.1171;-0.506194;2.098711;0.160568;0.026;-0.9928;-0.1171;0.094751;2.235007;0.56434;0.0596;-0.998;0.0211;0.568919;2.235323;-0.758711;0.0596;-0.998;0.0211;0.46451;2.253006;0.372092;0.0596;-0.998;0.0211;-0.015663;2.590055;-0.215562;-0.5278;0.8245;-0.204;-0.00368;2.400455;-1.012998;-0.5278;0.8245;-0.204;-0.417695;2.205893;-0.728189;-0.5278;0.8245;-0.204;0.568919;2.235323;-0.758711;0.4015;0.8438;-0.3562;-0.00368;2.400455;-1.012998;0.4015;0.8438;-0.3562;0.74857;2.430497;-0.093835;0.4015;0.8438;-0.3562;0.46451;2.253006;0.372092;0.1216;0.9006;0.4172;0.74857;2.430497;-0.093835;0.1216;0.9006;0.4172;-0.015663;2.590055;-0.215562;0.1216;0.9006;0.4172;-0.015663;2.590055;-0.215562;-0.7014;0.7126;0.0161;-0.417695;2.205893;-0.728189;-0.7014;0.7126;0.0161;-0.506194;2.098711;0.160568;-0.7014;0.7126;0.0161;-0.417695;2.205893;-0.728189;0.0076;-0.8308;-0.5565;-0.00368;2.400455;-1.012998;0.0076;-0.8308;-0.5565;0.568919;2.235323;-0.758711;0.0076;-0.8308;-0.5565;0.094751;2.235007;0.56434;0.1796;-0.9817;0.0641;-0.506194;2.098711;0.160568;0.1796;-0.9817;0.0641;0.568919;2.235323;-0.758711;0.1796;-0.9817;0.0641;-0.015663;2.590055;-0.215562;0.233;0.9469;-0.2216;0.74857;2.430497;-0.093835;0.233;0.9469;-0.2216;-0.00368;2.400455;-1.012998;0.233;0.9469;-0.2216
-1.727303;-0.039205;-2.053839;1.394107;4.540189;1.313823;1.7;0;extraBounds;3;-1.53871;1.797198;-1.216393;1.227252;2.653502;0.290454;-0.86928;3.115071;-1.961369;1.319587;4.523288;1.033332;-0.11111;-0.055197;-0.296636;0.17109;3.953984;0.04852
264;2
108;0.40591955;0.34926355;0.18437618;0.02
-0.022337;1.48201;-0.161654;-0.9799;-0.1293;-0.1519;-0.120647;2.259529;-0.189315;-0.9799;-0.1293;-0.1519;-0.012691;1.566351;-0.295661;-0.9799;-0.1293;-0.1519;-0.037381;0.507454;0.055975;-0.9972;-0.0014;-0.0741;-0.012691;1.566351;-0.295661;-0.9972;-0.0014;-0.0741;-0.025166;0.445308;-0.107272;-0.9972;-0.0014;-0.0741;0.097093;0.370085;0.022495;0.4172;0.1919;0.8883;-0.022337;1.48201;-0.161654;0.4172;0.1919;0.8883;-0.037381;0.507454;0.055975;0.4172;0.1919;0.8883;0.097093;0.370085;0.022495;0.3833;-0.2044;-0.9007;-0.012691;1.566351;-0.295661;0.3833;-0.2044;-0.9007;0.127254;1.51144;-0.223655;0.3833;-0.2044;-0.9007;-0.012106;2.284784;-0.18648;0.7009;0.1181;0.7034;0.128045;3.379228;-0.509889;0.7009;0.1181;0.7034;-0.091662;2.323538;-0.113722;0.7009;0.1181;0.7034;0.127254;1.51144;-0.223655;0.3863;-0.0207;0.9221;-0.091662;2.323538;-0.113722;0.3863;-0.0207;0.9221;-0.022337;1.48201;-0.161654;0.3863;-0.0207;0.9221;-0.012691;1.566351;-0.295661;0.4936;0.1303;-0.8599;-0.012106;2.284784;-0.18648;0.4936;0.1303;-0.8599;0.127254;1.51144;-0.223655;0.4936;0.1303;-0.8599;-0.091662;2.323538;-0.113722;-0.6437;0.3827;0.6627;0.128045;3.379228;-0.509889;-0.6437;0.3827;0.6627;0.064169;3.38246;-0.573795;-0.6437;0.3827;0.6627;-0.012106;2.284784;-0.18648;-0.4198;-0.2759;-0.8647;0.064169;3.38246;-0.573795;-0.4198;-0.2759;-0.8647;0.176131;3.386175;-0.629338;-0.4198;-0.2759;-0.8647;-0.091662;2.323538;-0.113722;-0.9585;0.2199;0.1814;0.064169;3.38246;-0.573795;-0.9585;0.2199;0.1814;-0.120647;2.259529;-0.189315;-0.9585;0.2199;0.1814;0.176131;3.386175;-0.629338;0.9215;-0.1386;0.3629;0.179861;4.317646;-0.283118;0.9215;-0.1386;0.3629;0.128045;3.379228;-0.509889;0.9215;-0.1386;0.3629;-0.022337;1.48201;-0.161654;-0.8985;-0.0984;0.4278;-0.091662;2.323538;-0.113722;-0.8985;-0.0984;0.4278;-0.120647;2.259529;-0.189315;-0.8985;-0.0984;0.4278;-0.037381;0.507454;0.055975;-0.9974;-7.0E-4;-0.0723;-0.022337;1.48201;-0.161654;-0.9974;-7.0E-4;-0.0723;-0.012691;1.566351;-0.295661;-0.9974;-7.0E-4;-0.0723;0.097093;0.370085;0.022495;0.344;0.1893;0.9197;0.127254;1.51144;-0.223655;0.344;0.1893;0.9197;-0.022337;1.48201;-0.161654;0.344;0.1893;0.9197;0.097093;0.370085;0.022495;0.6836;-0.1283;-0.7185;-0.025166;0.445308;-0.107272;0.6836;-0.1283;-0.7185;-0.012691;1.566351;-0.295661;0.6836;-0.1283;-0.7185;-0.012106;2.284784;-0.18648;0.9278;-0.0086;0.373;0.176131;3.386175;-0.629338;0.9278;-0.0086;0.373;0.128045;3.379228;-0.509889;0.9278;-0.0086;0.373;0.127254;1.51144;-0.223655;0.6959;0.0912;0.7123;-0.012106;2.284784;-0.18648;0.6959;0.0912;0.7123;-0.091662;2.323538;-0.113722;0.6959;0.0912;0.7123;-0.012691;1.566351;-0.295661;-0.0091;0.1502;-0.9886;-0.120647;2.259529;-0.189315;-0.0091;0.1502;-0.9886;-0.012106;2.284784;-0.18648;-0.0091;0.1502;-0.9886;0.064169;3.38246;-0.573795;-0.7046;-0.1297;0.6977;0.128045;3.379228;-0.509889;-0.7046;-0.1297;0.6977;0.179861;4.317646;-0.283118;-0.7046;-0.1297;0.6977;-0.012106;2.284784;-0.18648;0.1029;-0.3373;-0.9357;-0.120647;2.259529;-0.189315;0.1029;-0.3373;-0.9357;0.064169;3.38246;-0.573795;0.1029;-0.3373;-0.9357;0.176131;3.386175;-0.629338;-0.43;0.3161;-0.8457;0.064169;3.38246;-0.573795;-0.43;0.3161;-0.8457;0.179861;4.317646;-0.283118;-0.43;0.3161;-0.8457;0.023946;2.657835;-0.305952;0.9738;-0.2189;-0.061;0.217231;3.326694;0.3793;0.9738;-0.2189;-0.061;0.003598;2.557137;-0.269504;0.9738;-0.2189;-0.061;0.003598;2.557137;-0.269504;-0.5752;-0.428;0.6971;0.217231;3.326694;0.3793;-0.5752;-0.428;0.6971;-0.042895;2.617188;-0.270997;-0.5752;-0.428;0.6971;-0.042895;2.617188;-0.270997;-0.6238;0.64;-0.4487;0.217231;3.326694;0.3793;-0.6238;0.64;-0.4487;0.023946;2.657835;-0.305952;-0.6238;0.64;-0.4487;-0.057893;2.119163;-0.172157;-0.1728;0.5764;0.7987;-0.954248;2.599887;-0.712976;-0.1728;0.5764;0.7987;-0.068971;2.052434;-0.126398;-0.1728;0.5764;0.7987;-0.068971;2.052434;-0.126398;-0.6461;-0.6858;0.3351;-0.954248;2.599887;-0.712976;-0.6461;-0.6858;0.3351;-0.070638;2.018205;-0.199661;-0.6461;-0.6858;0.3351;-0.070638;2.018205;-0.199661;0.5681;0.1488;-0.8094;-0.954248;2.599887;-0.712976;0.5681;0.1488;-0.8094;-0.057893;2.119163;-0.172157;0.5681;0.1488;-0.8094;0.010047;1.424897;-0.153257;-0.4548;0.7294;-0.511;0.772248;1.850657;-0.223822;-0.4548;0.7294;-0.511;0.015632;1.378919;-0.223856;-0.4548;0.7294;-0.511;0.015632;1.378919;-0.223856;0.3224;-0.517;-0.7929;0.772248;1.850657;-0.223822;0.3224;-0.517;-0.7929;0.024742;1.305624;-0.172358;0.3224;-0.517;-0.7929;0.024742;1.305624;-0.172358;0.1663;-0.1359;0.9767;0.772248;1.850657;-0.223822;0.1663;-0.1359;0.9767;0.010047;1.424897;-0.153257;0.1663;-0.1359;0.9767;0.097093;0.370085;0.022495;0.5122;0.0622;0.8566;-0.186824;-0.019913;0.220561;0.5122;0.0622;0.8566;0.205732;-0.039205;-0.012767;0.5122;0.0622;0.8566;-0.025166;0.445308;-0.107272;-0.9619;0.2236;-0.1571;-0.186824;-0.019913;0.220561;-0.9619;0.2236;-0.1571;-0.037381;0.507454;0.055975;-0.9619;0.2236;-0.1571;0.097093;0.370085;0.022495;0.7724;0.2435;-0.5866;-0.014277;-0.029236;-0.289883;0.7724;0.2435;-0.5866;-0.025166;0.445308;-0.107272;0.7724;0.2435;-0.5866;0.097093;0.370085;0.022495;0.3972;0.169;0.902;-0.037381;0.507454;0.055975;0.3972;0.169;0.902;-0.186824;-0.019913;0.220561;0.3972;0.169;0.902;-0.025166;0.445308;-0.107272;-0.9419;0.1016;-0.3202;-0.014277;-0.029236;-0.289883;-0.9419;0.1016;-0.3202;-0.186824;-0.019913;0.220561;-0.9419;0.1016;-0.3202;0.097093;0.370085;0.022495;0.762;0.2536;-0.5959;0.205732;-0.039205;-0.012767;0.762;0.2536;-0.5959;-0.014277;-0.029236;-0.289883;0.762;0.2536;-0.5959
156;0.37913123;0.57036847;0.34627518;0.04
0.668954;1.761001;-0.695578;0.1751;-0.9598;-0.2196;1.286999;1.843004;-0.561128;0.1751;-0.9598;-0.2196;1.372079;1.798252;-0.297668;0.1751;-0.9598;-0.2196;1.372079;1.798252;-0.297668;0.3057;0.9518;-0.0235;0.575488;2.061223;-0.007622;0.3057;0.9518;-0.0235;1.209468;1.860825;0.121778;0.3057;0.9518;-0.0235;0.575488;2.061223;-0.007622;0.0716;0.6909;0.7194;0.451811;1.797529;0.257942;0.0716;0.6909;0.7194;1.209468;1.860825;0.121778;0.0716;0.6909;0.7194;0.081777;1.891176;-0.11638;-0.2308;-0.9729;-0.0153;0.668954;1.761001;-0.695578;-0.2308;-0.9729;-0.0153;0.451811;1.797529;0.257942;-0.2308;-0.9729;-0.0153;1.209468;1.860825;0.121778;-0.0255;-0.9901;0.1378;0.668954;1.761001;-0.695578;-0.0255;-0.9901;0.1378;1.372079;1.798252;-0.297668;-0.0255;-0.9901;0.1378;0.575488;2.061223;-0.007622;-0.2756;0.9371;-0.2142;0.217652;1.821484;-0.596024;-0.2756;0.9371;-0.2142;0.081777;1.891176;-0.11638;-0.2756;0.9371;-0.2142;-0.029175;2.490202;-0.667794;0.4946;-0.8026;0.3335;-0.464191;2.536572;0.088953;0.4946;-0.8026;0.3335;-0.92884;2.336188;0.29587;0.4946;-0.8026;0.3335;-0.92884;2.336188;0.29587;-0.1593;0.8854;0.4367;-1.100367;2.716712;-0.538273;-0.1593;0.8854;0.4367;-1.605323;2.303944;0.11454;-0.1593;0.8854;0.4367;-1.100367;2.716712;-0.538273;-0.6585;0.7518;-0.034;-1.727303;2.16199;-0.660811;-0.6585;0.7518;-0.034;-1.605323;2.303944;0.11454;-0.6585;0.7518;-0.034;-1.005697;2.398258;-1.268766;0.1869;-0.9701;-0.1552;-0.029175;2.490202;-0.667794;0.1869;-0.9701;-0.1552;-1.727303;2.16199;-0.660811;0.1869;-0.9701;-0.1552;-1.605323;2.303944;0.11454;0.0719;-0.9932;-0.0916;-0.029175;2.490202;-0.667794;0.0719;-0.9932;-0.0916;-0.92884;2.336188;0.29587;0.0719;-0.9932;-0.0916;-1.100367;2.716712;-0.538273;-0.2506;0.8751;-0.414;-0.521277;2.600664;-1.134077;-0.2506;0.8751;-0.414;-1.005697;2.398258;-1.268766;-0.2506;0.8751;-0.414;0.668954;1.761001;-0.695578;-2.0E-4;0.8542;-0.52;0.217652;1.821484;-0.596024;-2.0E-4;0.8542;-0.52;1.286999;1.843004;-0.561128;-2.0E-4;0.8542;-0.52;1.372079;1.798252;-0.297668;0.3305;0.9423;0.0533;1.286999;1.843004;-0.561128;0.3305;0.9423;0.0533;0.575488;2.061223;-0.007622;0.3305;0.9423;0.0533;0.575488;2.061223;-0.007622;-0.3775;0.739;0.558;0.081777;1.891176;-0.11638;-0.3775;0.739;0.558;0.451811;1.797529;0.257942;-0.3775;0.739;0.558;0.081777;1.891176;-0.11638;-0.1074;-0.9878;0.1131;0.217652;1.821484;-0.596024;-0.1074;-0.9878;0.1131;0.668954;1.761001;-0.695578;-0.1074;-0.9878;0.1131;1.209468;1.860825;0.121778;0.0937;-0.9938;0.0594;0.451811;1.797529;0.257942;0.0937;-0.9938;0.0594;0.668954;1.761001;-0.695578;0.0937;-0.9938;0.0594;0.575488;2.061223;-0.007622;-0.0065;0.9274;-0.3739;1.286999;1.843004;-0.561128;-0.0065;0.9274;-0.3739;0.217652;1.821484;-0.596024;-0.0065;0.9274;-0.3739;-0.029175;2.490202;-0.667794;0.1798;0.9828;0.0431;-0.521277;2.600664;-1.134077;0.1798;0.9828;0.0431;-0.464191;2.536572;0.088953;0.1798;0.9828;0.0431;-0.92884;2.336188;0.29587;-0.1838;0.8795;0.439;-0.464191;2.536572;0.088953;-0.1838;0.8795;0.439;-1.100367;2.716712;-0.538273;-0.1838;0.8795;0.439;-1.100367;2.716712;-0.538273;-0.5663;0.7261;-0.3899;-1.005697;2.398258;-1.268766;-0.5663;0.7261;-0.3899;-1.727303;2.16199;-0.660811;-0.5663;0.7261;-0.3899;-1.005697;2.398258;-1.268766;0.4429;-0.647;-0.6207;-0.521277;2.600664;-1.134077;0.4429;-0.647;-0.6207;-0.029175;2.490202;-0.667794;0.4429;-0.647;-0.6207;-1.605323;2.303944;0.11454;0.1883;-0.9709;0.1481;-1.727303;2.16199;-0.660811;0.1883;-0.9709;0.1481;-0.029175;2.490202;-0.667794;0.1883;-0.9709;0.1481;-1.100367;2.716712;-0.538273;0.2356;0.971;0.0399;-0.464191;2.536572;0.088953;0.2356;0.971;0.0399;-0.521277;2.600664;-1.134077;0.2356;0.971;0.0399;-1.010297;3.756092;-0.697477;-0.6909;0.7226;-0.0213;-0.602182;4.184947;0.616625;-0.6909;0.7226;-0.0213;-0.664326;4.062969;-1.509082;-0.6909;0.7226;-0.0213;-0.602182;4.184947;0.616625;-0.2553;-0.893;0.3707;-1.010297;3.756092;-0.697477;-0.2553;-0.893;0.3707;0.47132;4.014328;0.944936;-0.2553;-0.893;0.3707;-1.010297;3.756092;-0.697477;-0.6545;-0.5715;-0.4951;-0.664326;4.062969;-1.509082;-0.6545;-0.5715;-0.4951;-0.006502;3.781537;-2.053839;-0.6545;-0.5715;-0.4951;-1.010297;3.756092;-0.697477;0.0045;-0.9999;-0.0155;-0.006502;3.781537;-2.053839;0.0045;-0.9999;-0.0155;1.304795;3.782642;-1.746166;0.0045;-0.9999;-0.0155;-1.010297;3.756092;-0.697477;0.0583;-0.9929;0.1035;1.304795;3.782642;-1.746166;0.0583;-0.9929;0.1035;0.47132;4.014328;0.944936;0.0583;-0.9929;0.1035;-0.602182;4.184947;0.616625;1.0E-4;0.8875;0.4608;0.47132;4.014328;0.944936;1.0E-4;0.8875;0.4608;0.531109;4.540189;-0.067866;1.0E-4;0.8875;0.4608;-0.664326;4.062969;-1.509082;-0.7208;0.6929;-0.0187;-0.602182;4.184947;0.616625;-0.7208;0.6929;-0.0187;-0.399937;4.364908;-0.510626;-0.7208;0.6929;-0.0187;-0.006502;3.781537;-2.053839;-0.194;0.7562;-0.6249;-0.664326;4.062969;-1.509082;-0.194;0.7562;-0.6249;0.567485;4.092278;-1.856012;-0.194;0.7562;-0.6249;1.304795;3.782642;-1.746166;0.2239;0.1944;-0.955;-0.006502;3.781537;-2.053839;0.2239;0.1944;-0.955;0.567485;4.092278;-1.856012;0.2239;0.1944;-0.955;0.47132;4.014328;0.944936;0.4402;-0.8727;0.2115;1.304795;3.782642;-1.746166;0.4402;-0.8727;0.2115;1.394107;4.21572;-0.144842;0.4402;-0.8727;0.2115;-0.602182;4.184947;0.616625;-0.235;0.9655;0.112;0.531109;4.540189;-0.067866;-0.235;0.9655;0.112;-0.399937;4.364908;-0.510626;-0.235;0.9655;0.112;-0.664326;4.062969;-1.509082;-0.0973;0.9595;-0.2644;-0.399937;4.364908;-0.510626;-0.0973;0.9595;-0.2644;0.567485;4.092278;-1.856012;-0.0973;0.9595;-0.2644;1.304795;3.782642;-1.746166;0.4065;0.876;-0.2596;0.567485;4.092278;-1.856012;0.4065;0.876;-0.2596;1.394107;4.21572;-0.144842;0.4065;0.876;-0.2596;0.47132;4.014328;0.944936;0.3494;0.823;0.4479;1.394107;4.21572;-0.144842;0.3494;0.823;0.4479;0.531109;4.540189;-0.067866;0.3494;0.823;0.4479;-0.399937;4.364908;-0.510626;-0.0663;0.9676;-0.2437;0.531109;4.540189;-0.067866;-0.0663;0.9676;-0.2437;0.567485;4.092278;-1.856012;-0.0663;0.9676;-0.2437;0.531109;4.540189;-0.067866;0.3255;0.9187;-0.2235;1.394107;4.21572;-0.144842;0.3255;0.9187;-0.2235;0.567485;4.092278;-1.856012;0.3255;0.9187;-0.2235;0.648669;3.06144;-0.305229;0.2022;-0.9773;0.0625;1.081169;3.196861;0.413293;0.2022;-0.9773;0.0625;0.892395;3.195135;0.997138;0.2022;-0.9773;0.0625;0.892395;3.195135;0.997138;0.1835;0.9696;0.1618;0.142436;3.430514;0.437397;0.1835;0.9696;0.1618;0.334348;3.247927;1.313823;0.1835;0.9696;0.1618;0.142436;3.430514;0.437397;-0.2476;0.9363;0.2493;-0.492693;3.150541;0.858136;-0.2476;0.9363;0.2493;0.334348;3.247927;1.313823;-0.2476;0.9363;0.2493;-0.454439;3.282785;0.006081;-0.2373;-0.9583;-0.1594;0.648669;3.06144;-0.305229;-0.2373;-0.9583;-0.1594;-0.492693;3.150541;0.858136;-0.2373;-0.9583;-0.1594;0.334348;3.247927;1.313823;-0.0326;-0.9936;0.1081;0.648669;3.06144;-0.305229;-0.0326;-0.9936;0.1081;0.892395;3.195135;0.997138;-0.0326;-0.9936;0.1081;0.142436;3.430514;0.437397;-0.0363;0.9597;-0.2785;0.208326;3.180265;-0.433471;-0.0363;0.9597;-0.2785;-0.454439;3.282785;0.006081;-0.0363;0.9597;-0.2785;0.648669;3.06144;-0.305229;0.3407;0.8651;-0.3681;0.208326;3.180265;-0.433471;0.3407;0.8651;-0.3681;1.081169;3.196861;0.413293;0.3407;0.8651;-0.3681;0.892395;3.195135;0.997138;0.2427;0.9667;0.0813;1.081169;3.196861;0.413293;0.2427;0.9667;0.0813;0.142436;3.430514;0.437397;0.2427;0.9667;0.0813;0.142436;3.430514;0.437397;-0.3261;0.9362;0.1307;-0.454439;3.282785;0.006081;-0.3261;0.9362;0.1307;-0.492693;3.150541;0.858136;-0.3261;0.9362;0.1307;-0.454439;3.282785;0.006081;-0.2269;-0.9669;-0.1167;0.208326;3.180265;-0.433471;-0.2269;-0.9669;-0.1167;0.648669;3.06144;-0.305229;-0.2269;-0.9669;-0.1167;0.334348;3.247927;1.313823;0.0486;-0.9911;0.1236;-0.492693;3.150541;0.858136;0.0486;-0.9911;0.1236;0.648669;3.06144;-0.305229;0.0486;-0.9911;0.1236;0.142436;3.430514;0.437397;0.2276;0.9403;-0.253;1.081169;3.196861;0.413293;0.2276;0.9403;-0.253;0.208326;3.180265;-0.433471;0.2276;0.9403;-0.253
-2.768652;-0.030776;-3.585905;2.640488;6.867805;2.714893;1.5;0;extraBounds;5;0.147888;1.955797;-1.096229;2.448145;2.60838;0.603893;-1.588045;5.829177;-3.466614;2.218159;6.808825;1.735677;-1.164983;4.197364;-1.248557;1.825315;4.980591;2.533453;-2.594655;2.964272;-2.722872;0.357344;3.631168;-0.269023;-0.216422;-0.042506;-0.365815;0.198206;5.982061;0.108902
615;2
183;0.40591955;0.34926355;0.18437618;0.01
0.005216;0.509012;-0.033702;0.6549;0.3629;-0.6629;0.31269;-0.030776;-0.025424;0.6549;0.3629;-0.6629;0.005216;-0.030776;-0.329159;0.6549;0.3629;-0.6629;0.31269;-0.030776;-0.025424;0.6941;0.1301;0.708;0.005216;0.509012;0.176839;0.6941;0.1301;0.708;0.005216;-0.030776;0.276027;0.6941;0.1301;0.708;-0.117928;0.768069;0.071518;-0.5674;0.1826;0.8029;0.001709;1.823583;-0.083916;-0.5674;0.1826;0.8029;-0.160005;2.044744;-0.24848;-0.5674;0.1826;0.8029;0.005216;0.509012;0.176839;-0.7707;0.1152;0.6267;-0.239921;-0.030776;-0.025424;-0.7707;0.1152;0.6267;0.005216;-0.030776;0.276027;-0.7707;0.1152;0.6267;-0.239921;-0.030776;-0.025424;-0.7359;0.3251;-0.5939;0.005216;0.509012;-0.033702;-0.7359;0.3251;-0.5939;0.005216;-0.030776;-0.329159;-0.7359;0.3251;-0.5939;-0.160005;2.044744;-0.24848;-0.6432;0.0177;-0.7655;-0.183915;3.043856;-0.205277;-0.6432;0.0177;-0.7655;-0.029341;2.112839;-0.356709;-0.6432;0.0177;-0.7655;-0.117928;0.768069;0.071518;-0.7937;-0.1365;-0.5928;-0.029341;2.112839;-0.356709;-0.7937;-0.1365;-0.5928;0.005216;0.509012;-0.033702;-0.7937;-0.1365;-0.5928;0.069917;0.88939;0.071518;0.4071;0.1788;0.8957;0.001709;1.823583;-0.083916;0.4071;0.1788;0.8957;0.005216;0.509012;0.176839;0.4071;0.1788;0.8957;0.069917;0.88939;0.071518;0.3756;-0.2789;-0.8838;-0.029341;2.112839;-0.356709;0.3756;-0.2789;-0.8838;0.186215;2.040693;-0.242332;0.3756;-0.2789;-0.8838;-0.001323;3.078436;-0.156952;0.7751;0.0465;0.6301;0.150287;4.198667;-0.426097;0.7751;0.0465;0.6301;-0.106593;3.096171;-0.028755;0.7751;0.0465;0.6301;0.186215;2.040693;-0.242332;0.6371;0.0208;0.7705;-0.106593;3.096171;-0.028755;0.6371;0.0208;0.7705;0.001709;1.823583;-0.083916;0.6371;0.0208;0.7705;-0.160005;2.044744;-0.24848;-0.8873;-0.0507;0.4584;-0.106593;3.096171;-0.028755;-0.8873;-0.0507;0.4584;-0.159066;3.171618;-0.121974;-0.8873;-0.0507;0.4584;-0.029341;2.112839;-0.356709;0.5041;0.1609;-0.8485;-0.001323;3.078436;-0.156952;0.5041;0.1609;-0.8485;0.186215;2.040693;-0.242332;0.5041;0.1609;-0.8485;0.060103;4.513719;-0.527405;-0.6043;0.0381;0.7959;0.250485;6.210789;-0.464041;-0.6043;0.0381;0.7959;0.18178;6.2227;-0.516779;-0.6043;0.0381;0.7959;-0.159066;3.171618;-0.121974;-0.0413;0.2951;0.9546;0.150287;4.198667;-0.426097;-0.0413;0.2951;0.9546;0.060103;4.513719;-0.527405;-0.0413;0.2951;0.9546;-0.001323;3.078436;-0.156952;0.2262;-0.3784;-0.8976;-0.019386;4.166845;-0.620393;0.2262;-0.3784;-0.8976;0.310437;4.37587;-0.625385;0.2262;-0.3784;-0.8976;-0.159066;3.171618;-0.121974;-0.9858;0.1615;0.0463;-0.019386;4.166845;-0.620393;-0.9858;0.1615;0.0463;-0.183915;3.043856;-0.205277;-0.9858;0.1615;0.0463;0.310437;4.37587;-0.625385;0.3282;0.0406;-0.9437;0.204232;6.194922;-0.584055;0.3282;0.0406;-0.9437;0.359569;6.195508;-0.530002;0.3282;0.0406;-0.9437;0.060103;4.513719;-0.527405;-0.8994;0.0915;0.4275;0.204232;6.194922;-0.584055;-0.8994;0.0915;0.4275;-0.019386;4.166845;-0.620393;-0.8994;0.0915;0.4275;0.310437;4.37587;-0.625385;0.7911;-0.0279;0.611;0.250485;6.210789;-0.464041;0.7911;-0.0279;0.611;0.150287;4.198667;-0.426097;0.7911;-0.0279;0.611;0.005216;0.509012;-0.033702;0.3603;0.1913;-0.913;0.069917;0.88939;0.071518;0.3603;0.1913;-0.913;0.31269;-0.030776;-0.025424;0.3603;0.1913;-0.913;0.31269;-0.030776;-0.025424;0.658;0.0949;0.747;0.069917;0.88939;0.071518;0.658;0.0949;0.747;0.005216;0.509012;0.176839;0.658;0.0949;0.747;-0.117928;0.768069;0.071518;-0.3967;0.1776;0.9006;0.005216;0.509012;0.176839;-0.3967;0.1776;0.9006;0.001709;1.823583;-0.083916;-0.3967;0.1776;0.9006;0.005216;0.509012;0.176839;-0.6434;0.0054;0.7655;-0.117928;0.768069;0.071518;-0.6434;0.0054;0.7655;-0.239921;-0.030776;-0.025424;-0.6434;0.0054;0.7655;-0.239921;-0.030776;-0.025424;-0.4069;0.171;-0.8973;-0.117928;0.768069;0.071518;-0.4069;0.171;-0.8973;0.005216;0.509012;-0.033702;-0.4069;0.171;-0.8973;-0.160005;2.044744;-0.24848;-0.9406;-0.0371;0.3375;-0.159066;3.171618;-0.121974;-0.9406;-0.0371;0.3375;-0.183915;3.043856;-0.205277;-0.9406;-0.0371;0.3375;-0.117928;0.768069;0.071518;-0.5518;-0.2198;-0.8045;-0.160005;2.044744;-0.24848;-0.5518;-0.2198;-0.8045;-0.029341;2.112839;-0.356709;-0.5518;-0.2198;-0.8045;0.069917;0.88939;0.071518;0.5127;0.1772;0.8401;0.186215;2.040693;-0.242332;0.5127;0.1772;0.8401;0.001709;1.823583;-0.083916;0.5127;0.1772;0.8401;0.069917;0.88939;0.071518;0.9268;-0.0549;-0.3716;0.005216;0.509012;-0.033702;0.9268;-0.0549;-0.3716;-0.029341;2.112839;-0.356709;0.9268;-0.0549;-0.3716;-0.001323;3.078436;-0.156952;0.7537;0.0553;0.6549;0.310437;4.37587;-0.625385;0.7537;0.0553;0.6549;0.150287;4.198667;-0.426097;0.7537;0.0553;0.6549;0.186215;2.040693;-0.242332;0.7758;0.0888;0.6247;-0.001323;3.078436;-0.156952;0.7758;0.0888;0.6247;-0.106593;3.096171;-0.028755;0.7758;0.0888;0.6247;-0.160005;2.044744;-0.24848;-0.7697;-0.0929;0.6316;0.001709;1.823583;-0.083916;-0.7697;-0.0929;0.6316;-0.106593;3.096171;-0.028755;-0.7697;-0.0929;0.6316;-0.029341;2.112839;-0.356709;0.217;0.1917;-0.9572;-0.183915;3.043856;-0.205277;0.217;0.1917;-0.9572;-0.001323;3.078436;-0.156952;0.217;0.1917;-0.9572;0.060103;4.513719;-0.527405;-0.6685;0.0473;0.7422;0.150287;4.198667;-0.426097;-0.6685;0.0473;0.7422;0.250485;6.210789;-0.464041;-0.6685;0.0473;0.7422;-0.159066;3.171618;-0.121974;-0.6319;0.3889;0.6704;-0.106593;3.096171;-0.028755;-0.6319;0.3889;0.6704;0.150287;4.198667;-0.426097;-0.6319;0.3889;0.6704;-0.001323;3.078436;-0.156952;0.3025;-0.3692;-0.8788;-0.183915;3.043856;-0.205277;0.3025;-0.3692;-0.8788;-0.019386;4.166845;-0.620393;0.3025;-0.3692;-0.8788;-0.159066;3.171618;-0.121974;-0.9747;0.1932;0.1126;0.060103;4.513719;-0.527405;-0.9747;0.1932;0.1126;-0.019386;4.166845;-0.620393;-0.9747;0.1932;0.1126;0.310437;4.37587;-0.625385;-0.0285;0.021;-0.9994;-0.019386;4.166845;-0.620393;-0.0285;0.021;-0.9994;0.204232;6.194922;-0.584055;-0.0285;0.021;-0.9994;0.060103;4.513719;-0.527405;-0.9374;0.0689;-0.3413;0.18178;6.2227;-0.516779;-0.9374;0.0689;-0.3413;0.204232;6.194922;-0.584055;-0.9374;0.0689;-0.3413;0.310437;4.37587;-0.625385;0.5105;-0.0588;0.8579;0.359569;6.195508;-0.530002;0.5105;-0.0588;0.8579;0.250485;6.210789;-0.464041;0.5105;-0.0588;0.8579;0.244992;3.78058;0.25056;0.9013;-0.0122;-0.4331;0.823641;4.771053;1.426904;0.9013;-0.0122;-0.4331;0.260999;3.667538;0.287052;0.9013;-0.0122;-0.4331;0.260999;3.667538;0.287052;-0.1875;-0.6578;0.7294;0.823641;4.771053;1.426904;-0.1875;-0.6578;0.7294;0.158803;3.7248;0.312417;-0.1875;-0.6578;0.7294;0.158803;3.7248;0.312417;-0.6532;0.7062;-0.2733;0.823641;4.771053;1.426904;-0.6532;0.7062;-0.2733;0.244992;3.78058;0.25056;-0.6532;0.7062;-0.2733;-0.847221;2.715106;-0.53903;-0.506;0.5226;0.6862;-1.440402;3.302469;-1.423774;-0.506;0.5226;0.6862;-0.890596;2.619243;-0.498002;-0.506;0.5226;0.6862;-0.890596;2.619243;-0.498002;-0.7134;-0.6951;-0.0893;-1.440402;3.302469;-1.423774;-0.7134;-0.6951;-0.0893;-0.838763;2.577734;-0.58902;-0.7134;-0.6951;-0.0893;-0.838763;2.577734;-0.58902;0.8712;0.2144;-0.4417;-1.440402;3.302469;-1.423774;0.8712;0.2144;-0.4417;-0.847221;2.715106;-0.53903;0.8712;0.2144;-0.4417;0.004174;1.930323;-0.098152;-0.1938;0.8442;-0.4998;1.936501;2.267281;-0.278274;-0.1938;0.8442;-0.4998;0.016781;1.86222;-0.218076;-0.1938;0.8442;-0.4998;0.016781;1.86222;-0.218076;0.1068;-0.6214;-0.7762;1.936501;2.267281;-0.278274;0.1068;-0.6214;-0.7762;0.040068;1.757488;-0.131031;0.1068;-0.6214;-0.7762;0.040068;1.757488;-0.131031;0.1195;-0.1615;0.9796;1.936501;2.267281;-0.278274;0.1195;-0.1615;0.9796;0.004174;1.930323;-0.098152;0.1195;-0.1615;0.9796;-0.847221;2.715106;-0.53903;0.3696;0.3378;-0.8656;-0.060358;2.607917;-0.24493;0.3696;0.3378;-0.8656;-0.838763;2.577734;-0.58902;0.3696;0.3378;-0.8656;-0.838763;2.577734;-0.58902;-0.1752;-0.9296;0.3242;-0.103054;2.597118;-0.135925;-0.1752;-0.9296;0.3242;-0.890596;2.619243;-0.498002;-0.1752;-0.9296;0.3242;-0.847221;2.715106;-0.53903;-0.4684;0.0578;0.8816;-0.103054;2.597118;-0.135925;-0.4684;0.0578;0.8816;-0.108121;2.714395;-0.146303;-0.4684;0.0578;0.8816;0.244992;3.78058;0.25056;-0.5558;0.8309;-0.0252;-0.051224;3.567038;-0.257067;-0.5558;0.8309;-0.0252;0.158803;3.7248;0.312417;-0.5558;0.8309;-0.0252;0.260999;3.667538;0.287052;-0.3807;-0.8454;0.3746;-0.051224;3.567038;-0.257067;-0.3807;-0.8454;0.3746;0.050973;3.509776;-0.282433;-0.3807;-0.8454;0.3746;0.244992;3.78058;0.25056;0.9363;0.0194;-0.3507;0.050973;3.509776;-0.282433;0.9363;0.0194;-0.3507;0.034966;3.622818;-0.318924;0.9363;0.0194;-0.3507;-0.847221;2.715106;-0.53903;0.3277;0.7169;-0.6153;-0.108121;2.714395;-0.146303;0.3277;0.7169;-0.6153;-0.060358;2.607917;-0.24493;0.3277;0.7169;-0.6153;-0.838763;2.577734;-0.58902;0.07;-0.995;-0.0712;-0.060358;2.607917;-0.24493;0.07;-0.995;-0.0712;-0.103054;2.597118;-0.135925;0.07;-0.995;-0.0712;-0.847221;2.715106;-0.53903;-0.3506;0.4981;0.7931;-0.890596;2.619243;-0.498002;-0.3506;0.4981;0.7931;-0.103054;2.597118;-0.135925;-0.3506;0.4981;0.7931;0.244992;3.78058;0.25056;-0.5558;0.8309;-0.0252;0.034966;3.622818;-0.318924;-0.5558;0.8309;-0.0252;-0.051224;3.567038;-0.257067;-0.5558;0.8309;-0.0252;0.260999;3.667538;0.287052;-0.3807;-0.8454;0.3746;0.158803;3.7248;0.312417;-0.3807;-0.8454;0.3746;-0.051224;3.567038;-0.257067;-0.3807;-0.8454;0.3746;0.244992;3.78058;0.25056;0.9363;0.0194;-0.3507;0.260999;3.667538;0.287052;0.9363;0.0194;-0.3507;0.050973;3.509776;-0.282433;0.9363;0.0194;-0.3507
432;0.37913123;0.57036847;0.34627518;0.02
0.207804;6.036787;2.149133;0.022;0.9626;0.2701;1.837409;6.142942;1.638157;0.022;0.9626;0.2701;-0.990799;6.368137;1.0659;0.022;0.9626;0.2701;1.837409;6.142942;1.638157;0.113;-0.9812;0.1566;0.207804;6.036787;2.149133;0.113;-0.9812;0.1566;2.335919;5.771823;-1.047617;0.113;-0.9812;0.1566;0.207804;6.036787;2.149133;-0.5674;-0.7145;0.4093;-0.990799;6.368137;1.0659;-0.5674;-0.7145;0.4093;-1.735668;6.092247;-0.44824;-0.5674;-0.7145;0.4093;0.207804;6.036787;2.149133;-0.0788;-0.9962;0.0377;-1.735668;6.092247;-0.44824;-0.0788;-0.9962;0.0377;-0.5597;5.88068;-3.585905;-0.0788;-0.9962;0.0377;0.207804;6.036787;2.149133;-0.0694;-0.9969;0.0364;-0.5597;5.88068;-3.585905;-0.0694;-0.9969;0.0364;2.335919;5.771823;-1.047617;-0.0694;-0.9969;0.0364;1.837409;6.142942;1.638157;0.7652;0.6416;0.0534;2.335919;5.771823;-1.047617;0.7652;0.6416;0.0534;1.525953;6.785891;-1.625471;0.7652;0.6416;0.0534;-0.990799;6.368137;1.0659;-0.0135;0.9059;0.4232;1.837409;6.142942;1.638157;-0.0135;0.9059;0.4232;0.823295;6.72405;0.362003;-0.0135;0.9059;0.4232;-1.735668;6.092247;-0.44824;-0.5371;0.836;0.1119;-0.990799;6.368137;1.0659;-0.5371;0.836;0.1119;-0.623898;6.867805;-0.906227;-0.5371;0.836;0.1119;-0.5597;5.88068;-3.585905;-0.7324;-0.6404;-0.2313;-1.735668;6.092247;-0.44824;-0.7324;-0.6404;-0.2313;-1.326048;6.401195;-2.60062;-0.7324;-0.6404;-0.2313;2.335919;5.771823;-1.047617;0.1387;-0.97;-0.1998;-0.5597;5.88068;-3.585905;0.1387;-0.97;-0.1998;1.45619;6.148616;-3.487477;0.1387;-0.97;-0.1998;1.837409;6.142942;1.638157;0.3427;0.9274;0.15;1.525953;6.785891;-1.625471;0.3427;0.9274;0.15;0.823295;6.72405;0.362003;0.3427;0.9274;0.15;-0.990799;6.368137;1.0659;-0.1022;0.9687;0.2264;0.823295;6.72405;0.362003;-0.1022;0.9687;0.2264;-0.623898;6.867805;-0.906227;-0.1022;0.9687;0.2264;-1.735668;6.092247;-0.44824;-0.5694;0.822;0.0096;-0.623898;6.867805;-0.906227;-0.5694;0.822;0.0096;-1.326048;6.401195;-2.60062;-0.5694;0.822;0.0096;-0.5597;5.88068;-3.585905;-0.0878;0.851;-0.5179;-1.326048;6.401195;-2.60062;-0.0878;0.851;-0.5179;1.45619;6.148616;-3.487477;-0.0878;0.851;-0.5179;2.335919;5.771823;-1.047617;0.819;0.5328;-0.213;1.45619;6.148616;-3.487477;0.819;0.5328;-0.213;1.525953;6.785891;-1.625471;0.819;0.5328;-0.213;0.823295;6.72405;0.362003;-0.1908;0.9809;-0.0369;1.525953;6.785891;-1.625471;-0.1908;0.9809;-0.0369;0.299057;6.519554;-2.361669;-0.1908;0.9809;-0.0369;-0.623898;6.867805;-0.906227;0.1936;0.9748;-0.1105;0.823295;6.72405;0.362003;0.1936;0.9748;-0.1105;0.299057;6.519554;-2.361669;0.1936;0.9748;-0.1105;-1.326048;6.401195;-2.60062;-0.0333;0.967;-0.2525;-0.623898;6.867805;-0.906227;-0.0333;0.967;-0.2525;0.299057;6.519554;-2.361669;-0.0333;0.967;-0.2525;1.45619;6.148616;-3.487477;-0.02;0.9433;-0.3313;-1.326048;6.401195;-2.60062;-0.02;0.9433;-0.3313;0.299057;6.519554;-2.361669;-0.02;0.9433;-0.3313;1.525953;6.785891;-1.625471;-0.0113;0.9462;-0.3234;1.45619;6.148616;-3.487477;-0.0113;0.9462;-0.3234;0.299057;6.519554;-2.361669;-0.0113;0.9462;-0.3234;-1.338423;4.229397;1.072131;-0.4451;0.8934;0.0615;-0.909891;4.336779;2.61253;-0.4451;0.8934;0.0615;-0.856023;4.564576;-0.304675;-0.4451;0.8934;0.0615;-0.909891;4.336779;2.61253;-0.1037;-0.9898;0.0978;-1.338423;4.229397;1.072131;-0.1037;-0.9898;0.0978;0.707226;4.17749;2.714893;-0.1037;-0.9898;0.0978;-1.338423;4.229397;1.072131;-0.723;-0.569;-0.3918;-0.856023;4.564576;-0.304675;-0.723;-0.569;-0.3918;-0.096525;4.285497;-1.300819;-0.723;-0.569;-0.3918;-1.338423;4.229397;1.072131;-0.0461;-0.9978;-0.0477;-0.096525;4.285497;-1.300819;-0.0461;-0.9978;-0.0477;1.722475;4.165007;-0.538215;-0.0461;-0.9978;-0.0477;-1.338423;4.229397;1.072131;-0.0227;-0.9997;-0.0033;1.722475;4.165007;-0.538215;-0.0227;-0.9997;-0.0033;0.707226;4.17749;2.714893;-0.0227;-0.9997;-0.0033;-0.909891;4.336779;2.61253;0.0251;0.708;0.7058;0.707226;4.17749;2.714893;0.0251;0.708;0.7058;0.854975;4.966375;1.918282;0.0251;0.708;0.7058;-0.856023;4.564576;-0.304675;-0.6449;0.7628;0.0477;-0.909891;4.336779;2.61253;-0.6449;0.7628;0.0477;-0.305139;4.924601;1.387543;-0.6449;0.7628;0.0477;-0.096525;4.285497;-1.300819;-0.2227;0.8814;-0.4167;-0.856023;4.564576;-0.304675;-0.2227;0.8814;-0.4167;0.065079;5.024394;0.175731;-0.2227;0.8814;-0.4167;1.722475;4.165007;-0.538215;0.2167;-0.7423;-0.6341;-0.096525;4.285497;-1.300819;0.2167;-0.7423;-0.6341;1.117571;4.598016;-1.251829;0.2167;-0.7423;-0.6341;0.707226;4.17749;2.714893;0.2628;-0.961;0.0857;1.722475;4.165007;-0.538215;0.2628;-0.961;0.0857;1.944336;4.400704;1.424143;0.2628;-0.961;0.0857;-0.909891;4.336779;2.61253;-0.1915;0.9184;0.3462;0.854975;4.966375;1.918282;-0.1915;0.9184;0.3462;-0.305139;4.924601;1.387543;-0.1915;0.9184;0.3462;-0.856023;4.564576;-0.304675;-0.423;0.9045;-0.0547;-0.305139;4.924601;1.387543;-0.423;0.9045;-0.0547;0.065079;5.024394;0.175731;-0.423;0.9045;-0.0547;-0.096525;4.285497;-1.300819;-0.2105;0.8833;-0.419;0.065079;5.024394;0.175731;-0.2105;0.8833;-0.419;1.117571;4.598016;-1.251829;-0.2105;0.8833;-0.419;1.722475;4.165007;-0.538215;0.694;0.7014;-0.1627;1.117571;4.598016;-1.251829;0.694;0.7014;-0.1627;1.944336;4.400704;1.424143;0.694;0.7014;-0.1627;0.707226;4.17749;2.714893;0.5632;0.5326;0.6318;1.944336;4.400704;1.424143;0.5632;0.5326;0.6318;0.854975;4.966375;1.918282;0.5632;0.5326;0.6318;-0.305139;4.924601;1.387543;0.0145;0.9938;-0.1099;0.854975;4.966375;1.918282;0.0145;0.9938;-0.1099;1.1037;4.81825;0.61185;0.0145;0.9938;-0.1099;0.065079;5.024394;0.175731;0.1426;0.9819;0.1244;-0.305139;4.924601;1.387543;0.1426;0.9819;0.1244;1.1037;4.81825;0.61185;0.1426;0.9819;0.1244;1.117571;4.598016;-1.251829;0.2386;0.9646;-0.1122;0.065079;5.024394;0.175731;0.2386;0.9646;-0.1122;1.1037;4.81825;0.61185;0.2386;0.9646;-0.1122;1.944336;4.400704;1.424143;0.5162;0.851;-0.0967;1.117571;4.598016;-1.251829;0.5162;0.851;-0.0967;1.1037;4.81825;0.61185;0.5162;0.851;-0.0967;0.854975;4.966375;1.918282;0.4557;0.89;-0.0141;1.944336;4.400704;1.424143;0.4557;0.89;-0.0141;1.1037;4.81825;0.61185;0.4557;0.89;-0.0141;-2.203212;2.871009;-1.998567;-0.4794;0.8039;-0.3521;-2.768652;3.045718;-0.829705;-0.4794;0.8039;-0.3521;-1.207931;3.184509;-2.637956;-0.4794;0.8039;-0.3521;-2.768652;3.045718;-0.829705;-0.1565;-0.9851;0.0715;-2.203212;2.871009;-1.998567;-0.1565;-0.9851;0.0715;-1.828824;2.958783;0.028606;-0.1565;-0.9851;0.0715;-2.203212;2.871009;-1.998567;-0.2214;-0.6941;-0.685;-1.207931;3.184509;-2.637956;-0.2214;-0.6941;-0.685;-0.18561;3.049586;-2.831737;-0.2214;-0.6941;-0.685;-2.203212;2.871009;-1.998567;0.0946;-0.9954;0.0159;-0.18561;3.049586;-2.831737;0.0946;-0.9954;0.0159;0.60955;3.147093;-1.456489;0.0946;-0.9954;0.0159;-2.203212;2.871009;-1.998567;0.0927;-0.9954;0.026;0.60955;3.147093;-1.456489;0.0927;-0.9954;0.026;-1.828824;2.958783;0.028606;0.0927;-0.9954;0.026;-2.768652;3.045718;-0.829705;-0.3832;0.7777;0.4983;-1.828824;2.958783;0.028606;-0.3832;0.7777;0.4983;-1.62417;3.592853;-0.803558;-0.3832;0.7777;0.4983;-1.207931;3.184509;-2.637956;-0.581;0.6786;-0.4494;-2.768652;3.045718;-0.829705;-0.581;0.6786;-0.4494;-1.679979;3.413538;-1.681757;-0.581;0.6786;-0.4494;-0.18561;3.049586;-2.831737;0.041;0.9084;-0.4162;-1.207931;3.184509;-2.637956;0.041;0.9084;-0.4162;-0.728845;3.688199;-1.491332;0.041;0.9084;-0.4162;0.60955;3.147093;-1.456489;0.6896;0.5755;-0.4395;-0.18561;3.049586;-2.831737;0.6896;0.5755;-0.4395;0.019097;3.405015;-2.045198;0.6896;0.5755;-0.4395;-1.828824;2.958783;0.028606;0.3528;-0.8049;0.4772;0.60955;3.147093;-1.456489;0.3528;-0.8049;0.4772;-0.493575;3.335082;-0.323889;0.3528;-0.8049;0.4772;-2.768652;3.045718;-0.829705;-0.4232;0.8926;-0.1554;-1.62417;3.592853;-0.803558;-0.4232;0.8926;-0.1554;-1.679979;3.413538;-1.681757;-0.4232;0.8926;-0.1554;-1.207931;3.184509;-2.637956;-0.2027;0.9249;-0.3216;-1.679979;3.413538;-1.681757;-0.2027;0.9249;-0.3216;-0.728845;3.688199;-1.491332;-0.2027;0.9249;-0.3216;-0.18561;3.049586;-2.831737;0.0335;0.9075;-0.4188;-0.728845;3.688199;-1.491332;0.0335;0.9075;-0.4188;0.019097;3.405015;-2.045198;0.0335;0.9075;-0.4188;0.60955;3.147093;-1.456489;0.2899;0.9489;0.1249;0.019097;3.405015;-2.045198;0.2899;0.9489;0.1249;-0.493575;3.335082;-0.323889;0.2899;0.9489;0.1249;-1.828824;2.958783;0.028606;-0.0692;0.8016;0.5938;-0.493575;3.335082;-0.323889;-0.0692;0.8016;0.5938;-1.62417;3.592853;-0.803558;-0.0692;0.8016;0.5938;-1.679979;3.413538;-1.681757;-0.2396;0.9541;-0.1796;-1.62417;3.592853;-0.803558;-0.2396;0.9541;-0.1796;-0.728845;3.688199;-1.491332;-0.2396;0.9541;-0.1796;-0.493575;3.335082;-0.323889;0.4575;0.8725;0.1717;0.019097;3.405015;-2.045198;0.4575;0.8725;0.1717;-0.728845;3.688199;-1.491332;0.4575;0.8725;0.1717;-1.62417;3.592853;-0.803558;0.1044;0.9576;0.2686;-0.493575;3.335082;-0.323889;0.1044;0.9576;0.2686;-0.728845;3.688199;-1.491332;0.1044;0.9576;0.2686;1.36441;1.984116;-1.090417;-0.0901;0.7226;-0.6853;0.512698;2.305847;-0.639186;-0.0901;0.7226;-0.6853;1.963661;2.214337;-0.926473;-0.0901;0.7226;-0.6853;0.512698;2.305847;-0.639186;-0.4314;-0.8831;-0.1845;1.36441;1.984116;-1.090417;-0.4314;-0.8831;-0.1845;0.418868;2.177847;0.192633;-0.4314;-0.8831;-0.1845;1.36441;1.984116;-1.090417;0.4053;-0.5194;-0.7523;1.963661;2.214337;-0.926473;0.4053;-0.5194;-0.7523;2.640488;2.038647;-0.440485;0.4053;-0.5194;-0.7523;1.36441;1.984116;-1.090417;0.0534;-0.9983;-0.0211;2.640488;2.038647;-0.440485;0.0534;-0.9983;-0.0211;2.367444;2.004034;0.50406;0.0534;-0.9983;-0.0211;1.36441;1.984116;-1.090417;-0.1006;-0.992;0.0757;2.367444;2.004034;0.50406;-0.1006;-0.992;0.0757;0.418868;2.177847;0.192633;-0.1006;-0.992;0.0757;0.512698;2.305847;-0.639186;-0.6222;0.7812;0.05;0.418868;2.177847;0.192633;-0.6222;0.7812;0.05;0.961489;2.629902;-0.117808;-0.6222;0.7812;0.05;1.963661;2.214337;-0.926473;-0.1065;0.6565;-0.7468;0.512698;2.305847;-0.639186;-0.1065;0.6565;-0.7468;1.310935;2.460038;-0.617449;-0.1065;0.6565;-0.7468;2.640488;2.038647;-0.440485;0.4528;0.8277;-0.3314;1.963661;2.214337;-0.926473;0.4528;0.8277;-0.3314;2.059911;2.51363;-0.047455;0.4528;0.8277;-0.3314;2.367444;2.004034;0.50406;0.7044;0.6721;0.2283;2.640488;2.038647;-0.440485;0.7044;0.6721;0.2283;2.059911;2.51363;-0.047455;0.7044;0.6721;0.2283;0.418868;2.177847;0.192633;-0.18;-0.4567;0.8712;2.367444;2.004034;0.50406;-0.18;-0.4567;0.8712;1.415072;2.516837;0.576154;-0.18;-0.4567;0.8712;0.512698;2.305847;-0.639186;-0.1614;0.8945;-0.417;0.961489;2.629902;-0.117808;-0.1614;0.8945;-0.417;1.310935;2.460038;-0.617449;-0.1614;0.8945;-0.417;1.963661;2.214337;-0.926473;0.1889;0.9231;-0.335;1.310935;2.460038;-0.617449;0.1889;0.9231;-0.335;2.059911;2.51363;-0.047455;0.1889;0.9231;-0.335;2.367444;2.004034;0.50406;0.4479;0.7672;0.4592;2.059911;2.51363;-0.047455;0.4479;0.7672;0.4592;1.415072;2.516837;0.576154;0.4479;0.7672;0.4592;0.418868;2.177847;0.192633;-0.4318;0.8019;0.4129;1.415072;2.516837;0.576154;-0.4318;0.8019;0.4129;0.961489;2.629902;-0.117808;-0.4318;0.8019;0.4129;1.310935;2.460038;-0.617449;0.1176;0.9624;-0.245;0.961489;2.629902;-0.117808;0.1176;0.9624;-0.245;2.059911;2.51363;-0.047455;0.1176;0.9624;-0.245;0.961489;2.629902;-0.117808;0.0986;0.9904;0.0969;1.415072;2.516837;0.576154;0.0986;0.9904;0.0969;2.059911;2.51363;-0.047455;0.0986;0.9904;0.0969;-0.23301;2.539635;-0.897216;-0.0136;-0.9722;-0.2337;0.187681;2.60217;-1.181838;-0.0136;-0.9722;-0.2337;0.446698;2.568043;-1.05495;-0.0136;-0.9722;-0.2337;0.446698;2.568043;-1.05495;0.4011;0.834;-0.3788;0.225384;2.789255;-0.80225;0.4011;0.834;-0.3788;0.70942;2.61576;-0.67171;0.4011;0.834;-0.3788;0.225384;2.789255;-0.80225;0.2772;0.9361;0.2164;0.440805;2.567491;-0.118735;0.2772;0.9361;0.2164;0.70942;2.61576;-0.67171;0.2772;0.9361;0.2164;-0.0523;2.638906;-0.147531;-0.1508;-0.9746;0.1654;-0.23301;2.539635;-0.897216;-0.1508;-0.9746;0.1654;0.440805;2.567491;-0.118735;-0.1508;-0.9746;0.1654;0.70942;2.61576;-0.67171;0.0607;-0.9948;0.0823;-0.23301;2.539635;-0.897216;0.0607;-0.9948;0.0823;0.446698;2.568043;-1.05495;0.0607;-0.9948;0.0823;0.225384;2.789255;-0.80225;-0.281;0.9545;0.1;-0.377868;2.585759;-0.555327;-0.281;0.9545;0.1;-0.0523;2.638906;-0.147531;-0.281;0.9545;0.1;-0.400614;3.754233;-1.053944;0.2546;-0.9529;-0.1645;0.047444;3.835586;-0.83164;0.2546;-0.9529;-0.1645;0.064446;3.791189;-0.548124;0.2546;-0.9529;-0.1645;0.064446;3.791189;-0.548124;0.3488;0.9368;0.0289;-0.497472;3.998783;-0.495525;0.3488;0.9368;0.0289;-0.136399;3.853265;-0.137008;0.3488;0.9368;0.0289;-0.497472;3.998783;-0.495525;-0.0662;0.8996;0.4318;-0.740571;3.790472;-0.09876;-0.0662;0.8996;0.4318;-0.136399;3.853265;-0.137008;-0.0662;0.8996;0.4318;-0.955238;3.883376;-0.535233;-0.2831;-0.9569;-0.0645;-0.400614;3.754233;-1.053944;-0.2831;-0.9569;-0.0645;-0.740571;3.790472;-0.09876;-0.2831;-0.9569;-0.0645;-0.136399;3.853265;-0.137008;-0.0548;-0.9909;0.1228;-0.400614;3.754233;-1.053944;-0.0548;-0.9909;0.1228;0.064446;3.791189;-0.548124;-0.0548;-0.9909;0.1228;-0.497472;3.998783;-0.495525;-0.2197;0.9491;-0.2258;-0.763857;3.814236;-1.012115;-0.2197;0.9491;-0.2258;-0.955238;3.883376;-0.535233;-0.2197;0.9491;-0.2258;-0.23301;2.539635;-0.897216;-0.3083;0.9167;-0.2543;-0.377868;2.585759;-0.555327;-0.3083;0.9167;-0.2543;0.187681;2.60217;-1.181838;-0.3083;0.9167;-0.2543;0.446698;2.568043;-1.05495;0.3273;0.8343;-0.4437;0.187681;2.60217;-1.181838;0.3273;0.8343;-0.4437;0.225384;2.789255;-0.80225;0.3273;0.8343;-0.4437;0.225384;2.789255;-0.80225;0.1224;0.9547;0.2712;-0.0523;2.638906;-0.147531;0.1224;0.9547;0.2712;0.440805;2.567491;-0.118735;0.1224;0.9547;0.2712;-0.0523;2.638906;-0.147531;-0.0037;-0.9912;0.1322;-0.377868;2.585759;-0.555327;-0.0037;-0.9912;0.1322;-0.23301;2.539635;-0.897216;-0.0037;-0.9912;0.1322;0.70942;2.61576;-0.67171;0.0906;-0.995;-0.0428;0.440805;2.567491;-0.118735;0.0906;-0.995;-0.0428;-0.23301;2.539635;-0.897216;0.0906;-0.995;-0.0428;0.225384;2.789255;-0.80225;-0.4282;0.8267;-0.3649;0.187681;2.60217;-1.181838;-0.4282;0.8267;-0.3649;-0.377868;2.585759;-0.555327;-0.4282;0.8267;-0.3649;-0.400614;3.754233;-1.053944;0.0865;0.8665;-0.4915;-0.763857;3.814236;-1.012115;0.0865;0.8665;-0.4915;0.047444;3.835586;-0.83164;0.0865;0.8665;-0.4915;0.064446;3.791189;-0.548124;0.3541;0.927;0.1239;0.047444;3.835586;-0.83164;0.3541;0.927;0.1239;-0.497472;3.998783;-0.495525;0.3541;0.927;0.1239;-0.497472;3.998783;-0.495525;-0.2576;0.9115;0.3207;-0.955238;3.883376;-0.535233;-0.2576;0.9115;0.3207;-0.740571;3.790472;-0.09876;-0.2576;0.9115;0.3207;-0.955238;3.883376;-0.535233;-0.1533;-0.9848;0.0813;-0.763857;3.814236;-1.012115;-0.1533;-0.9848;0.0813;-0.400614;3.754233;-1.053944;-0.1533;-0.9848;0.0813;-0.136399;3.853265;-0.137008;0.1078;-0.9913;0.076;-0.740571;3.790472;-0.09876;0.1078;-0.9913;0.076;-0.400614;3.754233;-1.053944;0.1078;-0.9913;0.076;-0.497472;3.998783;-0.495525;0.0559;0.9308;-0.3613;0.047444;3.835586;-0.83164;0.0559;0.9308;-0.3613;-0.763857;3.814236;-1.012115;0.0559;0.9308;-0.3613;0.619445;1.574566;-0.279657;0.8502;-0.1606;-0.5014;0.571295;1.102401;-0.210113;0.8502;-0.1606;-0.5014;0.53886;1.104479;-0.265772;0.8502;-0.1606;-0.5014;0.571295;1.102401;-0.210113;-0.0141;-0.0335;0.9993;0.507713;1.103728;-0.210967;-0.0141;-0.0335;0.9993;0.565716;0.635787;-0.225835;-0.0141;-0.0335;0.9993;0.53886;1.104479;-0.265772;0.8641;0.0066;-0.5033;0.571295;1.102401;-0.210113;0.8641;0.0066;-0.5033;0.565716;0.635787;-0.225835;0.8641;0.0066;-0.5033;0.587492;1.578734;-0.225745;-0.8628;0.1297;-0.4886;0.53886;1.104479;-0.265772;-0.8628;0.1297;-0.4886;0.507713;1.103728;-0.210967;-0.8628;0.1297;-0.4886;0.587492;1.578734;-0.225745;0.0166;0.0322;0.9993;0.571295;1.102401;-0.210113;0.0166;0.0322;0.9993;0.649667;1.578242;-0.226765;0.0166;0.0322;0.9993;0.649667;1.578242;-0.226765;0.0163;-0.0159;0.9997;0.52867;2.018323;-0.217793;0.0163;-0.0159;0.9997;0.587492;1.578734;-0.225745;0.0163;-0.0159;0.9997;0.587492;1.578734;-0.225745;-0.8591;-0.1033;-0.5012;0.564027;2.025588;-0.277601;-0.8591;-0.1033;-0.5012;0.619445;1.574566;-0.279657;-0.8591;-0.1033;-0.5012;0.507713;1.103728;-0.210967;-0.8652;-0.0916;-0.493;0.53886;1.104479;-0.265772;-0.8652;-0.0916;-0.493;0.565716;0.635787;-0.225835;-0.8652;-0.0916;-0.493;0.564027;2.025588;-0.277601;0.8599;0.1079;-0.4989;0.649667;1.578242;-0.226765;0.8599;0.1079;-0.4989;0.619445;1.574566;-0.279657;0.8599;0.1079;-0.4989;0.600686;2.043545;-0.214406;-0.3262;0.942;-0.0784;0.564027;2.025588;-0.277601;-0.3262;0.942;-0.0784;0.52867;2.018323;-0.217793;-0.3262;0.942;-0.0784;-1.135051;3.038427;-0.80395;0.8585;0.1027;-0.5024;-1.041931;2.513339;-0.752188;0.8585;0.1027;-0.5024;-1.074841;2.507662;-0.80959;0.8585;0.1027;-0.5024;-1.097966;3.038913;-0.740078;0.0137;-0.0216;0.9997;-1.109257;2.513207;-0.751271;0.0137;-0.0216;0.9997;-1.041931;2.513339;-0.752188;0.0137;-0.0216;0.9997;-1.109257;2.513207;-0.751271;-0.8614;-0.0924;-0.4995;-1.135051;3.038427;-0.80395;-0.8614;-0.0924;-0.4995;-1.074841;2.507662;-0.80959;-0.8614;-0.0924;-0.4995;-1.109257;2.513207;-0.751271;-0.8654;0.0967;-0.4916;-1.164335;1.802622;-0.794066;-0.8654;0.0967;-0.4916;-1.198342;1.800797;-0.734559;-0.8654;0.0967;-0.4916;-1.198342;1.800797;-0.734559;-0.8654;-0.0675;-0.4966;-1.164335;1.802622;-0.794066;-0.8654;-0.0675;-0.4966;-1.134924;1.106393;-0.750683;-0.8654;-0.0675;-0.4966;-1.109257;2.513207;-0.751271;0.0136;0.024;0.9996;-1.129354;1.79978;-0.733888;0.0136;0.024;0.9996;-1.041931;2.513339;-0.752188;0.0136;0.024;0.9996;-1.074841;2.507662;-0.80959;0.8559;-0.1197;-0.5032;-1.129354;1.79978;-0.733888;0.8559;-0.1197;-0.5032;-1.164335;1.802622;-0.794066;0.8559;-0.1197;-0.5032;-1.129354;1.79978;-0.733888;-0.0101;-0.0241;0.9997;-1.198342;1.800797;-0.734559;-0.0101;-0.0241;0.9997;-1.134924;1.106393;-0.750683;-0.0101;-0.0241;0.9997;-1.164335;1.802622;-0.794066;0.8646;0.0052;-0.5024;-1.129354;1.79978;-0.733888;0.8646;0.0052;-0.5024;-1.134924;1.106393;-0.750683;0.8646;0.0052;-0.5024;0.374077;3.332421;0.415709;0.1934;-0.0973;-0.9763;0.41487;2.54477;0.50226;0.1934;-0.0973;-0.9763;0.33088;2.547974;0.485307;0.1934;-0.0973;-0.9763;0.41487;2.54477;0.50226;0.7399;-0.0277;0.6722;0.357858;2.546164;0.565076;0.7399;-0.0277;0.6722;0.387838;1.76359;0.499809;0.7399;-0.0277;0.6722;0.33088;2.547974;0.485307;0.1977;-0.0038;-0.9803;0.41487;2.54477;0.50226;0.1977;-0.0038;-0.9803;0.387838;1.76359;0.499809;0.1977;-0.0038;-0.9803;0.399837;3.33898;0.495614;-0.9439;0.0781;0.321;0.33088;2.547974;0.485307;-0.9439;0.0781;0.321;0.357858;2.546164;0.565076;-0.9439;0.0781;0.321;0.399837;3.33898;0.495614;0.7566;0.0198;0.6536;0.41487;2.54477;0.50226;0.7566;0.0198;0.6536;0.45439;3.338626;0.432474;0.7566;0.0198;0.6536;0.340742;3.916145;0.478068;0.7534;0.0969;0.6504;0.399837;3.33898;0.495614;0.7534;0.0969;0.6504;0.45439;3.338626;0.432474;0.7534;0.0969;0.6504;0.399837;3.33898;0.495614;-0.9295;-0.1911;0.3154;0.277816;3.873899;0.460055;-0.9295;-0.1911;0.3154;0.374077;3.332421;0.415709;-0.9295;-0.1911;0.3154;0.357858;2.546164;0.565076;-0.9459;-0.0628;0.3185;0.33088;2.547974;0.485307;-0.9459;-0.0628;0.3185;0.387838;1.76359;0.499809;-0.9459;-0.0628;0.3185;0.277816;3.873899;0.460055;0.1945;0.1144;-0.9742;0.45439;3.338626;0.432474;0.1945;0.1144;-0.9742;0.374077;3.332421;0.415709;0.1945;0.1144;-0.9742;0.619445;1.574566;-0.279657;0.862;-0.1588;-0.4815;0.649667;1.578242;-0.226765;0.862;-0.1588;-0.4815;0.571295;1.102401;-0.210113;0.862;-0.1588;-0.4815;0.587492;1.578734;-0.225745;-0.8485;0.1303;-0.513;0.619445;1.574566;-0.279657;-0.8485;0.1303;-0.513;0.53886;1.104479;-0.265772;-0.8485;0.1303;-0.513;0.587492;1.578734;-0.225745;-0.0127;0.0332;0.9994;0.507713;1.103728;-0.210967;-0.0127;0.0332;0.9994;0.571295;1.102401;-0.210113;-0.0127;0.0332;0.9994;0.649667;1.578242;-0.226765;-0.0363;-0.0304;0.9989;0.600686;2.043545;-0.214406;-0.0363;-0.0304;0.9989;0.52867;2.018323;-0.217793;-0.0363;-0.0304;0.9989;0.587492;1.578734;-0.225745;-0.8505;-0.1045;-0.5155;0.52867;2.018323;-0.217793;-0.8505;-0.1045;-0.5155;0.564027;2.025588;-0.277601;-0.8505;-0.1045;-0.5155;0.564027;2.025588;-0.277601;0.8474;0.103;-0.5209;0.600686;2.043545;-0.214406;0.8474;0.103;-0.5209;0.649667;1.578242;-0.226765;0.8474;0.103;-0.5209;-1.135051;3.038427;-0.80395;0.8598;0.1032;-0.5;-1.097966;3.038913;-0.740078;0.8598;0.1032;-0.5;-1.041931;2.513339;-0.752188;0.8598;0.1032;-0.5;-1.097966;3.038913;-0.740078;-0.0032;-0.0212;0.9998;-1.17139;3.037737;-0.740341;-0.0032;-0.0212;0.9998;-1.109257;2.513207;-0.751271;-0.0032;-0.0212;0.9998;-1.109257;2.513207;-0.751271;-0.8642;-0.0921;-0.4947;-1.17139;3.037737;-0.740341;-0.8642;-0.0921;-0.4947;-1.135051;3.038427;-0.80395;-0.8642;-0.0921;-0.4947;-1.109257;2.513207;-0.751271;-0.8531;0.097;-0.5127;-1.074841;2.507662;-0.80959;-0.8531;0.097;-0.5127;-1.164335;1.802622;-0.794066;-0.8531;0.097;-0.5127;-1.109257;2.513207;-0.751271;-0.0094;0.0246;0.9997;-1.198342;1.800797;-0.734559;-0.0094;0.0246;0.9997;-1.129354;1.79978;-0.733888;-0.0094;0.0246;0.9997;-1.074841;2.507662;-0.80959;0.8664;-0.1186;-0.485;-1.041931;2.513339;-0.752188;0.8664;-0.1186;-0.485;-1.129354;1.79978;-0.733888;0.8664;-0.1186;-0.485;0.374077;3.332421;0.415709;0.2105;-0.096;-0.9729;0.45439;3.338626;0.432474;0.2105;-0.096;-0.9729;0.41487;2.54477;0.50226;0.2105;-0.096;-0.9729;0.399837;3.33898;0.495614;-0.9507;0.079;0.3;0.374077;3.332421;0.415709;-0.9507;0.079;0.3;0.33088;2.547974;0.485307;-0.9507;0.079;0.3;0.399837;3.33898;0.495614;0.7406;0.0196;0.6717;0.357858;2.546164;0.565076;0.7406;0.0196;0.6717;0.41487;2.54477;0.50226;0.7406;0.0196;0.6717;0.340742;3.916145;0.478068;0.9458;0.1062;0.3068;0.315766;3.943913;0.545452;0.9458;0.1062;0.3068;0.399837;3.33898;0.495614;0.9458;0.1062;0.3068;0.399837;3.33898;0.495614;-0.847;-0.1595;0.5071;0.315766;3.943913;0.545452;-0.847;-0.1595;0.5071;0.277816;3.873899;0.460055;-0.847;-0.1595;0.5071;0.277816;3.873899;0.460055;0.2004;0.1162;-0.9728;0.340742;3.916145;0.478068;0.2004;0.1162;-0.9728;0.45439;3.338626;0.432474;0.2004;0.1162;-0.9728
5
INFO;NameId;314;DescId;315;price;47000;dpPerMin;0;range;3;placeSound;thud
LIFE;averagePop;7.0;averageLife;90.0;popFactors;2;0;0.15;breedMat;45.0;breedTime;32.583054;parentId;124;count;550;reqs;2;TRANSFORM;size;1.2;LIFE;type;2;enviroType;0;classification;ar74;count;2;FALL_DEATH;fallTime;3;totalTime;5;fallenAngle;60;particleEffect;1;ExplodeTime;0.975;UseMaterial;0;Colour;1;Spawn;2;5;0;1;0;PPS;30;Speed;1.5;Gravity;0.3;Life;3;Scale;0.1;Colour;0.27959093;0.47991672;0.25372335;Additive;0;Alpha;1;FadeIn;0.1;FadeOut;0.8;HasDir;1;Dir;0;1;0;Varience;0.25;Offset;0;5;0;LifeError;0.4;ScaleError;0.3;SpeedError;0.4;RandRot;1;HasXRot;1;XRotSpeed;180;Stages;1;2;enviroReqCount;3;reqId;2;barren;0;goodBiomes;1;5;idealFactor;85;influence;0.8;reqId;5;likedSpecies;1;pnm;influence;0.8;reqId;1;minAltitude;20;maxAltitude;100;influence;0.8
GROWTH;dynamic;0;growthTime;30.0;modelStages;4;subStages;2
PERCH;2;-1.6893;7.184;-1.1399;0.994;5.36;-0.3116
WOOD;cut time;6;bark factor;0.4;colour;0.37913123;0.57036847;0.34627518
