0.25
pnm
0;1
2
-0.556018;-0.009528;-0.559184;0.412516;2.93599;0.403868;1
36;2
27;-1.0;0.0;0.0;0.1
-0.0;2.388649;-0.460601;0.7982;0.3878;-0.4609;0.0;2.93599;0.0;0.7982;0.3878;-0.4609;0.398892;2.388649;0.2303;0.7982;0.3878;-0.4609;0.398892;2.388649;0.2303;-0.0;0.3878;0.9217;0.0;2.93599;0.0;-0.0;0.3878;0.9217;-0.398892;2.388649;0.2303;-0.0;0.3878;0.9217;-0.398892;2.388649;0.2303;-0.7982;0.3878;-0.4609;0.0;2.93599;0.0;-0.7982;0.3878;-0.4609;-0.0;2.388649;-0.460601;-0.7982;0.3878;-0.4609;-0.0;2.388649;-0.460601;-0.8542;0.1645;-0.4932;-0.556018;1.348077;0.155315;-0.8542;0.1645;-0.4932;-0.398892;2.388649;0.2303;-0.8542;0.1645;-0.4932;0.398892;2.388649;0.2303;0.8542;0.1645;-0.4932;0.143502;1.348077;-0.559184;0.8542;0.1645;-0.4932;-0.0;2.388649;-0.460601;0.8542;0.1645;-0.4932;-0.398892;2.388649;0.2303;-0.0;0.1645;0.9864;0.412516;1.348077;0.403868;-0.0;0.1645;0.9864;0.398892;2.388649;0.2303;-0.0;0.1645;0.9864;-0.0;2.388649;-0.460601;-0.7142;-0.0322;-0.6992;0.143502;1.348077;-0.559184;-0.7142;-0.0322;-0.6992;-0.556018;1.348077;0.155315;-0.7142;-0.0322;-0.6992;0.398892;2.388649;0.2303;0.9626;-0.0322;-0.2689;0.412516;1.348077;0.403868;0.9626;-0.0322;-0.2689;0.143502;1.348077;-0.559184;0.9626;-0.0322;-0.2689;-0.398892;2.388649;0.2303;-0.2484;-0.0322;0.9681;-0.556018;1.348077;0.155315;-0.2484;-0.0322;0.9681;0.412516;1.348077;0.403868;-0.2484;-0.0322;0.9681
9;0.90354544;0.7238283;0.5927798;0.1
-0.0;-0.009528;-0.12495;0.8659;0.0155;-0.4999;-0.0;2.47865;-0.047666;0.8659;0.0155;-0.4999;0.10821;-0.009528;0.062475;0.8659;0.0155;-0.4999;0.10821;-0.009528;0.062475;-0.0;0.0442;0.999;-0.0;2.47865;-0.047666;-0.0;0.0442;0.999;-0.10821;-0.009528;0.062475;-0.0;0.0442;0.999;-0.10821;-0.009528;0.062475;-0.8659;0.0155;-0.4999;-0.0;2.47865;-0.047666;-0.8659;0.0155;-0.4999;-0.0;-0.009528;-0.12495;-0.8659;0.0155;-0.4999
-1.172339;-0.112032;-1.437173;1.365804;6.039248;1.123407;2
123;2
45;0.90354544;0.7238283;0.5927798;0.05
0.015876;-0.112032;-0.219995;0.8281;0.2928;-0.4781;-0.106892;1.021623;0.261707;0.8281;0.2928;-0.4781;0.184513;-0.112032;0.072092;0.8281;0.2928;-0.4781;-0.106892;1.021623;0.261707;0.0;-0.165;0.9863;-0.15276;-0.112032;0.072092;0.0;-0.165;0.9863;0.184513;-0.112032;0.072092;0.0;-0.165;0.9863;-0.401765;1.021623;0.261706;-0.815;0.3315;-0.4753;0.396179;2.017152;-0.412176;-0.815;0.3315;-0.4753;-0.256884;1.055899;0.037188;-0.815;0.3315;-0.4753;-0.401765;1.021623;0.261706;-0.8611;-0.106;-0.4972;0.015876;-0.112032;-0.219995;-0.8611;-0.106;-0.4972;-0.15276;-0.112032;0.072092;-0.8611;-0.106;-0.4972;0.396179;2.017152;-0.412176;-0.864;-0.0608;-0.4999;0.281006;2.013808;-0.212718;-0.864;-0.0608;-0.4999;-0.05568;4.589322;0.056142;-0.864;-0.0608;-0.4999;-0.106892;1.021623;0.261707;-0.0;0.4314;0.9022;0.281006;2.013808;-0.212718;-0.0;0.4314;0.9022;-0.401765;1.021623;0.261706;-0.0;0.4314;0.9022;-0.106892;1.021623;0.261707;0.6784;-0.6149;-0.402;0.396179;2.017152;-0.412176;0.6784;-0.6149;-0.402;0.511353;2.013808;-0.212718;0.6784;-0.6149;-0.402;0.281006;2.013808;-0.212718;-0.0;-0.1038;0.9946;0.511353;2.013808;-0.212718;-0.0;-0.1038;0.9946;-0.05568;4.589322;0.056142;-0.0;-0.1038;0.9946;0.511353;2.013808;-0.212718;0.8432;0.2361;-0.4829;0.396179;2.017152;-0.412176;0.8432;0.2361;-0.4829;-0.05568;4.589322;0.056142;0.8432;0.2361;-0.4829;0.015876;-0.112032;-0.219995;0.8138;0.2997;-0.4979;-0.256884;1.055899;0.037188;0.8138;0.2997;-0.4979;-0.106892;1.021623;0.261707;0.8138;0.2997;-0.4979;-0.106892;1.021623;0.261707;0.0;-0.165;0.9863;-0.401765;1.021623;0.261706;0.0;-0.165;0.9863;-0.15276;-0.112032;0.072092;0.0;-0.165;0.9863;-0.401765;1.021623;0.261706;-0.817;0.3394;-0.4661;0.281006;2.013808;-0.212718;-0.817;0.3394;-0.4661;0.396179;2.017152;-0.412176;-0.817;0.3394;-0.4661;-0.401765;1.021623;0.261706;-0.8328;-0.0737;-0.5486;-0.256884;1.055899;0.037188;-0.8328;-0.0737;-0.5486;0.015876;-0.112032;-0.219995;-0.8328;-0.0737;-0.5486;-0.106892;1.021623;0.261707;-0.0;0.4314;0.9022;0.511353;2.013808;-0.212718;-0.0;0.4314;0.9022;0.281006;2.013808;-0.212718;-0.0;0.4314;0.9022;-0.106892;1.021623;0.261707;0.5943;-0.6347;-0.4939;-0.256884;1.055899;0.037188;0.5943;-0.6347;-0.4939;0.396179;2.017152;-0.412176;0.5943;-0.6347;-0.4939
78;-1.0;0.0;0.0;0.05
0.589058;5.695384;-0.290931;0.3959;0.4017;-0.8258;-0.029337;5.924339;-0.476017;0.3959;0.4017;-0.8258;0.302008;6.039248;-0.261276;0.3959;0.4017;-0.8258;1.013351;4.589294;-0.508231;0.4916;0.3456;-0.7993;-0.074192;5.644706;-0.720777;0.4916;0.3456;-0.7993;0.589058;5.695384;-0.290931;0.4916;0.3456;-0.7993;0.041598;3.120924;-1.437173;0.7119;-0.0272;-0.7017;1.013351;4.589294;-0.508231;0.7119;-0.0272;-0.7017;1.365804;3.036761;-0.09053;0.7119;-0.0272;-0.7017;-0.505861;5.67193;-0.057511;-0.7004;0.5304;-0.4776;-0.029337;5.924339;-0.476017;-0.7004;0.5304;-0.4776;-0.074192;5.644706;-0.720777;-0.7004;0.5304;-0.4776;0.437105;4.627012;0.86288;0.7707;0.4137;0.4846;0.589058;5.695384;-0.290931;0.7707;0.4137;0.4846;0.157388;5.722607;0.372334;0.7707;0.4137;0.4846;1.365804;3.036761;-0.09053;0.7071;-0.011;0.7071;0.437105;4.627012;0.86288;0.7071;-0.011;0.7071;0.151867;3.036761;1.123407;0.7071;-0.011;0.7071;-0.353908;4.447431;-1.079455;-0.782;0.3393;-0.5229;-0.505861;5.67193;-0.057511;-0.782;0.3393;-0.5229;-0.074192;5.644706;-0.720777;-0.782;0.3393;-0.5229;-0.505861;5.67193;-0.057511;-0.4063;0.4875;0.7728;0.086355;5.963256;0.070076;-0.4063;0.4875;0.7728;-0.244989;6.027531;-0.144665;-0.4063;0.4875;0.7728;0.151867;3.036761;1.123407;-0.7107;-0.1344;0.6905;-0.930154;4.485148;0.291656;-0.7107;-0.1344;0.6905;-1.172339;3.120924;-0.223236;-0.7107;-0.1344;0.6905;-0.029337;5.924339;-0.476017;-0.329;0.9443;0.0024;0.086355;5.963256;0.070076;-0.329;0.9443;0.0024;0.302008;6.039248;-0.261276;-0.329;0.9443;0.0024;-0.930154;4.485148;0.291656;-0.5185;0.4067;0.7522;0.157388;5.722607;0.372334;-0.5185;0.4067;0.7522;-0.505861;5.67193;-0.057511;-0.5185;0.4067;0.7522;-1.172339;3.120924;-0.223236;-0.707;-0.0201;-0.707;-0.353908;4.447431;-1.079455;-0.707;-0.0201;-0.707;0.041598;3.120924;-1.437173;-0.707;-0.0201;-0.707;0.589058;5.695384;-0.290931;0.6339;0.6707;0.385;0.086355;5.963256;0.070076;0.6339;0.6707;0.385;0.157388;5.722607;0.372334;0.6339;0.6707;0.385;0.589058;5.695384;-0.290931;0.4207;0.5584;-0.715;-0.074192;5.644706;-0.720777;0.4207;0.5584;-0.715;-0.029337;5.924339;-0.476017;0.4207;0.5584;-0.715;1.013351;4.589294;-0.508231;0.3618;0.189;-0.9129;-0.353908;4.447431;-1.079455;0.3618;0.189;-0.9129;-0.074192;5.644706;-0.720777;0.3618;0.189;-0.9129;0.041598;3.120924;-1.437173;0.333;0.3368;-0.8807;-0.353908;4.447431;-1.079455;0.333;0.3368;-0.8807;1.013351;4.589294;-0.508231;0.333;0.3368;-0.8807;-0.505861;5.67193;-0.057511;-0.7158;0.3818;-0.5847;-0.244989;6.027531;-0.144665;-0.7158;0.3818;-0.5847;-0.029337;5.924339;-0.476017;-0.7158;0.3818;-0.5847;0.437105;4.627012;0.86288;0.8904;0.2695;0.3668;1.013351;4.589294;-0.508231;0.8904;0.2695;0.3668;0.589058;5.695384;-0.290931;0.8904;0.2695;0.3668;1.365804;3.036761;-0.09053;0.8829;0.2981;0.3629;1.013351;4.589294;-0.508231;0.8829;0.2981;0.3629;0.437105;4.627012;0.86288;0.8829;0.2981;0.3629;-0.353908;4.447431;-1.079455;-0.8995;0.2087;-0.3838;-0.930154;4.485148;0.291656;-0.8995;0.2087;-0.3838;-0.505861;5.67193;-0.057511;-0.8995;0.2087;-0.3838;-0.505861;5.67193;-0.057511;-0.4501;0.6441;0.6186;0.157388;5.722607;0.372334;-0.4501;0.6441;0.6186;0.086355;5.963256;0.070076;-0.4501;0.6441;0.6186;0.151867;3.036761;1.123407;-0.3954;0.2171;0.8925;0.437105;4.627012;0.86288;-0.3954;0.2171;0.8925;-0.930154;4.485148;0.291656;-0.3954;0.2171;0.8925;-0.029337;5.924339;-0.476017;0.2661;0.9559;-0.1245;-0.244989;6.027531;-0.144665;0.2661;0.9559;-0.1245;0.086355;5.963256;0.070076;0.2661;0.9559;-0.1245;-0.930154;4.485148;0.291656;-0.3944;0.2898;0.8721;0.437105;4.627012;0.86288;-0.3944;0.2898;0.8721;0.157388;5.722607;0.372334;-0.3944;0.2898;0.8721;-1.172339;3.120924;-0.223236;-0.8771;0.2979;-0.3768;-0.930154;4.485148;0.291656;-0.8771;0.2979;-0.3768;-0.353908;4.447431;-1.079455;-0.8771;0.2979;-0.3768;0.589058;5.695384;-0.290931;0.6644;0.5073;0.5488;0.302008;6.039248;-0.261276;0.6644;0.5073;0.5488;0.086355;5.963256;0.070076;0.6644;0.5073;0.5488
5
MATERIAL;second;0;count;5;CUSTOM;0.44802815;0.90354544;0.90354544;1000;PURPLE;200000;DARK_BLUE;400000;YELLOW;500000;PINK;600000
INFO;NameId;328;DescId;329;price;4500;dpPerMin;0;range;2;placeSound;grassPlace
LIFE;averagePop;5.9;averageLife;8.75;popFactors;0;breedMat;4.375;breedTime;3.1642253;parentId;119;count;250;reqs;2;MATERIAL;col;LIGHT_BLUE;LIFE;type;2;enviroType;1;biome;TROPICAL;amount;0.2;FADE_DEATH;0.5;enviroReqCount;2;reqId;2;growsBarren;0;biomes;2;9;5;idealFactor;100;influence;0.75;reqId;5;likedSpecies;1;er;influence;0.9
GROWTH;dynamic;0;growthTime;2.9166667;modelStages;2;subStages;2
FOOD;1;902;13;WHOLE;PARTICLE_DEATH;isColour;1;Spawn;0;PPS;8;Speed;0.6;Gravity;0.2;Life;0.5;Scale;0.05;Colour;0.737;0.682;0.616;Additive;0;Alpha;1;FadeIn;0.1;FadeOut;0.8;HasDir;1;Dir;0;1;0;Deviation;0.3;Offset;0;0;0;LifeError;0.4;ScaleError;0.1;SpeedError;0.1;RandomRot;1;HasXRot;0
