0.4
pnf
0;1
3
-0.779962;0.028257;-0.316091;0.692383;1.0295;0.775842;1
60;2
24;-1.0;0.0;0.0;0.2
-0.34531;0.287967;0.151481;-0.6153;-0.7472;0.2512;-0.042285;0.050983;0.188863;-0.6153;-0.7472;0.2512;-0.231008;0.293995;0.449448;-0.6153;-0.7472;0.2512;-0.231008;0.293995;0.449448;0.8163;0.0148;0.5774;-0.042285;0.050983;0.188863;0.8163;0.0148;0.5774;-0.065779;0.429538;0.212355;0.8163;0.0148;0.5774;-0.065779;0.429538;0.212355;0.1773;0.0719;-0.9815;-0.042285;0.050983;0.188863;0.1773;0.0719;-0.9815;-0.34531;0.287967;0.151481;0.1773;0.0719;-0.9815;-0.34531;0.287967;0.151481;-0.4739;0.8651;0.1643;-0.231008;0.293995;0.449448;-0.4739;0.8651;0.1643;-0.065779;0.429538;0.212355;-0.4739;0.8651;0.1643;-0.060521;0.387633;-0.124338;-0.9503;-0.0881;0.2985;0.039572;0.110937;0.112636;-0.9503;-0.0881;0.2985;0.02741;0.459561;0.176825;-0.9503;-0.0881;0.2985;0.02741;0.459561;0.176825;0.6878;-0.1082;0.7178;0.039572;0.110937;0.112636;0.6878;-0.1082;0.7178;0.251556;0.40131;-0.046714;0.6878;-0.1082;0.7178;0.251556;0.40131;-0.046714;0.2195;-0.5876;-0.7788;0.039572;0.110937;0.112636;0.2195;-0.5876;-0.7788;-0.060521;0.387633;-0.124338;0.2195;-0.5876;-0.7788;-0.060521;0.387633;-0.124338;0.0163;0.9714;-0.2368;0.02741;0.459561;0.176825;0.0163;0.9714;-0.2368;0.251556;0.40131;-0.046714;0.0163;0.9714;-0.2368
36;0.5002102;0.90354544;0.51813436;0.2
-0.46989;0.616471;-0.293844;-0.3694;-0.7184;-0.5894;-0.017496;0.032566;0.134389;-0.3694;-0.7184;-0.5894;-0.779962;0.794139;-0.316091;-0.3694;-0.7184;-0.5894;-0.217012;0.690282;0.551746;-0.2024;-0.4656;0.8615;0.01588;0.028257;0.24867;-0.2024;-0.4656;0.8615;-0.04344;1.0295;0.775842;-0.2024;-0.4656;0.8615;0.692383;0.999822;-0.034786;0.5923;-0.5346;-0.6028;0.047942;0.080211;0.147623;0.5923;-0.5346;-0.6028;0.364369;0.702843;-0.093695;0.5923;-0.5346;-0.6028;-0.659044;0.608552;-0.03477;0.5431;0.7278;0.4187;-0.017496;0.032566;0.134389;0.5431;0.7278;0.4187;-0.46989;0.616471;-0.293844;0.5431;0.7278;0.4187;0.167336;0.726618;0.532427;-0.083;0.3905;-0.9168;0.01588;0.028257;0.24867;-0.083;0.3905;-0.9168;-0.217012;0.690282;0.551746;-0.083;0.3905;-0.9168;0.364369;0.702843;-0.093695;-0.7985;0.522;0.2998;0.047942;0.080211;0.147623;-0.7985;0.522;0.2998;0.460159;0.688869;0.18576;-0.7985;0.522;0.2998;-0.04344;1.0295;0.775842;0.3627;-0.4172;0.8333;0.01588;0.028257;0.24867;0.3627;-0.4172;0.8333;0.167336;0.726618;0.532427;0.3627;-0.4172;0.8333;-0.04344;1.0295;0.775842;-0.0956;0.5823;-0.8073;0.167336;0.726618;0.532427;-0.0956;0.5823;-0.8073;-0.217012;0.690282;0.551746;-0.0956;0.5823;-0.8073;0.460159;0.688869;0.18576;0.8235;-0.5624;0.0742;0.047942;0.080211;0.147623;0.8235;-0.5624;0.0742;0.692383;0.999822;-0.034786;0.8235;-0.5624;0.0742;0.692383;0.999822;-0.034786;-0.6729;0.6906;0.2652;0.364369;0.702843;-0.093695;-0.6729;0.6906;0.2652;0.460159;0.688869;0.18576;-0.6729;0.6906;0.2652;-0.779962;0.794139;-0.316091;-0.6151;-0.7534;-0.2326;-0.017496;0.032566;0.134389;-0.6151;-0.7534;-0.2326;-0.659044;0.608552;-0.03477;-0.6151;-0.7534;-0.2326;-0.779962;0.794139;-0.316091;0.4464;0.8231;0.3511;-0.659044;0.608552;-0.03477;0.4464;0.8231;0.3511;-0.46989;0.616471;-0.293844;0.4464;0.8231;0.3511
-1.671368;-0.192096;-1.123899;1.564543;2.711574;1.822958;1
99;3
36;-1.0;0.0;0.0;0.15
0.991376;2.151441;-0.239323;-0.7935;-0.1276;-0.595;0.763176;1.700419;0.16174;-0.7935;-0.1276;-0.595;0.478215;2.294934;0.414256;-0.7935;-0.1276;-0.595;0.478215;2.294934;0.414256;-0.3292;-0.4984;0.802;0.763176;1.700419;0.16174;-0.3292;-0.4984;0.802;1.254899;1.994158;0.546111;-0.3292;-0.4984;0.802;1.254899;1.994158;0.546111;0.6681;-0.6538;-0.3551;0.763176;1.700419;0.16174;0.6681;-0.6538;-0.3551;0.991376;2.151441;-0.239323;0.6681;-0.6538;-0.3551;0.991376;2.151441;-0.239323;0.3499;0.9342;0.0697;0.478215;2.294934;0.414256;0.3499;0.9342;0.0697;1.254899;1.994158;0.546111;0.3499;0.9342;0.0697;-0.56545;2.508675;-1.123899;-0.8536;-0.3922;0.3429;-0.200777;2.18825;-0.582561;-0.8536;-0.3922;0.3429;-0.317411;2.711574;-0.274363;-0.8536;-0.3922;0.3429;-0.317411;2.711574;-0.274363;0.641;-0.2784;0.7153;-0.200777;2.18825;-0.582561;0.641;-0.2784;0.7153;0.314872;2.547256;-0.904934;0.641;-0.2784;0.7153;0.314872;2.547256;-0.904934;0.1809;-0.7881;-0.5883;-0.200777;2.18825;-0.582561;0.1809;-0.7881;-0.5883;-0.56545;2.508675;-1.123899;0.1809;-0.7881;-0.5883;-0.56545;2.508675;-1.123899;0.0163;0.9714;-0.2368;-0.317411;2.711574;-0.274363;0.0163;0.9714;-0.2368;0.314872;2.547256;-0.904934;0.0163;0.9714;-0.2368;0.201356;1.927298;0.395978;0.2414;-0.2919;-0.9255;-0.127967;1.512029;0.44105;0.2414;-0.2919;-0.9255;-0.48616;1.827316;0.248217;0.2414;-0.2919;-0.9255;-0.48616;1.827316;0.248217;-0.6993;-0.6968;0.1597;-0.127967;1.512029;0.44105;-0.6993;-0.6968;0.1597;-0.249666;1.742272;0.912556;-0.6993;-0.6968;0.1597;-0.249666;1.742272;0.912556;0.7248;-0.5266;0.4442;-0.127967;1.512029;0.44105;0.7248;-0.5266;0.4442;0.201356;1.927298;0.395978;0.7248;-0.5266;0.4442;0.201356;1.927298;0.395978;-0.1808;0.9654;0.1879;-0.48616;1.827316;0.248217;-0.1808;0.9654;0.1879;-0.249666;1.742272;0.912556;-0.1808;0.9654;0.1879
36;0.5002102;0.90354544;0.51813436;0.15
-1.066849;0.67997;-0.783064;-0.1899;-0.7852;-0.5894;-0.050272;-0.132215;-0.028705;-0.1899;-0.7852;-0.5894;-1.671368;0.855629;-0.822255;-0.1899;-0.7852;-0.5894;-0.37226;0.45284;1.315057;0.4894;-0.732;0.4741;-0.026076;-0.083622;0.129422;0.4894;-0.732;0.4741;-0.089376;0.970919;1.822958;0.4894;-0.732;0.4741;1.564543;1.200648;-0.326718;0.4368;-0.6677;-0.6028;0.054578;-0.077238;-0.005392;0.4368;-0.6677;-0.6028;0.872655;0.841695;-0.430489;0.4368;-0.6677;-0.6028;-1.387418;0.588007;-0.326689;0.3565;0.8352;0.4187;-0.050272;-0.132215;-0.028705;0.3565;0.8352;0.4187;-1.066849;0.67997;-0.783064;0.3565;0.8352;0.4187;0.099849;0.879727;1.073111;-0.7147;0.5349;-0.4507;-0.026076;-0.083622;0.129422;-0.7147;0.5349;-0.4507;-0.37226;0.45284;1.315057;-0.7147;0.5349;-0.4507;0.872655;0.841695;-0.430489;-0.6395;0.708;0.2998;0.054578;-0.077238;-0.005392;-0.6395;0.708;0.2998;1.029583;0.774964;0.061789;-0.6395;0.708;0.2998;-0.089376;0.970919;1.822958;0.885;-0.3797;0.2695;-0.026076;-0.083622;0.129422;0.885;-0.3797;0.2695;0.099849;0.879727;1.073111;0.885;-0.3797;0.2695;-0.089376;0.970919;1.822958;-0.7175;0.6463;-0.2597;0.099849;0.879727;1.073111;-0.7175;0.6463;-0.2597;-0.37226;0.45284;1.315057;-0.7175;0.6463;-0.2597;1.029583;0.774964;0.061789;0.6534;-0.7534;0.0742;0.054578;-0.077238;-0.005392;0.6534;-0.7534;0.0742;1.564543;1.200648;-0.326718;0.6534;-0.7534;0.0742;1.564543;1.200648;-0.326718;-0.4751;0.839;0.2652;0.872655;0.841695;-0.430489;-0.4751;0.839;0.2652;1.029583;0.774964;0.061789;-0.4751;0.839;0.2652;-1.671368;0.855629;-0.822255;-0.4205;-0.877;-0.2326;-0.050272;-0.132215;-0.028705;-0.4205;-0.877;-0.2326;-1.387418;0.588007;-0.326689;-0.4205;-0.877;-0.2326;-1.671368;0.855629;-0.822255;0.2402;0.905;0.3511;-1.387418;0.588007;-0.326689;0.2402;0.905;0.3511;-1.066849;0.67997;-0.783064;0.2402;0.905;0.3511
27;0.48824337;0.64667964;0.39743018;0.15
-0.132126;-0.120937;-0.088179;0.8699;-0.0819;-0.4864;-0.21378;2.569359;-0.687409;0.8699;-0.0819;-0.4864;-0.056526;-0.113792;0.045833;0.8699;-0.0819;-0.4864;-0.056526;-0.113792;0.045833;0.0;0.2636;0.9646;-0.21378;2.569359;-0.687409;0.0;0.2636;0.9646;-0.207726;-0.113792;0.045833;0.0;0.2636;0.9646;-0.207726;-0.113792;0.045833;-0.8662;-0.1335;-0.4815;-0.21378;2.569359;-0.687409;-0.8662;-0.1335;-0.4815;-0.132126;-0.120937;-0.088179;-0.8662;-0.1335;-0.4815;0.159789;-0.123273;-0.037512;0.1978;-0.1768;0.9642;0.902692;2.070007;0.212313;0.1978;-0.1768;0.9642;0.005525;-0.112469;-0.003892;0.1978;-0.1768;0.9642;-0.011524;-0.192096;0.134843;-0.989;-0.0472;-0.14;-0.157625;1.767177;0.507093;-0.989;-0.0472;-0.14;0.005152;-0.184932;0.014613;-0.989;-0.0472;-0.14;0.005152;-0.184932;0.014613;0.5821;0.2442;-0.7756;-0.157625;1.767177;0.507093;0.5821;0.2442;-0.7756;0.101289;-0.186451;0.08629;0.5821;0.2442;-0.7756;0.101289;-0.186451;0.08629;0.3973;-0.1426;0.9065;-0.157625;1.767177;0.507093;0.3973;-0.1426;0.9065;-0.011524;-0.192096;0.134843;0.3973;-0.1426;0.9065;0.005525;-0.112469;-0.003892;-0.882;0.3889;-0.266;0.902692;2.070007;0.212313;-0.882;0.3889;-0.266;0.050497;-0.111606;-0.151768;-0.882;0.3889;-0.266;0.050497;-0.111606;-0.151768;0.7051;-0.1601;-0.6908;0.902692;2.070007;0.212313;0.7051;-0.1601;-0.6908;0.159789;-0.123273;-0.037512;0.7051;-0.1601;-0.6908
-2.052877;-0.177712;-2.640162;2.728795;4.477551;2.474822;1
213;3
96;-1.0;0.0;0.0;0.1
-1.758353;3.141588;0.71229;-0.0827;-0.4668;-0.8805;-0.638223;2.311017;1.047445;-0.0827;-0.4668;-0.8805;-2.052877;2.185307;1.246991;-0.0827;-0.4668;-0.8805;-2.052877;2.185307;1.246991;0.0249;-0.916;-0.4005;-0.638223;2.311017;1.047445;0.0249;-0.916;-0.4005;-1.440878;1.816591;2.128258;0.0249;-0.916;-0.4005;-1.440878;1.816591;2.128258;0.5396;-0.8418;0.0157;-0.638223;2.311017;1.047445;0.5396;-0.8418;0.0157;-0.534355;2.404156;2.474822;0.5396;-0.8418;0.0157;-0.534355;2.404156;2.474822;0.9467;-0.3185;-0.0481;-0.638223;2.311017;1.047445;0.9467;-0.3185;-0.0481;-0.239831;3.360437;1.94012;0.9467;-0.3185;-0.0481;-0.239831;3.360437;1.94012;0.8391;0.1306;-0.5281;-0.638223;2.311017;1.047445;0.8391;0.1306;-0.5281;-0.851829;3.729154;1.058854;0.8391;0.1306;-0.5281;-0.851829;3.729154;1.058854;0.3244;0.0565;-0.9442;-0.638223;2.311017;1.047445;0.3244;0.0565;-0.9442;-1.758353;3.141588;0.71229;0.3244;0.0565;-0.9442;-1.758353;3.141588;0.71229;-0.1173;0.5119;0.851;-2.052877;2.185307;1.246991;-0.1173;0.5119;0.851;-0.819478;2.475765;1.242248;-0.1173;0.5119;0.851;-2.052877;2.185307;1.246991;-0.1978;0.8478;0.4921;-1.440878;1.816591;2.128258;-0.1978;0.8478;0.4921;-0.819478;2.475765;1.242248;-0.1978;0.8478;0.4921;-1.440878;1.816591;2.128258;-0.5827;0.7923;0.1808;-0.534355;2.404156;2.474822;-0.5827;0.7923;0.1808;-0.819478;2.475765;1.242248;-0.5827;0.7923;0.1808;-0.534355;2.404156;2.474822;-0.8871;0.401;0.2285;-0.239831;3.360437;1.94012;-0.8871;0.401;0.2285;-0.819478;2.475765;1.242248;-0.8871;0.401;0.2285;-0.239831;3.360437;1.94012;-0.8066;0.0651;0.5874;-0.851829;3.729154;1.058854;-0.8066;0.0651;0.5874;-0.819478;2.475765;1.242248;-0.8066;0.0651;0.5874;-0.851829;3.729154;1.058854;-0.4217;0.1206;0.8987;-1.758353;3.141588;0.71229;-0.4217;0.1206;0.8987;-0.819478;2.475765;1.242248;-0.4217;0.1206;0.8987;2.035982;3.545562;-0.560523;0.9535;-0.1167;0.2778;1.748174;3.824585;0.544592;0.9535;-0.1167;0.2778;1.696325;2.673775;0.239196;0.9535;-0.1167;0.2778;1.748174;3.824585;0.544592;-0.8513;0.0086;0.5245;1.541504;2.589213;0.229408;-0.8513;0.0086;0.5245;2.176356;2.990054;1.253241;-0.8513;0.0086;0.5245;2.642039;2.538585;-0.534873;0.6163;0.3884;0.6851;2.035982;3.545562;-0.560523;0.6163;0.3884;0.6851;1.696325;2.673775;0.239196;0.6163;0.3884;0.6851;2.176356;2.990054;1.253241;-0.4068;-0.7365;0.5405;1.541504;2.589213;0.229408;-0.4068;-0.7365;0.5405;2.728795;2.195262;0.586095;-0.4068;-0.7365;0.5405;2.728795;2.195262;0.586095;0.336;0.9075;0.252;2.642039;2.538585;-0.534873;0.336;0.9075;0.252;1.696325;2.673775;0.239196;0.336;0.9075;0.252;2.728795;2.195262;0.586095;-0.2297;-0.9354;-0.2687;1.541504;2.589213;0.229408;-0.2297;-0.9354;-0.2687;2.642039;2.538585;-0.534873;-0.2297;-0.9354;-0.2687;2.176356;2.990054;1.253241;0.496;0.7341;-0.4638;2.728795;2.195262;0.586095;0.496;0.7341;-0.4638;1.696325;2.673775;0.239196;0.496;0.7341;-0.4638;1.748174;3.824585;0.544592;0.8914;0.0783;-0.4464;2.176356;2.990054;1.253241;0.8914;0.0783;-0.4464;1.696325;2.673775;0.239196;0.8914;0.0783;-0.4464;2.642039;2.538585;-0.534873;-0.5455;-0.3478;-0.7625;1.541504;2.589213;0.229408;-0.5455;-0.3478;-0.7625;2.035982;3.545562;-0.560523;-0.5455;-0.3478;-0.7625;2.035982;3.545562;-0.560523;-0.9257;0.2313;-0.2995;1.541504;2.589213;0.229408;-0.9257;0.2313;-0.2995;1.748174;3.824585;0.544592;-0.9257;0.2313;-0.2995;-1.036048;4.111304;-1.79582;0.1572;0.0222;-0.9873;0.06581;4.477551;-1.612137;0.1572;0.0222;-0.9873;-0.157924;3.416171;-1.671596;0.1572;0.0222;-0.9873;0.06581;4.477551;-1.612137;0.6065;0.0353;0.7943;-0.1231;3.21565;-1.411851;0.6065;0.0353;0.7943;0.793532;3.715924;-2.13397;0.6065;0.0353;0.7943;-0.989311;3.123324;-2.431174;0.4887;0.4881;-0.7231;-1.036048;4.111304;-1.79582;0.4887;0.4881;-0.7231;-0.157924;3.416171;-1.671596;0.4887;0.4881;-0.7231;0.793532;3.715924;-2.13397;0.6385;-0.6961;0.3283;-0.1231;3.21565;-1.411851;0.6385;-0.6961;0.3283;0.141432;2.878964;-2.640162;0.6385;-0.6961;0.3283;0.141432;2.878964;-2.640162;0.1064;0.8831;-0.4569;-0.989311;3.123324;-2.431174;0.1064;0.8831;-0.4569;-0.157924;3.416171;-1.671596;0.1064;0.8831;-0.4569;0.141432;2.878964;-2.640162;-0.1654;-0.9597;0.2274;-0.1231;3.21565;-1.411851;-0.1654;-0.9597;0.2274;-0.989311;3.123324;-2.431174;-0.1654;-0.9597;0.2274;0.793532;3.715924;-2.13397;-0.4791;0.6964;-0.5343;0.141432;2.878964;-2.640162;-0.4791;0.6964;-0.5343;-0.157924;3.416171;-1.671596;-0.4791;0.6964;-0.5343;0.06581;4.477551;-1.612137;-0.4696;0.1477;-0.8705;0.793532;3.715924;-2.13397;-0.4696;0.1477;-0.8705;-0.157924;3.416171;-1.671596;-0.4696;0.1477;-0.8705;-0.989311;3.123324;-2.431174;-0.6712;-0.4232;0.6087;-0.1231;3.21565;-1.411851;-0.6712;-0.4232;0.6087;-1.036048;4.111304;-1.79582;-0.6712;-0.4232;0.6087;-1.036048;4.111304;-1.79582;-0.2211;0.1851;0.9575;-0.1231;3.21565;-1.411851;-0.2211;0.1851;0.9575;0.06581;4.477551;-1.612137;-0.2211;0.1851;0.9575
36;0.5002102;0.90354544;0.51813436;0.12
-1.165092;0.83289;-1.079745;-0.2445;-0.8187;-0.5196;-0.077486;-0.155797;-0.033825;-0.2445;-0.8187;-0.5196;-1.987722;1.008239;-0.968913;-0.2445;-0.8187;-0.5196;-0.596458;0.407424;1.621129;0.5703;-0.6876;0.4495;-0.048975;-0.098537;0.152506;0.5703;-0.6876;0.4495;-0.123566;1.144093;2.148102;0.5703;-0.6876;0.4495;1.825348;1.414796;-0.384991;0.4945;-0.7103;-0.5009;0.046065;-0.091015;-0.006354;0.4945;-0.7103;-0.5009;0.95652;1.014584;-0.675204;0.4945;-0.7103;-0.5009;-1.763416;0.661244;-0.227944;0.3565;0.8352;0.4187;-0.077486;-0.155797;-0.033825;0.3565;0.8352;0.4187;-1.165092;0.83289;-1.079745;0.3565;0.8352;0.4187;0.238963;1.162822;1.192994;-0.7147;0.5349;-0.4507;-0.048975;-0.098537;0.152506;-0.7147;0.5349;-0.4507;-0.596458;0.407424;1.621129;-0.7147;0.5349;-0.4507;0.95652;1.014584;-0.675204;-0.6395;0.708;0.2998;0.046065;-0.091015;-0.006354;-0.6395;0.708;0.2998;1.248506;0.890424;0.240741;-0.6395;0.708;0.2998;-0.123566;1.144093;2.148102;0.8392;-0.4471;0.3097;-0.048975;-0.098537;0.152506;0.8392;-0.4471;0.3097;0.238963;1.162822;1.192994;0.8392;-0.4471;0.3097;-0.123566;1.144093;2.148102;-0.7175;0.6463;-0.2597;0.238963;1.162822;1.192994;-0.7175;0.6463;-0.2597;-0.596458;0.407424;1.621129;-0.7175;0.6463;-0.2597;1.248506;0.890424;0.240741;0.6381;-0.7679;-0.0553;0.046065;-0.091015;-0.006354;0.6381;-0.7679;-0.0553;1.825348;1.414796;-0.384991;0.6381;-0.7679;-0.0553;1.825348;1.414796;-0.384991;-0.4751;0.839;0.2652;0.95652;1.014584;-0.675204;-0.4751;0.839;0.2652;1.248506;0.890424;0.240741;-0.4751;0.839;0.2652;-1.987722;1.008239;-0.968913;-0.3899;-0.8736;-0.2911;-0.077486;-0.155797;-0.033825;-0.3899;-0.8736;-0.2911;-1.763416;0.661244;-0.227944;-0.3899;-0.8736;-0.2911;-1.987722;1.008239;-0.968913;0.2402;0.905;0.3511;-1.763416;0.661244;-0.227944;0.2402;0.905;0.3511;-1.165092;0.83289;-1.079745;0.2402;0.905;0.3511
81;0.48824337;0.64667964;0.39743018;0.12
-0.131104;2.468251;-0.705865;0.8676;-0.1169;-0.4832;-0.061165;-0.105271;0.042401;0.8676;-0.1169;-0.4832;-0.131104;-0.111882;-0.081576;0.8676;-0.1169;-0.4832;-0.076439;2.516836;-0.620302;0.0;0.245;0.9695;-0.201042;-0.105271;0.042401;0.0;0.245;0.9695;-0.061165;-0.105271;0.042401;0.0;0.245;0.9695;-0.131104;2.468251;-0.705865;-0.8664;-0.3529;-0.3531;-0.185768;2.516836;-0.620302;-0.8664;-0.3529;-0.3531;-0.131104;3.49669;-1.733711;-0.8664;-0.3529;-0.3531;-0.201042;-0.105271;0.042401;-0.8676;-0.1169;-0.4832;-0.131104;2.468251;-0.705865;-0.8676;-0.1169;-0.4832;-0.131104;-0.111882;-0.081576;-0.8676;-0.1169;-0.4832;0.893639;1.957779;0.222726;0.1962;-0.191;0.9618;-0.00376;-0.104048;-0.0036;0.1962;-0.191;0.9618;0.138953;-0.114042;-0.034703;0.1962;-0.191;0.9618;-0.185768;2.516836;-0.620302;0.0;0.7507;0.6606;-0.076439;2.516836;-0.620302;0.0;0.7507;0.6606;-0.131104;3.49669;-1.733711;0.0;0.7507;0.6606;-0.076439;2.516836;-0.620302;0.8664;-0.3529;-0.3531;-0.131104;2.468251;-0.705865;0.8664;-0.3529;-0.3531;-0.131104;3.49669;-1.733711;0.8664;-0.3529;-0.3531;-0.204036;1.716902;0.524475;-0.9878;-0.0665;-0.141;-0.004105;-0.171084;0.013519;-0.9878;-0.0665;-0.141;-0.019533;-0.177712;0.124746;-0.9878;-0.0665;-0.141;-0.004105;-0.171084;0.013519;0.5851;0.2214;-0.7801;-0.09139;1.78054;0.501792;0.5851;0.2214;-0.7801;0.084833;-0.17249;0.079828;0.5851;0.2214;-0.7801;-0.204036;1.716902;0.524475;0.4113;-0.4443;0.7959;-0.09139;1.78054;0.501792;0.4113;-0.4443;0.7959;-0.872553;2.572308;1.347403;0.4113;-0.4443;0.7959;0.084833;-0.17249;0.079828;0.3971;-0.1523;0.905;-0.204036;1.716902;0.524475;0.3971;-0.1523;0.905;-0.019533;-0.177712;0.124746;0.3971;-0.1523;0.905;-0.00376;-0.104048;-0.0036;-0.8896;0.3695;-0.2684;0.842092;2.038601;0.142376;-0.8896;0.3695;-0.2684;0.037844;-0.103249;-0.140404;-0.8896;0.3695;-0.2684;-0.09139;1.78054;0.501792;0.452;0.8203;-0.3505;-0.19279;1.805134;0.428565;0.452;0.8203;-0.3505;-0.872553;2.572308;1.347403;0.452;0.8203;-0.3505;-0.19279;1.805134;0.428565;-0.8695;-0.3085;-0.3857;-0.204036;1.716902;0.524475;-0.8695;-0.3085;-0.3857;-0.872553;2.572308;1.347403;-0.8695;-0.3085;-0.3857;0.893639;1.957779;0.222726;0.4612;-0.4601;-0.7587;0.842092;2.038601;0.142376;0.4612;-0.4601;-0.7587;1.85327;2.817092;0.284897;0.4612;-0.4601;-0.7587;0.037844;-0.103249;-0.140404;0.7033;-0.1704;-0.6902;0.893639;1.957779;0.222726;0.7033;-0.1704;-0.6902;0.138953;-0.114042;-0.034703;0.7033;-0.1704;-0.6902;0.842092;2.038601;0.142376;-0.5894;0.7934;-0.1518;0.832109;2.054517;0.264299;-0.5894;0.7934;-0.1518;1.85327;2.817092;0.284897;-0.5894;0.7934;-0.1518;0.832109;2.054517;0.264299;0.1917;-0.2821;0.9401;0.893639;1.957779;0.222726;0.1917;-0.2821;0.9401;1.85327;2.817092;0.284897;0.1917;-0.2821;0.9401;-0.131104;2.468251;-0.705865;0.8658;-0.1178;-0.4862;-0.076439;2.516836;-0.620302;0.8658;-0.1178;-0.4862;-0.061165;-0.105271;0.042401;0.8658;-0.1178;-0.4862;-0.076439;2.516836;-0.620302;0.0;0.245;0.9695;-0.185768;2.516836;-0.620302;0.0;0.245;0.9695;-0.201042;-0.105271;0.042401;0.0;0.245;0.9695;-0.201042;-0.105271;0.042401;-0.8658;-0.1178;-0.4862;-0.185768;2.516836;-0.620302;-0.8658;-0.1178;-0.4862;-0.131104;2.468251;-0.705865;-0.8658;-0.1178;-0.4862;0.893639;1.957779;0.222726;0.2789;-0.2239;0.9338;0.832109;2.054517;0.264299;0.2789;-0.2239;0.9338;-0.00376;-0.104048;-0.0036;0.2789;-0.2239;0.9338;-0.204036;1.716902;0.524475;-0.9839;-0.0584;-0.1691;-0.19279;1.805134;0.428565;-0.9839;-0.0584;-0.1691;-0.004105;-0.171084;0.013519;-0.9839;-0.0584;-0.1691;-0.004105;-0.171084;0.013519;0.6056;0.2185;-0.7652;-0.19279;1.805134;0.428565;0.6056;0.2185;-0.7652;-0.09139;1.78054;0.501792;0.6056;0.2185;-0.7652;0.084833;-0.17249;0.079828;0.2895;-0.1771;0.9407;-0.09139;1.78054;0.501792;0.2895;-0.1771;0.9407;-0.204036;1.716902;0.524475;0.2895;-0.1771;0.9407;-0.00376;-0.104048;-0.0036;-0.9201;0.3717;-0.1238;0.832109;2.054517;0.264299;-0.9201;0.3717;-0.1238;0.842092;2.038601;0.142376;-0.9201;0.3717;-0.1238;0.037844;-0.103249;-0.140404;0.7302;-0.1874;-0.657;0.842092;2.038601;0.142376;0.7302;-0.1874;-0.657;0.893639;1.957779;0.222726;0.7302;-0.1874;-0.657
6
MATERIAL;second;1;count;9;CUSTOM;1.0;0.5068;0.995;1000;RED;100000;YELLOW;150000;ORANGE;200000;LIGHT_BLUE;500000;PURPLE;600000;DARK_PURPLE;700000;GOLD;1000000;WHITE;1000000
SPREADER;7;0.1;0.1;0.1;5.5;5;
INFO;NameId;330;DescId;331;price;23000;dpPerMin;0;range;2;placeSound;grassPlace
LIFE;averagePop;7.5;averageLife;7.3;popFactors;1;0.3;breedMat;3.65;breedTime;2.6392732;parentId;149;count;200;reqs;1;LIFE;type;2;enviroType;0;classification;er;count;2;FADE_DEATH;0.5;enviroReqCount;4;reqId;2;barren;1;goodBiomes;3;7;0;8;idealFactor;100;influence;0.7;reqId;3;badBiomes;4;3;4;5;6;influence;0.9;reqId;1;minAltitude;0;maxAltitude;65;influence;0.8;reqId;4;faveBiome;7;influence;0.12
GROWTH;dynamic;0;growthTime;2.4333334;modelStages;3;subStages;1
FOOD;2;901;9;SAMPLE;902;15;WHOLE;PARTICLE_DEATH;isColour;1;Spawn;0;PPS;8;Speed;0.6;Gravity;0.2;Life;0.5;Scale;0.05;Colour;1;1;1;Additive;0;Alpha;1;FadeIn;0.1;FadeOut;0.8;HasDir;1;Dir;0;1;0;Deviation;0.3;Offset;0;0;0;LifeError;0.4;ScaleError;0.1;SpeedError;0.1;RandomRot;1;HasXRot;0
