0.45
png
0;1
3
-1.501119;-0.186829;-0.698571;0.989286;1.611432;0.474528;1
39;2
27;-1.0;0.0;0.0;0.28
-0.173883;1.611432;-0.698571;0.6101;0.297;0.7346;-0.056947;-0.136994;-0.088802;0.6101;0.297;0.7346;0.160071;-0.125529;-0.273685;0.6101;0.297;0.7346;-0.056947;-0.136994;-0.088802;-0.9918;-0.0958;-0.0844;-0.173883;1.611432;-0.698571;-0.9918;-0.0958;-0.0844;-0.029067;-0.101342;-0.457009;-0.9918;-0.0958;-0.0844;-0.173883;1.611432;-0.698571;0.6925;-0.043;-0.7201;0.160071;-0.125529;-0.273685;0.6925;-0.043;-0.7201;-0.029067;-0.101342;-0.457009;0.6925;-0.043;-0.7201;0.303947;-0.186829;0.033539;0.6322;-0.1005;-0.7683;0.989286;0.752484;0.474528;0.6322;-0.1005;-0.7683;0.530986;-0.186829;0.220352;0.6322;-0.1005;-0.7683;0.530986;-0.186829;0.220352;-0.0;-0.2612;0.9653;0.989286;0.752484;0.474528;-0.0;-0.2612;0.9653;0.076909;-0.186829;0.220352;-0.0;-0.2612;0.9653;0.076909;-0.186829;0.220352;-0.4898;0.6369;-0.5953;0.989286;0.752484;0.474528;-0.4898;0.6369;-0.5953;0.303947;-0.186829;0.033539;-0.4898;0.6369;-0.5953;-0.724519;-0.05212;0.123742;0.6613;0.5329;0.5279;-1.501119;0.973341;0.061461;0.6613;0.5329;0.5279;-0.910078;-0.05212;0.35619;0.6613;0.5329;0.5279;-0.910078;-0.05212;0.35619;-0.8548;-0.3964;0.335;-1.501119;0.973341;0.061461;-0.8548;-0.3964;0.335;-1.018604;-0.05212;0.079267;-0.8548;-0.3964;0.335;-1.018604;-0.05212;0.079267;0.1493;0.0531;-0.9874;-1.501119;0.973341;0.061461;0.1493;0.0531;-0.9874;-0.724519;-0.05212;0.123742;0.1493;0.0531;-0.9874
12;0.4526526;0.90354544;0.872819;0.28
-0.250603;0.283348;0.291759;0.9753;-0.1716;-0.1392;-0.346677;-0.164025;0.170043;0.9753;-0.1716;-0.1392;-0.292895;0.278658;0.001176;0.9753;-0.1716;-0.1392;-0.292895;0.278658;0.001176;-0.6046;-0.2187;-0.7659;-0.346677;-0.164025;0.170043;-0.6046;-0.2187;-0.7659;-0.523417;0.278658;0.183134;-0.6046;-0.2187;-0.7659;-0.523417;0.278658;0.183134;-0.3619;-0.1716;0.9163;-0.346677;-0.164025;0.170043;-0.3619;-0.1716;0.9163;-0.250603;0.283348;0.291759;-0.3619;-0.1716;0.9163;-0.250603;0.283348;0.291759;-0.0114;0.9998;-0.0145;-0.292895;0.278658;0.001176;-0.0114;0.9998;-0.0145;-0.523417;0.278658;0.183134;-0.0114;0.9998;-0.0145
-1.358793;-0.19726;-2.539705;1.574746;2.257379;1.195079;1
105;2
81;-1.0;0.0;0.0;0.23
0.514109;-0.083411;0.675632;0.8659;0.0169;-0.4999;0.794753;0.903462;1.195079;0.8659;0.0169;-0.4999;0.690333;-0.083411;0.980861;0.8659;0.0169;-0.4999;0.690333;-0.083411;0.980861;-0.0;-0.2121;0.9772;0.794753;0.903462;1.195079;-0.0;-0.2121;0.9772;0.337884;-0.083411;0.980861;-0.0;-0.2121;0.9772;0.337884;-0.083411;0.980861;-0.7717;0.4539;-0.4455;0.794753;0.903462;1.195079;-0.7717;0.4539;-0.4455;0.514109;-0.083411;0.675632;-0.7717;0.4539;-0.4455;0.013765;1.761627;-1.450086;0.6057;0.3155;0.7305;-0.035536;-0.147623;-0.584672;0.6057;0.3155;0.7305;0.119901;-0.139412;-0.717092;0.6057;0.3155;0.7305;-0.035536;-0.147623;-0.584672;-0.9938;-0.074;-0.0824;-0.086226;1.610868;-1.552101;-0.9938;-0.074;-0.0824;-0.015567;-0.122088;-0.848396;-0.9938;-0.074;-0.0824;-0.086226;1.610868;-1.552101;0.8691;-0.4678;-0.1606;0.079222;2.257379;-2.539705;0.8691;-0.4678;-0.1606;0.013765;1.761627;-1.450086;0.8691;-0.4678;-0.1606;-0.086226;1.610868;-1.552101;0.6543;-0.2615;-0.7096;0.119901;-0.139412;-0.717092;0.6543;-0.2615;-0.7096;-0.015567;-0.122088;-0.848396;0.6543;-0.2615;-0.7096;-0.960662;1.384546;0.463086;0.5213;0.3371;-0.784;0.072834;-0.134814;0.496909;0.5213;0.3371;-0.784;-0.163903;-0.134814;0.339507;0.5213;0.3371;-0.784;-0.190889;1.84112;-1.410375;-0.9235;-0.2313;-0.3061;0.079222;2.257379;-2.539705;-0.9235;-0.2313;-0.3061;-0.086226;1.610868;-1.552101;-0.9235;-0.2313;-0.3061;0.013765;1.761627;-1.450086;0.3176;0.3847;0.8667;-0.190889;1.84112;-1.410375;0.3176;0.3847;0.8667;-0.035536;-0.147623;-0.584672;0.3176;0.3847;0.8667;-0.035536;-0.147623;-0.584672;-0.9182;-0.211;-0.3353;-0.190889;1.84112;-1.410375;-0.9182;-0.211;-0.3353;-0.086226;1.610868;-1.552101;-0.9182;-0.211;-0.3353;-0.086226;1.610868;-1.552101;0.8164;-0.1675;-0.5527;0.013765;1.761627;-1.450086;0.8164;-0.1675;-0.5527;0.119901;-0.139412;-0.717092;0.8164;-0.1675;-0.5527;-0.190889;1.84112;-1.410375;0.3982;0.8257;0.3996;0.013765;1.761627;-1.450086;0.3982;0.8257;0.3996;0.079222;2.257379;-2.539705;0.3982;0.8257;0.3996;0.072834;-0.134814;0.496909;0.2692;0.2041;0.9412;-0.960662;1.384546;0.463086;0.2692;0.2041;0.9412;-0.27403;-0.134814;0.59613;0.2692;0.2041;0.9412;-0.960662;1.384546;0.463086;-0.8381;-0.4102;-0.3596;-0.163903;-0.134814;0.339507;-0.8381;-0.4102;-0.3596;-0.27403;-0.134814;0.59613;-0.8381;-0.4102;-0.3596;1.244466;0.822036;-0.342548;0.0;-0.3352;0.9422;1.574746;0.822036;-0.342548;0.0;-0.3352;0.9422;0.967277;2.094871;0.110233;0.0;-0.3352;0.9422;1.409606;0.822036;-0.496894;0.5425;-0.5205;-0.6593;0.885461;-0.19726;-0.123433;0.5425;-0.5205;-0.6593;0.674546;-0.19726;-0.29698;0.5425;-0.5205;-0.6593;0.885461;-0.19726;-0.123433;-0.0;0.2102;0.9777;1.244466;0.822036;-0.342548;-0.0;0.2102;0.9777;0.46363;-0.19726;-0.123433;-0.0;0.2102;0.9777;1.409606;0.822036;-0.496894;-0.6786;0.1105;-0.7261;1.244466;0.822036;-0.342548;-0.6786;0.1105;-0.7261;0.967277;2.094871;0.110233;-0.6786;0.1105;-0.7261;1.574746;0.822036;-0.342548;0.5892;0.5054;-0.6304;1.409606;0.822036;-0.496894;0.5892;0.5054;-0.6304;0.967277;2.094871;0.110233;0.5892;0.5054;-0.6304;1.244466;0.822036;-0.342548;-0.605;0.3054;-0.7353;0.674546;-0.19726;-0.29698;-0.605;0.3054;-0.7353;0.46363;-0.19726;-0.123433;-0.605;0.3054;-0.7353;-0.799626;-0.072118;-0.436232;0.6596;0.5363;0.5266;-1.358793;1.431721;-1.26754;0.6596;0.5363;0.5266;-0.972007;-0.072118;-0.220291;0.6596;0.5363;0.5266;-0.972007;-0.072118;-0.220291;-0.931;0.0146;0.3648;-1.358793;1.431721;-1.26754;-0.931;0.0146;0.3648;-1.072826;-0.072118;-0.477548;-0.931;0.0146;0.3648;-1.072826;-0.072118;-0.477548;0.1342;-0.4407;-0.8876;-1.358793;1.431721;-1.26754;0.1342;-0.4407;-0.8876;-0.799626;-0.072118;-0.436232;0.1342;-0.4407;-0.8876;1.409606;0.822036;-0.496894;0.5806;-0.5262;-0.6213;1.574746;0.822036;-0.342548;0.5806;-0.5262;-0.6213;0.885461;-0.19726;-0.123433;0.5806;-0.5262;-0.6213;0.885461;-0.19726;-0.123433;-0.0;0.2102;0.9777;1.574746;0.822036;-0.342548;-0.0;0.2102;0.9777;1.244466;0.822036;-0.342548;-0.0;0.2102;0.9777;1.244466;0.822036;-0.342548;-0.6447;0.3296;-0.6898;1.409606;0.822036;-0.496894;-0.6447;0.3296;-0.6898;0.674546;-0.19726;-0.29698;-0.6447;0.3296;-0.6898
24;0.4526526;0.90354544;0.872819;0.23
-0.506626;0.51975;0.005309;0.9773;-0.1593;-0.1397;-0.645136;-0.176076;-0.17017;0.9773;-0.1593;-0.1397;-0.565748;0.513193;-0.400915;0.9773;-0.1593;-0.1397;-0.565748;0.513193;-0.400915;-0.6085;-0.188;-0.7709;-0.645136;-0.176076;-0.17017;-0.6085;-0.188;-0.7709;-0.888009;0.513193;-0.146545;-0.6085;-0.188;-0.7709;-0.888009;0.513193;-0.146545;-0.3628;-0.1593;0.9181;-0.645136;-0.176076;-0.17017;-0.3628;-0.1593;0.9181;-0.506626;0.51975;0.005309;-0.3628;-0.1593;0.9181;-0.506626;0.51975;0.005309;-0.0114;0.9998;-0.0145;-0.565748;0.513193;-0.400915;-0.0114;0.9998;-0.0145;-0.888009;0.513193;-0.146545;-0.0114;0.9998;-0.0145;0.261906;0.643839;-1.307647;-0.1606;-0.1138;0.9804;0.436925;-0.176076;-1.374159;-0.1606;-0.1138;0.9804;0.60502;0.638287;-1.252099;-0.1606;-0.1138;0.9804;0.60502;0.638287;-1.252099;0.9258;-0.1384;-0.3518;0.436925;-0.176076;-1.374159;0.9258;-0.1384;-0.3518;0.48153;0.638287;-1.57705;0.9258;-0.1384;-0.3518;0.48153;0.638287;-1.57705;-0.7712;-0.1138;-0.6263;0.436925;-0.176076;-1.374159;-0.7712;-0.1138;-0.6263;0.261906;0.643839;-1.307647;-0.7712;-0.1138;-0.6263;0.261906;0.643839;-1.307647;0.0172;0.9998;-0.0066;0.60502;0.638287;-1.252099;0.0172;0.9998;-0.0066;0.48153;0.638287;-1.57705;0.0172;0.9998;-0.0066
-2.888309;-0.236911;-3.560786;1.709986;3.615955;2.15328;1
198;2
162;-1.0;0.0;0.0;0.2
0.554541;-0.09575;1.036904;0.866;-0.0117;-0.5;1.222914;1.673493;2.15328;0.866;-0.0117;-0.5;0.79389;-0.09575;1.451469;0.866;-0.0117;-0.5;0.79389;-0.09575;1.451469;-0.0;-0.3687;0.9295;1.222914;1.673493;2.15328;-0.0;-0.3687;0.9295;0.315192;-0.09575;1.451469;-0.0;-0.3687;0.9295;0.315192;-0.09575;1.451469;-0.7285;0.5406;-0.4206;1.222914;1.673493;2.15328;-0.7285;0.5406;-0.4206;0.554541;-0.09575;1.036904;-0.7285;0.5406;-0.4206;0.23526;2.721249;-1.784151;0.5764;0.3176;0.7529;-0.060719;-0.151195;-0.345717;0.5764;0.3176;0.7529;0.182765;-0.151195;-0.532124;0.5764;0.3176;0.7529;-0.060719;-0.151195;-0.345717;-0.9984;0.0221;-0.052;0.081578;2.516936;-1.943428;-0.9984;0.0221;-0.052;-0.040484;-0.151195;-0.734339;-0.9984;0.0221;-0.052;0.081578;2.516936;-1.943428;0.7941;-0.6076;0.0132;0.182765;2.625962;-3.008647;0.7941;-0.6076;0.0132;0.23526;2.721249;-1.784151;0.7941;-0.6076;0.0132;0.081578;2.516936;-1.943428;0.6303;-0.3442;-0.6959;0.182765;-0.151195;-0.532124;0.6303;-0.3442;-0.6959;-0.040484;-0.151195;-0.734339;0.6303;-0.3442;-0.6959;-0.770688;1.771669;0.71042;0.5468;0.1569;-0.8224;0.078562;-0.151195;0.908301;0.5468;0.1569;-0.8224;-0.176793;-0.151195;0.73852;0.5468;0.1569;-0.8224;0.182765;2.625962;-3.008647;0.4376;-0.4146;0.7978;-0.006253;2.49732;-2.971824;0.4376;-0.4146;0.7978;0.120083;1.497374;-3.560786;0.4376;-0.4146;0.7978;-0.051738;2.81773;-1.735615;-0.888;-0.4519;0.0845;-0.006253;2.49732;-2.971824;-0.888;-0.4519;0.0845;0.081578;2.516936;-1.943428;-0.888;-0.4519;0.0845;-0.051738;2.81773;-1.735615;0.4868;0.8725;-0.0418;0.182765;2.625962;-3.008647;0.4868;0.8725;-0.0418;-0.060719;2.752712;-3.198483;0.4868;0.8725;-0.0418;0.23526;2.721249;-1.784151;0.2834;0.4059;0.8689;-0.051738;2.81773;-1.735615;0.2834;0.4059;0.8689;-0.060719;-0.151195;-0.345717;0.2834;0.4059;0.8689;-0.006253;2.49732;-2.971824;-0.9856;-0.1587;0.058;-0.060719;2.752712;-3.198483;-0.9856;-0.1587;0.058;0.120083;1.497374;-3.560786;-0.9856;-0.1587;0.058;-0.060719;2.752712;-3.198483;0.678;0.2923;-0.6744;0.182765;2.625962;-3.008647;0.678;0.2923;-0.6744;0.120083;1.497374;-3.560786;0.678;0.2923;-0.6744;-0.060719;-0.151195;-0.345717;-0.9207;-0.1632;-0.3545;-0.051738;2.81773;-1.735615;-0.9207;-0.1632;-0.3545;0.081578;2.516936;-1.943428;-0.9207;-0.1632;-0.3545;0.081578;2.516936;-1.943428;0.5581;-0.8292;-0.0318;-0.006253;2.49732;-2.971824;0.5581;-0.8292;-0.0318;0.182765;2.625962;-3.008647;0.5581;-0.8292;-0.0318;0.081578;2.516936;-1.943428;0.8322;-0.2342;-0.5025;0.23526;2.721249;-1.784151;0.8322;-0.2342;-0.5025;0.182765;-0.151195;-0.532124;0.8322;-0.2342;-0.5025;-0.051738;2.81773;-1.735615;-0.9805;-0.196;0.0147;-0.060719;2.752712;-3.198483;-0.9805;-0.196;0.0147;-0.006253;2.49732;-2.971824;-0.9805;-0.196;0.0147;-0.051738;2.81773;-1.735615;0.3042;0.9486;-0.0869;0.23526;2.721249;-1.784151;0.3042;0.9486;-0.0869;0.182765;2.625962;-3.008647;0.3042;0.9486;-0.0869;0.078562;-0.151195;0.908301;0.2719;0.1507;0.9505;-0.871446;1.567356;0.907485;0.2719;0.1507;0.9505;-0.295581;-0.151195;1.015324;0.2719;0.1507;0.9505;-0.871446;1.567356;0.907485;-0.4566;-0.4906;-0.7421;-2.055845;2.35369;1.116399;-0.4566;-0.4906;-0.7421;-0.770688;1.771669;0.71042;-0.4566;-0.4906;-0.7421;-0.871446;1.567356;0.907485;-0.872;-0.3157;-0.3742;-0.176793;-0.151195;0.73852;-0.872;-0.3157;-0.3742;-0.295581;-0.151195;1.015324;-0.872;-0.3157;-0.3742;-0.631609;1.86815;0.966115;0.03;-0.2142;0.9763;-2.055845;2.35369;1.116399;0.03;-0.2142;0.9763;-0.871446;1.567356;0.907485;0.03;-0.2142;0.9763;-0.770688;1.771669;0.71042;0.7892;0.293;-0.5398;-0.631609;1.86815;0.966115;0.7892;0.293;-0.5398;0.078562;-0.151195;0.908301;0.7892;0.293;-0.5398;0.078562;-0.151195;0.908301;-0.1428;-0.0785;0.9866;-0.631609;1.86815;0.966115;-0.1428;-0.0785;0.9866;-0.871446;1.567356;0.907485;-0.1428;-0.0785;0.9866;-0.871446;1.567356;0.907485;-0.7421;-0.2383;-0.6265;-0.770688;1.771669;0.71042;-0.7421;-0.2383;-0.6265;-0.176793;-0.151195;0.73852;-0.7421;-0.2383;-0.6265;-0.631609;1.86815;0.966115;0.2438;0.8561;-0.4556;-0.770688;1.771669;0.71042;0.2438;0.8561;-0.4556;-2.055845;2.35369;1.116399;0.2438;0.8561;-0.4556;1.330944;0.880907;-0.134003;-0.2121;-0.3646;0.9067;1.043349;2.253844;0.350837;-0.2121;-0.3646;0.9067;0.811379;2.138551;0.250215;-0.2121;-0.3646;0.9067;1.520465;0.880907;-0.311137;0.5554;-0.4858;-0.675;1.056965;-0.218553;0.098794;0.5554;-0.4858;-0.675;0.829462;-0.218553;-0.088401;0.5554;-0.4858;-0.675;0.811379;2.138551;0.250215;-0.5258;0.4051;0.748;1.043349;2.253844;0.350837;-0.5258;0.4051;0.748;1.433773;3.615955;-0.112411;-0.5258;0.4051;0.748;1.043349;2.253844;0.350837;0.9651;-0.2463;0.0892;1.040493;2.14942;0.093321;0.9651;-0.2463;0.0892;1.433773;3.615955;-0.112411;0.9651;-0.2463;0.0892;1.056965;-0.218553;0.098794;0.0;0.2071;0.9783;1.330944;0.880907;-0.134003;0.0;0.2071;0.9783;0.601959;-0.218553;0.098794;0.0;0.2071;0.9783;1.330944;0.880907;-0.134003;-0.6826;-0.0254;-0.7303;1.040493;2.14942;0.093321;-0.6826;-0.0254;-0.7303;1.520465;0.880907;-0.311137;-0.6826;-0.0254;-0.7303;1.709986;0.880907;-0.134003;0.8496;0.4854;-0.2062;1.040493;2.14942;0.093321;0.8496;0.4854;-0.2062;1.043349;2.253844;0.350837;0.8496;0.4854;-0.2062;1.330944;0.880907;-0.134003;-0.6153;0.2496;-0.7478;0.829462;-0.218553;-0.088401;-0.6153;0.2496;-0.7478;0.601959;-0.218553;0.098794;-0.6153;0.2496;-0.7478;1.040493;2.14942;0.093321;-0.5658;0.0362;-0.8237;0.811379;2.138551;0.250215;-0.5658;0.0362;-0.8237;1.433773;3.615955;-0.112411;-0.5658;0.0362;-0.8237;-1.736916;1.41077;-1.120133;-0.7084;-0.4515;0.5425;-1.592792;1.487414;-0.868158;-0.7084;-0.4515;0.5425;-2.888309;2.595093;-1.638063;-0.7084;-0.4515;0.5425;-0.975527;-0.083569;-0.261644;0.6854;0.4805;0.5471;-1.592792;1.487414;-0.868158;0.6854;0.4805;0.5471;-1.229695;-0.083569;0.05675;0.6854;0.4805;0.5471;-1.592792;1.487414;-0.868158;-0.9311;-4.0E-4;0.3649;-1.378348;-0.083569;-0.322563;-0.9311;-4.0E-4;0.3649;-1.229695;-0.083569;0.05675;-0.9311;-4.0E-4;0.3649;-1.465656;1.53854;-1.13529;0.0971;-0.318;-0.9431;-1.736916;1.41077;-1.120133;0.0971;-0.318;-0.9431;-2.888309;2.595093;-1.638063;0.0971;-0.318;-0.9431;-1.592792;1.487414;-0.868158;0.4639;0.8029;0.3744;-1.465656;1.53854;-1.13529;0.4639;0.8029;0.3744;-2.888309;2.595093;-1.638063;0.4639;0.8029;0.3744;-1.378348;-0.083569;-0.322563;0.1344;-0.4381;-0.8888;-1.465656;1.53854;-1.13529;0.1344;-0.4381;-0.8888;-0.975527;-0.083569;-0.261644;0.1344;-0.4381;-0.8888;-0.530113;-0.236911;-1.405929;-0.2615;0.4917;0.8306;-0.849848;1.291377;-2.411297;-0.2615;0.4917;0.8306;-0.971082;-0.174768;-1.581533;-0.2615;0.4917;0.8306;-0.971082;-0.174768;-1.581533;-0.6161;-0.3488;-0.7063;-0.849848;1.291377;-2.411297;-0.6161;-0.3488;-0.7063;-0.600008;-0.227061;-1.879394;-0.6161;-0.3488;-0.7063;-0.600008;-0.227061;-1.879394;0.9834;0.1118;-0.1429;-0.849848;1.291377;-2.411297;0.9834;0.1118;-0.1429;-0.530113;-0.236911;-1.405929;0.9834;0.1118;-0.1429;1.330944;0.880907;-0.134003;0.0;-0.333;0.9429;1.709986;0.880907;-0.134003;0.0;-0.333;0.9429;1.043349;2.253844;0.350837;0.0;-0.333;0.9429;1.520465;0.880907;-0.311137;0.5957;-0.4888;-0.6374;1.709986;0.880907;-0.134003;0.5957;-0.4888;-0.6374;1.056965;-0.218553;0.098794;0.5957;-0.4888;-0.6374;1.056965;-0.218553;0.098794;0.0;0.2071;0.9783;1.709986;0.880907;-0.134003;0.0;0.2071;0.9783;1.330944;0.880907;-0.134003;0.0;0.2071;0.9783;1.330944;0.880907;-0.134003;-0.5655;0.0183;-0.8245;0.811379;2.138551;0.250215;-0.5655;0.0183;-0.8245;1.040493;2.14942;0.093321;-0.5655;0.0183;-0.8245;1.709986;0.880907;-0.134003;0.6129;0.441;-0.6557;1.520465;0.880907;-0.311137;0.6129;0.441;-0.6557;1.040493;2.14942;0.093321;0.6129;0.441;-0.6557;1.330944;0.880907;-0.134003;-0.6573;0.2707;-0.7033;1.520465;0.880907;-0.311137;-0.6573;0.2707;-0.7033;0.829462;-0.218553;-0.088401;-0.6573;0.2707;-0.7033;-0.975527;-0.083569;-0.261644;0.7577;0.4718;0.4509;-1.465656;1.53854;-1.13529;0.7577;0.4718;0.4509;-1.592792;1.487414;-0.868158;0.7577;0.4718;0.4509;-1.592792;1.487414;-0.868158;-0.8734;0.0491;0.4846;-1.736916;1.41077;-1.120133;-0.8734;0.0491;0.4846;-1.378348;-0.083569;-0.322563;-0.8734;0.0491;0.4846;-1.378348;-0.083569;-0.322563;0.1557;-0.4358;-0.8865;-1.736916;1.41077;-1.120133;0.1557;-0.4358;-0.8865;-1.465656;1.53854;-1.13529;0.1557;-0.4358;-0.8865
36;0.4526526;0.90354544;0.872819;0.2
-0.371949;0.694614;0.458761;0.9495;-0.2839;-0.1336;-0.695873;-0.195702;0.048382;0.9495;-0.2839;-0.1336;-0.505991;0.679747;-0.462224;0.9495;-0.2839;-0.1336;-0.505991;0.679747;-0.462224;-0.5895;-0.3077;-0.7468;-0.695873;-0.195702;0.048382;-0.5895;-0.3077;-0.7468;-1.236617;0.679747;0.114479;-0.5895;-0.3077;-0.7468;-1.236617;0.679747;0.114479;-0.3505;-0.2839;0.8925;-0.695873;-0.195702;0.048382;-0.3505;-0.2839;0.8925;-0.371949;0.694614;0.458761;-0.3505;-0.2839;0.8925;-0.371949;0.694614;0.458761;-0.0114;0.9998;-0.0145;-0.505991;0.679747;-0.462224;-0.0114;0.9998;-0.0145;-1.236617;0.679747;0.114479;-0.0114;0.9998;-0.0145;0.080758;0.692676;-1.493818;-0.1591;-0.2303;0.96;0.471287;-0.195702;-1.64223;-0.1591;-0.2303;0.96;0.819884;0.680716;-1.374158;-0.1591;-0.2303;0.96;0.819884;0.680716;-1.374158;0.904;-0.2545;-0.3435;0.471287;-0.195702;-1.64223;0.904;-0.2545;-0.3435;0.553864;0.680716;-2.074159;0.904;-0.2545;-0.3435;0.553864;0.680716;-2.074159;-0.7566;-0.2303;-0.612;0.471287;-0.195702;-1.64223;-0.7566;-0.2303;-0.612;0.080758;0.692676;-1.493818;-0.7566;-0.2303;-0.612;0.080758;0.692676;-1.493818;0.0172;0.9998;-0.0066;0.819884;0.680716;-1.374158;0.0172;0.9998;-0.0066;0.553864;0.680716;-2.074159;0.0172;0.9998;-0.0066;0.480734;0.604746;1.175629;0.9491;-0.2829;0.1384;0.291011;-0.195702;0.840162;0.9491;-0.2829;0.1384;0.557654;0.595944;0.629944;0.9491;-0.2829;0.1384;0.557654;0.595944;0.629944;-0.3716;-0.1193;-0.9207;0.291011;-0.195702;0.840162;-0.3716;-0.1193;-0.9207;0.046567;0.595944;0.836235;-0.3716;-0.1193;-0.9207;0.046567;0.595944;0.836235;-0.6032;-0.1824;0.7764;0.291011;-0.195702;0.840162;-0.6032;-0.1824;0.7764;0.480734;0.604746;1.175629;-0.6032;-0.1824;0.7764;0.480734;0.604746;1.175629;-0.0069;0.9998;-0.0171;0.557654;0.595944;0.629944;-0.0069;0.9998;-0.0171;0.046567;0.595944;0.836235;-0.0069;0.9998;-0.0171
6
MATERIAL;second;0;count;5;CUSTOM;0.695;0.9035;0.508;1000;GREEN;200000;RED;1000000;YELLOW;1500000;PINK;2500000
SPREADER;9;0.1;0.1;0.1;6;5;
INFO;NameId;348;DescId;349;price;20000;dpPerMin;0;range;2;placeSound;grassPlace
LIFE;averagePop;10.0;averageLife;5.5;popFactors;1;0.5;breedMat;2.75;breedTime;1.9887815;parentId;-1;FADE_DEATH;0.5;enviroReqCount;4;reqId;2;barren;1;goodBiomes;3;7;0;9;idealFactor;90;influence;0.7;reqId;3;badBiomes;4;3;4;5;6;influence;0.9;reqId;1;minAltitude;0;maxAltitude;65;influence;0.8;reqId;4;faveBiome;9;influence;0.08
GROWTH;dynamic;0;growthTime;1.8333334;modelStages;3;subStages;1
FOOD;2;901;2;SAMPLE;902;20;WHOLE;PARTICLE_DEATH;isColour;1;Spawn;0;PPS;8;Speed;0.6;Gravity;0.2;Life;0.5;Scale;0.05;Colour;0.4526526;0.90354544;0.872819;Additive;0;Alpha;1;FadeIn;0.1;FadeOut;0.8;HasDir;1;Dir;0;1;0;Deviation;0.3;Offset;0;0;0;LifeError;0.4;ScaleError;0.1;SpeedError;0.1;RandomRot;1;HasXRot;0
