0.4
pbl
0;1
3
-0.785495;-0.194841;-0.27475;0.677316;2.241918;0.366862;1
45;3
24;0.5479832;0.90354544;0.47869506;0.25
-0.785495;2.084089;0.030005;0.7572;0.2895;-0.5855;0.034641;-0.088398;0.016463;0.7572;0.2895;-0.5855;-0.614085;1.023506;-0.272707;0.7572;0.2895;-0.5855;-0.614085;1.023506;-0.272707;-0.8673;-0.4963;0.0375;0.034641;-0.088398;0.016463;-0.8673;-0.4963;0.0375;-0.590652;1.030864;0.366862;-0.8673;-0.4963;0.0375;-0.590652;1.030864;0.366862;0.8197;0.3064;0.484;0.034641;-0.088398;0.016463;0.8197;0.3064;0.484;-0.785495;2.084089;0.030005;0.8197;0.3064;0.484;-0.785495;2.084089;0.030005;-0.9847;-0.17;0.038;-0.614085;1.023506;-0.272707;-0.9847;-0.17;0.038;-0.590652;1.030864;0.366862;-0.9847;-0.17;0.038;0.677316;2.241918;0.017352;-0.8364;0.2798;0.4713;-0.126504;-0.194841;0.037355;-0.8364;0.2798;0.4713;0.511828;1.162425;0.364465;-0.8364;0.2798;0.4713;0.511828;1.162425;0.364465;0.9067;-0.4213;-0.021;-0.126504;-0.194841;0.037355;0.9067;-0.4213;-0.021;0.485658;1.138032;-0.27475;0.9067;-0.4213;-0.021;0.485658;1.138032;-0.27475;-0.8351;0.2716;-0.4783;-0.126504;-0.194841;0.037355;-0.8351;0.2716;-0.4783;0.677316;2.241918;0.017352;-0.8351;0.2716;-0.4783;0.677316;2.241918;0.017352;0.9862;-0.1622;-0.0342;0.511828;1.162425;0.364465;0.9862;-0.1622;-0.0342;0.485658;1.138032;-0.27475;0.9862;-0.1622;-0.0342
12;-1.0;0.0;0.0;0.25
-0.186831;1.74242;0.068874;-0.8474;-0.2064;-0.4892;-0.034862;1.74242;-0.194344;-0.8474;-0.2064;-0.4892;-0.034862;1.25533;0.011121;-0.8474;-0.2064;-0.4892;-0.034862;1.74242;-0.194344;0.8474;-0.2064;-0.4892;0.117107;1.74242;0.068874;0.8474;-0.2064;-0.4892;-0.034862;1.25533;0.011121;0.8474;-0.2064;-0.4892;0.117107;1.74242;0.068874;0.0;-0.1177;0.993;-0.186831;1.74242;0.068874;0.0;-0.1177;0.993;-0.034862;1.25533;0.011121;0.0;-0.1177;0.993;-0.186831;1.74242;0.068874;0.0;1.0;0.0;0.117107;1.74242;0.068874;0.0;1.0;0.0;-0.034862;1.74242;-0.194344;0.0;1.0;0.0
9;0.46149746;0.90354544;0.7298017;0.25
-0.034862;-0.021031;-0.094618;0.8657;0.0291;-0.4998;-0.034862;1.601729;0.0;0.8657;0.0291;-0.4998;0.049408;-0.021031;0.051341;0.8657;0.0291;-0.4998;0.049408;-0.021031;0.051341;0.0;0.0316;0.9995;-0.034862;1.601729;0.0;0.0;0.0316;0.9995;-0.119132;-0.021031;0.051341;0.0;0.0316;0.9995;-0.119132;-0.021031;0.051341;-0.8657;0.0291;-0.4998;-0.034862;1.601729;0.0;-0.8657;0.0291;-0.4998;-0.034862;-0.021031;-0.094618;-0.8657;0.0291;-0.4998
-2.664668;-0.1012;-0.347451;2.017046;4.014078;1.280251;1
93;3
60;0.5479832;0.90354544;0.47869506;0.2
1.328004;1.85857;0.749669;-0.7874;0.6132;-0.0631;-0.045075;0.029832;0.110807;-0.7874;0.6132;-0.0631;0.896965;1.319973;0.894034;-0.7874;0.6132;-0.0631;0.896965;1.319973;0.894034;0.5538;-0.6886;0.4682;-0.045075;0.029832;0.110807;0.5538;-0.6886;0.4682;1.197585;1.248549;0.433424;0.5538;-0.6886;0.4682;1.197585;1.248549;0.433424;-0.2622;0.4877;-0.8327;-0.045075;0.029832;0.110807;-0.2622;0.4877;-0.8327;1.328004;1.85857;0.749669;-0.2622;0.4877;-0.8327;1.328004;1.85857;0.749669;0.7223;-0.4337;0.5387;0.896965;1.319973;0.894034;0.7223;-0.4337;0.5387;1.197585;1.248549;0.433424;0.7223;-0.4337;0.5387;-1.381729;1.447186;1.280251;-0.0499;0.5618;-0.8258;0.018509;0.014668;0.221204;-0.0499;0.5618;-0.8258;-1.225202;0.9032;0.900738;-0.0499;0.5618;-0.8258;-1.225202;0.9032;0.900738;-0.2014;-0.7571;0.6215;0.018509;0.014668;0.221204;-0.2014;-0.7571;0.6215;-0.875818;1.016058;1.151439;-0.2014;-0.7571;0.6215;-0.875818;1.016058;1.151439;0.5868;0.7665;-0.2611;0.018509;0.014668;0.221204;0.5868;0.7665;-0.2611;-1.381729;1.447186;1.280251;0.5868;0.7665;-0.2611;-1.381729;1.447186;1.280251;-0.3278;-0.6022;0.7279;-1.225202;0.9032;0.900738;-0.3278;-0.6022;0.7279;-0.875818;1.016058;1.151439;-0.3278;-0.6022;0.7279;-1.20842;2.041914;0.333578;-0.8636;-0.4944;-0.0989;-0.131414;0.156173;0.356473;-0.8636;-0.4944;-0.0989;-1.256829;2.022532;0.853294;-0.8636;-0.4944;-0.0989;-1.256829;2.022532;0.853294;0.8221;0.3838;0.4206;-0.131414;0.156173;0.356473;0.8221;0.3838;0.4206;-0.890169;2.222612;-0.046025;0.8221;0.3838;0.4206;-1.256829;2.022532;0.853294;-0.6199;-0.7799;-0.0868;-2.664668;3.199197;0.334938;-0.6199;-0.7799;-0.0868;-1.20842;2.041914;0.333578;-0.6199;-0.7799;-0.0868;-0.890169;2.222612;-0.046025;-0.6215;-0.3634;-0.694;-0.131414;0.156173;0.356473;-0.6215;-0.3634;-0.694;-1.20842;2.041914;0.333578;-0.6215;-0.3634;-0.694;-1.256829;2.022532;0.853294;0.5073;0.7739;0.379;-0.890169;2.222612;-0.046025;0.5073;0.7739;0.379;-2.664668;3.199197;0.334938;0.5073;0.7739;0.379;-0.890169;2.222612;-0.046025;-0.4641;-0.5832;-0.6667;-1.20842;2.041914;0.333578;-0.4641;-0.5832;-0.6667;-2.664668;3.199197;0.334938;-0.4641;-0.5832;-0.6667;0.844017;2.194541;0.073063;0.8072;-0.3602;-0.4676;-0.014447;0.078395;0.221191;0.8072;-0.3602;-0.4676;0.626715;2.253394;-0.347451;0.8072;-0.3602;-0.4676;0.626715;2.253394;-0.347451;-0.9487;0.3031;0.0896;-0.014447;0.078395;0.221191;-0.9487;0.3031;0.0896;0.734137;2.308328;0.604011;-0.9487;0.3031;0.0896;0.626715;2.253394;-0.347451;0.639;-0.6442;-0.4204;2.017046;3.480206;-0.113848;0.639;-0.6442;-0.4204;0.844017;2.194541;0.073063;0.639;-0.6442;-0.4204;0.734137;2.308328;0.604011;0.9008;-0.3472;0.2608;-0.014447;0.078395;0.221191;0.9008;-0.3472;0.2608;0.844017;2.194541;0.073063;0.9008;-0.3472;0.2608;0.626715;2.253394;-0.347451;-0.6643;0.7468;0.0319;0.734137;2.308328;0.604011;-0.6643;0.7468;0.0319;2.017046;3.480206;-0.113848;-0.6643;0.7468;0.0319;0.734137;2.308328;0.604011;0.7285;-0.6233;0.2843;0.844017;2.194541;0.073063;0.7285;-0.6233;0.2843;2.017046;3.480206;-0.113848;0.7285;-0.6233;0.2843
9;0.46149746;0.90354544;0.7298017;0.2
-0.033597;-0.1012;0.029236;0.8658;0.0234;-0.4999;-0.042583;3.54807;0.184166;0.8658;0.0234;-0.4999;0.06331;-0.1012;0.197084;0.8658;0.0234;-0.4999;0.06331;-0.1012;0.197084;0.0;0.0035;1.0;-0.042583;3.54807;0.184166;0.0;0.0035;1.0;-0.130504;-0.1012;0.197084;0.0;0.0035;1.0;-0.130504;-0.1012;0.197084;-0.8659;0.0191;-0.4999;-0.042583;3.54807;0.184166;-0.8659;0.0191;-0.4999;-0.033597;-0.1012;0.029236;-0.8659;0.0191;-0.4999
24;-1.0;0.0;0.0;0.2
-0.290411;4.014078;0.170846;-0.3265;-0.057;0.9435;-0.042583;2.815683;0.184166;-0.3265;-0.057;0.9435;0.217444;4.014078;0.346615;-0.3265;-0.057;0.9435;-0.042583;3.287517;0.581789;0.9146;-0.1417;0.3788;-0.041994;2.214813;0.179198;0.9146;-0.1417;0.3788;0.213042;3.287517;-0.035349;0.9146;-0.1417;0.3788;0.115737;4.014078;-0.181085;-0.6482;-0.1424;-0.7481;-0.042583;2.815683;0.184166;-0.6482;-0.1424;-0.7481;-0.290411;4.014078;0.170846;-0.6482;-0.1424;-0.7481;0.213042;3.287517;-0.035349;0.0;-0.1961;-0.9806;-0.041994;2.214813;0.179198;0.0;-0.1961;-0.9806;-0.298208;3.287517;-0.035349;0.0;-0.1961;-0.9806;0.217444;4.014078;0.346615;0.9651;-0.1842;-0.186;-0.042583;2.815683;0.184166;0.9651;-0.1842;-0.186;0.115737;4.014078;-0.181085;0.9651;-0.1842;-0.186;0.217444;4.014078;0.346615;0.0;1.0;-0.0;0.115737;4.014078;-0.181085;0.0;1.0;-0.0;-0.290411;4.014078;0.170846;0.0;1.0;-0.0;-0.298208;3.287517;-0.035349;-0.9144;-0.1427;0.3788;-0.041994;2.214813;0.179198;-0.9144;-0.1427;0.3788;-0.042583;3.287517;0.581789;-0.9144;-0.1427;0.3788;-0.042583;3.287517;0.581789;0.0;1.0;-0.0;0.213042;3.287517;-0.035349;0.0;1.0;-0.0;-0.298208;3.287517;-0.035349;0.0;1.0;-0.0
-4.76997;-0.207854;-1.481438;4.902512;5.930835;1.832536;1
165;3
108;0.5479832;0.90354544;0.47869506;0.15
-0.28115;1.687974;-1.481438;0.168;0.6403;0.7496;-0.122591;-0.102745;0.01266;0.168;0.6403;0.7496;0.278275;1.17854;-1.171659;0.168;0.6403;0.7496;0.278275;1.17854;-1.171659;0.1255;-0.6943;-0.7087;-0.122591;-0.102745;0.01266;0.1255;-0.6943;-0.7087;-0.706062;1.05056;-1.220585;0.1255;-0.6943;-0.7087;-0.706062;1.05056;-1.220585;-0.405;0.5644;0.7194;-0.122591;-0.102745;0.01266;-0.405;0.5644;0.7194;-0.28115;1.687974;-1.481438;-0.405;0.5644;0.7194;-0.28115;1.687974;-1.481438;0.1009;-0.4337;-0.8954;0.278275;1.17854;-1.171659;0.1009;-0.4337;-0.8954;-0.706062;1.05056;-1.220585;0.1009;-0.4337;-0.8954;1.334295;1.687974;0.575151;-0.732;0.6403;-0.2329;-0.03586;-0.102745;-0.041408;-0.732;0.6403;-0.2329;0.784672;1.178539;0.902007;-0.732;0.6403;-0.2329;0.784672;1.178539;0.902007;0.5487;-0.6943;0.4657;-0.03586;-0.102745;-0.041408;0.5487;-0.6943;0.4657;1.323326;1.050559;0.07668;0.5487;-0.6943;0.4657;1.323326;1.050559;0.07668;-0.417;0.5644;-0.7125;-0.03586;-0.102745;-0.041408;-0.417;0.5644;-0.7125;1.334295;1.687974;0.575151;-0.417;0.5644;-0.7125;1.334295;1.687974;0.575151;0.7223;-0.4337;0.5387;0.784672;1.178539;0.902007;0.7223;-0.4337;0.5387;1.323326;1.050559;0.07668;0.7223;-0.4337;0.5387;-1.116168;1.68489;1.832536;0.1906;0.7508;-0.6324;0.009148;-0.11348;0.036737;0.1906;0.7508;-0.6324;-1.373656;1.120043;1.084397;0.1906;0.7508;-0.6324;-1.373656;1.120043;1.084397;-0.4011;-0.8111;0.4256;0.009148;-0.11348;0.036737;-0.4011;-0.8111;0.4256;-0.425277;1.017056;1.78182;-0.4011;-0.8111;0.4256;-0.425277;1.017056;1.78182;0.6541;0.6987;-0.2898;0.009148;-0.11348;0.036737;0.6541;0.6987;-0.2898;-1.116168;1.68489;1.832536;0.6541;0.6987;-0.2898;-1.116168;1.68489;1.832536;-0.5205;-0.5857;0.6213;-1.373656;1.120043;1.084397;-0.5205;-0.5857;0.6213;-0.425277;1.017056;1.78182;-0.5205;-0.5857;0.6213;-0.966573;2.421088;1.084461;0.2496;0.9323;0.2618;-3.103405;3.413243;-0.411291;0.2496;0.9323;0.2618;-3.386246;3.030401;1.22156;0.2496;0.9323;0.2618;-1.46996;2.48115;0.416921;-0.7269;-0.4638;0.5064;-0.189742;-0.012519;-0.029163;-0.7269;-0.4638;0.5064;-0.966573;2.421088;1.084461;-0.7269;-0.4638;0.5064;-3.386246;3.030401;1.22156;-0.6541;0.7537;0.0634;-3.103405;3.413243;-0.411291;-0.6541;0.7537;0.0634;-4.76997;1.896518;0.426437;-0.6541;0.7537;0.0634;-2.915278;3.108068;0.459937;0.5274;-0.8141;0.2431;-3.386246;3.030401;1.22156;0.5274;-0.8141;0.2431;-4.76997;1.896518;0.426437;0.5274;-0.8141;0.2431;-0.966573;2.421088;1.084461;0.956;0.2921;0.0284;-0.189742;-0.012519;-0.029163;0.956;0.2921;0.0284;-0.950731;2.502647;-0.286858;0.956;0.2921;0.0284;-0.966573;2.421088;1.084461;-0.3839;-0.8995;0.2086;-2.915278;3.108068;0.459937;-0.3839;-0.8995;0.2086;-1.46996;2.48115;0.416921;-0.3839;-0.8995;0.2086;-0.950731;2.502647;-0.286858;-0.7657;-0.2905;-0.5738;-0.189742;-0.012519;-0.029163;-0.7657;-0.2905;-0.5738;-1.46996;2.48115;0.416921;-0.7657;-0.2905;-0.5738;-0.950731;2.502647;-0.286858;-0.367;-0.8998;-0.2359;-2.915278;3.108068;0.459937;-0.367;-0.8998;-0.2359;-3.103405;3.413243;-0.411291;-0.367;-0.8998;-0.2359;-3.103405;3.413243;-0.411291;0.5106;-0.7711;-0.3804;-2.915278;3.108068;0.459937;0.5106;-0.7711;-0.3804;-4.76997;1.896518;0.426437;0.5106;-0.7711;-0.3804;-0.966573;2.421088;1.084461;0.386;0.9206;0.0592;-0.950731;2.502647;-0.286858;0.386;0.9206;0.0592;-3.103405;3.413243;-0.411291;0.386;0.9206;0.0592;-0.966573;2.421088;1.084461;-0.2497;-0.9355;-0.2498;-3.386246;3.030401;1.22156;-0.2497;-0.9355;-0.2498;-2.915278;3.108068;0.459937;-0.2497;-0.9355;-0.2498;-0.950731;2.502647;-0.286858;-0.3859;-0.8684;-0.3113;-1.46996;2.48115;0.416921;-0.3859;-0.8684;-0.3113;-2.915278;3.108068;0.459937;-0.3859;-0.8684;-0.3113;0.986444;2.80575;-0.703101;-0.2824;0.9351;-0.2139;3.181521;3.761015;0.575035;-0.2824;0.9351;-0.2139;3.319853;3.421859;-1.090758;-0.2824;0.9351;-0.2139;1.609664;2.937475;-0.112871;0.674;-0.3969;-0.6231;-0.009922;0.232508;-0.14151;0.674;-0.3969;-0.6231;0.986444;2.80575;-0.703101;0.674;-0.3969;-0.6231;3.319853;3.421859;-1.090758;0.3969;0.9053;-0.1514;3.181521;3.761015;0.575035;0.3969;0.9053;-0.1514;4.902512;2.815484;-0.567734;0.3969;0.9053;-0.1514;2.90292;3.351356;-0.266697;-0.2835;-0.9326;-0.2232;3.319853;3.421859;-1.090758;-0.2835;-0.9326;-0.2232;4.902512;2.815484;-0.567734;-0.2835;-0.9326;-0.2232;0.986444;2.80575;-0.703101;-0.9232;0.3755;0.0825;-0.009922;0.232508;-0.14151;-0.9232;0.3755;0.0825;1.140323;2.884442;0.659837;-0.9232;0.3755;0.0825;0.986444;2.80575;-0.703101;0.2929;-0.9512;-0.097;2.90292;3.351356;-0.266697;0.2929;-0.9512;-0.097;1.609664;2.937475;-0.112871;0.2929;-0.9512;-0.097;1.140323;2.884442;0.659837;0.7702;-0.4657;0.4358;-0.009922;0.232508;-0.14151;0.7702;-0.4657;0.4358;1.609664;2.937475;-0.112871;0.7702;-0.4657;0.4358;1.140323;2.884442;0.659837;0.3872;-0.873;0.2967;2.90292;3.351356;-0.266697;0.3872;-0.873;0.2967;3.181521;3.761015;0.575035;0.3872;-0.873;0.2967;3.181521;3.761015;0.575035;-0.1605;-0.8656;0.4744;2.90292;3.351356;-0.266697;-0.1605;-0.8656;0.4744;4.902512;2.815484;-0.567734;-0.1605;-0.8656;0.4744;0.986444;2.80575;-0.703101;-0.3949;0.9187;-0.0085;1.140323;2.884442;0.659837;-0.3949;0.9187;-0.0085;3.181521;3.761015;0.575035;-0.3949;0.9187;-0.0085;0.986444;2.80575;-0.703101;0.2628;-0.9635;0.0505;3.319853;3.421859;-1.090758;0.2628;-0.9635;0.0505;2.90292;3.351356;-0.266697;0.2628;-0.9635;0.0505;1.140323;2.884442;0.659837;0.316;-0.9402;0.1274;1.609664;2.937475;-0.112871;0.316;-0.9402;0.1274;2.90292;3.351356;-0.266697;0.316;-0.9402;0.1274
9;0.46149746;0.90354544;0.7298017;0.15
-0.063707;-0.207854;-0.140028;0.8659;0.0132;-0.5;-0.063707;5.479361;0.010519;0.8659;0.0132;-0.5;0.06667;-0.207854;0.085792;0.8659;0.0132;-0.5;0.06667;-0.207854;0.085792;-0.0;0.0132;0.9999;-0.063707;5.479361;0.010519;-0.0;0.0132;0.9999;-0.194084;-0.207854;0.085792;-0.0;0.0132;0.9999;-0.194084;-0.207854;0.085792;-0.8659;0.0132;-0.5;-0.063707;5.479361;0.010519;-0.8659;0.0132;-0.5;-0.063707;-0.207854;-0.140028;-0.8659;0.0132;-0.5
48;-1.0;0.0;0.0;0.15
-0.228662;5.310452;0.428607;0.6035;-0.2425;0.7596;-0.063707;4.411546;0.010519;0.6035;-0.2425;0.7596;0.380846;5.310452;-0.05567;0.6035;-0.2425;0.7596;-0.598289;4.660005;0.113553;-0.3173;-0.2425;0.9168;-0.063707;3.571164;0.010519;-0.3173;-0.2425;0.9168;0.292814;4.660005;0.421964;-0.3173;-0.2425;0.9168;-0.063707;3.987923;0.55494;0.8402;-0.2425;0.4851;-0.063707;2.899081;0.010519;0.8402;-0.2425;0.4851;0.407775;3.987923;-0.261691;0.8402;-0.2425;0.4851;-0.343305;5.310452;-0.34138;-0.9596;-0.2425;0.1429;-0.063707;4.411546;0.010519;-0.9596;-0.2425;0.1429;-0.228662;5.310452;0.428607;-0.9596;-0.2425;0.1429;0.114354;4.660005;-0.503959;-0.6353;-0.2425;-0.7332;-0.063707;3.571164;0.010519;-0.6353;-0.2425;-0.7332;-0.598289;4.660005;0.113553;-0.6353;-0.2425;-0.7332;0.407775;3.987923;-0.261691;-0.0;-0.2425;-0.9701;-0.063707;2.899081;0.010519;-0.0;-0.2425;-0.9701;-0.535189;3.987923;-0.261691;-0.0;-0.2425;-0.9701;0.292814;4.660005;0.421964;0.9526;-0.2425;-0.1836;-0.063707;3.571164;0.010519;0.9526;-0.2425;-0.1836;0.114354;4.660005;-0.503959;0.9526;-0.2425;-0.1836;0.292814;4.660005;0.421964;0.0;1.0;-0.0;0.114354;4.660005;-0.503959;0.0;1.0;-0.0;-0.598289;4.660005;0.113553;0.0;1.0;-0.0;-0.535189;3.987923;-0.261691;-0.8402;-0.2425;0.4851;-0.063707;2.899081;0.010519;-0.8402;-0.2425;0.4851;-0.063707;3.987923;0.55494;-0.8402;-0.2425;0.4851;-0.063707;3.987923;0.55494;0.0;1.0;-0.0;0.407775;3.987923;-0.261691;0.0;1.0;-0.0;-0.535189;3.987923;-0.261691;0.0;1.0;-0.0;0.380846;5.310452;-0.05567;0.3561;-0.2425;-0.9024;-0.063707;4.411546;0.010519;0.3561;-0.2425;-0.9024;-0.343305;5.310452;-0.34138;0.3561;-0.2425;-0.9024;0.380846;5.310452;-0.05567;0.0;1.0;-0.0;-0.343305;5.310452;-0.34138;0.0;1.0;-0.0;-0.228662;5.310452;0.428607;0.0;1.0;-0.0;0.087283;5.930835;0.433851;0.9543;-0.2425;0.1746;-0.063707;5.031929;0.010519;0.9543;-0.2425;0.1746;0.227415;5.930835;-0.331908;0.9543;-0.2425;0.1746;-0.505818;5.930835;-0.070386;-0.6284;-0.2425;0.7391;-0.063707;5.031929;0.010519;-0.6284;-0.2425;0.7391;0.087283;5.930835;0.433851;-0.6284;-0.2425;0.7391;0.227415;5.930835;-0.331908;-0.3259;-0.2425;-0.9138;-0.063707;5.031929;0.010519;-0.3259;-0.2425;-0.9138;-0.505818;5.930835;-0.070386;-0.3259;-0.2425;-0.9138;0.227415;5.930835;-0.331908;0.0;1.0;-0.0;-0.505818;5.930835;-0.070386;0.0;1.0;-0.0;0.087283;5.930835;0.433851;0.0;1.0;-0.0
6
MATERIAL;second;0;count;9;CUSTOM;0.9035;0.528;0.464;1000;PINK;100000;WHITE;150000;CYAN;200000;PURPLE;300000;YELLOW;400000;WHITE;500000;BLACK;500000;GOLD;1500000
SPREADER;9;0.1;0.1;0.1;6;5;
INFO;NameId;344;DescId;345;price;26000;dpPerMin;0;range;2;placeSound;grassPlace
LIFE;averagePop;5.6;averageLife;10.0;popFactors;1;0.5;breedMat;5.0;breedTime;3.6169217;parentId;117;count;310;reqs;1;LIFE;type;2;enviroType;0;classification;ai;count;4;FADE_DEATH;0.5;enviroReqCount;5;reqId;2;barren;0;goodBiomes;2;5;9;idealFactor;100;influence;0.7;reqId;3;badBiomes;3;3;4;6;influence;0.9;reqId;1;minAltitude;0;maxAltitude;65;influence;0.8;reqId;4;faveBiome;9;influence;0.1;reqId;6;dislikedSpecies;1;erl;influence;0.6
GROWTH;dynamic;0;growthTime;3.3333333;modelStages;3;subStages;1
FOOD;1;902;18;WHOLE;PARTICLE_DEATH;isColour;1;Spawn;0;PPS;8;Speed;0.6;Gravity;0.2;Life;0.5;Scale;0.05;Colour;1;1;1;Additive;0;Alpha;1;FadeIn;0.1;FadeOut;0.8;HasDir;1;Dir;0;1;0;Deviation;0.3;Offset;0;0;0;LifeError;0.4;ScaleError;0.1;SpeedError;0.1;RandomRot;1;HasXRot;0
