1.0;name;-1;displayedModelStage;2
ar
1;1
4
-0.162738;-0.024493;-0.188523;0.217241;0.471;0.19145;1
36;1
36;0.90354544;0.776885;0.70534354
-0.060914;0.134323;0.19145;0.5905;-0.5508;0.5898;-0.006615;-0.024493;-0.011216;0.5905;-0.5508;0.5898;0.217241;0.13466;-0.086718;0.5905;-0.5508;0.5898;0.217241;0.13466;-0.086718;0.1999;-0.6351;-0.7461;-0.006615;-0.024493;-0.011216;0.1999;-0.6351;-0.7461;-0.162738;0.13466;-0.188523;0.1999;-0.6351;-0.7461;-0.162738;0.13466;-0.188523;-0.8063;-0.5508;0.2156;-0.006615;-0.024493;-0.011216;-0.8063;-0.5508;0.2156;-0.060914;0.134323;0.19145;-0.8063;-0.5508;0.2156;-0.162738;0.13466;-0.188523;-0.9384;0.237;0.2517;-0.026257;0.408929;0.062096;-0.9384;0.237;0.2517;-0.067921;0.409066;-0.093379;-0.9384;0.237;0.2517;-0.067921;0.409066;-0.093379;-0.773;0.5994;0.2077;-0.026257;0.408929;0.062096;-0.773;0.5994;0.2077;-0.002223;0.471;-0.02761;-0.773;0.5994;0.2077;-0.162738;0.13466;-0.188523;0.2513;0.2384;-0.9381;0.087556;0.409066;-0.051723;0.2513;0.2384;-0.9381;0.217241;0.13466;-0.086718;0.2513;0.2384;-0.9381;-0.060914;0.134323;0.19145;0.6868;0.237;0.6871;0.087556;0.409066;-0.051723;0.6868;0.237;0.6871;-0.026257;0.408929;0.062096;0.6868;0.237;0.6871;0.087556;0.409066;-0.051723;0.2069;0.6006;-0.7723;-0.067921;0.409066;-0.093379;0.2069;0.6006;-0.7723;-0.002223;0.471;-0.02761;0.2069;0.6006;-0.7723;-0.026257;0.408929;0.062096;0.5656;0.5994;0.5663;0.087556;0.409066;-0.051723;0.5656;0.5994;0.5663;-0.002223;0.471;-0.02761;0.5656;0.5994;0.5663;-0.162738;0.13466;-0.188523;-0.9384;0.237;0.2517;-0.060914;0.134323;0.19145;-0.9384;0.237;0.2517;-0.026257;0.408929;0.062096;-0.9384;0.237;0.2517;-0.162738;0.13466;-0.188523;0.2513;0.2384;-0.9381;-0.067921;0.409066;-0.093379;0.2513;0.2384;-0.9381;0.087556;0.409066;-0.051723;0.2513;0.2384;-0.9381;-0.060914;0.134323;0.19145;0.6868;0.237;0.6871;0.217241;0.13466;-0.086718;0.6868;0.237;0.6871;0.087556;0.409066;-0.051723;0.6868;0.237;0.6871
-0.300391;-0.002666;-0.312459;0.302287;0.292162;0.432214;1
102;2
87;0.65065753;0.7615137;0.5159335
0.302287;0.194556;-0.093523;0.8206;-0.4771;0.3146;0.159593;0.189864;0.271529;0.8206;-0.4771;0.3146;0.25691;0.126226;-0.078779;0.8206;-0.4771;0.3146;9.48E-4;0.194556;-0.312459;0.4902;-0.5517;-0.6747;0.302287;0.194556;-0.093523;0.4902;-0.5517;-0.6747;9.48E-4;0.136204;-0.264746;0.4902;-0.5517;-0.6747;-0.157696;0.189864;0.271529;-0.7881;-0.5368;0.3012;-0.300391;0.194556;-0.093523;-0.7881;-0.5368;0.3012;-0.255013;0.136204;-0.078779;-0.7881;-0.5368;0.3012;0.159593;0.189864;0.271529;-0.0;-0.5038;0.8638;-0.157696;0.189864;0.271529;-0.0;-0.5038;0.8638;-0.133806;0.133488;0.238648;-0.0;-0.5038;0.8638;-0.300391;0.194556;-0.093523;-0.4902;-0.5517;-0.6747;9.48E-4;0.194556;-0.312459;-0.4902;-0.5517;-0.6747;9.48E-4;0.136204;-0.264746;-0.4902;-0.5517;-0.6747;0.135703;0.131657;0.238648;-0.0402;-0.9992;0.0017;9.48E-4;0.136204;-0.264746;-0.0402;-0.9992;0.0017;0.25691;0.126226;-0.078779;-0.0402;-0.9992;0.0017;-0.133806;0.133488;0.238648;-0.0068;-1.0;-0.006;-0.255013;0.136204;-0.078779;-0.0068;-1.0;-0.006;0.135703;0.131657;0.238648;-0.0068;-1.0;-0.006;-0.255013;0.136204;-0.078779;-0.0055;-1.0;-0.0076;9.48E-4;0.136204;-0.264746;-0.0055;-1.0;-0.0076;0.135703;0.131657;0.238648;-0.0055;-1.0;-0.0076;-0.0951;0.128015;0.20294;-0.8582;0.4762;0.1915;-0.007674;0.19337;0.432214;-0.8582;0.4762;0.1915;3.37E-4;0.292162;0.22245;-0.8582;0.4762;0.1915;3.37E-4;0.292162;0.22245;0.8495;0.4641;0.251;-0.007674;0.19337;0.432214;0.8495;0.4641;0.251;0.095775;0.128015;0.20294;0.8495;0.4641;0.251;0.117264;0.143189;0.128291;-0.7244;-0.6894;-0.0015;0.253332;5.5E-5;0.198055;-0.7244;-0.6894;-0.0015;0.10807;0.152641;0.226926;-0.7244;-0.6894;-0.0015;0.095775;0.128015;0.20294;0.0;-0.9617;0.2741;-0.007674;0.19337;0.432214;0.0;-0.9617;0.2741;-0.0951;0.128015;0.20294;0.0;-0.9617;0.2741;0.168452;0.186646;0.176514;0.5906;0.1778;-0.7871;0.253332;5.5E-5;0.198055;0.5906;0.1778;-0.7871;0.117264;0.143189;0.128291;0.5906;0.1778;-0.7871;0.10807;0.152641;0.226926;0.4953;0.3186;0.8082;0.253332;5.5E-5;0.198055;0.4953;0.3186;0.8082;0.168452;0.186646;0.176514;0.4953;0.3186;0.8082;3.37E-4;0.292162;0.22245;-0.0;0.118;-0.993;0.095775;0.128015;0.20294;-0.0;0.118;-0.993;-0.0951;0.128015;0.20294;-0.0;0.118;-0.993;0.123774;0.143189;-0.159428;-0.4193;-0.7644;0.4897;0.25154;0.009538;-0.258659;-0.4193;-0.7644;0.4897;0.191251;0.152641;-0.086901;-0.4193;-0.7644;0.4897;0.188122;0.193022;-0.160961;-0.303;0.3642;-0.8807;0.25154;0.009538;-0.258659;-0.303;0.3642;-0.8807;0.123774;0.143189;-0.159428;-0.303;0.3642;-0.8807;0.191251;0.152641;-0.086901;0.956;0.2727;0.1083;0.25154;0.009538;-0.258659;0.956;0.2727;0.1083;0.188122;0.193022;-0.160961;0.956;0.2727;0.1083;-0.116617;0.143189;0.128291;-0.6993;0.7148;-0.0033;-0.265905;-0.002666;0.17064;-0.6993;0.7148;-0.0033;-0.107422;0.152641;0.226926;-0.6993;0.7148;-0.0033;-0.167805;0.186646;0.176514;0.5134;-0.2911;0.8073;-0.265905;-0.002666;0.17064;0.5134;-0.2911;0.8073;-0.116617;0.143189;0.128291;0.5134;-0.2911;0.8073;-0.107422;0.152641;0.226926;0.5331;-0.2512;-0.8079;-0.265905;-0.002666;0.17064;0.5331;-0.2512;-0.8079;-0.167805;0.186646;0.176514;0.5331;-0.2512;-0.8079;-0.123127;0.143189;-0.159428;-0.4419;0.7397;-0.5075;-0.244791;0.002419;-0.258659;-0.4419;0.7397;-0.5075;-0.190604;0.152641;-0.086901;-0.4419;0.7397;-0.5075;-0.187475;0.18487;-0.160961;-0.2715;-0.3867;0.8814;-0.244791;0.002419;-0.258659;-0.2715;-0.3867;0.8814;-0.123127;0.143189;-0.159428;-0.2715;-0.3867;0.8814;-0.190604;0.152641;-0.086901;0.962;-0.2628;-0.0737;-0.244791;0.002419;-0.258659;0.962;-0.2628;-0.0737;-0.187475;0.18487;-0.160961;0.962;-0.2628;-0.0737;0.159593;0.189864;0.271529;0.8022;-0.5072;0.315;0.135703;0.131657;0.238648;0.8022;-0.5072;0.315;0.25691;0.126226;-0.078779;0.8022;-0.5072;0.315;0.302287;0.194556;-0.093523;0.5009;-0.487;-0.7155;0.25691;0.126226;-0.078779;0.5009;-0.487;-0.7155;9.48E-4;0.136204;-0.264746;0.5009;-0.487;-0.7155;-0.133806;0.133488;0.238648;-0.8018;-0.5158;0.3018;-0.157696;0.189864;0.271529;-0.8018;-0.5158;0.3018;-0.255013;0.136204;-0.078779;-0.8018;-0.5158;0.3018;0.135703;0.131657;0.238648;-0.0033;-0.4908;0.8713;0.159593;0.189864;0.271529;-0.0033;-0.4908;0.8713;-0.133806;0.133488;0.238648;-0.0033;-0.4908;0.8713;-0.255013;0.136204;-0.078779;-0.4902;-0.5517;-0.6747;-0.300391;0.194556;-0.093523;-0.4902;-0.5517;-0.6747;9.48E-4;0.136204;-0.264746;-0.4902;-0.5517;-0.6747
15;0.6194417;0.5388979;0.45819405
-0.157696;0.189864;0.271529;-0.3077;0.9422;0.1324;9.48E-4;0.279216;0.004388;-0.3077;0.9422;0.1324;-0.300391;0.194556;-0.093523;-0.3077;0.9422;0.1324;9.48E-4;0.194556;-0.312459;0.1843;0.9496;-0.2537;9.48E-4;0.279216;0.004388;0.1843;0.9496;-0.2537;0.302287;0.194556;-0.093523;0.1843;0.9496;-0.2537;-0.300391;0.194556;-0.093523;-0.1843;0.9496;-0.2537;9.48E-4;0.279216;0.004388;-0.1843;0.9496;-0.2537;9.48E-4;0.194556;-0.312459;-0.1843;0.9496;-0.2537;0.302287;0.194556;-0.093523;0.3077;0.9422;0.1324;9.48E-4;0.279216;0.004388;0.3077;0.9422;0.1324;0.159593;0.189864;0.271529;0.3077;0.9422;0.1324;0.159593;0.189864;0.271529;0.0;0.9484;0.3172;9.48E-4;0.279216;0.004388;0.0;0.9484;0.3172;-0.157696;0.189864;0.271529;0.0;0.9484;0.3172
-0.970625;0.006347;-0.904532;0.931667;0.857521;1.383222;2.6
153;2
114;0.65065753;0.7615137;0.5159335
-0.970625;0.006347;0.654129;0.0;-1.0;0.0;-0.793428;0.006347;0.347215;0.0;-1.0;0.0;-0.616231;0.006347;0.654129;0.0;-1.0;0.0;-0.970625;0.006347;0.654129;-0.6933;0.5992;-0.4003;-0.348674;0.542705;0.379772;-0.6933;0.5992;-0.4003;-0.793428;0.006347;0.347215;-0.6933;0.5992;-0.4003;-0.793428;0.006347;0.347215;0.7136;-0.5667;-0.412;-0.348674;0.542705;0.379772;0.7136;-0.5667;-0.412;-0.616231;0.006347;0.654129;0.7136;-0.5667;-0.412;-0.616231;0.006347;0.654129;0.0;0.4554;0.8903;-0.348674;0.542705;0.379772;0.0;0.4554;0.8903;-0.970625;0.006347;0.654129;0.0;0.4554;0.8903;-0.233018;0.583056;1.082767;-0.6582;0.6448;0.3886;-0.02023;0.619198;1.383222;-0.6582;0.6448;0.3886;0.0;0.857521;1.022088;-0.6582;0.6448;0.3886;0.0;0.857521;1.022088;0.6277;0.6331;0.453;-0.02023;0.619198;1.383222;0.6277;0.6331;0.453;0.233018;0.583056;1.082767;0.6277;0.6331;0.453;0.0;0.857521;1.022088;0.7375;0.535;-0.4122;0.233018;0.583056;1.082767;0.7375;0.535;-0.4122;0.133567;0.400327;0.667728;0.7375;0.535;-0.4122;0.233018;0.583056;1.082767;0.0;-0.9928;0.1194;-0.02023;0.619198;1.383222;0.0;-0.9928;0.1194;-0.233018;0.583056;1.082767;0.0;-0.9928;0.1194;0.233018;0.583056;1.082767;0.0;-0.9152;0.4029;-0.233018;0.583056;1.082767;0.0;-0.9152;0.4029;-0.133567;0.400327;0.667728;0.0;-0.9152;0.4029;-0.233018;0.583056;1.082767;-0.7375;0.535;-0.4122;0.0;0.857521;1.022088;-0.7375;0.535;-0.4122;-0.133567;0.400327;0.667728;-0.7375;0.535;-0.4122;0.0;0.610629;0.5825;0.86;0.4449;-0.2499;0.0;0.857521;1.022088;0.86;0.4449;-0.2499;0.133567;0.400327;0.667728;0.86;0.4449;-0.2499;0.133567;0.400327;0.667728;0.0;-0.9152;0.4029;0.233018;0.583056;1.082767;0.0;-0.9152;0.4029;-0.133567;0.400327;0.667728;0.0;-0.9152;0.4029;0.0;0.857521;1.022088;-0.86;0.4449;-0.2499;0.0;0.610629;0.5825;-0.86;0.4449;-0.2499;-0.133567;0.400327;0.667728;-0.86;0.4449;-0.2499;-0.813315;0.015058;-0.902994;0.0;-1.0;0.0;-0.449754;0.015058;-0.77133;0.0;-1.0;0.0;-0.745559;0.015058;-0.522309;0.0;-1.0;0.0;-0.813315;0.015058;-0.902994;0.2784;0.5759;-0.7687;-0.003021;0.631867;-0.147395;0.2784;0.5759;-0.7687;-0.449754;0.015058;-0.77133;0.2784;0.5759;-0.7687;-0.449754;0.015058;-0.77133;0.4042;-0.7785;0.4802;-0.003021;0.631867;-0.147395;0.4042;-0.7785;0.4802;-0.745559;0.015058;-0.522309;0.4042;-0.7785;0.4802;-0.745559;0.015058;-0.522309;-0.6693;0.7334;0.1191;-0.003021;0.631867;-0.147395;-0.6693;0.7334;0.1191;-0.813315;0.015058;-0.902994;-0.6693;0.7334;0.1191;0.931667;0.008877;0.642525;0.0;1.0;0.0;0.767869;0.008877;0.358819;0.0;1.0;0.0;0.604071;0.008877;0.642525;0.0;1.0;0.0;0.931667;0.008877;0.642525;-0.7434;-0.5129;0.4292;0.411686;0.542705;0.379772;-0.7434;-0.5129;0.4292;0.767869;0.008877;0.358819;-0.7434;-0.5129;0.4292;0.767869;0.008877;0.358819;0.7562;0.4874;0.4366;0.411686;0.542705;0.379772;0.7562;0.4874;0.4366;0.604071;0.008877;0.642525;0.7562;0.4874;0.4366;0.604071;0.008877;0.642525;0.0;-0.4416;-0.8972;0.411686;0.542705;0.379772;0.0;-0.4416;-0.8972;0.931667;0.008877;0.642525;0.0;-0.4416;-0.8972;0.821014;0.009997;-0.904532;0.0;1.0;0.0;0.455441;0.009997;-0.778563;0.0;1.0;0.0;0.74732;0.009997;-0.524952;0.0;1.0;0.0;-0.822269;0.473654;-0.231336;-0.5496;-0.496;-0.6722;-0.0;0.465804;-0.897778;-0.5496;-0.496;-0.6722;0.0;0.264581;-0.7493;-0.5496;-0.496;-0.6722;-0.0;0.465804;-0.897778;0.5486;-0.4964;-0.6727;0.824315;0.473654;-0.231336;0.5486;-0.4964;-0.6727;0.0;0.264581;-0.7493;0.5486;-0.4964;-0.6727;-0.511514;0.485121;0.83277;-0.8852;-0.3841;0.2626;-0.822269;0.473654;-0.231336;-0.8852;-0.3841;0.2626;-0.721125;0.264581;-0.196215;-0.8852;-0.3841;0.2626;0.511514;0.485121;0.832769;0.0;-0.5944;0.8042;-0.511514;0.485121;0.83277;0.0;-0.5944;0.8042;-0.385459;0.280044;0.681178;0.0;-0.5944;0.8042;0.824315;0.473654;-0.231336;0.8819;-0.391;0.2634;0.511514;0.485121;0.832769;0.8819;-0.391;0.2634;0.721125;0.264581;-0.196216;0.8819;-0.391;0.2634;-0.385459;0.280044;0.681178;0.0104;-0.9999;0.0136;-0.721125;0.264581;-0.196215;0.0104;-0.9999;0.0136;0.0;0.264581;-0.7493;0.0104;-0.9999;0.0136;-0.721125;0.264581;-0.196215;-0.5596;-0.3932;-0.7296;-0.822269;0.473654;-0.231336;-0.5596;-0.3932;-0.7296;0.0;0.264581;-0.7493;-0.5596;-0.3932;-0.7296;0.824315;0.473654;-0.231336;0.5583;-0.3979;-0.728;0.721125;0.264581;-0.196216;0.5583;-0.3979;-0.728;0.0;0.264581;-0.7493;0.5583;-0.3979;-0.728;-0.385459;0.280044;0.681178;-0.7096;-0.6453;0.2829;-0.511514;0.485121;0.83277;-0.7096;-0.6453;0.2829;-0.721125;0.264581;-0.196215;-0.7096;-0.6453;0.2829;0.409433;0.280044;0.713046;-0.0349;-0.4908;0.8705;0.511514;0.485121;0.832769;-0.0349;-0.4908;0.8705;-0.385459;0.280044;0.681178;-0.0349;-0.4908;0.8705;0.511514;0.485121;0.832769;0.785;-0.5533;0.2785;0.409433;0.280044;0.713046;0.785;-0.5533;0.2785;0.721125;0.264581;-0.196216;0.785;-0.5533;0.2785;0.721125;0.264581;-0.196216;-0.0103;-0.9999;0.0135;0.409433;0.280044;0.713046;-0.0103;-0.9999;0.0135;0.0;0.264581;-0.7493;-0.0103;-0.9999;0.0135;0.409433;0.280044;0.713046;-4.0E-4;-0.9999;0.0107;-0.385459;0.280044;0.681178;-4.0E-4;-0.9999;0.0107;0.0;0.264581;-0.7493;-4.0E-4;-0.9999;0.0107;0.821014;0.009997;-0.904532;0.2645;-0.584;0.7675;-0.003021;0.631867;-0.147395;0.2645;-0.584;0.7675;0.455441;0.009997;-0.778563;0.2645;-0.584;0.7675;0.455441;0.009997;-0.778563;0.4098;0.7808;-0.4716;-0.003021;0.631867;-0.147395;0.4098;0.7808;-0.4716;0.74732;0.009997;-0.524952;0.4098;0.7808;-0.4716;0.74732;0.009997;-0.524952;-0.6707;-0.7302;-0.1302;-0.003021;0.631867;-0.147395;-0.6707;-0.7302;-0.1302;0.821014;0.009997;-0.904532;-0.6707;-0.7302;-0.1302
39;0.6194417;0.5388979;0.45819405
-0.0;0.465804;-0.897778;-0.5123;0.5739;-0.6389;-0.822269;0.473654;-0.231336;-0.5123;0.5739;-0.6389;-0.246118;0.673285;-0.514017;-0.5123;0.5739;-0.6389;0.824315;0.473654;-0.231336;0.6263;0.0788;-0.7756;-0.0;0.465804;-0.897778;0.6263;0.0788;-0.7756;0.52329;0.701565;-0.451263;0.6263;0.0788;-0.7756;-0.822269;0.473654;-0.231336;-0.9331;0.2377;0.2699;-0.511514;0.485121;0.83277;-0.9331;0.2377;0.2699;-0.673524;0.67538;0.105186;-0.9331;0.2377;0.2699;-0.511514;0.485121;0.83277;0.0;0.7557;0.6549;0.511514;0.485121;0.832769;0.0;0.7557;0.6549;-0.241178;0.73227;0.547567;0.0;0.7557;0.6549;0.511514;0.485121;0.832769;0.7246;0.6577;0.2059;0.824315;0.473654;-0.231336;0.7246;0.6577;0.2059;0.418756;0.672685;0.56009;0.7246;0.6577;0.2059;-0.673524;0.67538;0.105186;-0.0748;0.9957;-0.055;-0.241178;0.73227;0.547567;-0.0748;0.9957;-0.055;-0.246118;0.673285;-0.514017;-0.0748;0.9957;-0.055;-0.241178;0.73227;0.547567;0.0908;0.9943;-0.0557;0.418756;0.672685;0.56009;0.0908;0.9943;-0.0557;-0.246118;0.673285;-0.514017;0.0908;0.9943;-0.0557;0.418756;0.672685;0.56009;-0.0387;0.9989;0.0245;0.52329;0.701565;-0.451263;-0.0387;0.9989;0.0245;-0.246118;0.673285;-0.514017;-0.0387;0.9989;0.0245;-0.822269;0.473654;-0.231336;-0.4431;0.8417;-0.3087;-0.673524;0.67538;0.105186;-0.4431;0.8417;-0.3087;-0.246118;0.673285;-0.514017;-0.4431;0.8417;-0.3087;-0.0;0.465804;-0.897778;0.0061;0.8813;-0.4725;-0.246118;0.673285;-0.514017;0.0061;0.8813;-0.4725;0.52329;0.701565;-0.451263;0.0061;0.8813;-0.4725;-0.511514;0.485121;0.83277;-0.4355;0.8424;0.3173;-0.241178;0.73227;0.547567;-0.4355;0.8424;0.3173;-0.673524;0.67538;0.105186;-0.4355;0.8424;0.3173;0.511514;0.485121;0.832769;0.0647;0.8323;0.5505;0.418756;0.672685;0.56009;0.0647;0.8323;0.5505;-0.241178;0.73227;0.547567;0.0647;0.8323;0.5505;0.824315;0.473654;-0.231336;0.563;0.8224;0.0817;0.52329;0.701565;-0.451263;0.563;0.8224;0.0817;0.418756;0.672685;0.56009;0.563;0.8224;0.0817
-0.822269;0.065882;-0.897778;0.824315;0.703384;0.83277;1
84;2
45;0.65065753;0.7615137;0.5159335
-0.822269;0.444768;-0.231336;-0.5496;-0.496;-0.6722;-0.0;0.436917;-0.897778;-0.5496;-0.496;-0.6722;0.0;0.235695;-0.7493;-0.5496;-0.496;-0.6722;-0.0;0.436917;-0.897778;0.5486;-0.4964;-0.6727;0.824315;0.444768;-0.231336;0.5486;-0.4964;-0.6727;0.0;0.235695;-0.7493;0.5486;-0.4964;-0.6727;-0.511514;0.456235;0.83277;-0.8852;-0.3841;0.2626;-0.822269;0.444768;-0.231336;-0.8852;-0.3841;0.2626;-0.721125;0.235695;-0.196215;-0.8852;-0.3841;0.2626;0.511514;0.456235;0.832769;0.0;-0.5944;0.8042;-0.511514;0.456235;0.83277;0.0;-0.5944;0.8042;-0.385459;0.251158;0.681178;0.0;-0.5944;0.8042;0.824315;0.444768;-0.231336;0.8819;-0.391;0.2634;0.511514;0.456235;0.832769;0.8819;-0.391;0.2634;0.721125;0.235695;-0.196216;0.8819;-0.391;0.2634;-0.721125;0.235695;-0.196215;-0.5596;-0.3932;-0.7296;-0.822269;0.444768;-0.231336;-0.5596;-0.3932;-0.7296;0.0;0.235695;-0.7493;-0.5596;-0.3932;-0.7296;0.824315;0.444768;-0.231336;0.5583;-0.3979;-0.728;0.721125;0.235695;-0.196216;0.5583;-0.3979;-0.728;0.0;0.235695;-0.7493;0.5583;-0.3979;-0.728;-0.385459;0.251158;0.681178;-0.7096;-0.6453;0.2829;-0.511514;0.456235;0.83277;-0.7096;-0.6453;0.2829;-0.721125;0.235695;-0.196215;-0.7096;-0.6453;0.2829;0.409433;0.251158;0.713046;-0.0349;-0.4908;0.8705;0.511514;0.456235;0.832769;-0.0349;-0.4908;0.8705;-0.385459;0.251158;0.681178;-0.0349;-0.4908;0.8705;0.511514;0.456235;0.832769;0.785;-0.5533;0.2785;0.409433;0.251158;0.713046;0.785;-0.5533;0.2785;0.721125;0.235695;-0.196216;0.785;-0.5533;0.2785;0.409433;0.251158;0.713046;-0.0109;-0.9626;0.2707;-0.385459;0.251158;0.681178;-0.0109;-0.9626;0.2707;0.007336;0.065882;0.037999;-0.0109;-0.9626;0.2707;-0.385459;0.251158;0.681178;-0.2609;-0.9583;0.1167;-0.721125;0.235695;-0.196215;-0.2609;-0.9583;0.1167;0.007336;0.065882;0.037999;-0.2609;-0.9583;0.1167;-0.721125;0.235695;-0.196215;-0.1586;-0.9655;-0.2068;0.0;0.235695;-0.7493;-0.1586;-0.9655;-0.2068;0.007336;0.065882;0.037999;-0.1586;-0.9655;-0.2068;0.0;0.235695;-0.7493;0.1607;-0.9645;-0.2095;0.721125;0.235695;-0.196216;0.1607;-0.9645;-0.2095;0.007336;0.065882;0.037999;0.1607;-0.9645;-0.2095;0.721125;0.235695;-0.196216;0.2631;-0.9589;0.1065;0.409433;0.251158;0.713046;0.2631;-0.9589;0.1065;0.007336;0.065882;0.037999;0.2631;-0.9589;0.1065
39;0.6194417;0.5388979;0.45819405
-0.0;0.436917;-0.897778;-0.5123;0.5739;-0.6389;-0.822269;0.444768;-0.231336;-0.5123;0.5739;-0.6389;-0.246118;0.644398;-0.514017;-0.5123;0.5739;-0.6389;0.824315;0.444768;-0.231336;0.6263;0.0788;-0.7756;-0.0;0.436917;-0.897778;0.6263;0.0788;-0.7756;0.52329;0.672678;-0.451263;0.6263;0.0788;-0.7756;-0.822269;0.444768;-0.231336;-0.9331;0.2377;0.2699;-0.511514;0.456235;0.83277;-0.9331;0.2377;0.2699;-0.673524;0.646494;0.105186;-0.9331;0.2377;0.2699;-0.511514;0.456235;0.83277;0.0;0.7557;0.6549;0.511514;0.456235;0.832769;0.0;0.7557;0.6549;-0.241178;0.703384;0.547567;0.0;0.7557;0.6549;0.511514;0.456235;0.832769;0.7246;0.6577;0.2059;0.824315;0.444768;-0.231336;0.7246;0.6577;0.2059;0.418756;0.643798;0.56009;0.7246;0.6577;0.2059;-0.673524;0.646494;0.105186;-0.0748;0.9957;-0.055;-0.241178;0.703384;0.547567;-0.0748;0.9957;-0.055;-0.246118;0.644398;-0.514017;-0.0748;0.9957;-0.055;-0.241178;0.703384;0.547567;0.0908;0.9943;-0.0557;0.418756;0.643798;0.56009;0.0908;0.9943;-0.0557;-0.246118;0.644398;-0.514017;0.0908;0.9943;-0.0557;0.418756;0.643798;0.56009;-0.0387;0.9989;0.0245;0.52329;0.672678;-0.451263;-0.0387;0.9989;0.0245;-0.246118;0.644398;-0.514017;-0.0387;0.9989;0.0245;-0.822269;0.444768;-0.231336;-0.4431;0.8417;-0.3087;-0.673524;0.646494;0.105186;-0.4431;0.8417;-0.3087;-0.246118;0.644398;-0.514017;-0.4431;0.8417;-0.3087;-0.0;0.436917;-0.897778;0.0061;0.8813;-0.4725;-0.246118;0.644398;-0.514017;0.0061;0.8813;-0.4725;0.52329;0.672678;-0.451263;0.0061;0.8813;-0.4725;-0.511514;0.456235;0.83277;-0.4355;0.8424;0.3173;-0.241178;0.703384;0.547567;-0.4355;0.8424;0.3173;-0.673524;0.646494;0.105186;-0.4355;0.8424;0.3173;0.511514;0.456235;0.832769;0.0647;0.8323;0.5505;0.418756;0.643798;0.56009;0.0647;0.8323;0.5505;-0.241178;0.703384;0.547567;0.0647;0.8323;0.5505;0.824315;0.444768;-0.231336;0.563;0.8224;0.0817;0.52329;0.672678;-0.451263;0.563;0.8224;0.0817;0.418756;0.643798;0.56009;0.563;0.8224;0.0817
8
INFO;NameId;393;DescId;394;price;35750;dpPerMin;120;range;2;placeSound;thud
LIFE;averagePop;3.75;averageLife;52.0;popFactors;0;breedMat;26.0;breedTime;18.810873;parentId;75;count;290;reqs;2;LIFE;type;2;enviroType;44;classification;pbl130;count;2;LIFE;type;2;enviroType;0;classification;pnw136;count;2;FALL_DEATH;fallTime;1.5;totalTime;2.5;angle;180;particles;0;enviroReqCount;2;reqId;2;barren;0;goodBiomes;2;2;9;idealFactor;80;influence;0.9;reqId;5;likedSpecies;3;pnw;png;pnf;influence;0.8
GROWTH;dynamic;1;growthTime;17.333334;modelStages;3
MOVEMENT;9;speed;0.16;xRot;2;minRot;-15;maxRot;15;rockSpeed;0.5;swimHeight;0.3;hasEgg;1;swimFactor;3.5
AI;TORTOISE
NAME
EATING;MaxHunger;30;HungerPerHour;2.5;eatRadius;0.15;Anims;2;0;3;DietOptions;2;pnw;WHOLE;1;ef;WHOLE;0;runs;0;ai;0;hasEgg;1
FLEE;TURTLE;2.5;land;1;swim;1
