1.0
pbl
0;1
3
-0.284849;-0.024079;-0.462664;0.18486;0.844275;0.050475;1
57;2
36;0.5979746;0.90354544;0.47732395;0.2
0.171745;0.538834;0.001891;0.0659;0.1492;-0.9866;0.034661;0.241523;-0.052208;0.0659;0.1492;-0.9866;0.18486;0.844275;0.048942;0.0659;0.1492;-0.9866;0.061451;0.560641;0.050475;0.33;-0.3141;0.8902;0.034661;0.241523;-0.052208;0.33;-0.3141;0.8902;0.171745;0.538834;0.001891;0.33;-0.3141;0.8902;0.18486;0.844275;0.048942;-0.6542;0.2809;-0.7022;0.034661;0.241523;-0.052208;-0.6542;0.2809;-0.7022;0.061451;0.560641;0.050475;-0.6542;0.2809;-0.7022;0.18486;0.844275;0.048942;0.372;-0.1569;0.9149;0.061451;0.560641;0.050475;0.372;-0.1569;0.9149;0.171745;0.538834;0.001891;0.372;-0.1569;0.9149;-0.075539;0.544469;-0.070744;0.7364;0.2107;-0.6429;0.032503;0.232561;-0.049233;0.7364;0.2107;-0.6429;-0.284849;0.800609;-0.226525;0.7364;0.2107;-0.6429;-0.180585;0.462903;-0.132582;-0.4496;-0.0945;0.8882;0.032503;0.232561;-0.049233;-0.4496;-0.0945;0.8882;-0.075539;0.544469;-0.070744;-0.4496;-0.0945;0.8882;-0.284849;0.800609;-0.226525;0.131;-0.228;-0.9648;0.032503;0.232561;-0.049233;0.131;-0.228;-0.9648;-0.180585;0.462903;-0.132582;0.131;-0.228;-0.9648;-0.284849;0.800609;-0.226525;-0.5433;0.0651;0.837;-0.180585;0.462903;-0.132582;-0.5433;0.0651;0.837;-0.075539;0.544469;-0.070744;-0.5433;0.0651;0.837;-0.053796;0.469903;-0.278902;-0.406;0.5853;0.7019;0.028783;0.243634;-0.042448;-0.406;0.5853;0.7019;-0.018323;0.714866;-0.462664;-0.406;0.5853;0.7019;0.056744;0.483023;-0.273859;0.115;-0.6973;-0.7075;0.028783;0.243634;-0.042448;0.115;-0.6973;-0.7075;-0.053796;0.469903;-0.278902;0.115;-0.6973;-0.7075;-0.018323;0.714866;-0.462664;0.2458;0.6587;0.7111;0.028783;0.243634;-0.042448;0.2458;0.6587;0.7111;0.056744;0.483023;-0.273859;0.2458;0.6587;0.7111;-0.018323;0.714866;-0.462664;0.1079;-0.6065;-0.7877;0.056744;0.483023;-0.273859;0.1079;-0.6065;-0.7877;-0.053796;0.469903;-0.278902;0.1079;-0.6065;-0.7877
21;0.61605984;0.45961657;0.36161265;0.2
0.021765;0.253857;-0.060229;0.5107;-0.1644;-0.8439;0.031016;-0.024079;-4.98E-4;0.5107;-0.1644;-0.8439;-0.019811;-0.023768;-0.031316;0.5107;-0.1644;-0.8439;0.031016;-0.024079;-4.98E-4;0.4458;0.1477;0.8829;0.023235;0.250553;-0.042525;0.4458;0.1477;0.8829;-0.021793;-0.016123;0.024836;0.4458;0.1477;0.8829;0.023235;0.250553;-0.042525;-0.9867;0.1526;-0.0556;-0.019811;-0.023768;-0.031316;-0.9867;0.1526;-0.0556;-0.021793;-0.016123;0.024836;-0.9867;0.1526;-0.0556;0.021765;0.253857;-0.060229;0.3758;-0.1827;-0.9085;0.038018;0.250894;-0.052909;0.3758;-0.1827;-0.9085;0.031016;-0.024079;-4.98E-4;0.3758;-0.1827;-0.9085;0.031016;-0.024079;-4.98E-4;0.567;0.1403;0.8117;0.038018;0.250894;-0.052909;0.567;0.1403;0.8117;0.023235;0.250553;-0.042525;0.567;0.1403;0.8117;0.023235;0.250553;-0.042525;-0.9811;0.1585;0.111;0.021765;0.253857;-0.060229;-0.9811;0.1585;0.111;-0.019811;-0.023768;-0.031316;-0.9811;0.1585;0.111;0.038018;0.250894;-0.052909;0.1;0.9796;0.1745;0.021765;0.253857;-0.060229;0.1;0.9796;0.1745;0.023235;0.250553;-0.042525;0.1;0.9796;0.1745
-0.166735;-0.129046;-1.683653;1.366339;2.403714;0.858173;2.5
144;2
108;0.5979746;0.90354544;0.47732395;0.15
0.505504;1.593363;-0.71903;0.6682;0.4376;0.6017;0.413085;1.194912;-0.326623;0.6682;0.4376;0.6017;0.737746;1.808853;-1.133648;0.6682;0.4376;0.6017;1.366339;1.680081;-1.348364;-0.2459;0.9416;0.2301;0.3763;1.175249;-0.34068;-0.2459;0.9416;0.2301;1.02185;1.446015;-0.758769;-0.2459;0.9416;0.2301;0.603611;1.422582;-0.809483;-0.8547;-0.2499;-0.4551;0.413085;1.194912;-0.326623;-0.8547;-0.2499;-0.4551;0.505504;1.593363;-0.71903;-0.8547;-0.2499;-0.4551;1.02185;1.446015;-0.758769;0.382;-0.9241;-0.0086;0.3763;1.175249;-0.34068;0.382;-0.9241;-0.0086;0.816041;1.363224;-1.005064;0.382;-0.9241;-0.0086;0.816041;1.363224;-1.005064;-0.5571;0.8191;-0.137;0.3763;1.175249;-0.34068;-0.5571;0.8191;-0.137;1.366339;1.680081;-1.348364;-0.5571;0.8191;-0.137;1.366339;1.680081;-1.348364;0.4571;-0.8854;-0.0844;1.02185;1.446015;-0.758769;0.4571;-0.8854;-0.0844;0.816041;1.363224;-1.005064;0.4571;-0.8854;-0.0844;0.737746;1.808853;-1.133648;0.9339;-0.0249;0.3567;0.413085;1.194912;-0.326623;0.9339;-0.0249;0.3567;0.603611;1.422582;-0.809483;0.9339;-0.0249;0.3567;0.737746;1.808853;-1.133648;-0.8163;-0.1778;-0.5496;0.603611;1.422582;-0.809483;-0.8163;-0.1778;-0.5496;0.505504;1.593363;-0.71903;-0.8163;-0.1778;-0.5496;0.861019;1.753335;-0.476946;0.1526;-0.3703;-0.9163;0.394054;1.16388;-0.316537;0.1526;-0.3703;-0.9163;1.055005;2.403714;-0.707437;0.1526;-0.3703;-0.9163;0.61947;1.898773;-0.44458;0.1965;0.1095;0.9744;0.394054;1.16388;-0.316537;0.1965;0.1095;0.9744;0.861019;1.753335;-0.476946;0.1965;0.1095;0.9744;1.055005;2.403714;-0.707437;-0.5288;0.0143;-0.8486;0.394054;1.16388;-0.316537;-0.5288;0.0143;-0.8486;0.61947;1.898773;-0.44458;-0.5288;0.0143;-0.8486;1.055005;2.403714;-0.707437;0.2737;0.2477;0.9294;0.61947;1.898773;-0.44458;0.2737;0.2477;0.9294;0.861019;1.753335;-0.476946;0.2737;0.2477;0.9294;0.319048;1.776463;-0.742364;0.7777;-0.3073;-0.5484;0.390313;1.15379;-0.292362;0.7777;-0.3073;-0.5484;0.011235;2.193487;-1.41256;0.7777;-0.3073;-0.5484;0.045335;1.589994;-0.818628;-0.5159;0.4622;0.7213;0.390313;1.15379;-0.292362;-0.5159;0.4622;0.7213;0.319048;1.776463;-0.742364;-0.5159;0.4622;0.7213;0.011235;2.193487;-1.41256;0.2126;-0.6793;-0.7024;0.390313;1.15379;-0.292362;0.2126;-0.6793;-0.7024;0.045335;1.589994;-0.818628;0.2126;-0.6793;-0.7024;0.011235;2.193487;-1.41256;-0.5557;0.567;0.608;0.045335;1.589994;-0.818628;-0.5557;0.567;0.608;0.319048;1.776463;-0.742364;-0.5557;0.567;0.608;0.306278;1.322208;-1.057623;-0.7575;0.6115;0.2285;0.404761;1.162621;-0.30399;-0.7575;0.6115;0.2285;0.387366;1.65656;-1.683653;-0.7575;0.6115;0.2285;0.530499;1.44363;-1.016978;0.4956;-0.8343;-0.2414;0.404761;1.162621;-0.30399;0.4956;-0.8343;-0.2414;0.306278;1.322208;-1.057623;0.4956;-0.8343;-0.2414;0.387366;1.65656;-1.683653;-0.177;0.9259;0.3337;0.404761;1.162621;-0.30399;-0.177;0.9259;0.3337;0.530499;1.44363;-1.016978;-0.177;0.9259;0.3337;0.387366;1.65656;-1.683653;0.4939;-0.7919;-0.359;0.530499;1.44363;-1.016978;0.4939;-0.7919;-0.359;0.306278;1.322208;-1.057623;0.4939;-0.7919;-0.359;0.214469;0.661532;0.261246;-0.9544;0.1228;0.272;0.070163;0.047973;0.032024;-0.9544;0.1228;0.272;0.382409;1.073625;0.664367;-0.9544;0.1228;0.272;0.328347;0.519779;0.438835;0.8428;0.0028;-0.5382;0.070163;0.047973;0.032024;0.8428;0.0028;-0.5382;0.214469;0.661532;0.261246;0.8428;0.0028;-0.5382;0.382409;1.073625;0.664367;-0.6952;-0.2119;0.6869;0.070163;0.047973;0.032024;-0.6952;-0.2119;0.6869;0.328347;0.519779;0.438835;-0.6952;-0.2119;0.6869;0.382409;1.073625;0.664367;0.8738;0.1078;-0.4742;0.328347;0.519779;0.438835;0.8738;0.1078;-0.4742;0.214469;0.661532;0.261246;0.8738;0.1078;-0.4742;-0.065773;0.503155;0.385103;0.7557;-0.2588;0.6016;0.070756;0.03771;0.013341;0.7557;-0.2588;0.6016;-0.043579;1.026589;0.582424;0.7557;-0.2588;0.6016;0.020468;0.618714;0.20434;-0.914;0.0531;-0.4021;0.070756;0.03771;0.013341;-0.914;0.0531;-0.4021;-0.065773;0.503155;0.385103;-0.914;0.0531;-0.4021;-0.043579;1.026589;0.582424;0.992;0.0474;0.1169;0.070756;0.03771;0.013341;0.992;0.0474;0.1169;0.020468;0.618714;0.20434;0.992;0.0474;0.1169;-0.043579;1.026589;0.582424;-0.9271;0.166;-0.3362;0.020468;0.618714;0.20434;-0.9271;0.166;-0.3362;-0.065773;0.503155;0.385103;-0.9271;0.166;-0.3362;0.473062;0.315759;0.388957;0.2533;0.6162;-0.7458;0.070568;0.031108;0.01703;0.2533;0.6162;-0.7458;0.664648;0.687098;0.760858;0.2533;0.6162;-0.7458;0.28087;0.386526;0.486485;0.0104;-0.7995;0.6006;0.070568;0.031108;0.01703;0.0104;-0.7995;0.6006;0.473062;0.315759;0.388957;0.0104;-0.7995;0.6006;0.664648;0.687098;0.760858;-0.2922;0.8209;-0.4906;0.070568;0.031108;0.01703;-0.2922;0.8209;-0.4906;0.28087;0.386526;0.486485;-0.2922;0.8209;-0.4906;0.664648;0.687098;0.760858;0.0797;-0.7256;0.6835;0.28087;0.386526;0.486485;0.0797;-0.7256;0.6835;0.473062;0.315759;0.388957;0.0797;-0.7256;0.6835;-0.006487;0.238488;0.519439;0.8176;0.5656;-0.1077;0.069091;0.031848;0.007879;0.8176;0.5656;-0.1077;-0.166735;0.534632;0.858173;0.8176;0.5656;-0.1077;-0.152018;0.312827;0.435435;-0.5486;-0.8002;0.2422;0.069091;0.031848;0.007879;-0.5486;-0.8002;0.2422;-0.006487;0.238488;0.519439;-0.5486;-0.8002;0.2422;-0.166735;0.534632;0.858173;0.2372;0.8636;-0.4449;0.069091;0.031848;0.007879;0.2372;0.8636;-0.4449;-0.152018;0.312827;0.435435;0.2372;0.8636;-0.4449;-0.166735;0.534632;0.858173;-0.5813;-0.7287;0.3621;-0.152018;0.312827;0.435435;-0.5813;-0.7287;0.3621;-0.006487;0.238488;0.519439;-0.5813;-0.7287;0.3621
36;0.61605984;0.45961657;0.36161265;0.15
0.407494;1.207301;-0.342496;0.5073;-0.5186;-0.6883;0.255432;0.713219;-0.082293;0.5073;-0.5186;-0.6883;0.178437;0.700504;-0.129463;0.5073;-0.5186;-0.6883;0.255432;0.713219;-0.082293;0.419;0.2761;0.865;0.407003;1.215926;-0.316157;0.419;0.2761;0.865;0.173099;0.724797;-0.046107;0.419;0.2761;0.865;0.407003;1.215926;-0.316157;-0.9225;0.3507;-0.1613;0.178437;0.700504;-0.129463;-0.9225;0.3507;-0.1613;0.173099;0.724797;-0.046107;-0.9225;0.3507;-0.1613;0.173099;0.724797;-0.046107;-0.8513;0.2239;-0.4746;-0.024776;-0.120591;-0.090103;-0.8513;0.2239;-0.4746;-0.102347;-0.129046;0.045051;-0.8513;0.2239;-0.4746;0.052796;-0.112135;0.045051;-0.012;0.11;0.9939;0.173099;0.724797;-0.046107;-0.012;0.11;0.9939;-0.102347;-0.129046;0.045051;-0.012;0.11;0.9939;-0.024776;-0.120591;-0.090103;0.8405;-0.2781;-0.465;0.255432;0.713219;-0.082293;0.8405;-0.2781;-0.465;0.052796;-0.112135;0.045051;0.8405;-0.2781;-0.465;0.407494;1.207301;-0.342496;0.4483;-0.5206;-0.7266;0.429961;1.204361;-0.326529;0.4483;-0.5206;-0.7266;0.255432;0.713219;-0.082293;0.4483;-0.5206;-0.7266;0.255432;0.713219;-0.082293;0.497;0.2383;0.8344;0.429961;1.204361;-0.326529;0.497;0.2383;0.8344;0.407003;1.215926;-0.316157;0.497;0.2383;0.8344;0.407003;1.215926;-0.316157;-0.923;0.3603;-0.1352;0.407494;1.207301;-0.342496;-0.923;0.3603;-0.1352;0.178437;0.700504;-0.129463;-0.923;0.3603;-0.1352;0.173099;0.724797;-0.046107;-0.964;0.2324;-0.1295;0.178437;0.700504;-0.129463;-0.964;0.2324;-0.1295;-0.024776;-0.120591;-0.090103;-0.964;0.2324;-0.1295;0.052796;-0.112135;0.045051;0.4068;0.0409;0.9126;0.255432;0.713219;-0.082293;0.4068;0.0409;0.9126;0.173099;0.724797;-0.046107;0.4068;0.0409;0.9126;-0.024776;-0.120591;-0.090103;0.5351;-0.1721;-0.8271;0.178437;0.700504;-0.129463;0.5351;-0.1721;-0.8271;0.255432;0.713219;-0.082293;0.5351;-0.1721;-0.8271
-0.112146;-0.172635;-3.69436;3.380416;4.510927;2.793682;1.7
264;2
168;0.5979746;0.90354544;0.47732395;0.1
1.127768;3.188015;-2.173244;0.7037;0.4335;0.563;0.858999;2.307819;-1.159601;0.7037;0.4335;0.563;1.677523;3.643348;-3.210983;0.7037;0.4335;0.563;1.103021;2.282277;-2.381589;0.3032;0.9523;0.0341;0.832385;2.321906;-1.080891;0.3032;0.9523;0.0341;1.849774;2.089494;-3.638714;0.3032;0.9523;0.0341;3.380416;2.618454;-1.725119;-0.2542;0.6055;-0.7541;0.826671;2.269001;-1.14492;-0.2542;0.6055;-0.7541;2.194007;2.660813;-1.291196;-0.2542;0.6055;-0.7541;1.303528;2.793324;-2.360072;-0.8892;-0.2015;-0.4108;0.858999;2.307819;-1.159601;-0.8892;-0.2015;-0.4108;1.127768;3.188015;-2.173244;-0.8892;-0.2015;-0.4108;1.402615;2.050371;-2.233833;-0.5793;-0.8095;-0.0959;0.832385;2.321906;-1.080891;-0.5793;-0.8095;-0.0959;1.103021;2.282277;-2.381589;-0.5793;-0.8095;-0.0959;2.194007;2.660813;-1.291196;0.2015;-0.3635;0.9095;0.826671;2.269001;-1.14492;0.2015;-0.3635;0.9095;2.217597;2.183922;-1.487037;0.2015;-0.3635;0.9095;1.849774;2.089494;-3.638714;0.8002;0.5357;0.2696;0.832385;2.321906;-1.080891;0.8002;0.5357;0.2696;1.402615;2.050371;-2.233833;0.8002;0.5357;0.2696;1.849774;2.089494;-3.638714;-0.5387;-0.8198;-0.1943;1.402615;2.050371;-2.233833;-0.5387;-0.8198;-0.1943;1.103021;2.282277;-2.381589;-0.5387;-0.8198;-0.1943;2.217597;2.183922;-1.487037;-0.2325;0.0918;-0.9682;0.826671;2.269001;-1.14492;-0.2325;0.0918;-0.9682;3.380416;2.618454;-1.725119;-0.2325;0.0918;-0.9682;3.380416;2.618454;-1.725119;0.3111;-0.3478;0.8845;2.194007;2.660813;-1.291196;0.3111;-0.3478;0.8845;2.217597;2.183922;-1.487037;0.3111;-0.3478;0.8845;1.677523;3.643348;-3.210983;0.9457;-0.1101;0.3057;0.858999;2.307819;-1.159601;0.9457;-0.1101;0.3057;1.303528;2.793324;-2.360072;0.9457;-0.1101;0.3057;1.677523;3.643348;-3.210983;-0.8493;-0.1368;-0.5099;1.303528;2.793324;-2.360072;-0.8493;-0.1368;-0.5099;1.127768;3.188015;-2.173244;-0.8493;-0.1368;-0.5099;1.692333;3.241892;-1.497364;-0.0287;-0.3912;-0.9199;0.825256;2.304535;-1.071635;-0.0287;-0.3912;-0.9199;2.122669;4.32479;-1.971344;-0.0287;-0.3912;-0.9199;1.327671;3.506008;-1.442111;0.2721;0.1778;0.9457;0.825256;2.304535;-1.071635;0.2721;0.1778;0.9457;1.692333;3.241892;-1.497364;0.2721;0.1778;0.9457;2.122669;4.32479;-1.971344;-0.5212;-0.0449;-0.8523;0.825256;2.304535;-1.071635;-0.5212;-0.0449;-0.8523;1.327671;3.506008;-1.442111;-0.5212;-0.0449;-0.8523;2.122669;4.32479;-1.971344;0.3296;0.2656;0.906;1.327671;3.506008;-1.442111;0.3296;0.2656;0.906;1.692333;3.241892;-1.497364;0.3296;0.2656;0.906;0.702196;3.435414;-1.588524;0.9635;0.2127;0.1627;0.872953;2.273631;-1.080416;0.9635;0.2127;0.1627;0.611685;4.510927;-2.459125;0.9635;0.2127;0.1627;0.622566;3.239052;-1.906783;-0.9654;-0.0285;0.2592;0.872953;2.273631;-1.080416;-0.9654;-0.0285;0.2592;0.702196;3.435414;-1.588524;-0.9654;-0.0285;0.2592;0.611685;4.510927;-2.459125;0.8403;-0.2099;-0.4998;0.872953;2.273631;-1.080416;0.8403;-0.2099;-0.4998;0.622566;3.239052;-1.906783;0.8403;-0.2099;-0.4998;0.611685;4.510927;-2.459125;-0.9774;0.0772;0.1969;0.622566;3.239052;-1.906783;-0.9774;0.0772;0.1969;0.702196;3.435414;-1.588524;-0.9774;0.0772;0.1969;0.889606;2.99679;-2.222328;0.978;-0.1883;-0.0895;0.860516;2.290786;-1.054672;0.978;-0.1883;-0.0895;0.794028;3.199888;-3.69436;0.978;-0.1883;-0.0895;0.554938;2.56359;-2.369179;-0.802;0.5198;0.2943;0.860516;2.290786;-1.054672;-0.802;0.5198;0.2943;0.889606;2.99679;-2.222328;-0.802;0.5198;0.2943;0.794028;3.199888;-3.69436;0.5276;-0.799;-0.2885;0.860516;2.290786;-1.054672;0.5276;-0.799;-0.2885;0.554938;2.56359;-2.369179;0.5276;-0.799;-0.2885;0.794028;3.199888;-3.69436;-0.8056;0.5776;0.132;0.554938;2.56359;-2.369179;-0.8056;0.5776;0.132;0.889606;2.99679;-2.222328;-0.8056;0.5776;0.132;0.440396;1.992231;-2.350798;-0.7628;0.638;0.1055;0.865184;2.290812;-1.085428;-0.7628;0.638;0.1055;0.334354;2.072401;-3.601833;-0.7628;0.638;0.1055;0.819097;2.223296;-2.450737;0.5254;-0.8505;0.0243;0.865184;2.290812;-1.085428;0.5254;-0.8505;0.0243;0.440396;1.992231;-2.350798;0.5254;-0.8505;0.0243;0.334354;2.072401;-3.601833;-0.206;0.9777;-0.0414;0.865184;2.290812;-1.085428;-0.206;0.9777;-0.0414;0.819097;2.223296;-2.450737;-0.206;0.9777;-0.0414;0.334354;2.072401;-3.601833;0.4995;-0.8608;-0.0975;0.819097;2.223296;-2.450737;0.4995;-0.8608;-0.0975;0.440396;1.992231;-2.350798;0.4995;-0.8608;-0.0975;1.904632;2.551984;-1.97564;-0.6598;0.2041;-0.7232;0.871181;2.310263;-1.10091;-0.6598;0.2041;-0.7232;2.784607;3.204573;-2.594358;-0.6598;0.2041;-0.7232;1.95531;2.908321;-1.695724;0.6138;-0.5398;0.576;0.871181;2.310263;-1.10091;0.6138;-0.5398;0.576;1.904632;2.551984;-1.97564;0.6138;-0.5398;0.576;2.784607;3.204573;-2.594358;-0.5767;0.7678;-0.2791;0.871181;2.310263;-1.10091;-0.5767;0.7678;-0.2791;1.95531;2.908321;-1.695724;-0.5767;0.7678;-0.2791;2.784607;3.204573;-2.594358;0.7146;-0.4922;0.4972;1.95531;2.908321;-1.695724;0.7146;-0.4922;0.4972;1.904632;2.551984;-1.97564;0.7146;-0.4922;0.4972;0.98399;2.10011;1.405908;-0.9126;0.3509;0.2098;0.49922;1.180685;0.83475;-0.9126;0.3509;0.2098;1.386644;2.670229;2.204112;-0.9126;0.3509;0.2098;1.059009;1.255729;1.681103;-0.3505;0.9225;0.1614;0.471521;1.183874;0.816082;-0.3505;0.9225;0.1614;1.374634;1.180964;2.793682;-0.3505;0.9225;0.1614;1.081817;1.812501;1.660348;0.8573;-0.1453;-0.4938;0.49922;1.180685;0.83475;0.8573;-0.1453;-0.4938;0.98399;2.10011;1.405908;0.8573;-0.1453;-0.4938;0.833098;1.051257;1.777337;0.5591;-0.7665;-0.3161;0.471521;1.183874;0.816082;0.5591;-0.7665;-0.3161;1.059009;1.255729;1.681103;0.5591;-0.7665;-0.3161;1.374634;1.180964;2.793682;-0.8013;0.4727;0.3666;0.471521;1.183874;0.816082;-0.8013;0.4727;0.3666;0.833098;1.051257;1.777337;-0.8013;0.4727;0.3666;1.374634;1.180964;2.793682;0.6006;-0.7681;-0.222;0.833098;1.051257;1.777337;0.6006;-0.7681;-0.222;1.059009;1.255729;1.681103;0.6006;-0.7681;-0.222;1.386644;2.670229;2.204112;-0.7578;-0.1354;0.6383;0.49922;1.180685;0.83475;-0.7578;-0.1354;0.6383;1.081817;1.812501;1.660348;-0.7578;-0.1354;0.6383;1.386644;2.670229;2.204112;0.9076;-0.059;-0.4157;1.081817;1.812501;1.660348;0.9076;-0.059;-0.4157;0.98399;2.10011;1.405908;0.9076;-0.059;-0.4157;0.418389;1.974844;1.511521;0.6709;-0.4605;0.5812;0.496662;1.180546;0.791873;0.6709;-0.4605;0.5812;0.614697;2.83162;1.963746;0.6709;-0.4605;0.5812;0.586571;2.148668;1.249676;-0.8817;0.2661;-0.3896;0.496662;1.180546;0.791873;-0.8817;0.2661;-0.3896;0.418389;1.974844;1.511521;-0.8817;0.2661;-0.3896;0.614697;2.83162;1.963746;0.987;-0.1338;0.0891;0.496662;1.180546;0.791873;0.987;-0.1338;0.0891;0.586571;2.148668;1.249676;0.987;-0.1338;0.0891;0.614697;2.83162;1.963746;-0.8741;0.3678;-0.3173;0.586571;2.148668;1.249676;-0.8741;0.3678;-0.3173;0.418389;1.974844;1.511521;-0.8741;0.3678;-0.3173;1.137632;2.085513;0.813389;-0.2612;0.1532;0.953;0.464596;1.150587;0.779196;-0.2612;0.1532;0.953;2.19482;2.734849;0.998779;-0.2612;0.1532;0.953;1.460363;1.733654;0.818612;0.0314;0.014;-0.9994;0.464596;1.150587;0.779196;0.0314;0.014;-0.9994;1.137632;2.085513;0.813389;0.0314;0.014;-0.9994;2.19482;2.734849;0.998779;0.1108;-0.2542;0.9608;0.464596;1.150587;0.779196;0.1108;-0.2542;0.9608;1.460363;1.733654;0.818612;0.1108;-0.2542;0.9608;2.19482;2.734849;0.998779;0.1167;0.0923;-0.9889;1.460363;1.733654;0.818612;0.1167;0.0923;-0.9889;1.137632;2.085513;0.813389;0.1167;0.0923;-0.9889;1.455354;1.121793;1.294114;0.3589;0.6117;-0.705;0.481295;1.173136;0.842831;0.3589;0.6117;-0.705;2.210758;1.360253;1.885523;0.3589;0.6117;-0.705;1.284675;1.313337;1.542835;-0.262;-0.8431;0.4695;0.481295;1.173136;0.842831;-0.262;-0.8431;0.4695;1.455354;1.121793;1.294114;-0.262;-0.8431;0.4695;2.210758;1.360253;1.885523;0.0395;0.97;-0.2397;0.481295;1.173136;0.842831;0.0395;0.97;-0.2397;1.284675;1.313337;1.542835;0.0395;0.97;-0.2397;2.210758;1.360253;1.885523;-0.1553;-0.8313;0.5336;1.284675;1.313337;1.542835;-0.1553;-0.8313;0.5336;1.455354;1.121793;1.294114;-0.1553;-0.8313;0.5336;0.367254;1.460373;1.941334;0.9493;0.3138;0.019;0.492222;1.152845;0.779648;0.9493;0.3138;0.019;0.15754;2.044462;2.770413;0.9493;0.3138;0.019;0.133118;1.711647;1.790029;-0.7552;-0.6492;0.0906;0.492222;1.152845;0.779648;-0.7552;-0.6492;0.0906;0.367254;1.460373;1.941334;-0.7552;-0.6492;0.0906;0.15754;2.044462;2.770413;0.4679;0.8332;-0.2945;0.492222;1.152845;0.779648;0.4679;0.8332;-0.2945;0.133118;1.711647;1.790029;0.4679;0.8332;-0.2945;0.15754;2.044462;2.770413;-0.7762;-0.5909;0.2199;0.133118;1.711647;1.790029;-0.7762;-0.5909;0.2199;0.367254;1.460373;1.941334;-0.7762;-0.5909;0.2199
96;0.61605984;0.45961657;0.36161265;0.1
0.484718;1.922039;-0.539815;0.4515;-0.5599;-0.6948;0.371671;1.168692;-0.006148;0.4515;-0.5599;-0.6948;0.235653;1.16119;-0.088489;0.4515;-0.5599;-0.6948;0.371671;1.168692;-0.006148;0.4545;0.3225;0.8303;0.487389;1.980981;-0.385019;0.4545;0.3225;0.8303;0.230985;1.204357;0.057018;0.4545;0.3225;0.8303;0.484718;1.922039;-0.539815;-0.7957;-0.1388;-0.5896;0.822511;2.345822;-1.095489;-0.7957;-0.1388;-0.5896;0.87165;2.276103;-1.145386;-0.7957;-0.1388;-0.5896;0.487389;1.980981;-0.385019;-0.9607;0.2563;-0.1069;0.235653;1.16119;-0.088489;-0.9607;0.2563;-0.1069;0.230985;1.204357;0.057018;-0.9607;0.2563;-0.1069;0.921324;2.344953;-1.094815;0.0107;0.5869;-0.8096;0.87165;2.276103;-1.145386;0.0107;0.5869;-0.8096;0.822511;2.345822;-1.095489;0.0107;0.5869;-0.8096;0.616293;1.894569;-0.442982;0.6188;0.5409;0.5697;0.822511;2.345822;-1.095489;0.6188;0.5409;0.5697;0.487389;1.980981;-0.385019;0.6188;0.5409;0.5697;0.484718;1.922039;-0.539815;0.1888;-0.847;-0.4969;0.921324;2.344953;-1.094815;0.1888;-0.847;-0.4969;0.616293;1.894569;-0.442982;0.1888;-0.847;-0.4969;0.230985;1.204357;0.057018;-0.8458;0.215;-0.4883;-0.034114;-0.172635;-0.090103;-0.8458;0.215;-0.4883;-0.112146;-0.172635;0.045051;-0.8458;0.215;-0.4883;0.043917;-0.172635;0.045051;-0.0;-0.0087;1.0;0.230985;1.204357;0.057018;-0.0;-0.0087;1.0;-0.112146;-0.172635;0.045051;-0.0;-0.0087;1.0;-0.034114;-0.172635;-0.090103;0.8439;-0.2248;-0.4872;0.371671;1.168692;-0.006148;0.8439;-0.2248;-0.4872;0.043917;-0.172635;0.045051;0.8439;-0.2248;-0.4872;0.484718;1.922039;-0.539815;0.4077;-0.5678;-0.7151;0.616293;1.894569;-0.442982;0.4077;-0.5678;-0.7151;0.371671;1.168692;-0.006148;0.4077;-0.5678;-0.7151;0.371671;1.168692;-0.006148;0.5469;0.2886;0.7859;0.616293;1.894569;-0.442982;0.5469;0.2886;0.7859;0.487389;1.980981;-0.385019;0.5469;0.2886;0.7859;0.484718;1.922039;-0.539815;-0.8654;0.4731;-0.1652;0.487389;1.980981;-0.385019;-0.8654;0.4731;-0.1652;0.822511;2.345822;-1.095489;-0.8654;0.4731;-0.1652;0.487389;1.980981;-0.385019;-0.9607;0.2646;-0.0842;0.484718;1.922039;-0.539815;-0.9607;0.2646;-0.0842;0.235653;1.16119;-0.088489;-0.9607;0.2646;-0.0842;0.616293;1.894569;-0.442982;0.0033;0.822;0.5695;0.921324;2.344953;-1.094815;0.0033;0.822;0.5695;0.822511;2.345822;-1.095489;0.0033;0.822;0.5695;0.484718;1.922039;-0.539815;0.7632;-0.6357;0.1159;0.87165;2.276103;-1.145386;0.7632;-0.6357;0.1159;0.921324;2.344953;-1.094815;0.7632;-0.6357;0.1159;0.230985;1.204357;0.057018;-0.9762;0.1975;-0.0899;0.235653;1.16119;-0.088489;-0.9762;0.1975;-0.0899;-0.034114;-0.172635;-0.090103;-0.9762;0.1975;-0.0899;0.043917;-0.172635;0.045051;0.3957;-0.0617;0.9163;0.371671;1.168692;-0.006148;0.3957;-0.0617;0.9163;0.230985;1.204357;0.057018;0.3957;-0.0617;0.9163;-0.034114;-0.172635;-0.090103;0.5193;-0.104;-0.8483;0.235653;1.16119;-0.088489;0.5193;-0.104;-0.8483;0.371671;1.168692;-0.006148;0.5193;-0.104;-0.8483;0.34229;0.755381;0.454942;0.3297;-0.5205;0.7877;-0.068741;-0.164392;0.019196;0.3297;-0.5205;0.7877;0.055907;-0.155998;-0.027428;0.3297;-0.5205;0.7877;-0.068741;-0.164392;0.019196;-0.9013;0.37;-0.2255;0.240491;0.780483;0.333751;-0.9013;0.37;-0.2255;-0.039577;-0.172036;-0.109932;-0.9013;0.37;-0.2255;0.34229;0.755381;0.454942;0.9231;-0.108;-0.369;0.523611;1.203248;0.777436;0.9231;-0.108;-0.369;0.547246;1.148749;0.852512;0.9231;-0.108;-0.369;0.240491;0.780483;0.333751;0.6279;0.1692;-0.7596;0.055907;-0.155998;-0.027428;0.6279;0.1692;-0.7596;-0.039577;-0.172036;-0.109932;0.6279;0.1692;-0.7596;0.470377;1.205637;0.856969;0.5687;0.7404;0.3584;0.547246;1.148749;0.852512;0.5687;0.7404;0.3584;0.523611;1.203248;0.777436;0.5687;0.7404;0.3584;0.205083;0.773932;0.489904;-0.747;0.6494;-0.1421;0.523611;1.203248;0.777436;-0.747;0.6494;-0.1421;0.240491;0.780483;0.333751;-0.747;0.6494;-0.1421;0.34229;0.755381;0.454942;0.0942;-0.6778;0.7292;0.470377;1.205637;0.856969;0.0942;-0.6778;0.7292;0.205083;0.773932;0.489904;0.0942;-0.6778;0.7292;0.34229;0.755381;0.454942;0.1554;-0.4788;0.8641;0.205083;0.773932;0.489904;0.1554;-0.4788;0.8641;-0.068741;-0.164392;0.019196;0.1554;-0.4788;0.8641;-0.068741;-0.164392;0.019196;-0.9121;0.3623;-0.1916;0.205083;0.773932;0.489904;-0.9121;0.3623;-0.1916;0.240491;0.780483;0.333751;-0.9121;0.3623;-0.1916;0.34229;0.755381;0.454942;0.7723;0.1344;-0.6209;0.240491;0.780483;0.333751;0.7723;0.1344;-0.6209;0.523611;1.203248;0.777436;0.7723;0.1344;-0.6209;0.240491;0.780483;0.333751;0.7717;0.0907;-0.6295;0.34229;0.755381;0.454942;0.7717;0.0907;-0.6295;0.055907;-0.155998;-0.027428;0.7717;0.0907;-0.6295;0.205083;0.773932;0.489904;-0.5799;0.7044;-0.4093;0.470377;1.205637;0.856969;-0.5799;0.7044;-0.4093;0.523611;1.203248;0.777436;-0.5799;0.7044;-0.4093;0.34229;0.755381;0.454942;-0.3699;-0.558;0.7428;0.547246;1.148749;0.852512;-0.3699;-0.558;0.7428;0.470377;1.205637;0.856969;-0.3699;-0.558;0.7428
4
SPREADER;9;0.1;0.1;0.1;6.5;5;
INFO;NameId;346;DescId;347;price;17250;dpPerMin;0;range;2;placeSound;grassPlace
LIFE;averagePop;5.5;averageLife;18.0;popFactors;1;0.5;breedMat;9.0;breedTime;6.510727;parentId;128;count;250;reqs;2;TRANSFORM;size;1.1;MATERIAL;col;GREEN;FADE_DEATH;0.5;enviroReqCount;4;reqId;2;barren;0;goodBiomes;1;9;idealFactor;60;influence;0.7;reqId;3;badBiomes;4;3;4;5;6;influence;0.9;reqId;1;minAltitude;0;maxAltitude;20;influence;0.8;reqId;5;likedSpecies;1;ers;influence;0.65
GROWTH;dynamic;0;growthTime;6.0;modelStages;3;subStages;2
