1.5
ptm
0;1
4
-0.553752;-0.030508;-0.457714;0.40525;1.860127;0.590052;1
81;2
54;0.3080002;0.38352126;0.21617194;0.1
-0.553752;1.580313;0.236372;-0.8277;0.4215;-0.3704;-0.216526;1.847319;-0.213387;-0.8277;0.4215;-0.3704;-0.297813;1.472939;-0.457714;-0.8277;0.4215;-0.3704;-0.216526;1.847319;-0.213387;0.2828;0.4804;-0.8302;0.40525;1.524506;-0.188404;0.2828;0.4804;-0.8302;-0.297813;1.472939;-0.457714;0.2828;0.4804;-0.8302;0.186297;1.822565;0.134342;0.4278;0.7899;-0.4393;0.40525;1.524506;-0.188404;0.4278;0.7899;-0.4393;-0.216526;1.847319;-0.213387;0.4278;0.7899;-0.4393;-0.297813;1.472939;-0.457714;-0.1927;-0.978;0.0802;-0.020157;1.504184;0.590052;-0.1927;-0.978;0.0802;-0.553752;1.580313;0.236372;-0.1927;-0.978;0.0802;-0.276606;1.860127;0.180824;0.0788;0.9967;-0.0204;0.186297;1.822565;0.134342;0.0788;0.9967;-0.0204;-0.216526;1.847319;-0.213387;0.0788;0.9967;-0.0204;-0.276606;1.860127;0.180824;-0.7172;0.6843;-0.1315;-0.216526;1.847319;-0.213387;-0.7172;0.6843;-0.1315;-0.553752;1.580313;0.236372;-0.7172;0.6843;-0.1315;-0.020157;1.504184;0.590052;-0.4065;0.5478;0.7312;-0.276606;1.860127;0.180824;-0.4065;0.5478;0.7312;-0.553752;1.580313;0.236372;-0.4065;0.5478;0.7312;-0.020157;1.504184;0.590052;0.1246;0.786;0.6056;0.186297;1.822565;0.134342;0.1246;0.786;0.6056;-0.276606;1.860127;0.180824;0.1246;0.786;0.6056;0.40525;1.524506;-0.188404;0.0688;-0.9976;0.0115;-0.020157;1.504184;0.590052;0.0688;-0.9976;0.0115;-0.297813;1.472939;-0.457714;0.0688;-0.9976;0.0115;-0.020157;1.504184;0.590052;0.8698;0.1208;0.4785;0.40525;1.524506;-0.188404;0.8698;0.1208;0.4785;0.186297;1.822565;0.134342;0.8698;0.1208;0.4785;0.137419;0.890166;0.535528;-0.4121;0.8146;0.4082;-0.074657;0.950942;0.200152;-0.4121;0.8146;0.4082;-0.242917;0.776715;0.377957;-0.4121;0.8146;0.4082;-0.074657;0.950942;0.200152;-0.8232;0.4697;-0.3188;-0.030253;0.845002;-0.07061;-0.8232;0.4697;-0.3188;-0.242917;0.776715;0.377957;-0.8232;0.4697;-0.3188;0.220708;0.962858;0.261911;0.0374;0.9327;-0.3588;-0.030253;0.845002;-0.07061;0.0374;0.9327;-0.3588;-0.074657;0.950942;0.200152;0.0374;0.9327;-0.3588;-0.242917;0.776715;0.377957;0.1837;-0.9526;0.2425;0.343983;0.850056;0.221466;0.1837;-0.9526;0.2425;0.137419;0.890166;0.535528;0.1837;-0.9526;0.2425;0.220708;0.962858;0.261911;-0.0874;0.9691;0.2309;-0.074657;0.950942;0.200152;-0.0874;0.9691;0.2309;0.137419;0.890166;0.535528;-0.0874;0.9691;0.2309;0.343983;0.850056;0.221466;0.6898;0.6196;0.3746;0.220708;0.962858;0.261911;0.6898;0.6196;0.3746;0.137419;0.890166;0.535528;0.6898;0.6196;0.3746;-0.030253;0.845002;-0.07061;0.0956;-0.9898;-0.1054;0.343983;0.850056;0.221466;0.0956;-0.9898;-0.1054;-0.242917;0.776715;0.377957;0.0956;-0.9898;-0.1054;0.343983;0.850056;0.221466;0.4406;0.6882;-0.5764;-0.030253;0.845002;-0.07061;0.4406;0.6882;-0.5764;0.220708;0.962858;0.261911;0.4406;0.6882;-0.5764
27;0.1972614;0.16053377;0.11653531;0.1
-0.0;1.091919;-0.034807;0.8656;0.0324;-0.4997;-0.0;1.837508;0.013578;0.8656;0.0324;-0.4997;0.042201;1.091919;0.038287;0.8656;0.0324;-0.4997;0.042201;1.091919;0.038287;0.0;0.0331;0.9995;-0.0;1.837508;0.013578;0.0;0.0331;0.9995;-0.042201;1.091919;0.038287;0.0;0.0331;0.9995;-0.042201;1.091919;0.038287;-0.8656;0.0324;-0.4997;-0.0;1.837508;0.013578;-0.8656;0.0324;-0.4997;-0.0;1.091919;-0.034807;-0.8656;0.0324;-0.4997;-0.042201;1.091919;0.038287;-0.866;0.0048;-0.5;-0.0;-0.030508;-0.045528;-0.866;0.0048;-0.5;-0.05458;-0.030508;0.049008;-0.866;0.0048;-0.5;-0.042201;1.091919;0.038287;0.0;0.0096;1.0;0.05458;-0.030508;0.049008;0.0;0.0096;1.0;0.042201;1.091919;0.038287;0.0;0.0096;1.0;0.042201;1.091919;0.038287;0.866;0.0048;-0.5;-0.0;-0.030508;-0.045528;0.866;0.0048;-0.5;-0.0;1.091919;-0.034807;0.866;0.0048;-0.5;-0.042201;1.091919;0.038287;-0.866;0.0048;-0.5;-0.0;1.091919;-0.034807;-0.866;0.0048;-0.5;-0.0;-0.030508;-0.045528;-0.866;0.0048;-0.5;-0.042201;1.091919;0.038287;0.0;0.0096;1.0;-0.05458;-0.030508;0.049008;0.0;0.0096;1.0;0.05458;-0.030508;0.049008;0.0;0.0096;1.0;0.042201;1.091919;0.038287;0.866;0.0048;-0.5;0.05458;-0.030508;0.049008;0.866;0.0048;-0.5;-0.0;-0.030508;-0.045528;0.866;0.0048;-0.5
-1.375414;-0.029694;-1.766953;1.477759;5.504104;1.99727;3;0;extraBounds;3;-0.530163;2.904153;-1.742907;1.054004;3.920809;1.877287;-1.284513;4.471046;-1.20157;1.452487;5.426394;1.358346;-0.132271;-0.01231;-0.1106;0.161526;4.965623;0.20531
153;2
108;0.3080002;0.38352126;0.21617194;0.05
-0.558678;3.553292;-0.938387;-0.7953;0.5846;-0.1604;-0.164635;3.946419;-1.459348;-0.7953;0.5846;-0.1604;-0.502345;3.42314;-1.692109;-0.7953;0.5846;-0.1604;-0.164635;3.946419;-1.459348;-0.1355;0.4743;-0.8699;0.447802;3.557244;-1.766953;-0.1355;0.4743;-0.8699;-0.502345;3.42314;-1.692109;-0.1355;0.4743;-0.8699;0.610445;3.843875;-1.088855;0.3185;0.8433;-0.4329;0.447802;3.557244;-1.766953;0.3185;0.8433;-0.4329;-0.164635;3.946419;-1.459348;0.3185;0.8433;-0.4329;-0.502345;3.42314;-1.692109;-0.2353;-0.9605;0.1483;0.088113;3.461013;-0.509678;-0.2353;-0.9605;0.1483;-0.558678;3.553292;-0.938387;-0.2353;-0.9605;0.1483;-0.183999;3.847165;-0.681982;0.0697;0.9893;0.1281;0.610445;3.843875;-1.088855;0.0697;0.9893;0.1281;-0.164635;3.946419;-1.459348;0.0697;0.9893;0.1281;-0.183999;3.847165;-0.681982;-0.6487;0.7568;0.0805;-0.164635;3.946419;-1.459348;-0.6487;0.7568;0.0805;-0.558678;3.553292;-0.938387;-0.6487;0.7568;0.0805;0.759729;3.414047;-1.139595;0.1132;-0.955;-0.2743;-0.502345;3.42314;-1.692109;0.1132;-0.955;-0.2743;0.447802;3.557244;-1.766953;0.1132;-0.955;-0.2743;0.088113;3.461013;-0.509678;-0.5543;-0.0193;0.8321;-0.183999;3.847165;-0.681982;-0.5543;-0.0193;0.8321;-0.558678;3.553292;-0.938387;-0.5543;-0.0193;0.8321;0.610445;3.843875;-1.088855;0.8698;0.3439;-0.354;0.759729;3.414047;-1.139595;0.8698;0.3439;-0.354;0.447802;3.557244;-1.766953;0.8698;0.3439;-0.354;0.088113;3.461013;-0.509678;0.3719;0.584;0.7215;0.610445;3.843875;-1.088855;0.3719;0.584;0.7215;-0.183999;3.847165;-0.681982;0.3719;0.584;0.7215;0.759729;3.414047;-1.139595;-0.0271;-0.9986;0.0455;0.088113;3.461013;-0.509678;-0.0271;-0.9986;0.0455;-0.502345;3.42314;-1.692109;-0.0271;-0.9986;0.0455;0.088113;3.461013;-0.509678;0.6818;0.1523;0.7155;0.759729;3.414047;-1.139595;0.6818;0.1523;0.7155;0.610445;3.843875;-1.088855;0.6818;0.1523;0.7155;-0.28807;4.505931;-1.27827;0.2728;0.667;-0.6933;0.793122;5.504104;0.107541;0.2728;0.667;-0.6933;1.477759;4.541331;-0.549349;0.2728;0.667;-0.6933;0.793122;5.504104;0.107541;0.7625;0.6331;-0.1332;1.416775;4.951075;1.049467;0.7625;0.6331;-0.1332;1.477759;4.541331;-0.549349;0.7625;0.6331;-0.1332;-0.367827;5.371266;0.97222;0.1939;0.8966;0.3981;1.416775;4.951075;1.049467;0.1939;0.8966;0.3981;0.793122;5.504104;0.107541;0.1939;0.8966;0.3981;1.477759;4.541331;-0.549349;-0.0153;-0.9962;0.0854;-1.375414;4.633858;0.018674;-0.0153;-0.9962;0.0854;-0.28807;4.505931;-1.27827;-0.0153;-0.9962;0.0854;-0.373258;5.39256;-0.808952;-0.1047;0.9944;0.0122;-0.367827;5.371266;0.97222;-0.1047;0.9944;0.0122;0.793122;5.504104;0.107541;-0.1047;0.9944;0.0122;-0.373258;5.39256;-0.808952;0.5299;0.436;-0.7274;0.793122;5.504104;0.107541;0.5299;0.436;-0.7274;-0.28807;4.505931;-1.27827;0.5299;0.436;-0.7274;0.333078;4.383791;1.520098;0.5278;-0.8177;0.2297;1.477759;4.541331;-0.549349;0.5278;-0.8177;0.2297;1.416775;4.951075;1.049467;0.5278;-0.8177;0.2297;-1.375414;4.633858;0.018674;-0.7256;0.2662;-0.6346;-0.373258;5.39256;-0.808952;-0.7256;0.2662;-0.6346;-0.28807;4.505931;-1.27827;-0.7256;0.2662;-0.6346;-0.367827;5.371266;0.97222;0.0884;0.5305;0.8431;0.333078;4.383791;1.520098;0.0884;0.5305;0.8431;1.416775;4.951075;1.049467;0.0884;0.5305;0.8431;-1.375414;4.633858;0.018674;-0.5976;0.8017;0.0114;-0.367827;5.371266;0.97222;-0.5976;0.8017;0.0114;-0.373258;5.39256;-0.808952;-0.5976;0.8017;0.0114;0.333078;4.383791;1.520098;-0.0531;-0.9931;-0.105;-1.375414;4.633858;0.018674;-0.0531;-0.9931;-0.105;1.477759;4.541331;-0.549349;-0.0531;-0.9931;-0.105;-1.375414;4.633858;0.018674;-0.6638;-0.0574;0.7457;0.333078;4.383791;1.520098;-0.6638;-0.0574;0.7457;-0.367827;5.371266;0.97222;-0.6638;-0.0574;0.7457;0.302475;3.054798;0.402081;0.3669;0.673;-0.6422;0.162057;3.433617;0.718844;0.3669;0.673;-0.6422;1.100849;3.037542;0.840082;0.3669;0.673;-0.6422;0.162057;3.433617;0.718844;0.332;0.5531;-0.7641;0.832803;3.446615;1.019742;0.332;0.5531;-0.7641;1.100849;3.037542;0.840082;0.332;0.5531;-0.7641;0.832803;3.446615;1.019742;0.8332;0.5528;-0.0155;0.924665;3.324637;1.608086;0.8332;0.5528;-0.0155;1.100849;3.037542;0.840082;0.8332;0.5528;-0.0155;-0.41925;3.232416;0.889714;-0.3986;0.4969;-0.7709;0.162057;3.433617;0.718844;-0.3986;0.4969;-0.7709;0.302475;3.054798;0.402081;-0.3986;0.4969;-0.7709;0.173327;3.335784;1.756494;0.053;0.9794;0.1948;0.924665;3.324637;1.608086;0.053;0.9794;0.1948;0.832803;3.446615;1.019742;0.053;0.9794;0.1948;1.100849;3.037542;0.840082;-0.1193;-0.9766;0.1791;-0.41925;3.232416;0.889714;-0.1193;-0.9766;0.1791;0.302475;3.054798;0.402081;-0.1193;-0.9766;0.1791;0.162057;3.433617;0.718844;-0.0616;0.9936;0.0944;0.173327;3.335784;1.756494;-0.0616;0.9936;0.0944;0.832803;3.446615;1.019742;-0.0616;0.9936;0.0944;0.11984;3.036436;1.99727;0.4747;-0.7832;0.4017;1.100849;3.037542;0.840082;0.4747;-0.7832;0.4017;0.924665;3.324637;1.608086;0.4747;-0.7832;0.4017;0.173327;3.335784;1.756494;0.1635;0.6004;0.7828;0.11984;3.036436;1.99727;0.1635;0.6004;0.7828;0.924665;3.324637;1.608086;0.1635;0.6004;0.7828;-0.41925;3.232416;0.889714;-0.3012;0.949;0.0927;0.173327;3.335784;1.756494;-0.3012;0.949;0.0927;0.162057;3.433617;0.718844;-0.3012;0.949;0.0927;0.11984;3.036436;1.99727;-0.1299;-0.9853;-0.1111;-0.41925;3.232416;0.889714;-0.1299;-0.9853;-0.1111;1.100849;3.037542;0.840082;-0.1299;-0.9853;-0.1111;-0.41925;3.232416;0.889714;-0.7439;0.4945;0.4496;0.11984;3.036436;1.99727;-0.7439;0.4945;0.4496;0.173327;3.335784;1.756494;-0.7439;0.4945;0.4496
45;0.1972614;0.16053377;0.11653531;0.05
0.01452;-0.026692;0.136077;-0.9035;-0.0313;0.4274;-0.058846;3.484968;0.238476;-0.9035;-0.0313;0.4274;-0.118882;-0.029694;-0.146139;-0.9035;-0.0313;0.4274;-0.058846;3.484968;0.238476;0.5555;0.0458;0.8302;0.187042;3.259941;0.086361;0.5555;0.0458;0.8302;0.022883;5.25703;0.086006;0.5555;0.0458;0.8302;0.01452;-0.026692;0.136077;0.9396;-0.0442;0.3395;0.101867;-0.028028;-0.105815;0.9396;-0.0442;0.3395;0.187042;3.259941;0.086361;0.9396;-0.0442;0.3395;-0.118882;-0.029694;-0.146139;-0.9965;0.0079;0.0832;-0.058846;3.484968;0.238476;-0.9965;0.0079;0.0832;-0.080754;3.483298;-0.023735;-0.9965;0.0079;0.0832;-0.118882;-0.029694;-0.146139;0.1791;0.0528;-0.9824;0.187042;3.259941;0.086361;0.1791;0.0528;-0.9824;0.101867;-0.028028;-0.105815;0.1791;0.0528;-0.9824;-0.080754;3.483298;-0.023735;-0.9952;0.053;0.0828;-0.058846;3.484968;0.238476;-0.9952;0.053;0.0828;0.022883;5.25703;0.086006;-0.9952;0.053;0.0828;0.187042;3.259941;0.086361;0.4035;0.033;-0.9144;-0.080754;3.483298;-0.023735;0.4035;0.033;-0.9144;0.022883;5.25703;0.086006;0.4035;0.033;-0.9144;0.01452;-0.026692;0.136077;0.5166;-0.0142;0.8561;0.187042;3.259941;0.086361;0.5166;-0.0142;0.8561;-0.058846;3.484968;0.238476;0.5166;-0.0142;0.8561;-0.118882;-0.029694;-0.146139;0.3997;0.0276;-0.9162;-0.080754;3.483298;-0.023735;0.3997;0.0276;-0.9162;0.187042;3.259941;0.086361;0.3997;0.0276;-0.9162;0.138784;2.69607;0.071935;0.5457;0.7209;0.4272;-0.260229;3.812999;-1.303284;0.5457;0.7209;0.4272;-0.039781;2.776145;0.164895;0.5457;0.7209;0.4272;-0.039781;2.776145;0.164895;-0.9909;-0.0222;0.1331;-0.260229;3.812999;-1.303284;-0.9909;-0.0222;0.1331;-0.055674;2.615998;0.019845;-0.9909;-0.0222;0.1331;-0.055674;2.615998;0.019845;0.4328;-0.6342;-0.6407;-0.260229;3.812999;-1.303284;0.4328;-0.6342;-0.6407;0.138784;2.69607;0.071935;0.4328;-0.6342;-0.6407;-0.0708;2.177308;0.091755;-0.7832;0.6158;-0.0857;0.722454;3.354709;1.302279;-0.7832;0.6158;-0.0857;0.053875;2.337606;0.104204;-0.7832;0.6158;-0.0857;0.053875;2.337606;0.104204;0.6252;0.3872;-0.6776;0.722454;3.354709;1.302279;0.6252;0.3872;-0.6776;0.167991;2.064387;0.053352;0.6252;0.3872;-0.6776;0.167991;2.064387;0.053352;-0.1837;-0.6417;0.7446;0.722454;3.354709;1.302279;-0.1837;-0.6417;0.7446;-0.0708;2.177308;0.091755;-0.1837;-0.6417;0.7446
-2.682976;-0.0546;-2.118114;2.713952;9.25017;3.038444;1.6;0;extraBounds;4;0.078057;4.879474;-1.305064;2.724413;5.714872;1.197756;-2.532257;3.786431;0.304885;-0.2852;4.873065;2.874754;-0.844758;6.306404;-1.912696;1.620968;9.184263;2.352549;-0.317219;0.019892;-0.134455;0.161248;8.700516;0.321906
327;2
210;0.3080002;0.38352126;0.21617194;0.04
1.671373;4.843408;1.32426;0.729;-0.3027;0.614;2.713952;4.955546;0.141634;0.729;-0.3027;0.614;2.408718;5.592802;0.818227;0.729;-0.3027;0.614;2.713952;4.955546;0.141634;0.0957;-0.9954;-0.01;1.671373;4.843408;1.32426;0.0957;-0.9954;-0.01;1.585315;4.862756;-1.422858;0.0957;-0.9954;-0.01;1.671373;4.843408;1.32426;0.2296;0.3794;0.8963;2.408718;5.592802;0.818227;0.2296;0.3794;0.8963;1.11016;5.580537;1.156021;0.2296;0.3794;0.8963;1.671373;4.843408;1.32426;-0.4987;-0.1865;0.8465;1.11016;5.580537;1.156021;-0.4987;-0.1865;0.8465;0.777036;5.22774;0.882014;-0.4987;-0.1865;0.8465;1.671373;4.843408;1.32426;-0.3973;-0.9177;0.006;0.777036;5.22774;0.882014;-0.3973;-0.9177;0.006;1.585315;4.862756;-1.422858;-0.3973;-0.9177;0.006;2.408718;5.592802;0.818227;0.5419;0.7199;-0.4336;2.713952;4.955546;0.141634;0.5419;0.7199;-0.4336;1.585315;4.862756;-1.422858;0.5419;0.7199;-0.4336;1.11016;5.580537;1.156021;-0.0029;0.9997;0.0252;2.408718;5.592802;0.818227;-0.0029;0.9997;0.0252;1.419954;5.630729;-0.796129;-0.0029;0.9997;0.0252;0.777036;5.22774;0.882014;-0.7996;0.5147;0.3094;1.11016;5.580537;1.156021;-0.7996;0.5147;0.3094;0.661621;5.694409;-0.192537;-0.7996;0.5147;0.3094;1.585315;4.862756;-1.422858;-0.5209;-0.8523;-0.0477;0.777036;5.22774;0.882014;-0.5209;-0.8523;-0.0477;0.869007;5.288282;-1.204233;-0.5209;-0.8523;-0.0477;2.408718;5.592802;0.818227;0.7357;0.5162;-0.4385;1.585315;4.862756;-1.422858;0.7357;0.5162;-0.4385;1.419954;5.630729;-0.796129;0.7357;0.5162;-0.4385;1.11016;5.580537;1.156021;0.1186;0.992;0.0443;1.419954;5.630729;-0.796129;0.1186;0.992;0.0443;0.661621;5.694409;-0.192537;0.1186;0.992;0.0443;0.777036;5.22774;0.882014;-0.9355;-0.3497;-0.0514;0.661621;5.694409;-0.192537;-0.9355;-0.3497;-0.0514;0.869007;5.288282;-1.204233;-0.9355;-0.3497;-0.0514;1.419954;5.630729;-0.796129;0.1542;0.6444;-0.749;1.585315;4.862756;-1.422858;0.1542;0.6444;-0.749;0.869007;5.288282;-1.204233;0.1542;0.6444;-0.749;0.661621;5.694409;-0.192537;-0.2478;0.8804;-0.4042;1.419954;5.630729;-0.796129;-0.2478;0.8804;-0.4042;0.869007;5.288282;-1.204233;-0.2478;0.8804;-0.4042;-1.091557;6.632161;-0.901757;-0.8133;0.5325;-0.2343;-0.952641;6.877832;-0.825599;-0.8133;0.5325;-0.2343;-0.751553;6.65824;-2.02261;-0.8133;0.5325;-0.2343;-0.952641;6.877832;-0.825599;-0.736;0.6331;-0.2398;-0.272592;7.298235;-1.802928;-0.736;0.6331;-0.2398;-0.751553;6.65824;-2.02261;-0.736;0.6331;-0.2398;-0.272592;7.298235;-1.802928;-0.1287;0.4067;-0.9044;0.460869;6.829363;-2.118114;-0.1287;0.4067;-0.9044;-0.751553;6.65824;-2.02261;-0.1287;0.4067;-0.9044;-0.174073;6.853942;-0.277053;-0.5731;0.0709;0.8164;-0.952641;6.877832;-0.825599;-0.5731;0.0709;0.8164;-1.091557;6.632161;-0.901757;-0.5731;0.0709;0.8164;0.668409;7.195113;-1.252836;0.3451;0.8319;-0.4344;0.460869;6.829363;-2.118114;0.3451;0.8319;-0.4344;-0.272592;7.298235;-1.802928;0.3451;0.8319;-0.4344;-0.751553;6.65824;-2.02261;0.2086;-0.9772;0.0405;-0.174073;6.853942;-0.277053;0.2086;-0.9772;0.0405;-1.091557;6.632161;-0.901757;0.2086;-0.9772;0.0405;-0.213042;7.25477;-0.858737;0.0855;0.9955;0.0404;0.668409;7.195113;-1.252836;0.0855;0.9955;0.0404;-0.272592;7.298235;-1.802928;0.0855;0.9955;0.0404;-0.213042;7.25477;-0.858737;-0.4505;0.8901;0.0694;-0.272592;7.298235;-1.802928;-0.4505;0.8901;0.0694;-0.952641;6.877832;-0.825599;-0.4505;0.8901;0.0694;0.89248;6.548668;-1.65312;0.0718;-0.823;-0.5634;-0.751553;6.65824;-2.02261;0.0718;-0.823;-0.5634;0.460869;6.829363;-2.118114;0.0718;-0.823;-0.5634;-0.174073;6.853942;-0.277053;-0.3611;0.7564;0.5454;-0.213042;7.25477;-0.858737;-0.3611;0.7564;0.5454;-0.952641;6.877832;-0.825599;-0.3611;0.7564;0.5454;0.668409;7.195113;-1.252836;0.7617;0.5108;-0.3986;0.89248;6.548668;-1.65312;0.7617;0.5108;-0.3986;0.460869;6.829363;-2.118114;0.7617;0.5108;-0.3986;-0.174073;6.853942;-0.277053;0.2907;0.7969;0.5296;0.668409;7.195113;-1.252836;0.2907;0.7969;0.5296;-0.213042;7.25477;-0.858737;0.2907;0.7969;0.5296;0.89248;6.548668;-1.65312;-0.0977;-0.9849;0.1428;-0.174073;6.853942;-0.277053;-0.0977;-0.9849;0.1428;-0.751553;6.65824;-2.02261;-0.0977;-0.9849;0.1428;-0.174073;6.853942;-0.277053;0.7718;-0.1193;0.6246;0.89248;6.548668;-1.65312;0.7718;-0.1193;0.6246;0.668409;7.195113;-1.252836;0.7718;-0.1193;0.6246;-2.3E-5;8.106012;-1.402186;0.3222;0.4984;-0.8048;-0.16052;8.57143;-1.178222;0.3222;0.4984;-0.8048;1.881028;8.37804;-0.480595;0.3222;0.4984;-0.8048;-0.16052;8.57143;-1.178222;0.2974;0.6637;-0.6863;1.481257;9.25017;0.189557;0.2974;0.6637;-0.6863;1.881028;8.37804;-0.480595;0.2974;0.6637;-0.6863;1.481257;9.25017;0.189557;0.9317;0.3486;0.1021;1.604517;8.638674;1.153244;0.9317;0.3486;0.1021;1.881028;8.37804;-0.480595;0.9317;0.3486;0.1021;-1.287979;8.480809;0.150306;-0.7632;0.0469;-0.6445;-0.16052;8.57143;-1.178222;-0.7632;0.0469;-0.6445;-2.3E-5;8.106012;-1.402186;-0.7632;0.0469;-0.6445;0.308463;9.083078;1.801567;0.4769;0.7685;0.4266;1.604517;8.638674;1.153244;0.4769;0.7685;0.4266;1.481257;9.25017;0.189557;0.4769;0.7685;0.4266;1.881028;8.37804;-0.480595;0.0181;-0.9684;0.2488;-1.287979;8.480809;0.150306;0.0181;-0.9684;0.2488;-2.3E-5;8.106012;-1.402186;0.0181;-0.9684;0.2488;-0.226402;9.186333;0.159752;-0.0386;0.9964;0.0752;0.308463;9.083078;1.801567;-0.0386;0.9964;0.0752;1.481257;9.25017;0.189557;-0.0386;0.9964;0.0752;-0.226402;9.186333;0.159752;-0.0266;0.9078;-0.4185;1.481257;9.25017;0.189557;-0.0266;0.9078;-0.4185;-0.16052;8.57143;-1.178222;-0.0266;0.9078;-0.4185;0.609636;8.203061;1.81793;0.5104;-0.8316;0.219;1.881028;8.37804;-0.480595;0.5104;-0.8316;0.219;1.604517;8.638674;1.153244;0.5104;-0.8316;0.219;-1.287979;8.480809;0.150306;-0.5097;0.772;-0.3799;-0.226402;9.186333;0.159752;-0.5097;0.772;-0.3799;-0.16052;8.57143;-1.178222;-0.5097;0.772;-0.3799;0.308463;9.083078;1.801567;0.4894;0.1833;0.8526;0.609636;8.203061;1.81793;0.4894;0.1833;0.8526;1.604517;8.638674;1.153244;0.4894;0.1833;0.8526;-1.287979;8.480809;0.150306;-0.5405;0.8102;0.227;0.308463;9.083078;1.801567;-0.5405;0.8102;0.227;-0.226402;9.186333;0.159752;-0.5405;0.8102;0.227;0.609636;8.203061;1.81793;-0.0531;-0.9931;-0.105;-1.287979;8.480809;0.150306;-0.0531;-0.9931;-0.105;1.881028;8.37804;-0.480595;-0.0531;-0.9931;-0.105;-1.287979;8.480809;0.150306;-0.6624;-0.2133;0.7182;0.609636;8.203061;1.81793;-0.6624;-0.2133;0.7182;0.308463;9.083078;1.801567;-0.6624;-0.2133;0.7182;0.185006;6.3416;0.902448;0.423;0.5071;-0.751;0.082151;6.587726;1.010704;0.423;0.5071;-0.751;1.077869;6.322302;1.392287;0.423;0.5071;-0.751;0.082151;6.587726;1.010704;0.4216;0.5818;-0.6956;0.778099;6.779789;1.593211;0.4216;0.5818;-0.6956;1.077869;6.322302;1.392287;0.4216;0.5818;-0.6956;0.778099;6.779789;1.593211;0.8332;0.5528;-0.0155;0.880833;6.643374;2.251185;0.8332;0.5528;-0.0155;1.077869;6.322302;1.392287;0.8332;0.5528;-0.0155;-0.750904;6.347772;1.400378;-0.4602;0.1892;-0.8674;0.082151;6.587726;1.010704;-0.4602;0.1892;-0.8674;0.185006;6.3416;0.902448;-0.4602;0.1892;-0.8674;0.040574;6.655842;2.417158;0.053;0.9794;0.1948;0.880833;6.643374;2.251185;0.053;0.9794;0.1948;0.778099;6.779789;1.593211;0.053;0.9794;0.1948;1.077869;6.322302;1.392287;-0.014;-0.9998;-0.0139;-0.750904;6.347772;1.400378;-0.014;-0.9998;-0.0139;0.185006;6.3416;0.902448;-0.014;-0.9998;-0.0139;-0.162731;6.73899;1.454641;-0.0575;0.9935;0.098;0.040574;6.655842;2.417158;-0.0575;0.9935;0.098;0.778099;6.779789;1.593211;-0.0575;0.9935;0.098;-0.162731;6.73899;1.454641;0.006;0.9475;-0.3196;0.778099;6.779789;1.593211;0.006;0.9475;-0.3196;0.082151;6.587726;1.010704;0.006;0.9475;-0.3196;-0.019244;6.321065;2.686431;0.4747;-0.7832;0.4017;1.077869;6.322302;1.392287;0.4747;-0.7832;0.4017;0.880833;6.643374;2.251185;0.4747;-0.7832;0.4017;-0.750904;6.347772;1.400378;-0.4474;0.7418;-0.4995;-0.162731;6.73899;1.454641;-0.4474;0.7418;-0.4995;0.082151;6.587726;1.010704;-0.4474;0.7418;-0.4995;0.040574;6.655842;2.417158;0.1635;0.6004;0.7828;-0.019244;6.321065;2.686431;0.1635;0.6004;0.7828;0.880833;6.643374;2.251185;0.1635;0.6004;0.7828;-0.750904;6.347772;1.400378;-0.5559;0.8098;0.1874;0.040574;6.655842;2.417158;-0.5559;0.8098;0.1874;-0.162731;6.73899;1.454641;-0.5559;0.8098;0.1874;-0.019244;6.321065;2.686431;-0.014;-0.9998;-0.0128;-0.750904;6.347772;1.400378;-0.014;-0.9998;-0.0128;1.077869;6.322302;1.392287;-0.014;-0.9998;-0.0128;-0.750904;6.347772;1.400378;-0.7542;0.4881;0.4392;-0.019244;6.321065;2.686431;-0.7542;0.4881;0.4392;0.040574;6.655842;2.417158;-0.7542;0.4881;0.4392;-1.345309;3.964434;3.038444;0.2695;0.0101;0.9629;-0.376409;4.46067;2.762074;0.2695;0.0101;0.9629;-0.543474;4.795908;2.805334;0.2695;0.0101;0.9629;-0.376409;4.46067;2.762074;0.4707;-0.8795;0.071;-1.345309;3.964434;3.038444;0.4707;-0.8795;0.071;-0.383149;4.330979;1.19965;0.4707;-0.8795;0.071;-1.345309;3.964434;3.038444;-0.2359;0.4665;0.8525;-0.543474;4.795908;2.805334;-0.2359;0.4665;0.8525;-1.88544;4.784506;2.440166;-0.2359;0.4665;0.8525;-1.345309;3.964434;3.038444;-0.68;0.0836;0.7284;-1.88544;4.784506;2.440166;-0.68;0.0836;0.7284;-2.682976;4.446368;1.73446;-0.68;0.0836;0.7284;-1.345309;3.964434;3.038444;-0.1058;-0.9631;-0.2474;-2.682976;4.446368;1.73446;-0.1058;-0.9631;-0.2474;-0.383149;4.330979;1.19965;-0.1058;-0.9631;-0.2474;-0.543474;4.795908;2.805334;0.8921;0.4499;-0.0412;-0.376409;4.46067;2.762074;0.8921;0.4499;-0.0412;-0.383149;4.330979;1.19965;0.8921;0.4499;-0.0412;-1.88544;4.784506;2.440166;-0.0164;0.9994;0.0292;-0.543474;4.795908;2.805334;-0.0164;0.9994;0.0292;-0.617869;4.837773;1.328204;-0.0164;0.9994;0.0292;-2.682976;4.446368;1.73446;-0.4076;0.9129;0.0232;-1.88544;4.784506;2.440166;-0.4076;0.9129;0.0232;-1.855322;4.8309;1.145166;-0.4076;0.9129;0.0232;-0.383149;4.330979;1.19965;-0.0576;-0.9978;-0.0322;-2.682976;4.446368;1.73446;-0.0576;-0.9978;-0.0322;-1.244972;4.400327;0.591604;-0.0576;-0.9978;-0.0322;-0.543474;4.795908;2.805334;0.9036;0.427;-0.0334;-0.383149;4.330979;1.19965;0.9036;0.427;-0.0334;-0.617869;4.837773;1.328204;0.9036;0.427;-0.0334;-1.88544;4.784506;2.440166;-0.0108;0.9993;0.0355;-0.617869;4.837773;1.328204;-0.0108;0.9993;0.0355;-1.855322;4.8309;1.145166;-0.0108;0.9993;0.0355;-2.682976;4.446368;1.73446;-0.6144;0.1297;-0.7783;-1.855322;4.8309;1.145166;-0.6144;0.1297;-0.7783;-1.244972;4.400327;0.591604;-0.6144;0.1297;-0.7783;-0.617869;4.837773;1.328204;0.5425;0.4337;-0.7194;-0.383149;4.330979;1.19965;0.5425;0.4337;-0.7194;-1.244972;4.400327;0.591604;0.5425;0.4337;-0.7194;-1.855322;4.8309;1.145166;0.0778;0.8267;-0.5572;-0.617869;4.837773;1.328204;0.0778;0.8267;-0.5572;-1.244972;4.400327;0.591604;0.0778;0.8267;-0.5572
117;0.1972614;0.16053377;0.11653531;0.02
-0.195267;-0.053055;-0.113539;-0.9348;-0.0565;0.3507;-0.206805;2.724158;0.303194;-0.9348;-0.0565;0.3507;-0.320523;3.106153;0.061614;-0.9348;-0.0565;0.3507;0.034006;3.108446;0.187295;0.4623;-0.0224;0.8864;-0.176066;7.236158;0.401034;0.4623;-0.0224;0.8864;-0.206805;2.724158;0.303194;0.4623;-0.0224;0.8864;-0.195267;-0.053055;-0.113539;-0.2721;0.0324;-0.9617;-0.082176;2.728406;-0.051776;-0.2721;0.0324;-0.9617;0.110233;-0.019262;-0.198823;-0.2721;0.0324;-0.9617;-0.107829;-0.016379;0.193391;0.4581;-0.0191;0.8887;0.034006;3.108446;0.187295;0.4581;-0.0191;0.8887;-0.206805;2.724158;0.303194;0.4581;-0.0191;0.8887;0.196036;-0.0546;0.106297;0.8593;0.057;-0.5083;-0.082176;2.728406;-0.051776;0.8593;0.057;-0.5083;0.034006;3.108446;0.187295;0.8593;0.057;-0.5083;-0.176066;7.236158;0.401034;0.5597;0.0526;0.827;0.098625;7.019882;0.228877;0.5597;0.0526;0.827;-0.08566;8.959076;0.230202;0.5597;0.0526;0.827;0.034006;3.108446;0.187295;0.9058;-0.0105;-0.4236;-0.082176;2.728406;-0.051776;0.9058;-0.0105;-0.4236;0.098625;7.019882;0.228877;0.9058;-0.0105;-0.4236;-0.320523;3.106153;0.061614;-0.9961;0.028;0.0834;-0.176066;7.236158;0.401034;-0.9961;0.028;0.0834;-0.201066;7.234595;0.103141;-0.9961;0.028;0.0834;-0.320523;3.106153;0.061614;-0.3284;0.0754;-0.9415;0.098625;7.019882;0.228877;-0.3284;0.0754;-0.9415;-0.082176;2.728406;-0.051776;-0.3284;0.0754;-0.9415;-0.201066;7.234595;0.103141;-0.9947;0.0604;0.0832;-0.176066;7.236158;0.401034;-0.9947;0.0604;0.0832;-0.08566;8.959076;0.230202;-0.9947;0.0604;0.0832;0.098625;7.019882;0.228877;0.4106;0.0396;-0.911;-0.201066;7.234595;0.103141;0.4106;0.0396;-0.911;-0.08566;8.959076;0.230202;0.4106;0.0396;-0.911;-0.195267;-0.053055;-0.113539;-0.9593;-0.0458;0.2788;-0.107829;-0.016379;0.193391;-0.9593;-0.0458;0.2788;-0.206805;2.724158;0.303194;-0.9593;-0.0458;0.2788;0.034006;3.108446;0.187295;0.5209;-0.0177;0.8534;0.098625;7.019882;0.228877;0.5209;-0.0177;0.8534;-0.176066;7.236158;0.401034;0.5209;-0.0177;0.8534;-0.195267;-0.053055;-0.113539;-0.3822;0.036;-0.9234;-0.320523;3.106153;0.061614;-0.3822;0.036;-0.9234;-0.082176;2.728406;-0.051776;-0.3822;0.036;-0.9234;-0.107829;-0.016379;0.193391;0.2743;-0.0106;0.9616;0.196036;-0.0546;0.106297;0.2743;-0.0106;0.9616;0.034006;3.108446;0.187295;0.2743;-0.0106;0.9616;0.196036;-0.0546;0.106297;0.9619;0.0813;-0.2611;0.110233;-0.019262;-0.198823;0.9619;0.0813;-0.2611;-0.082176;2.728406;-0.051776;0.9619;0.0813;-0.2611;-0.320523;3.106153;0.061614;-0.9066;-0.003;0.422;-0.206805;2.724158;0.303194;-0.9066;-0.003;0.422;-0.176066;7.236158;0.401034;-0.9066;-0.003;0.422;-0.320523;3.106153;0.061614;0.3857;-0.0019;-0.9226;-0.201066;7.234595;0.103141;0.3857;-0.0019;-0.9226;0.098625;7.019882;0.228877;0.3857;-0.0019;-0.9226;-0.624504;3.672129;0.981112;0.7987;0.4876;0.3527;-0.661914;3.832259;0.844453;0.7987;0.4876;0.3527;-1.642943;4.6071;1.994796;0.7987;0.4876;0.3527;-0.661914;3.832259;0.844453;0.7421;0.4176;0.5243;-0.043849;3.532323;0.208617;0.7421;0.4176;0.5243;-0.117386;3.755777;0.134722;0.7421;0.4176;0.5243;-0.769833;3.648597;0.826054;-0.3316;-0.8357;0.4377;-0.624504;3.672129;0.981112;-0.3316;-0.8357;0.4377;-1.642943;4.6071;1.994796;-0.3316;-0.8357;0.4377;-0.043849;3.532323;0.208617;-0.0486;-0.9904;0.1293;-0.769833;3.648597;0.826054;-0.0486;-0.9904;0.1293;-0.264503;3.532323;0.12564;-0.0486;-0.9904;0.1293;-0.661914;3.832259;0.844453;-0.5493;0.3965;-0.7355;-0.769833;3.648597;0.826054;-0.5493;0.3965;-0.7355;-1.642943;4.6071;1.994796;-0.5493;0.3965;-0.7355;-0.264503;3.532323;0.12564;-0.676;0.4682;-0.5691;-0.661914;3.832259;0.844453;-0.676;0.4682;-0.5691;-0.117386;3.755777;0.134722;-0.676;0.4682;-0.5691;-0.186968;4.629838;0.171621;0.389;-0.6728;-0.6293;1.697804;5.501753;0.404482;0.389;-0.6728;-0.6293;-0.152811;4.505648;0.325495;0.389;-0.6728;-0.6293;-0.152811;4.505648;0.325495;-0.1255;0.1555;0.9798;1.697804;5.501753;0.404482;-0.1255;0.1555;0.9798;-0.185758;4.75403;0.281849;-0.1255;0.1555;0.9798;-0.185758;4.75403;0.281849;-0.2105;0.6501;-0.7301;1.697804;5.501753;0.404482;-0.2105;0.6501;-0.7301;-0.186968;4.629838;0.171621;-0.2105;0.6501;-0.7301;0.025131;6.027983;0.21695;0.5303;0.7697;0.3556;-0.442604;7.155714;-1.526454;0.5303;0.7697;0.3556;-0.145901;6.104679;0.305989;0.5303;0.7697;0.3556;-0.145901;6.104679;0.305989;-0.9893;-0.0309;0.1425;-0.442604;7.155714;-1.526454;-0.9893;-0.0309;0.1425;-0.161124;5.951288;0.167057;-0.9893;-0.0309;0.1425;-0.161124;5.951288;0.167057;0.4388;-0.6962;-0.5681;-0.442604;7.155714;-1.526454;0.4388;-0.6962;-0.5681;0.025131;6.027983;0.21695;0.4388;-0.6962;-0.5681;-0.178566;7.087294;0.367279;-0.7173;0.4327;0.5461;1.163944;8.796461;0.776617;-0.7173;0.4327;0.5461;-0.17221;7.274766;0.227091;-0.7173;0.4327;0.5461;-0.17221;7.274766;0.227091;0.0847;0.2718;-0.9586;1.163944;8.796461;0.776617;0.0847;0.2718;-0.9586;-0.026944;7.095084;0.188984;0.0847;0.2718;-0.9586;-0.026944;7.095084;0.188984;0.6189;-0.6059;0.4999;1.163944;8.796461;0.776617;0.6189;-0.6059;0.4999;-0.178566;7.087294;0.367279;0.6189;-0.6059;0.4999;-0.21836;5.531106;0.235934;-0.514;0.8042;-0.2984;0.584178;6.658835;1.892715;-0.514;0.8042;-0.2984;-0.007572;5.639263;0.164347;-0.514;0.8042;-0.2984;-0.007572;5.639263;0.164347;0.9028;0.1556;-0.4009;0.584178;6.658835;1.892715;0.9028;0.1556;-0.4009;0.053106;5.422948;0.217056;0.9028;0.1556;-0.4009;0.053106;5.422948;0.217056;-0.2511;-0.7393;0.6248;0.584178;6.658835;1.892715;-0.2511;-0.7393;0.6248;-0.21836;5.531106;0.235934;-0.2511;-0.7393;0.6248;-0.661914;3.832259;0.844453;0.7157;0.5425;0.4398;-0.624504;3.672129;0.981112;0.7157;0.5425;0.4398;-0.043849;3.532323;0.208617;0.7157;0.5425;0.4398;-0.043849;3.532323;0.208617;-0.0171;-0.986;0.1656;-0.624504;3.672129;0.981112;-0.0171;-0.986;0.1656;-0.769833;3.648597;0.826054;-0.0171;-0.986;0.1656;-0.264503;3.532323;0.12564;-0.683;0.4583;-0.5688;-0.769833;3.648597;0.826054;-0.683;0.4583;-0.5688;-0.661914;3.832259;0.844453;-0.683;0.4583;-0.5688
-3.896311;-0.314629;-4.659132;4.063459;13.796173;4.589468;1.5;0;extraBounds;4;-1.465538;9.72271;-2.559607;2.315651;13.712074;3.199216;-3.549171;6.61919;-2.077523;3.83919;9.069944;4.252209;-2.133079;4.315298;-4.481572;2.659339;6.423563;-0.194612;-0.416469;-0.028889;-0.216921;0.224369;12.89798;0.449079
441;2
288;0.3080002;0.38352126;0.21617194;0.02
-0.698115;4.515641;-1.750512;-0.4855;-0.5264;0.698;-1.243844;5.685189;-1.248137;-0.4855;-0.5264;0.698;-1.978219;5.57956;-1.838518;-0.4855;-0.5264;0.698;-1.243844;5.685189;-1.248137;0.3779;-0.2109;0.9015;-0.698115;4.515641;-1.750512;0.3779;-0.2109;0.9015;2.995924;4.957312;-3.195909;0.3779;-0.2109;0.9015;-0.698115;4.515641;-1.750512;-0.4124;-0.4298;0.8032;-1.978219;5.57956;-1.838518;-0.4124;-0.4298;0.8032;-2.530873;4.73572;-2.573867;-0.4124;-0.4298;0.8032;-0.698115;4.515641;-1.750512;-0.1713;-0.9779;0.1199;-2.530873;4.73572;-2.573867;-0.1713;-0.9779;0.1199;-1.043429;4.279801;-4.166708;-0.1713;-0.9779;0.1199;-0.698115;4.515641;-1.750512;0.1473;-0.9862;0.0752;-1.043429;4.279801;-4.166708;0.1473;-0.9862;0.0752;2.995924;4.957312;-3.195909;0.1473;-0.9862;0.0752;-1.978219;5.57956;-1.838518;-0.1769;0.9832;0.0441;-1.243844;5.685189;-1.248137;-0.1769;0.9832;0.0441;1.63286;6.239979;-2.079326;-0.1769;0.9832;0.0441;-2.530873;4.73572;-2.573867;-0.5154;0.7295;-0.4497;-1.978219;5.57956;-1.838518;-0.5154;0.7295;-0.4497;0.434679;6.680745;-2.817957;-0.5154;0.7295;-0.4497;-1.043429;4.279801;-4.166708;-0.5716;0.4744;-0.6695;-2.530873;4.73572;-2.573867;-0.5716;0.4744;-0.6695;0.187685;5.068165;-4.659132;-0.5716;0.4744;-0.6695;2.995924;4.957312;-3.195909;0.1419;-0.9851;0.0972;-1.043429;4.279801;-4.166708;0.1419;-0.9851;0.0972;1.964139;4.676687;-4.533752;0.1419;-0.9851;0.0972;-1.243844;5.685189;-1.248137;0.3248;-0.4006;0.8567;2.995924;4.957312;-3.195909;0.3248;-0.4006;0.8567;1.63286;6.239979;-2.079326;0.3248;-0.4006;0.8567;-1.978219;5.57956;-1.838518;-0.1;0.7746;0.6245;1.63286;6.239979;-2.079326;-0.1;0.7746;0.6245;0.434679;6.680745;-2.817957;-0.1;0.7746;0.6245;-2.530873;4.73572;-2.573867;-0.4938;0.6859;-0.5345;0.434679;6.680745;-2.817957;-0.4938;0.6859;-0.5345;0.187685;5.068165;-4.659132;-0.4938;0.6859;-0.5345;-1.043429;4.279801;-4.166708;-0.0437;-0.4792;-0.8766;0.187685;5.068165;-4.659132;-0.0437;-0.4792;-0.8766;1.964139;4.676687;-4.533752;-0.0437;-0.4792;-0.8766;1.63286;6.239979;-2.079326;0.7204;0.6878;0.0893;2.995924;4.957312;-3.195909;0.7204;0.6878;0.0893;2.443394;5.615905;-3.811015;0.7204;0.6878;0.0893;0.434679;6.680745;-2.817957;0.4127;0.9013;-0.1316;1.63286;6.239979;-2.079326;0.4127;0.9013;-0.1316;2.443394;5.615905;-3.811015;0.4127;0.9013;-0.1316;0.187685;5.068165;-4.659132;0.0679;0.746;-0.6625;0.434679;6.680745;-2.817957;0.0679;0.746;-0.6625;2.443394;5.615905;-3.811015;0.0679;0.746;-0.6625;1.964139;4.676687;-4.533752;0.1774;0.5417;-0.8216;0.187685;5.068165;-4.659132;0.1774;0.5417;-0.8216;2.443394;5.615905;-3.811015;0.1774;0.5417;-0.8216;2.995924;4.957312;-3.195909;0.7815;0.0775;-0.619;1.964139;4.676687;-4.533752;0.7815;0.0775;-0.619;2.443394;5.615905;-3.811015;0.7815;0.0775;-0.619;-3.528462;6.686906;0.897362;-0.9143;-0.3896;0.1111;-3.372173;7.077467;3.552673;-0.9143;-0.3896;0.1111;-3.896311;8.049576;2.64854;-0.9143;-0.3896;0.1111;-3.372173;7.077467;3.552673;-0.1891;-0.9698;0.1538;-3.528462;6.686906;0.897362;-0.1891;-0.9698;0.1538;0.260417;6.489896;4.314368;-0.1891;-0.9698;0.1538;-3.528462;6.686906;0.897362;-0.719;0.4672;-0.5146;-3.896311;8.049576;2.64854;-0.719;0.4672;-0.5146;-2.51983;8.065096;0.739497;-0.719;0.4672;-0.5146;-3.528462;6.686906;0.897362;-0.3667;0.1635;-0.9159;-2.51983;8.065096;0.739497;-0.3667;0.1635;-0.9159;-1.16667;7.519226;0.100249;-0.3667;0.1635;-0.9159;-3.528462;6.686906;0.897362;0.2245;-0.9264;-0.3023;-1.16667;7.519226;0.100249;0.2245;-0.9264;-0.3023;0.260417;6.489896;4.314368;0.2245;-0.9264;-0.3023;-3.896311;8.049576;2.64854;-0.6601;0.2889;0.6933;-3.372173;7.077467;3.552673;-0.6601;0.2889;0.6933;-2.15334;7.374221;4.589468;-0.6601;0.2889;0.6933;-2.51983;8.065096;0.739497;-0.0407;0.9989;-0.0213;-3.896311;8.049576;2.64854;-0.0407;0.9989;-0.0213;-2.367816;8.123026;3.171273;-0.0407;0.9989;-0.0213;-1.16667;7.519226;0.100249;0.1039;0.8542;-0.5095;-2.51983;8.065096;0.739497;0.1039;0.8542;-0.5095;-0.251406;8.153166;1.349802;0.1039;0.8542;-0.5095;0.260417;6.489896;4.314368;0.2897;-0.9025;-0.3186;-1.16667;7.519226;0.100249;0.2897;-0.9025;-0.3186;0.846834;7.241163;2.719311;0.2897;-0.9025;-0.3186;-3.372173;7.077467;3.552673;-0.2414;-0.8202;0.5186;0.260417;6.489896;4.314368;-0.2414;-0.8202;0.5186;-2.15334;7.374221;4.589468;-0.2414;-0.8202;0.5186;-3.896311;8.049576;2.64854;-0.2055;0.8523;0.4811;-2.15334;7.374221;4.589468;-0.2055;0.8523;0.4811;-2.367816;8.123026;3.171273;-0.2055;0.8523;0.4811;-2.51983;8.065096;0.739497;-0.0329;0.9992;-0.0217;-2.367816;8.123026;3.171273;-0.0329;0.9992;-0.0217;-0.251406;8.153166;1.349802;-0.0329;0.9992;-0.0217;-1.16667;7.519226;0.100249;0.7943;0.047;-0.6057;-0.251406;8.153166;1.349802;0.7943;0.047;-0.6057;0.846834;7.241163;2.719311;0.7943;0.047;-0.6057;-2.15334;7.374221;4.589468;0.2283;0.3392;0.9126;0.260417;6.489896;4.314368;0.2283;0.3392;0.9126;0.234758;7.566679;3.920524;0.2283;0.3392;0.9126;-2.367816;8.123026;3.171273;0.0572;0.8864;0.4594;-2.15334;7.374221;4.589468;0.0572;0.8864;0.4594;0.234758;7.566679;3.920524;0.0572;0.8864;0.4594;-0.251406;8.153166;1.349802;0.1518;0.9695;0.1925;-2.367816;8.123026;3.171273;0.1518;0.9695;0.1925;0.234758;7.566679;3.920524;0.1518;0.9695;0.1925;0.846834;7.241163;2.719311;0.5796;0.8114;0.0755;-0.251406;8.153166;1.349802;0.5796;0.8114;0.0755;0.234758;7.566679;3.920524;0.5796;0.8114;0.0755;0.260417;6.489896;4.314368;0.8958;0.1713;0.41;0.846834;7.241163;2.719311;0.8958;0.1713;0.41;0.234758;7.566679;3.920524;0.8958;0.1713;0.41;2.769065;7.602272;1.85665;0.8309;-0.3896;0.3973;4.063459;7.992832;-0.467063;0.8309;-0.3896;0.3973;4.019943;8.964943;0.577103;0.8309;-0.3896;0.3973;4.063459;7.992832;-0.467063;0.2361;-0.9712;-0.0317;2.769065;7.602272;1.85665;0.2361;-0.9712;-0.0317;1.408474;7.405262;-2.23276;0.2361;-0.9712;-0.0317;2.769065;7.602272;1.85665;0.33;0.4672;0.8202;4.019943;8.964943;0.577103;0.33;0.4672;0.8202;1.833487;8.980461;1.448052;0.33;0.4672;0.8202;2.769065;7.602272;1.85665;-0.2343;0.1267;0.9639;1.833487;8.980461;1.448052;-0.2343;0.1267;0.9639;0.766705;8.434591;1.26045;-0.2343;0.1267;0.9639;2.769065;7.602272;1.85665;-0.4234;-0.8871;0.1836;0.766705;8.434591;1.26045;-0.4234;-0.8871;0.1836;1.408474;7.405262;-2.23276;-0.4234;-0.8871;0.1836;4.019943;8.964943;0.577103;0.9292;0.2889;-0.2303;4.063459;7.992832;-0.467063;0.9292;0.2889;-0.2303;3.592254;8.289587;-1.996267;0.9292;0.2889;-0.2303;1.833487;8.980461;1.448052;0.0229;0.9989;0.0398;4.019943;8.964943;0.577103;0.0229;0.9989;0.0398;3.011422;9.038391;-0.684814;0.0229;0.9989;0.0398;0.766705;8.434591;1.26045;-0.4744;0.8032;0.3604;1.833487;8.980461;1.448052;-0.4744;0.8032;0.3604;0.665837;9.068531;-0.285163;-0.4744;0.8032;0.3604;1.408474;7.405262;-2.23276;-0.6065;-0.7859;0.1202;0.766705;8.434591;1.26045;-0.6065;-0.7859;0.1202;0.47506;8.156527;-2.030238;-0.6065;-0.7859;0.1202;4.063459;7.992832;-0.467063;0.3861;-0.8761;-0.289;1.408474;7.405262;-2.23276;0.3861;-0.8761;-0.289;3.592254;8.289587;-1.996267;0.3861;-0.8761;-0.289;4.019943;8.964943;0.577103;0.4317;0.8523;-0.2954;3.592254;8.289587;-1.996267;0.4317;0.8523;-0.2954;3.011422;9.038391;-0.684814;0.4317;0.8523;-0.2954;1.833487;8.980461;1.448052;0.0193;0.9991;0.0378;3.011422;9.038391;-0.684814;0.0193;0.9991;0.0378;0.665837;9.068531;-0.285163;0.0193;0.9991;0.0378;0.766705;8.434591;1.26045;-0.9953;0.047;0.0842;0.665837;9.068531;-0.285163;-0.9953;0.047;0.0842;0.47506;8.156527;-2.030238;-0.9953;0.047;0.0842;3.592254;8.289587;-1.996267;-0.0348;0.3374;-0.9407;1.408474;7.405262;-2.23276;-0.0348;0.3374;-0.9407;1.475057;8.482044;-1.848993;-0.0348;0.3374;-0.9407;3.011422;9.038391;-0.684814;0.0463;0.8762;-0.4798;3.592254;8.289587;-1.996267;0.0463;0.8762;-0.4798;1.475057;8.482044;-1.848993;0.0463;0.8762;-0.4798;0.665837;9.068531;-0.285163;-0.0518;0.9259;-0.3741;3.011422;9.038391;-0.684814;-0.0518;0.9259;-0.3741;1.475057;8.482044;-1.848993;-0.0518;0.9259;-0.3741;0.47506;8.156527;-2.030238;-0.2063;0.8763;-0.4354;0.665837;9.068531;-0.285163;-0.2063;0.8763;-0.4354;1.475057;8.482044;-1.848993;-0.2063;0.8763;-0.4354;1.408474;7.405262;-2.23276;0.0627;0.3316;-0.9413;0.47506;8.156527;-2.030238;0.0627;0.3316;-0.9413;1.475057;8.482044;-1.848993;0.0627;0.3316;-0.9413;-1.53252;10.198942;-1.111935;-0.8983;0.3661;-0.243;-1.353341;10.724241;-0.982853;-0.8983;0.3661;-0.243;-1.075658;10.268438;-2.696144;-0.8983;0.3661;-0.243;-1.353341;10.724241;-0.982853;-0.7641;0.5818;-0.2786;-0.388921;11.320124;-2.383285;-0.7641;0.5818;-0.2786;-1.075658;10.268438;-2.696144;-0.7641;0.5818;-0.2786;-0.388921;11.320124;-2.383285;-0.1544;0.373;-0.9149;0.661248;10.566565;-2.867697;-0.1544;0.373;-0.9149;-1.075658;10.268438;-2.696144;-0.1544;0.373;-0.9149;-0.202786;10.556219;-0.172233;-0.5764;-0.0042;0.8172;-1.353341;10.724241;-0.982853;-0.5764;-0.0042;0.8172;-1.53252;10.198942;-1.111935;-0.5764;-0.0042;0.8172;0.989677;11.147257;-1.554261;0.3732;0.8104;-0.4516;0.661248;10.566565;-2.867697;0.3732;0.8104;-0.4516;-0.388921;11.320124;-2.383285;0.3732;0.8104;-0.4516;-1.075658;10.268438;-2.696144;0.2415;-0.97;0.0271;-0.202786;10.556219;-0.172233;0.2415;-0.97;0.0271;-1.53252;10.198942;-1.111935;0.2415;-0.97;0.0271;-0.286872;11.279467;-1.025862;0.1117;0.9935;0.0214;0.989677;11.147257;-1.554261;0.1117;0.9935;0.0214;-0.388921;11.320124;-2.383285;0.1117;0.9935;0.0214;-0.286872;11.279467;-1.025862;-0.459;0.8863;0.0611;-0.388921;11.320124;-2.383285;-0.459;0.8863;0.0611;-1.353341;10.724241;-0.982853;-0.459;0.8863;0.0611;1.286471;10.096632;-2.127587;0.0813;-0.8089;-0.5823;-1.075658;10.268438;-2.696144;0.0813;-0.8089;-0.5823;0.661248;10.566565;-2.867697;0.0813;-0.8089;-0.5823;-0.202786;10.556219;-0.172233;-0.3396;0.7009;0.6273;-0.286872;11.279467;-1.025862;-0.3396;0.7009;0.6273;-1.353341;10.724241;-0.982853;-0.3396;0.7009;0.6273;0.989677;11.147257;-1.554261;0.8035;0.4436;-0.397;1.286471;10.096632;-2.127587;0.8035;0.4436;-0.397;0.661248;10.566565;-2.867697;0.8035;0.4436;-0.397;-0.202786;10.556219;-0.172233;0.322;0.7377;0.5933;0.989677;11.147257;-1.554261;0.322;0.7377;0.5933;-0.286872;11.279467;-1.025862;0.322;0.7377;0.5933;1.286471;10.096632;-2.127587;-0.1074;-0.983;0.1492;-0.202786;10.556219;-0.172233;-0.1074;-0.983;0.1492;-1.075658;10.268438;-2.696144;-0.1074;-0.983;0.1492;-0.202786;10.556219;-0.172233;0.7763;-0.1186;0.6191;1.286471;10.096632;-2.127587;0.7763;-0.1186;0.6191;0.989677;11.147257;-1.554261;0.7763;-0.1186;0.6191;-0.015229;12.070236;-1.927721;0.3438;0.4041;-0.8476;-0.262391;12.878878;-1.642438;0.3438;0.4041;-0.8476;2.530538;12.463839;-0.707519;0.3438;0.4041;-0.8476;-0.262391;12.878878;-1.642438;0.3296;0.6262;-0.7066;1.974133;13.796173;0.213652;0.3296;0.6262;-0.7066;2.530538;12.463839;-0.707519;0.3296;0.6262;-0.7066;1.974133;13.796173;0.213652;0.9386;0.3349;0.0825;2.193086;12.850861;1.559983;0.9386;0.3349;0.0825;2.530538;12.463839;-0.707519;0.9386;0.3349;0.0825;-1.818422;12.620226;0.192228;-0.7623;-0.0047;-0.6472;-0.262391;12.878878;-1.642438;-0.7623;-0.0047;-0.6472;-0.015229;12.070236;-1.927721;-0.7623;-0.0047;-0.6472;0.35188;13.530067;2.433722;0.4885;0.7495;0.4468;2.193086;12.850861;1.559983;0.4885;0.7495;0.4468;1.974133;13.796173;0.213652;0.4885;0.7495;0.4468;2.530538;12.463839;-0.707519;0.0207;-0.9633;0.2675;-1.818422;12.620226;0.192228;0.0207;-0.9633;0.2675;-0.015229;12.070236;-1.927721;0.0207;-0.9633;0.2675;-0.352346;13.733589;0.17969;-0.0282;0.9947;0.0986;0.35188;13.530067;2.433722;-0.0282;0.9947;0.0986;1.974133;13.796173;0.213652;-0.0282;0.9947;0.0986;-0.352346;13.733589;0.17969;-0.0181;0.9049;-0.4253;1.974133;13.796173;0.213652;-0.0181;0.9049;-0.4253;-0.262391;12.878878;-1.642438;-0.0181;0.9049;-0.4253;0.777815;12.181128;2.444188;0.5256;-0.8222;0.2186;2.530538;12.463839;-0.707519;0.5256;-0.8222;0.2186;2.193086;12.850861;1.559983;0.5256;-0.8222;0.2186;-1.818422;12.620226;0.192228;-0.563;0.7372;-0.3736;-0.352346;13.733589;0.17969;-0.563;0.7372;-0.3736;-0.262391;12.878878;-1.642438;-0.563;0.7372;-0.3736;0.35188;13.530067;2.433722;0.4696;0.155;0.8691;0.777815;12.181128;2.444188;0.4696;0.155;0.8691;2.193086;12.850861;1.559983;0.4696;0.155;0.8691;-1.818422;12.620226;0.192228;-0.5839;0.7717;0.2521;0.35188;13.530067;2.433722;-0.5839;0.7717;0.2521;-0.352346;13.733589;0.17969;-0.5839;0.7717;0.2521;0.777815;12.181128;2.444188;-0.061;-0.9906;-0.1228;-1.818422;12.620226;0.192228;-0.061;-0.9906;-0.1228;2.530538;12.463839;-0.707519;-0.061;-0.9906;-0.1228;-1.818422;12.620226;0.192228;-0.661;-0.2031;0.7224;0.777815;12.181128;2.444188;-0.661;-0.2031;0.7224;0.35188;13.530067;2.433722;-0.661;-0.2031;0.7224;0.247205;9.874189;1.048824;0.3314;0.3531;-0.8749;0.085989;10.399488;1.199743;0.3314;0.3531;-0.8749;1.512654;9.640553;1.433912;0.3314;0.3531;-0.8749;0.085989;10.399488;1.199743;0.4235;0.5819;-0.6942;1.07322;10.692236;2.047415;0.4235;0.5819;-0.6942;1.512654;9.640553;1.433912;0.4235;0.5819;-0.6942;1.07322;10.692236;2.047415;0.9114;0.4087;-0.0477;1.257666;10.397234;3.044648;0.9114;0.4087;-0.0477;1.512654;9.640553;1.433912;0.9114;0.4087;-0.0477;-1.132219;9.928333;1.803616;-0.4741;0.1056;-0.8741;0.085989;10.399488;1.199743;-0.4741;0.1056;-0.8741;0.247205;9.874189;1.048824;-0.4741;0.1056;-0.8741;-0.006125;10.519369;3.240238;0.1325;0.9569;0.2586;1.257666;10.397234;3.044648;0.1325;0.9569;0.2586;1.07322;10.692236;2.047415;0.1325;0.9569;0.2586;1.512654;9.640553;1.433912;-0.1297;-0.9774;-0.1669;-1.132219;9.928333;1.803616;-0.1297;-0.9774;-0.1669;0.247205;9.874189;1.048824;-0.1297;-0.9774;-0.1669;-0.278399;10.651579;1.885746;-0.0425;0.9935;0.1055;-0.006125;10.519369;3.240238;-0.0425;0.9935;0.1055;1.07322;10.692236;2.047415;-0.0425;0.9935;0.1055;-0.278399;10.651579;1.885746;0.0123;0.9407;-0.3392;1.07322;10.692236;2.047415;0.0123;0.9407;-0.3392;0.085989;10.399488;1.199743;0.0123;0.9407;-0.3392;-0.076841;9.865837;3.642036;0.494;-0.7543;0.4325;1.512654;9.640553;1.433912;0.494;-0.7543;0.4325;1.257666;10.397234;3.044648;0.494;-0.7543;0.4325;-1.132219;9.928333;1.803616;-0.5205;0.674;-0.5242;-0.278399;10.651579;1.885746;-0.5205;0.674;-0.5242;0.085989;10.399488;1.199743;-0.5205;0.674;-0.5242;-0.006125;10.519369;3.240238;0.1794;0.5011;0.8466;-0.076841;9.865837;3.642036;0.1794;0.5011;0.8466;1.257666;10.397234;3.044648;0.1794;0.5011;0.8466;-1.132219;9.928333;1.803616;-0.6443;0.7377;0.2015;-0.006125;10.519369;3.240238;-0.6443;0.7377;0.2015;-0.278399;10.651579;1.885746;-0.6443;0.7377;0.2015;-0.076841;9.865837;3.642036;-0.1045;-0.9942;0.0262;-1.132219;9.928333;1.803616;-0.1045;-0.9942;0.0262;1.512654;9.640553;1.433912;-0.1045;-0.9942;0.0262;-1.132219;9.928333;1.803616;-0.7981;0.3759;0.4709;-0.076841;9.865837;3.642036;-0.7981;0.3759;0.4709;-0.006125;10.519369;3.240238;-0.7981;0.3759;0.4709
153;0.1972614;0.16053377;0.11653531;0.01
-0.276516;-0.314629;-0.161072;-0.9259;-0.0394;0.3757;-0.273778;5.115376;0.415323;-0.9259;-0.0394;0.3757;-0.436857;5.601183;0.064413;-0.9259;-0.0394;0.3757;0.075666;5.602228;0.24788;0.4568;-0.022;0.8893;-0.237312;10.821445;0.537863;0.4568;-0.022;0.8893;-0.273778;5.115376;0.415323;0.4568;-0.022;0.8893;-0.276516;-0.314629;-0.161072;-0.2687;0.0202;-0.963;-0.092882;5.12452;-0.098165;-0.2687;0.0202;-0.963;0.156724;-0.26882;-0.280987;-0.2687;0.0202;-0.963;-0.152623;-0.269342;0.274783;0.4471;-0.0133;0.8944;0.075666;5.602228;0.24788;0.4471;-0.0133;0.8944;-0.273778;5.115376;0.415323;0.4471;-0.0133;0.8944;0.278311;-0.314488;0.15031;0.8768;0.0379;-0.4794;-0.092882;5.12452;-0.098165;0.8768;0.0379;-0.4794;0.075666;5.602228;0.24788;0.8768;0.0379;-0.4794;-0.237312;10.821445;0.537863;0.5635;0.0592;0.824;0.159088;10.546177;0.286549;0.5635;0.0592;0.824;-0.107946;13.030476;0.290591;0.5635;0.0592;0.824;0.075666;5.602228;0.24788;0.9054;-0.012;-0.4245;-0.092882;5.12452;-0.098165;0.9054;-0.012;-0.4245;0.159088;10.546177;0.286549;0.9054;-0.012;-0.4245;-0.436857;5.601183;0.064413;-0.996;0.0305;0.0836;-0.237312;10.821445;0.537863;-0.996;0.0305;0.0836;-0.273958;10.819334;0.102154;-0.996;0.0305;0.0836;-0.436857;5.601183;0.064413;-0.3306;0.0821;-0.9402;0.159088;10.546177;0.286549;-0.3306;0.0821;-0.9402;-0.092882;5.12452;-0.098165;-0.3306;0.0821;-0.9402;-0.273958;10.819334;0.102154;-0.9942;0.0675;0.0833;-0.237312;10.821445;0.537863;-0.9942;0.0675;0.0833;-0.107946;13.030476;0.290591;-0.9942;0.0675;0.0833;0.159088;10.546177;0.286549;0.4159;0.0462;-0.9083;-0.273958;10.819334;0.102154;0.4159;0.0462;-0.9083;-0.107946;13.030476;0.290591;0.4159;0.0462;-0.9083;-0.276516;-0.314629;-0.161072;-0.9607;-0.0288;0.2761;-0.152623;-0.269342;0.274783;-0.9607;-0.0288;0.2761;-0.273778;5.115376;0.415323;-0.9607;-0.0288;0.2761;0.075666;5.602228;0.24788;0.5277;-0.0155;0.8493;0.159088;10.546177;0.286549;0.5277;-0.0155;0.8493;-0.237312;10.821445;0.537863;0.5277;-0.0155;0.8493;-0.276516;-0.314629;-0.161072;-0.3997;0.0241;-0.9163;-0.436857;5.601183;0.064413;-0.3997;0.0241;-0.9163;-0.092882;5.12452;-0.098165;-0.3997;0.0241;-0.9163;-0.152623;-0.269342;0.274783;0.2769;-0.0064;0.9609;0.278311;-0.314488;0.15031;0.2769;-0.0064;0.9609;0.075666;5.602228;0.24788;0.2769;-0.0064;0.9609;0.278311;-0.314488;0.15031;0.9626;0.0536;-0.2657;0.156724;-0.26882;-0.280987;0.9626;0.0536;-0.2657;-0.092882;5.12452;-0.098165;0.9626;0.0536;-0.2657;-0.436857;5.601183;0.064413;-0.9085;-0.0032;0.4178;-0.273778;5.115376;0.415323;-0.9085;-0.0032;0.4178;-0.237312;10.821445;0.537863;-0.9085;-0.0032;0.4178;-0.436857;5.601183;0.064413;0.3888;-0.0055;-0.9213;-0.273958;10.819334;0.102154;0.3888;-0.0055;-0.9213;0.159088;10.546177;0.286549;0.3888;-0.0055;-0.9213;-0.361843;5.329838;-0.707712;-0.0682;0.9824;-0.1738;-0.103762;5.333624;-0.787607;-0.0682;0.9824;-0.1738;-0.994108;4.940158;-2.662644;-0.0682;0.9824;-0.1738;-0.053246;4.566549;0.11667;0.1394;0.7521;0.6442;-0.361843;5.329838;-0.707712;0.1394;0.7521;0.6442;-0.350533;4.566549;0.181023;0.1394;0.7521;0.6442;-0.232802;5.098002;-0.758737;0.8631;-0.3334;-0.3794;-0.053246;4.566549;0.11667;0.8631;-0.3334;-0.3794;-0.19865;4.209389;0.099742;0.8631;-0.3334;-0.3794;-0.103762;5.333624;-0.787607;0.8242;-0.4868;-0.2892;-0.232802;5.098002;-0.758737;0.8242;-0.4868;-0.2892;-0.994108;4.940158;-2.662644;0.8242;-0.4868;-0.2892;-0.232802;5.098002;-0.758737;-0.7815;-0.5131;0.355;-0.361843;5.329838;-0.707712;-0.7815;-0.5131;0.355;-0.994108;4.940158;-2.662644;-0.7815;-0.5131;0.355;-0.350533;4.566549;0.181023;-0.9022;-0.3171;-0.2924;-0.232802;5.098002;-0.758737;-0.9022;-0.3171;-0.2924;-0.19865;4.209389;0.099742;-0.9022;-0.3171;-0.2924;-0.232802;5.098002;-0.758737;-0.7668;-0.3022;-0.5663;-0.361843;5.329838;-0.707712;-0.7668;-0.3022;-0.5663;0.698399;6.350038;-2.687749;-0.7668;-0.3022;-0.5663;-0.361843;5.329838;-0.707712;0.1467;0.8451;0.514;-0.103762;5.333624;-0.787607;0.1467;0.8451;0.514;0.698399;6.350038;-2.687749;0.1467;0.8451;0.514;-0.103762;5.333624;-0.787607;0.8768;-0.4653;0.1212;-0.232802;5.098002;-0.758737;0.8768;-0.4653;0.1212;0.698399;6.350038;-2.687749;0.8768;-0.4653;0.1212;-0.789163;6.314984;1.239777;0.7987;0.4876;0.3527;-0.836437;6.517335;1.067086;0.7987;0.4876;0.3527;-2.076128;7.496475;2.520733;0.7987;0.4876;0.3527;-0.836437;6.517335;1.067086;0.7205;0.4794;0.5011;-0.05541;6.138317;0.306723;0.7205;0.4794;0.5011;-0.148337;6.420687;0.170225;0.7205;0.4794;0.5011;-0.972811;6.285248;1.043836;-0.3316;-0.8357;0.4377;-0.789163;6.314984;1.239777;-0.3316;-0.8357;0.4377;-2.076128;7.496475;2.520733;-0.3316;-0.8357;0.4377;-0.05541;6.138317;0.306723;-0.0552;-0.9901;0.1287;-0.972811;6.285248;1.043836;-0.0552;-0.9901;0.1287;-0.357088;6.138317;0.177422;-0.0552;-0.9901;0.1287;-0.836437;6.517335;1.067086;-0.5493;0.3965;-0.7355;-0.972811;6.285248;1.043836;-0.5493;0.3965;-0.7355;-2.076128;7.496475;2.520733;-0.5493;0.3965;-0.7355;-0.357088;6.138317;0.177422;-0.6699;0.4808;-0.5658;-0.836437;6.517335;1.067086;-0.6699;0.4808;-0.5658;-0.148337;6.420687;0.170225;-0.6699;0.4808;-0.5658;-0.236265;7.525207;0.216852;0.389;-0.6728;-0.6293;2.145454;8.627014;0.511111;0.389;-0.6728;-0.6293;-0.193102;7.368272;0.411297;0.389;-0.6728;-0.6293;-0.193102;7.368272;0.411297;-0.0372;-0.0102;0.9993;2.145454;8.627014;0.511111;-0.0372;-0.0102;0.9993;-0.279428;7.682145;0.411297;-0.0372;-0.0102;0.9993;-0.279428;7.682145;0.411297;-0.2556;0.7238;-0.6409;2.145454;8.627014;0.511111;-0.2556;0.7238;-0.6409;-0.236265;7.525207;0.216852;-0.2556;0.7238;-0.6409;0.031757;9.291992;0.274133;0.5303;0.7697;0.3556;-0.559303;10.717066;-1.928944;0.5303;0.7697;0.3556;-0.18437;9.38891;0.386648;0.5303;0.7697;0.3556;-0.18437;9.38891;0.386648;-0.9893;-0.0309;0.1425;-0.559303;10.717066;-1.928944;-0.9893;-0.0309;0.1425;-0.203606;9.195076;0.211086;-0.9893;-0.0309;0.1425;-0.203606;9.195076;0.211086;0.4388;-0.6962;-0.5681;-0.559303;10.717066;-1.928944;0.4388;-0.6962;-0.5681;0.031757;9.291992;0.274133;0.4388;-0.6962;-0.5681;-0.239193;10.613855;0.443218;-0.7199;0.4311;0.5439;1.470835;12.790419;0.981364;-0.7199;0.4311;0.5439;-0.230026;10.884256;0.241018;-0.7199;0.4311;0.5439;-0.230026;10.884256;0.241018;0.0989;0.2823;-0.9542;1.470835;12.790419;0.981364;0.0989;0.2823;-0.9542;-0.020501;10.625093;0.186054;0.0989;0.2823;-0.9542;-0.020501;10.625093;0.227334;0.5805;-0.5938;0.5571;1.470835;12.790419;0.981364;0.5805;-0.5938;0.5571;-0.239193;10.613855;0.443218;0.5805;-0.5938;0.5571;-0.275934;8.664106;0.298123;-0.514;0.8042;-0.2984;0.738205;10.089178;2.391737;-0.514;0.8042;-0.2984;-0.009568;8.800781;0.207661;-0.514;0.8042;-0.2984;-0.009568;8.800781;0.207661;0.92;0.1057;-0.3774;0.738205;10.089178;2.391737;0.92;0.1057;-0.3774;0.067108;8.527431;0.318015;0.92;0.1057;-0.3774;0.067108;8.527431;0.318015;-0.3177;-0.7052;0.6339;0.738205;10.089178;2.391737;-0.3177;-0.7052;0.6339;-0.275934;8.664106;0.298123;-0.3177;-0.7052;0.6339;-0.053246;4.566549;0.11667;0.1839;0.7546;0.6299;-0.103762;5.333624;-0.787607;0.1839;0.7546;0.6299;-0.361843;5.329838;-0.707712;0.1839;0.7546;0.6299;-0.232802;5.098002;-0.758737;0.7624;-0.4718;-0.4428;-0.103762;5.333624;-0.787607;0.7624;-0.4718;-0.4428;-0.053246;4.566549;0.11667;0.7624;-0.4718;-0.4428;-0.350533;4.566549;0.181023;-0.853;-0.4013;-0.3338;-0.361843;5.329838;-0.707712;-0.853;-0.4013;-0.3338;-0.232802;5.098002;-0.758737;-0.853;-0.4013;-0.3338;-0.836437;6.517335;1.067086;0.7045;0.5487;0.4501;-0.789163;6.314984;1.239777;0.7045;0.5487;0.4501;-0.05541;6.138317;0.306723;0.7045;0.5487;0.4501;-0.05541;6.138317;0.306723;-0.0215;-0.9853;0.1697;-0.789163;6.314984;1.239777;-0.0215;-0.9853;0.1697;-0.972811;6.285248;1.043836;-0.0215;-0.9853;0.1697;-0.357088;6.138317;0.177422;-0.6854;0.4593;-0.565;-0.972811;6.285248;1.043836;-0.6854;0.4593;-0.565;-0.836437;6.517335;1.067086;-0.6854;0.4593;-0.565
5
INFO;NameId;350;DescId;351;price;82300;dpPerMin;0;range;3;placeSound;thud
LIFE;averagePop;6.0;averageLife;82.0;popFactors;2;0;0.5;breedMat;41.0;breedTime;29.672703;parentId;83;count;550;reqs;2;LIFE;type;2;enviroType;0;classification;ah;count;2;TRANSFORM;size;1.2;FALL_DEATH;fallTime;3;totalTime;5;fallenAngle;60;particleEffect;1;ExplodeTime;0.975;UseMaterial;0;Colour;1;Spawn;2;5;0;1;0;PPS;30;Speed;1.5;Gravity;0.3;Life;3;Scale;0.1;Colour;0.90354544;0.90354544;0.90354544;Additive;0;Alpha;1;FadeIn;0.1;FadeOut;0.8;HasDir;1;Dir;0;1;0;Varience;0.25;Offset;0;5;0;LifeError;0.4;ScaleError;0.3;SpeedError;0.4;RandRot;1;HasXRot;1;XRotSpeed;180;Stages;1;2;enviroReqCount;2;reqId;1;minAltitude;50;maxAltitude;100;influence;0.8;reqId;2;barren;0;goodBiomes;3;4;1;8;idealFactor;100;influence;0.5
GROWTH;dynamic;0;growthTime;27.333334;modelStages;4;subStages;2
WOOD;cut time;7;bark factor;0.8;colour;0.1972614;0.16053377;0.11653531
PERCH;3;0.36615;13.843;1.38;-0.8586;9.70767;1.0371;-0.3579;7.9667;-1.1334
