1.0
ptm
0;1
3
-0.297161;-0.076851;-0.250957;0.283618;1.621459;0.252012;1
27;3
9;0.30208424;0.37618455;0.24571401;0.14
-0.006772;0.454566;-0.250957;0.8522;0.1782;-0.492;-0.006772;1.523889;0.136407;0.8522;0.1782;-0.492;0.283618;0.454566;0.252012;0.8522;0.1782;-0.492;0.283618;0.454566;0.252012;-0.0;0.1075;0.9942;-0.006772;1.523889;0.136407;-0.0;0.1075;0.9942;-0.297161;0.454566;0.252011;-0.0;0.1075;0.9942;-0.297161;0.454566;0.252011;-0.8522;0.1782;-0.492;-0.006772;1.523889;0.136407;-0.8522;0.1782;-0.492;-0.006772;0.454566;-0.250957;-0.8522;0.1782;-0.492
9;0.43520346;0.35569108;0.2997121;0.14
-0.006772;-0.076851;-0.074322;0.8641;0.0666;-0.4989;-0.006772;1.169611;0.092122;0.8641;0.0666;-0.4989;0.079657;-0.076851;0.075376;0.8641;0.0666;-0.4989;0.079657;-0.076851;0.075376;-0.0;-0.0134;0.9999;-0.006772;1.169611;0.092122;-0.0;-0.0134;0.9999;-0.0932;-0.076851;0.075376;-0.0;-0.0134;0.9999;-0.0932;-0.076851;0.075376;-0.8641;0.0666;-0.4989;-0.006772;1.169611;0.092122;-0.8641;0.0666;-0.4989;-0.006772;-0.076851;-0.074322;-0.8641;0.0666;-0.4989
9;0.90354544;0.90354544;0.90354544;0.14
-0.020801;1.053588;-0.053494;0.8057;0.1766;-0.5654;-0.006772;1.621459;0.143912;0.8057;0.1766;-0.5654;0.0873;1.282081;0.171947;0.8057;0.1766;-0.5654;0.0873;1.282081;0.171947;0.026;0.0894;0.9957;-0.006772;1.621459;0.143912;0.026;0.0894;0.9957;-0.182507;0.947021;0.209089;0.026;0.0894;0.9957;-0.182507;0.947021;0.209089;-0.8685;0.1817;-0.4611;-0.006772;1.621459;0.143912;-0.8685;0.1817;-0.4611;-0.020801;1.053588;-0.053494;-0.8685;0.1817;-0.4611
-0.807934;-0.085664;-1.090807;1.069906;4.872813;0.812463;3;
108;3
9;0.43520346;0.35569108;0.2997121;0.06
-0.129443;-0.085664;-0.118291;-0.0307;0.0185;-0.9994;-0.015323;2.956413;-0.065546;-0.0307;0.0185;-0.9994;0.151543;-0.085664;-0.126922;-0.0307;0.0185;-0.9994;0.151543;-0.085664;-0.126922;0.907;0.0413;0.4192;-0.015323;2.956413;-0.065546;0.907;0.0413;0.4192;0.046053;-0.085664;0.101319;0.907;0.0413;0.4192;0.046053;-0.085664;0.101319;-0.7811;0.0185;0.6242;-0.015323;2.956413;-0.065546;-0.7811;0.0185;0.6242;-0.129443;-0.085664;-0.118291;-0.7811;0.0185;0.6242
69;0.30208424;0.37618455;0.24571401;0.06
-0.804299;2.064442;-0.368045;-0.3965;0.3764;-0.8373;0.024461;3.887197;0.058917;-0.3965;0.3764;-0.8373;0.320563;2.064442;-0.900703;-0.3965;0.3764;-0.8373;0.024461;3.040263;-0.650222;0.6816;0.3302;-0.653;0.024461;4.72871;0.203581;0.6816;0.3302;-0.653;0.712883;2.974428;0.035045;0.6816;0.3302;-0.653;-0.271641;2.064442;0.756818;-0.8631;0.2967;0.4087;0.024461;3.887197;0.058917;-0.8631;0.2967;0.4087;-0.804299;2.064442;-0.368045;-0.8631;0.2967;0.4087;0.712883;2.974428;0.035045;0.6816;0.1998;0.7039;0.024461;4.72871;0.203581;0.6816;0.1998;0.7039;0.024461;2.908593;0.720311;0.6816;0.1998;0.7039;0.853222;2.064442;0.224159;0.4125;0.2665;0.8711;0.024461;3.887197;0.058917;0.4125;0.2665;0.8711;-0.271641;2.064442;0.756818;0.4125;0.2665;0.8711;0.320563;2.064442;-0.900703;0.847;0.3488;-0.4011;0.024461;3.887197;0.058917;0.847;0.3488;-0.4011;0.853222;2.064442;0.224159;0.847;0.3488;-0.4011;0.024461;2.908593;0.720311;-0.6816;0.1998;0.7039;0.024461;4.72871;0.203581;-0.6816;0.1998;0.7039;-0.663961;2.974428;0.035045;-0.6816;0.1998;0.7039;0.320563;2.064442;-0.900703;0.0;-1.0;0.0;-0.271641;2.064442;0.756818;0.0;-1.0;0.0;-0.804299;2.064442;-0.368045;0.0;-1.0;0.0;-0.663961;2.974428;0.035045;-0.6816;0.3302;-0.653;0.024461;4.72871;0.203581;-0.6816;0.3302;-0.653;0.024461;3.040263;-0.650222;-0.6816;0.3302;-0.653;0.344585;1.150963;0.812463;-0.2704;0.2797;0.9212;-0.243859;2.272719;0.299156;-0.2704;0.2797;0.9212;-0.787713;1.190462;0.468077;-0.2704;0.2797;0.9212;-0.807934;1.325375;-0.708208;-0.3077;0.4233;-0.8521;0.019188;2.328713;-0.508481;-0.3077;0.4233;-0.8521;0.311865;1.369257;-1.090807;-0.3077;0.4233;-0.8521;1.024161;1.261464;-0.150981;0.7617;0.3041;0.5721;0.282235;2.272719;0.299156;0.7617;0.3041;0.5721;0.344585;1.150963;0.812463;0.7617;0.3041;0.5721;0.311865;1.369257;-1.090807;0.754;0.393;-0.5264;0.444807;2.307325;-0.199991;0.754;0.393;-0.5264;1.024161;1.261464;-0.150981;0.754;0.393;-0.5264;1.024161;1.261464;-0.150981;-0.0;-0.9935;-0.1139;-0.787713;1.190462;0.468077;-0.0;-0.9935;-0.1139;-0.807934;1.325375;-0.708208;-0.0;-0.9935;-0.1139;-0.787713;1.190462;0.468077;-0.934;0.3527;0.0565;-0.40643;2.307325;-0.199991;-0.934;0.3527;0.0565;-0.807934;1.325375;-0.708208;-0.934;0.3527;0.0565;0.344585;1.150963;0.812463;0.0;0.4161;0.9093;0.282235;2.272719;0.299156;0.0;0.4161;0.9093;-0.243859;2.272719;0.299156;0.0;0.4161;0.9093;-0.807934;1.325375;-0.708208;-0.5079;0.5506;-0.6625;-0.40643;2.307325;-0.199991;-0.5079;0.5506;-0.6625;0.019188;2.328713;-0.508481;-0.5079;0.5506;-0.6625;1.024161;1.261464;-0.150981;0.8277;0.4727;0.3024;0.444807;2.307325;-0.199991;0.8277;0.4727;0.3024;0.282235;2.272719;0.299156;0.8277;0.4727;0.3024;0.311865;1.369257;-1.090807;0.5063;0.555;-0.66;0.019188;2.328713;-0.508481;0.5063;0.555;-0.66;0.444807;2.307325;-0.199991;0.5063;0.555;-0.66;-0.807934;1.325375;-0.708208;-0.0;-0.9935;-0.1139;0.311865;1.369257;-1.090807;-0.0;-0.9935;-0.1139;1.024161;1.261464;-0.150981;-0.0;-0.9935;-0.1139;1.024161;1.261464;-0.150981;-0.0;-0.9935;-0.1139;0.344585;1.150963;0.812463;-0.0;-0.9935;-0.1139;-0.787713;1.190462;0.468077;-0.0;-0.9935;-0.1139;-0.787713;1.190462;0.468077;-0.8317;0.4652;0.3031;-0.243859;2.272719;0.299156;-0.8317;0.4652;0.3031;-0.40643;2.307325;-0.199991;-0.8317;0.4652;0.3031;0.320563;2.064442;-0.900703;0.0;-1.0;0.0;0.853222;2.064442;0.224159;0.0;-1.0;0.0;-0.271641;2.064442;0.756818;0.0;-1.0;0.0
30;0.90354544;0.90354544;0.90354544;0.06
0.109832;3.125671;0.069595;0.7363;0.3295;0.5911;0.346213;1.680445;0.580683;0.7363;0.3295;0.5911;1.069906;1.395121;-0.161697;0.7363;0.3295;0.5911;0.109832;3.125671;0.069595;0.7578;0.4796;-0.4424;1.069906;1.395121;-0.161697;0.7578;0.4796;-0.4424;0.453257;2.002098;-0.56007;0.7578;0.4796;-0.4424;0.109832;3.125671;0.069595;0.3736;0.5378;-0.7558;0.453257;2.002098;-0.56007;0.3736;0.5378;-0.7558;0.134257;1.927195;-0.771048;0.3736;0.5378;-0.7558;0.834211;2.171518;-0.037871;0.9141;0.3732;0.1585;0.499657;2.907232;0.159088;0.9141;0.3732;0.1585;0.63586;2.562199;0.186055;0.9141;0.3732;0.1585;0.689072;2.13085;-0.331867;0.8223;0.3439;-0.4535;0.543806;2.789566;-0.095787;0.8223;0.3439;-0.4535;0.834211;2.171518;-0.037871;0.8223;0.3439;-0.4535;0.834211;2.171518;-0.037871;0.9058;0.422;-0.0379;0.543806;2.789566;-0.095787;0.9058;0.422;-0.0379;0.499657;2.907232;0.159088;0.9058;0.422;-0.0379;0.024461;3.778791;-0.316984;0.6559;0.3334;-0.6772;0.024461;4.872813;0.221594;0.6559;0.3334;-0.6772;0.440879;3.821034;0.107096;0.6559;0.3334;-0.6772;0.440879;3.821034;0.107096;0.6766;0.1904;0.7113;0.024461;4.872813;0.221594;0.6766;0.1904;0.7113;0.024461;4.187509;0.405085;0.6766;0.1904;0.7113;0.024461;4.187509;0.405085;-0.6973;0.1854;0.6924;0.024461;4.872813;0.221594;-0.6973;0.1854;0.6924;-0.304025;3.984391;0.128636;-0.6973;0.1854;0.6924;-0.304025;3.984391;0.128636;-0.6852;0.3217;-0.6535;0.024461;4.872813;0.221594;-0.6852;0.3217;-0.6535;0.024461;3.778791;-0.316984;-0.6852;0.3217;-0.6535
-1.85444;-0.168027;-1.796983;1.694931;7.861311;1.866042;1.666666;0;extraBounds;2;-1.556065;2.008403;-1.540871;1.513055;8.215532;1.540871;-0.300564;-0.034379;-0.415257;0.286227;2.86061;0.415257
240;3
12;0.43520346;0.35569108;0.2997121;0.04
-0.088553;-0.168027;-0.281495;0.4192;0.0413;-0.907;0.014393;4.934466;-0.001611;0.4192;0.0413;-0.907;0.294277;-0.168027;-0.104557;0.4192;0.0413;-0.907;0.294277;-0.168027;-0.104557;0.907;0.0413;0.4192;0.014393;4.934466;-0.001611;0.907;0.0413;0.4192;0.117339;-0.168027;0.278273;0.907;0.0413;0.4192;0.117339;-0.168027;0.278273;-0.4192;0.0413;0.907;0.014393;4.934466;-0.001611;-0.4192;0.0413;0.907;-0.265491;-0.168027;0.101335;-0.4192;0.0413;0.907;-0.265491;-0.168027;0.101335;-0.907;0.0413;-0.4192;0.014393;4.934466;-0.001611;-0.907;0.0413;-0.4192;-0.088553;-0.168027;-0.281495;-0.907;0.0413;-0.4192
141;0.30208424;0.37618455;0.24571401;0.04
0.014393;4.040575;-0.91195;0.2403;0.2867;-0.9274;1.459599;1.924013;-1.191902;0.2403;0.2867;-0.9274;-0.671048;1.924013;-1.743904;0.2403;0.2867;-0.9274;0.36936;6.334244;0.547103;0.4163;0.2461;0.8753;-0.213949;4.863318;1.237984;0.4163;0.2461;0.8753;1.186638;4.923936;0.554882;0.4163;0.2461;0.8753;0.561005;3.354293;1.522476;-0.2756;0.2737;0.9215;-0.435358;5.196172;0.677459;-0.2756;0.2737;0.9215;-1.32832;3.394298;0.945461;-0.2756;0.2737;0.9215;0.880176;4.040575;-0.282921;0.9563;0.2867;-0.0581;1.59302;1.924013;1.005042;0.9563;0.2867;-0.0581;1.459599;1.924013;-1.191902;0.9563;0.2867;-0.0581;-1.362062;3.53094;-1.025399;-0.3062;0.3975;-0.865;0.014393;5.29191;-0.703417;-0.3062;0.3975;-0.865;0.50641;3.575384;-1.666441;-0.3062;0.3975;-0.865;1.694931;3.46621;-0.091768;0.7711;0.2986;0.5624;0.464144;5.196172;0.677459;0.7711;0.2986;0.5624;0.561005;3.354293;1.522476;0.7711;0.2986;0.5624;0.549476;4.040575;0.734869;0.3507;0.2867;0.8915;-0.455168;1.924013;1.810826;0.3507;0.2867;0.8915;1.59302;1.924013;1.005042;0.3507;0.2867;0.8915;0.50641;3.575384;-1.666441;0.7522;0.3751;-0.5417;0.742105;5.255341;-0.175969;0.7522;0.3751;-0.5417;1.694931;3.46621;-0.091768;0.7522;0.3751;-0.5417;-0.520691;4.040575;0.734869;-0.7395;0.2867;0.6091;-1.85444;1.924013;0.111884;-0.7395;0.2867;0.6091;-0.455168;1.924013;1.810826;-0.7395;0.2867;0.6091;1.694931;3.46621;-0.091768;-0.0;-0.9976;-0.0692;-1.32832;3.394298;0.945461;-0.0;-0.9976;-0.0692;-1.362062;3.53094;-1.025399;-0.0;-0.9976;-0.0692;-1.32832;3.394298;0.945461;-0.9415;0.3348;0.0393;-0.71332;5.255341;-0.175969;-0.9415;0.3348;0.0393;-1.362062;3.53094;-1.025399;-0.9415;0.3348;0.0393;-0.851391;4.040575;-0.282921;-0.8078;0.2867;-0.5151;-0.671048;1.924013;-1.743904;-0.8078;0.2867;-0.5151;-1.85444;1.924013;0.111884;-0.8078;0.2867;-0.5151;1.459599;1.924013;-1.191902;0.0;-1.0;0.0;-0.455168;1.924013;1.810826;0.0;-1.0;0.0;-1.85444;1.924013;0.111884;0.0;-1.0;0.0;-0.559957;6.393925;-0.125443;-0.8365;0.3604;-0.4129;-0.568972;5.084136;-1.250413;-0.8365;0.3604;-0.4129;-1.298975;4.962327;0.12225;-0.8365;0.3604;-0.4129;0.588743;6.393925;-0.125443;0.9372;0.333;-0.1042;1.186638;4.923936;0.554882;0.9372;0.333;-0.1042;0.967222;5.060409;-0.983032;0.9372;0.333;-0.1042;0.014393;6.43081;-0.541099;0.1629;0.4036;-0.9003;0.967222;5.060409;-0.983032;0.1629;0.4036;-0.9003;-0.568972;5.084136;-1.250413;0.1629;0.4036;-0.9003;1.186638;4.923936;0.554882;-0.0;-0.9961;-0.0884;-0.213949;4.863318;1.237984;-0.0;-0.9961;-0.0884;-1.298975;4.962327;0.12225;-0.0;-0.9961;-0.0884;-0.340575;6.334244;0.547103;-0.6799;0.263;0.6845;-1.298975;4.962327;0.12225;-0.6799;0.263;0.6845;-0.213949;4.863318;1.237984;-0.6799;0.263;0.6845;0.856659;6.01219;0.639462;0.2582;0.3391;0.9046;0.014393;7.718646;0.240317;0.2582;0.3391;0.9046;-0.330231;5.961154;0.9974;0.2582;0.3391;0.9046;-1.040862;6.104721;-0.009488;-0.7072;0.5341;-0.4633;0.014393;7.718646;0.240317;-0.7072;0.5341;-0.4633;-0.293167;6.244488;-0.989717;-0.7072;0.5341;-0.4633;0.879566;6.187301;-0.588644;0.886;0.4564;0.0816;0.014393;7.718646;0.240317;0.886;0.4564;0.0816;0.856659;6.01219;0.639462;0.886;0.4564;0.0816;-0.293167;6.244488;-0.989717;0.2894;0.5769;-0.7638;0.014393;7.718646;0.240317;0.2894;0.5769;-0.7638;0.879566;6.187301;-0.588644;0.2894;0.5769;-0.7638;0.856659;6.01219;0.639462;-0.0;-0.99;-0.1412;-0.330231;5.961154;0.9974;-0.0;-0.99;-0.1412;-1.040862;6.104721;-0.009488;-0.0;-0.99;-0.1412;-0.330231;5.961154;0.9974;-0.7264;0.3871;0.5679;0.014393;7.718646;0.240317;-0.7264;0.3871;0.5679;-1.040862;6.104721;-0.009488;-0.7264;0.3871;0.5679;0.014393;4.040575;-0.91195;0.524;0.4532;-0.7212;0.880176;4.040575;-0.282921;0.524;0.4532;-0.7212;1.459599;1.924013;-1.191902;0.524;0.4532;-0.7212;0.36936;6.334244;0.547103;-0.0;0.4251;0.9051;-0.340575;6.334244;0.547103;-0.0;0.4251;0.9051;-0.213949;4.863318;1.237984;-0.0;0.4251;0.9051;0.561005;3.354293;1.522476;-0.0;0.417;0.9089;0.464144;5.196172;0.677459;-0.0;0.417;0.9089;-0.435358;5.196172;0.677459;-0.0;0.417;0.9089;0.880176;4.040575;-0.282921;0.8478;0.4532;0.2755;0.549476;4.040575;0.734869;0.8478;0.4532;0.2755;1.59302;1.924013;1.005042;0.8478;0.4532;0.2755;-1.362062;3.53094;-1.025399;-0.516;0.5268;-0.6754;-0.71332;5.255341;-0.175969;-0.516;0.5268;-0.6754;0.014393;5.29191;-0.703417;-0.516;0.5268;-0.6754;1.694931;3.46621;-0.091768;0.8349;0.4589;0.3038;0.742105;5.255341;-0.175969;0.8349;0.4589;0.3038;0.464144;5.196172;0.677459;0.8349;0.4589;0.3038;0.549476;4.040575;0.734869;-0.0;0.4532;0.8914;-0.520691;4.040575;0.734869;-0.0;0.4532;0.8914;-0.455168;1.924013;1.810826;-0.0;0.4532;0.8914;0.50641;3.575384;-1.666441;0.516;0.5268;-0.6754;0.014393;5.29191;-0.703417;0.516;0.5268;-0.6754;0.742105;5.255341;-0.175969;0.516;0.5268;-0.6754;-0.520691;4.040575;0.734869;-0.8478;0.4532;0.2755;-0.851391;4.040575;-0.282921;-0.8478;0.4532;0.2755;-1.85444;1.924013;0.111884;-0.8478;0.4532;0.2755;-1.362062;3.53094;-1.025399;-0.0;-0.9976;-0.0692;0.50641;3.575384;-1.666441;-0.0;-0.9976;-0.0692;1.694931;3.46621;-0.091768;-0.0;-0.9976;-0.0692;1.694931;3.46621;-0.091768;-0.0;-0.9976;-0.0692;0.561005;3.354293;1.522476;-0.0;-0.9976;-0.0692;-1.32832;3.394298;0.945461;-0.0;-0.9976;-0.0692;-1.32832;3.394298;0.945461;-0.8349;0.4589;0.3038;-0.435358;5.196172;0.677459;-0.8349;0.4589;0.3038;-0.71332;5.255341;-0.175969;-0.8349;0.4589;0.3038;-0.851391;4.040575;-0.282921;-0.524;0.4532;-0.7212;0.014393;4.040575;-0.91195;-0.524;0.4532;-0.7212;-0.671048;1.924013;-1.743904;-0.524;0.4532;-0.7212;-1.85444;1.924013;0.111884;0.0;-1.0;0.0;-0.671048;1.924013;-1.743904;0.0;-1.0;0.0;1.459599;1.924013;-1.191902;0.0;-1.0;0.0;1.459599;1.924013;-1.191902;0.0;-1.0;0.0;1.59302;1.924013;1.005042;0.0;-1.0;0.0;-0.455168;1.924013;1.810826;0.0;-1.0;0.0;-0.559957;6.393925;-0.125443;-0.5079;0.5633;-0.6518;0.014393;6.43081;-0.541099;-0.5079;0.5633;-0.6518;-0.568972;5.084136;-1.250413;-0.5079;0.5633;-0.6518;0.588743;6.393925;-0.125443;0.8217;0.4779;0.3105;0.36936;6.334244;0.547103;0.8217;0.4779;0.3105;1.186638;4.923936;0.554882;0.8217;0.4779;0.3105;0.014393;6.43081;-0.541099;0.5079;0.5633;-0.6518;0.588743;6.393925;-0.125443;0.5079;0.5633;-0.6518;0.967222;5.060409;-0.983032;0.5079;0.5633;-0.6518;-1.298975;4.962327;0.12225;-0.0;-0.9961;-0.0884;-0.568972;5.084136;-1.250413;-0.0;-0.9961;-0.0884;0.967222;5.060409;-0.983032;-0.0;-0.9961;-0.0884;0.967222;5.060409;-0.983032;-0.0;-0.9961;-0.0884;1.186638;4.923936;0.554882;-0.0;-0.9961;-0.0884;-1.298975;4.962327;0.12225;-0.0;-0.9961;-0.0884;-0.340575;6.334244;0.547103;-0.8217;0.4779;0.3105;-0.559957;6.393925;-0.125443;-0.8217;0.4779;0.3105;-1.298975;4.962327;0.12225;-0.8217;0.4779;0.3105;-1.040862;6.104721;-0.009488;-0.0;-0.99;-0.1412;-0.293167;6.244488;-0.989717;-0.0;-0.99;-0.1412;0.879566;6.187301;-0.588644;-0.0;-0.99;-0.1412;0.879566;6.187301;-0.588644;-0.0;-0.99;-0.1412;0.856659;6.01219;0.639462;-0.0;-0.99;-0.1412;-1.040862;6.104721;-0.009488;-0.0;-0.99;-0.1412
87;0.90354544;0.90354544;0.90354544;0.04
-0.152304;7.072452;-0.375068;0.2785;0.5715;-0.7719;0.014393;7.861311;0.269155;0.2785;0.5715;-0.7719;0.499334;6.9161;-0.255759;0.2785;0.5715;-0.7719;0.499334;6.9161;-0.255759;0.8972;0.4401;0.0363;0.014393;7.861311;0.269155;0.8972;0.4401;0.0363;0.436232;6.982936;0.493234;0.8972;0.4401;0.0363;-0.662603;6.756096;0.079272;-0.7246;0.5213;-0.4508;0.014393;7.861311;0.269155;-0.7246;0.5213;-0.4508;-0.152304;7.072452;-0.375068;-0.7246;0.5213;-0.4508;0.436232;6.982936;0.493234;0.2096;0.335;0.9186;0.014393;7.861311;0.269155;0.2096;0.335;0.9186;-0.10887;7.255725;0.518126;0.2096;0.335;0.9186;-0.10887;7.255725;0.518126;-0.7593;0.3736;0.5328;0.014393;7.861311;0.269155;-0.7593;0.3736;0.5328;-0.662603;6.756096;0.079272;-0.7593;0.3736;0.5328;0.014393;7.592084;0.263709;0.3943;0.302;0.8679;-0.22286;6.146858;0.87444;0.3943;0.302;0.8679;1.186638;5.145413;0.582566;0.3943;0.302;0.8679;0.014393;7.592084;0.263709;-0.8185;0.4868;-0.305;-0.323956;6.418963;-0.700513;-0.8185;0.4868;-0.305;-1.126511;5.580439;0.114842;-0.8185;0.4868;-0.305;0.014393;7.592084;0.263709;0.903;0.4286;-0.0305;1.186638;5.145413;0.582566;0.903;0.4286;-0.0305;0.70497;6.06668;-0.730038;0.903;0.4286;-0.0305;0.014393;7.592084;0.263709;0.1805;0.593;-0.7847;0.70497;6.06668;-0.730038;0.1805;0.593;-0.7847;-0.323956;6.418963;-0.700513;0.1805;0.593;-0.7847;0.014393;7.592084;0.263709;-0.7225;0.3664;0.5863;-1.126511;5.580439;0.114842;-0.7225;0.3664;0.5863;-0.22286;6.146858;0.87444;-0.7225;0.3664;0.5863;1.592416;3.769306;-0.056516;0.7894;0.2649;0.5537;0.532997;5.459607;0.645186;0.7894;0.2649;0.5537;0.722669;4.212465;0.97141;0.7894;0.2649;0.5537;0.429417;5.326413;-0.898741;0.7934;0.3089;-0.5245;0.810958;5.518776;-0.208243;0.7934;0.3089;-0.5245;1.592416;3.769306;-0.056516;0.7934;0.3089;-0.5245;1.592416;3.769306;-0.056516;0.8584;0.4102;0.308;0.810958;5.518776;-0.208243;0.8584;0.4102;0.308;0.532997;5.459607;0.645186;0.8584;0.4102;0.308;-1.289728;3.723807;-0.985978;-0.367;0.382;-0.8482;-0.73296;4.673272;-0.799317;-0.367;0.382;-0.8482;-0.712652;3.864485;-1.172326;-0.367;0.382;-0.8482;-1.31135;3.624366;-0.52822;-0.9686;0.2483;0.0082;-1.094593;4.472049;-0.592912;-0.9686;0.2483;0.0082;-1.289728;3.723807;-0.985978;-0.9686;0.2483;0.0082;-1.289728;3.723807;-0.985978;-0.6212;0.4852;-0.6153;-1.094593;4.472049;-0.592912;-0.6212;0.4852;-0.6153;-0.73296;4.673272;-0.799317;-0.6212;0.4852;-0.6153;0.014393;4.291985;-0.846596;0.239;0.3218;-0.9161;1.335921;2.734275;-1.049039;0.239;0.3218;-0.9161;-0.69193;2.110943;-1.796983;0.239;0.3218;-0.9161;0.818021;4.291985;-0.262726;0.9457;0.3244;-0.0197;1.343042;2.831224;0.884784;0.9457;0.3244;-0.0197;1.335921;2.734275;-1.049039;0.9457;0.3244;-0.0197;0.511063;4.291985;0.681997;0.3491;0.321;0.8804;-0.469473;2.110943;1.866042;0.3491;0.321;0.8804;1.343042;2.831224;0.884784;0.3491;0.321;0.8804;-0.482277;4.291985;0.681997;-0.7368;0.3192;0.596;-1.214336;3.741957;0.071626;-0.7368;0.3192;0.596;-0.469473;2.110943;1.866042;-0.7368;0.3192;0.596;-0.789236;4.291985;-0.262726;-0.8048;0.317;-0.5017;-0.69193;2.110943;-1.796983;-0.8048;0.317;-0.5017;-1.214336;3.741957;0.071626;-0.8048;0.317;-0.5017;0.014393;4.291985;-0.846596;0.5032;0.5169;-0.6926;0.818021;4.291985;-0.262726;0.5032;0.5169;-0.6926;1.335921;2.734275;-1.049039;0.5032;0.5169;-0.6926;0.818021;4.291985;-0.262726;0.8211;0.5047;0.2668;0.511063;4.291985;0.681997;0.8211;0.5047;0.2668;1.343042;2.831224;0.884784;0.8211;0.5047;0.2668;0.511063;4.291985;0.681997;0.0;0.4771;0.8788;-0.482277;4.291985;0.681997;0.0;0.4771;0.8788;-0.469473;2.110943;1.866042;0.0;0.4771;0.8788;-0.482277;4.291985;0.681997;-0.6989;0.6782;0.2271;-0.789236;4.291985;-0.262726;-0.6989;0.6782;0.2271;-1.214336;3.741957;0.071626;-0.6989;0.6782;0.2271;-0.789236;4.291985;-0.262726;-0.5166;0.4771;-0.711;0.014393;4.291985;-0.846596;-0.5166;0.4771;-0.711;-0.69193;2.110943;-1.796983;-0.5166;0.4771;-0.711;-0.232263;5.001971;1.206881;-0.7054;0.2317;0.6699;-0.333425;5.743553;0.843815;-0.7054;0.2317;0.6699;-0.537657;5.187036;0.821294;-0.7054;0.2317;0.6699;0.092723;4.96909;1.157326;0.1748;0.3281;0.9283;-0.101652;5.628187;0.960983;0.1748;0.3281;0.9283;-0.232263;5.001971;1.206881;0.1748;0.3281;0.9283;-0.232263;5.001971;1.206881;-0.248;0.3985;0.883;-0.101652;5.628187;0.960983;-0.248;0.3985;0.883;-0.333425;5.743553;0.843815;-0.248;0.3985;0.883
5
SPREADER;4;0;0;0;24;5
INFO;NameId;352;DescId;353;price;16000;dpPerMin;0;range;3;placeSound;thud
LIFE;averagePop;6.2;averageLife;54.0;popFactors;2;0;0.3;breedMat;27.0;breedTime;19.538746;parentId;-1;FALL_DEATH;fallTime;3;totalTime;5;fallenAngle;60;particleEffect;1;ExplodeTime;0.975;UseMaterial;0;Colour;1;Spawn;2;5;0;1;0;PPS;30;Speed;1.5;Gravity;0.3;Life;3;Scale;0.1;Colour;0.90354544;0.90354544;0.90354544;Additive;0;Alpha;1;FadeIn;0.1;FadeOut;0.8;HasDir;1;Dir;0;1;0;Varience;0.25;Offset;0;5;0;LifeError;0.4;ScaleError;0.3;SpeedError;0.4;RandRot;1;HasXRot;1;XRotSpeed;180;Stages;1;2;enviroReqCount;3;reqId;1;minAltitude;45;maxAltitude;100;influence;0.8;reqId;2;barren;1;goodBiomes;1;4;idealFactor;80;influence;0.8;reqId;5;likedSpecies;1;erl;influence;0.8
GROWTH;dynamic;0;growthTime;18.0;modelStages;3;subStages;2
WOOD;cut time;5;bark factor;0.75;colour;0.43520346;0.35569108;0.2997121
