0.65
pbf
0;1
4
-0.444523;-0.070183;-0.643371;0.476111;1.97111;0.425044;1
27;1
27;0.6625434;0.90354544;0.57874733;0.24
-0.009411;-0.053552;-0.131681;0.9366;0.0892;-0.3389;-0.319459;1.257617;-0.643371;0.9366;0.0892;-0.3389;0.079062;-0.069385;0.108683;0.9366;0.0892;-0.3389;0.079062;-0.069385;0.108683;-0.0045;0.492;0.8706;-0.319459;1.257617;-0.643371;-0.0045;0.492;0.8706;-0.089454;-0.06391;0.104722;-0.0045;0.492;0.8706;-0.089454;-0.06391;0.104722;-0.8885;-0.3332;-0.3154;-0.319459;1.257617;-0.643371;-0.8885;-0.3332;-0.3154;-0.009411;-0.053552;-0.131681;-0.8885;-0.3332;-0.3154;-0.063849;-0.060982;0.056011;-0.8755;-0.0774;-0.4769;-0.444523;1.97111;0.425044;-0.8755;-0.0774;-0.4769;0.008694;-0.059533;-0.077395;-0.8755;-0.0774;-0.4769;0.008694;-0.059533;-0.077395;0.954;0.2528;-0.1611;-0.444523;1.97111;0.425044;0.954;0.2528;-0.1611;0.031385;-0.052476;0.068014;0.954;0.2528;-0.1611;0.031385;-0.052476;0.068014;-0.1053;-0.1967;0.9748;-0.444523;1.97111;0.425044;-0.1053;-0.1967;0.9748;-0.063849;-0.060982;0.056011;-0.1053;-0.1967;0.9748;0.072305;-0.060525;0.099061;0.0568;0.1389;0.9887;0.476111;1.108801;-0.088447;0.0568;0.1389;0.9887;-0.078998;-0.070183;0.109109;0.0568;0.1389;0.9887;-0.078998;-0.070183;0.109109;-0.8917;0.3782;-0.2488;0.476111;1.108801;-0.088447;-0.8917;0.3782;-0.2488;-0.006794;-0.05777;-0.130828;-0.8917;0.3782;-0.2488;-0.006794;-0.05777;-0.130828;0.8829;-0.3543;-0.308;0.476111;1.108801;-0.088447;0.8829;-0.3543;-0.308;0.072305;-0.060525;0.099061;0.8829;-0.3543;-0.308
-1.846071;-0.081798;-1.064188;1.015313;2.84775;0.748208;1
93;2
48;-1;0;0;0.18
-1.504593;1.848554;0.534691;0.1938;0.1623;0.9675;-1.31016;1.767021;0.509433;0.1938;0.1623;0.9675;-1.34261;1.974942;0.481051;0.1938;0.1623;0.9675;-0.279932;1.393163;-0.666134;-0.3986;-0.9054;-0.146;-0.203376;1.389475;-0.852266;-0.3986;-0.9054;-0.146;-0.085499;1.31163;-0.691392;-0.3986;-0.9054;-0.146;-0.279932;1.393163;-0.666134;0.1938;0.1623;0.9675;-0.085499;1.31163;-0.691392;0.1938;0.1623;0.9675;-0.11795;1.519551;-0.719773;0.1938;0.1623;0.9675;0.634094;1.934446;0.572257;-0.3986;-0.9054;-0.146;0.71065;1.930758;0.386124;-0.3986;-0.9054;-0.146;0.828527;1.852913;0.546998;-0.3986;-0.9054;-0.146;0.796077;2.060834;0.518617;-0.6465;0.7097;-0.28;0.71065;1.930758;0.386124;-0.6465;0.7097;-0.28;0.634094;1.934446;0.572257;-0.6465;0.7097;-0.28;-1.31016;1.767021;0.509433;0.8168;0.049;-0.5748;-1.428037;1.844866;0.348558;0.8168;0.049;-0.5748;-1.34261;1.974942;0.481051;0.8168;0.049;-0.5748;0.634094;1.934446;0.572257;0.1938;0.1623;0.9675;0.828527;1.852913;0.546998;0.1938;0.1623;0.9675;0.796077;2.060834;0.518617;0.1938;0.1623;0.9675;-0.085499;1.31163;-0.691392;0.8168;0.049;-0.5748;-0.203376;1.389475;-0.852266;0.8168;0.049;-0.5748;-0.11795;1.519551;-0.719773;0.8168;0.049;-0.5748;-1.34261;1.974942;0.481051;-0.6465;0.7097;-0.28;-1.428037;1.844866;0.348558;-0.6465;0.7097;-0.28;-1.504593;1.848554;0.534691;-0.6465;0.7097;-0.28;-1.504593;1.848554;0.534691;-0.3986;-0.9054;-0.146;-1.428037;1.844866;0.348558;-0.3986;-0.9054;-0.146;-1.31016;1.767021;0.509433;-0.3986;-0.9054;-0.146;0.828527;1.852913;0.546998;0.8168;0.049;-0.5748;0.71065;1.930758;0.386124;0.8168;0.049;-0.5748;0.796077;2.060834;0.518617;0.8168;0.049;-0.5748;-0.11795;1.519551;-0.719773;-0.6465;0.7097;-0.28;-0.203376;1.389475;-0.852266;-0.6465;0.7097;-0.28;-0.279932;1.393163;-0.666134;-0.6465;0.7097;-0.28;-0.089581;1.098545;0.63574;0.1938;0.1623;0.9675;0.104852;1.017013;0.610482;0.1938;0.1623;0.9675;0.072402;1.224933;0.582101;0.1938;0.1623;0.9675;0.104852;1.017013;0.610482;0.8168;0.049;-0.5748;-0.013025;1.094858;0.449608;0.8168;0.049;-0.5748;0.072402;1.224933;0.582101;0.8168;0.049;-0.5748;0.072402;1.224933;0.582101;-0.6465;0.7097;-0.28;-0.013025;1.094858;0.449608;-0.6465;0.7097;-0.28;-0.089581;1.098545;0.63574;-0.6465;0.7097;-0.28;-0.089581;1.098545;0.63574;-0.3986;-0.9054;-0.146;-0.013025;1.094858;0.449608;-0.3986;-0.9054;-0.146;0.104852;1.017013;0.610482;-0.3986;-0.9054;-0.146
45;0.6625434;0.90354544;0.57874733;0.18
-0.007404;-0.078711;-0.122366;0.9401;0.0052;-0.3407;-0.362161;2.336268;-1.064188;0.9401;0.0052;-0.3407;0.070611;-0.067222;0.093075;0.9401;0.0052;-0.3407;0.070611;-0.067222;0.093075;0.0018;0.4341;0.9009;-0.362161;2.336268;-1.064188;0.0018;0.4341;0.9009;-0.088544;-0.069533;0.094514;0.0018;0.4341;0.9009;-0.088544;-0.069533;0.094514;-0.9076;-0.2614;-0.3285;-0.362161;2.336268;-1.064188;-0.9076;-0.2614;-0.3285;-0.007404;-0.078711;-0.122366;-0.9076;-0.2614;-0.3285;-0.07673;-0.081798;0.050158;-0.7654;-0.3869;-0.5142;-1.846071;2.662464;0.619001;-0.7654;-0.3869;-0.5142;0.005231;-0.066778;-0.083156;-0.7654;-0.3869;-0.5142;0.005231;-0.066778;-0.083156;0.7913;0.5836;-0.1822;-1.846071;2.662464;0.619001;0.7913;0.5836;-0.1822;0.03953;-0.066869;0.065543;0.7913;0.5836;-0.1822;0.03953;-0.066869;0.065543;-0.0938;-0.2597;0.9611;-1.846071;2.662464;0.619001;-0.0938;-0.2597;0.9611;-0.07673;-0.081798;0.050158;-0.0938;-0.2597;0.9611;0.067378;-0.078504;0.09024;0.0108;-0.1616;0.9868;1.015313;2.84775;0.559122;0.0108;-0.1616;0.9868;-0.082482;-0.069797;0.0933;0.0108;-0.1616;0.9868;-0.082482;-0.069797;0.0933;-0.8858;0.3766;-0.2712;1.015313;2.84775;0.559122;-0.8858;0.3766;-0.2712;-0.016153;-0.069181;-0.122457;-0.8858;0.3766;-0.2712;-0.016153;-0.069181;-0.122457;0.9015;-0.2337;-0.3643;1.015313;2.84775;0.559122;0.9015;-0.2337;-0.3643;0.067378;-0.078504;0.09024;0.9015;-0.2337;-0.3643;-0.081945;-0.06888;-0.062949;-0.8967;0.2218;-0.3832;0.021077;1.749162;0.748208;-0.8967;0.2218;-0.3832;-0.024112;-0.032949;-0.177483;-0.8967;0.2218;-0.3832;-0.012984;-0.0071;-0.062223;0.8388;-0.25;-0.4837;0.339215;1.414465;-0.186263;0.8388;-0.25;-0.4837;0.058243;-0.006902;0.061203;0.8388;-0.25;-0.4837;0.046047;-0.012508;-0.061821;0.1725;-0.4095;0.8959;0.021077;1.749162;0.748208;0.1725;-0.4095;0.8959;-0.081945;-0.06888;-0.062949;0.1725;-0.4095;0.8959;0.058243;-0.006902;0.061203;-0.0084;0.1731;0.9849;0.339215;1.414465;-0.186263;-0.0084;0.1731;0.9849;-0.080447;-0.001276;0.059034;-0.0084;0.1731;0.9849;-0.024112;-0.032949;-0.177483;0.8055;0.257;-0.534;0.021077;1.749162;0.748208;0.8055;0.257;-0.534;0.046047;-0.012508;-0.061821;0.8055;0.257;-0.534;-0.080447;-0.001276;0.059034;-0.8576;0.1701;-0.4853;0.339215;1.414465;-0.186263;-0.8576;0.1701;-0.4853;-0.012984;-0.0071;-0.062223;-0.8576;0.1701;-0.4853
-3.322262;-0.085557;-3.189946;3.587079;3.922303;1.789606;1
153;2
54;-1;0;0;0.1
-0.651028;2.829681;0.838526;-0.8146;-0.3833;0.4354;-0.605159;3.006817;1.080314;-0.8146;-0.3833;0.4354;-0.729191;3.050686;0.886884;-0.8146;-0.3833;0.4354;-0.651028;2.829681;0.838526;-0.0854;-0.7959;0.5993;-0.41737;2.883974;0.943942;-0.0854;-0.7959;0.5993;-0.605159;3.006817;1.080314;-0.0854;-0.7959;0.5993;-0.605159;3.006817;1.080314;-0.0659;0.9632;0.2607;-0.494154;3.087589;0.80995;-0.0659;0.9632;0.2607;-0.729191;3.050686;0.886884;-0.0659;0.9632;0.2607;-0.605159;3.006817;1.080314;0.6945;0.5595;0.4523;-0.41737;2.883974;0.943942;0.6945;0.5595;0.4523;-0.494154;3.087589;0.80995;0.6945;0.5595;0.4523;-0.494154;3.087589;0.80995;0.452;-0.3651;-0.8139;-0.41737;2.883974;0.943942;0.452;-0.3651;-0.8139;-0.651028;2.829681;0.838526;0.452;-0.3651;-0.8139;-0.494154;3.087589;0.80995;-0.3228;0.092;-0.942;-0.651028;2.829681;0.838526;-0.3228;0.092;-0.942;-0.729191;3.050686;0.886884;-0.3228;0.092;-0.942;0.117256;1.740367;-0.339389;-0.8146;-0.3833;0.4354;0.168841;1.939577;-0.06747;-0.8146;-0.3833;0.4354;0.029353;1.988913;-0.285005;-0.8146;-0.3833;0.4354;0.117256;1.740367;-0.339389;-0.0854;-0.7959;0.5993;0.380032;1.801426;-0.220836;-0.0854;-0.7959;0.5993;0.168841;1.939577;-0.06747;-0.0854;-0.7959;0.5993;0.168841;1.939577;-0.06747;-0.0659;0.9632;0.2607;0.293679;2.030415;-0.371525;-0.0659;0.9632;0.2607;0.029353;1.988913;-0.285005;-0.0659;0.9632;0.2607;0.168841;1.939577;-0.06747;0.6945;0.5595;0.4523;0.380032;1.801426;-0.220836;0.6945;0.5595;0.4523;0.293679;2.030415;-0.371525;0.6945;0.5595;0.4523;0.293679;2.030415;-0.371525;0.452;-0.3651;-0.8139;0.380032;1.801426;-0.220836;0.452;-0.3651;-0.8139;0.117256;1.740367;-0.339389;0.452;-0.3651;-0.8139;0.293679;2.030415;-0.371525;-0.3228;0.092;-0.942;0.117256;1.740367;-0.339389;-0.3228;0.092;-0.942;0.029353;1.988913;-0.285005;-0.3228;0.092;-0.942;0.475689;1.241256;0.414813;-0.2879;-0.7066;0.6463;0.751635;1.26608;0.564874;-0.2879;-0.7066;0.6463;0.54437;1.386759;0.604484;-0.2879;-0.7066;0.6463;0.475689;1.241256;0.414813;0.1161;-0.992;-0.0494;0.717439;1.27555;0.294326;0.1161;-0.992;-0.0494;0.751635;1.26608;0.564874;0.1161;-0.992;-0.0494;0.751635;1.26608;0.564874;0.4852;0.6366;0.5995;0.641473;1.508581;0.396534;0.4852;0.6366;0.5995;0.54437;1.386759;0.604484;0.4852;0.6366;0.5995;0.751635;1.26608;0.564874;0.9309;0.3497;-0.1054;0.717439;1.27555;0.294326;0.9309;0.3497;-0.1054;0.641473;1.508581;0.396534;0.9309;0.3497;-0.1054;0.641473;1.508581;0.396534;-0.46;0.2266;-0.8585;0.717439;1.27555;0.294326;-0.46;0.2266;-0.8585;0.475689;1.241256;0.414813;-0.46;0.2266;-0.8585;0.641473;1.508581;0.396534;-0.8491;0.5203;-0.0917;0.475689;1.241256;0.414813;-0.8491;0.5203;-0.0917;0.54437;1.386759;0.604484;-0.8491;0.5203;-0.0917
99;0.6625434;0.90354544;0.57874733;0.1
0.002443;-0.085557;-0.121284;0.915;-0.2323;-0.3298;0.090103;2.000223;-1.347484;0.915;-0.2323;-0.3298;0.083321;-0.085557;0.103106;0.915;-0.2323;-0.3298;0.090103;2.000223;-1.347484;0.0;0.571;0.821;-0.078435;-0.085557;0.103106;0.0;0.571;0.821;0.083321;-0.085557;0.103106;0.0;0.571;0.821;0.00299;1.90204;-1.394777;-0.8774;-0.3304;-0.3477;-0.078347;2.035616;-1.316475;-0.8774;-0.3304;-0.3477;0.113302;3.498229;-3.189946;-0.8774;-0.3304;-0.3477;-0.078347;2.035616;-1.316475;-0.9174;-0.2213;-0.3307;0.002443;-0.085557;-0.121284;-0.9174;-0.2213;-0.3307;-0.078435;-0.085557;0.103106;-0.9174;-0.2213;-0.3307;-0.078347;2.035616;-1.316475;0.2689;0.7457;0.6096;0.090103;2.000223;-1.347484;0.2689;0.7457;0.6096;0.113302;3.498229;-3.189946;0.2689;0.7457;0.6096;0.090103;2.000223;-1.347484;0.7735;-0.4965;-0.3939;0.00299;1.90204;-1.394777;0.7735;-0.4965;-0.3939;0.113302;3.498229;-3.189946;0.7735;-0.4965;-0.3939;-0.063738;-0.085557;0.056298;-0.8061;-0.3682;-0.4634;-1.39294;2.45424;0.350349;-0.8061;-0.3682;-0.4634;0.013084;-0.085557;-0.077336;-0.8061;-0.3682;-0.4634;-1.39294;2.45424;0.350349;0.8468;0.4995;-0.1826;0.045578;-0.085557;0.073342;0.8468;0.4995;-0.1826;0.013084;-0.085557;-0.077336;0.8468;0.4995;-0.1826;-1.443281;2.402565;0.425756;0.0164;-0.5873;0.8092;-1.334744;2.462699;0.467211;0.0164;-0.5873;0.8092;-3.322262;3.530358;1.282382;0.0164;-0.5873;0.8092;-1.334744;2.462699;0.467211;-0.1499;-0.2298;0.9616;-0.063738;-0.085557;0.056298;-0.1499;-0.2298;0.9616;0.045578;-0.085557;0.073342;-0.1499;-0.2298;0.9616;-1.334744;2.462699;0.467211;0.3758;0.8918;-0.2517;-1.39294;2.45424;0.350349;0.3758;0.8918;-0.2517;-3.322262;3.530358;1.282382;0.3758;0.8918;-0.2517;-1.39294;2.45424;0.350349;-0.5776;-0.4403;-0.6874;-1.443281;2.402565;0.425756;-0.5776;-0.4403;-0.6874;-3.322262;3.530358;1.282382;-0.5776;-0.4403;-0.6874;0.078204;-0.085557;0.100606;0.0331;-0.1613;0.9864;1.289179;2.312402;0.452033;0.0331;-0.1613;0.9864;-0.068301;-0.085557;0.105523;0.0331;-0.1613;0.9864;1.289179;2.312402;0.452033;-0.8294;0.5043;-0.2404;-0.002575;-0.085557;-0.1212;-0.8294;0.5043;-0.2404;-0.068301;-0.085557;0.105523;-0.8294;0.5043;-0.2404;1.385001;2.257372;0.44017;0.6403;-0.5512;-0.5349;1.342926;2.32141;0.323817;0.6403;-0.5512;-0.5349;3.587079;3.505915;1.789606;0.6403;-0.5512;-0.5349;1.342926;2.32141;0.323817;0.853;-0.4194;-0.3107;0.078204;-0.085557;0.100606;0.853;-0.4194;-0.3107;-0.002575;-0.085557;-0.1212;0.853;-0.4194;-0.3107;1.342926;2.32141;0.323817;-0.4083;0.9065;-0.1075;1.289179;2.312402;0.452033;-0.4083;0.9065;-0.1075;3.587079;3.505915;1.789606;-0.4083;0.9065;-0.1075;1.289179;2.312402;0.452033;-0.2031;-0.531;0.8227;1.385001;2.257372;0.44017;-0.2031;-0.531;0.8227;3.587079;3.505915;1.789606;-0.2031;-0.531;0.8227;-0.065387;-0.079418;-0.072202;-0.8905;-0.0326;-0.4538;-0.76548;3.593646;1.037613;-0.8905;-0.0326;-0.4538;-0.007664;-0.045818;-0.187884;-0.8905;-0.0326;-0.4538;3.8E-4;-0.007079;-0.050107;0.8464;-0.2117;-0.4887;0.585458;3.922303;-0.739042;0.8464;-0.2117;-0.4887;0.067169;-0.007079;0.065575;0.8464;-0.2117;-0.4887;0.050058;-0.012219;-0.072202;0.151;-0.2594;0.9539;-0.76548;3.593646;1.037613;0.151;-0.2594;0.9539;-0.065387;-0.079418;-0.072202;0.151;-0.2594;0.9539;0.067169;-0.007079;0.065575;0.0;0.2006;0.9797;0.585458;3.922303;-0.739042;0.0;0.2006;0.9797;-0.066409;-0.007079;0.065575;0.0;0.2006;0.9797;-0.007664;-0.045818;-0.187884;0.801;0.3341;-0.4967;-0.76548;3.593646;1.037613;0.801;0.3341;-0.4967;0.050058;-0.012219;-0.072202;0.801;0.3341;-0.4967;-0.066409;-0.007079;0.065575;-0.8653;0.0412;-0.4996;0.585458;3.922303;-0.739042;-0.8653;0.0412;-0.4996;3.8E-4;-0.007079;-0.050107;-0.8653;0.0412;-0.4996;0.002443;-0.085557;-0.121284;0.7291;-0.3694;-0.5762;0.00299;1.90204;-1.394777;0.7291;-0.3694;-0.5762;0.090103;2.000223;-1.347484;0.7291;-0.3694;-0.5762;0.090103;2.000223;-1.347484;0.2605;0.537;0.8024;-0.078347;2.035616;-1.316475;0.2605;0.537;0.8024;-0.078435;-0.085557;0.103106;0.2605;0.537;0.8024;-0.078347;2.035616;-1.316475;-0.8614;-0.2738;-0.4277;0.00299;1.90204;-1.394777;-0.8614;-0.2738;-0.4277;0.002443;-0.085557;-0.121284;-0.8614;-0.2738;-0.4277;-0.063738;-0.085557;0.056298;-0.6942;-0.2869;-0.6601;-1.443281;2.402565;0.425756;-0.6942;-0.2869;-0.6601;-1.39294;2.45424;0.350349;-0.6942;-0.2869;-0.6601;-1.39294;2.45424;0.350349;0.77;0.4818;-0.4183;-1.334744;2.462699;0.467211;0.77;0.4818;-0.4183;0.045578;-0.085557;0.073342;0.77;0.4818;-0.4183;-1.334744;2.462699;0.467211;-0.2158;-0.2594;0.9413;-1.443281;2.402565;0.425756;-0.2158;-0.2594;0.9413;-0.063738;-0.085557;0.056298;-0.2158;-0.2594;0.9413;0.078204;-0.085557;0.100606;0.0303;-0.1599;0.9867;1.385001;2.257372;0.44017;0.0303;-0.1599;0.9867;1.289179;2.312402;0.452033;0.0303;-0.1599;0.9867;1.289179;2.312402;0.452033;-0.807;0.5071;-0.3027;1.342926;2.32141;0.323817;-0.807;0.5071;-0.3027;-0.002575;-0.085557;-0.1212;-0.807;0.5071;-0.3027;1.342926;2.32141;0.323817;0.79;-0.3697;-0.4891;1.385001;2.257372;0.44017;0.79;-0.3697;-0.4891;0.078204;-0.085557;0.100606;0.79;-0.3697;-0.4891
-2.486493;2.422966;-2.276631;2.848864;3.810342;1.458859;1;1
72;1
72;-1;0;0;0.1
-2.486493;2.977992;1.001247;-0.2189;0.9546;-0.2019;-2.045522;3.084359;1.026063;-0.2189;0.9546;-0.2019;-2.232789;2.982568;0.74784;-0.2189;0.9546;-0.2019;-2.486493;2.977992;1.001247;-0.2159;0.7489;0.6266;-2.232789;2.832179;1.262948;-0.2159;0.7489;0.6266;-2.045522;3.084359;1.026063;-0.2159;0.7489;0.6266;-2.045522;3.084359;1.026063;0.8438;-0.1284;-0.521;-2.171417;2.659271;0.926889;0.8438;-0.1284;-0.521;-2.232789;2.982568;0.74784;0.8438;-0.1284;-0.521;-2.045522;3.084359;1.026063;0.8794;-0.3385;0.3348;-2.232789;2.832179;1.262948;0.8794;-0.3385;0.3348;-2.171417;2.659271;0.926889;0.8794;-0.3385;0.3348;-2.171417;2.659271;0.926889;-0.6604;-0.7099;0.2447;-2.232789;2.832179;1.262948;-0.6604;-0.7099;0.2447;-2.486493;2.977992;1.001247;-0.6604;-0.7099;0.2447;-2.171417;2.659271;0.926889;-0.6208;-0.4667;-0.6299;-2.486493;2.977992;1.001247;-0.6208;-0.4667;-0.6299;-2.232789;2.982568;0.74784;-0.6208;-0.4667;-0.6299;-0.269774;2.422966;-2.230373;-0.8146;-0.3833;0.4354;-0.195521;2.709713;-1.838969;-0.8146;-0.3833;0.4354;-0.396303;2.780727;-2.152092;-0.8146;-0.3833;0.4354;-0.269774;2.422966;-2.230373;-0.0854;-0.7959;0.5993;0.10847;2.510855;-2.059726;-0.0854;-0.7959;0.5993;-0.195521;2.709713;-1.838969;-0.0854;-0.7959;0.5993;-0.195521;2.709713;-1.838969;-0.0659;0.9632;0.2607;-0.015827;2.840466;-2.276631;-0.0659;0.9632;0.2607;-0.396303;2.780727;-2.152092;-0.0659;0.9632;0.2607;-0.195521;2.709713;-1.838969;0.6945;0.5595;0.4523;0.10847;2.510855;-2.059726;0.6945;0.5595;0.4523;-0.015827;2.840466;-2.276631;0.6945;0.5595;0.4523;-0.015827;2.840466;-2.276631;0.452;-0.3651;-0.8139;0.10847;2.510855;-2.059726;0.452;-0.3651;-0.8139;-0.269774;2.422966;-2.230373;0.452;-0.3651;-0.8139;-0.015827;2.840466;-2.276631;-0.3228;0.092;-0.942;-0.269774;2.422966;-2.230373;-0.3228;0.092;-0.942;-0.396303;2.780727;-2.152092;-0.3228;0.092;-0.942;2.437739;2.879106;1.03343;-0.8146;-0.3833;0.4354;2.518447;3.190779;1.458859;-0.8146;-0.3833;0.4354;2.300211;3.267967;1.118516;-0.8146;-0.3833;0.4354;2.437739;2.879106;1.03343;-0.0854;-0.7959;0.5993;2.848864;2.974635;1.218911;-0.0854;-0.7959;0.5993;2.518447;3.190779;1.458859;-0.0854;-0.7959;0.5993;2.518447;3.190779;1.458859;-0.0659;0.9632;0.2607;2.713761;3.332899;0.983151;-0.0659;0.9632;0.2607;2.300211;3.267967;1.118516;-0.0659;0.9632;0.2607;2.518447;3.190779;1.458859;0.6945;0.5595;0.4523;2.848864;2.974635;1.218911;0.6945;0.5595;0.4523;2.713761;3.332899;0.983151;0.6945;0.5595;0.4523;2.713761;3.332899;0.983151;0.452;-0.3651;-0.8139;2.848864;2.974635;1.218911;0.452;-0.3651;-0.8139;2.437739;2.879106;1.03343;0.452;-0.3651;-0.8139;2.713761;3.332899;0.983151;-0.3228;0.092;-0.942;2.437739;2.879106;1.03343;-0.3228;0.092;-0.942;2.300211;3.267967;1.118516;-0.3228;0.092;-0.942;0.355579;3.448287;-0.709956;-0.8146;-0.3833;0.4354;0.419971;3.696954;-0.370531;-0.8146;-0.3833;0.4354;0.245853;3.758537;-0.642071;-0.8146;-0.3833;0.4354;0.355579;3.448287;-0.709956;-0.0854;-0.7959;0.5993;0.683592;3.524504;-0.561971;-0.0854;-0.7959;0.5993;0.419971;3.696954;-0.370531;-0.0854;-0.7959;0.5993;0.419971;3.696954;-0.370531;-0.0659;0.9632;0.2607;0.575801;3.810342;-0.750071;-0.0659;0.9632;0.2607;0.245853;3.758537;-0.642071;-0.0659;0.9632;0.2607;0.419971;3.696954;-0.370531;0.6945;0.5595;0.4523;0.683592;3.524504;-0.561971;0.6945;0.5595;0.4523;0.575801;3.810342;-0.750071;0.6945;0.5595;0.4523;0.575801;3.810342;-0.750071;0.452;-0.3651;-0.8139;0.683592;3.524504;-0.561971;0.452;-0.3651;-0.8139;0.355579;3.448287;-0.709956;0.452;-0.3651;-0.8139;0.575801;3.810342;-0.750071;-0.3228;0.092;-0.942;0.355579;3.448287;-0.709956;-0.3228;0.092;-0.942;0.245853;3.758537;-0.642071;-0.3228;0.092;-0.942
7
SPREADER;4;0;0;0;8;5
MATERIAL;second;0;count;6;CUSTOM;0.90354544;0.44007277;0.45181033;1000;ORANGE;20000;YELLOW;40000;PINK;40000;PURPLE;100000;BLACK;400000
INFO;NameId;358;DescId;359;price;16500;dpPerMin;0;range;2;placeSound;thud
LIFE;averagePop;5.0;averageLife;21.0;popFactors;1;0.3;breedMat;10.5;breedTime;7.6017714;parentId;3;count;270;reqs;1;LIFE;type;2;enviroType;3;min;45;max;60;FADE_DEATH;0.5;enviroReqCount;3;reqId;1;minAltitude;45;maxAltitude;100;influence;0.3;reqId;2;barren;1;goodBiomes;4;0;1;8;4;idealFactor;85;influence;0.8;reqId;5;likedSpecies;1;er;influence;0.7
GROWTH;dynamic;0;growthTime;7.0;modelStages;3;subStages;1
FRUITER;modelStage;3;stageCount;1;fruiterTime;10
FOOD;1;906;12;FRUIT
