1.0
ptg
0;1
3
-0.502203;-0.021442;-0.388228;0.502203;2.387942;0.549651;1
51;2
42;-1;0;0;0.12
-0.096047;1.137212;0.549651;-0.8407;-0.251;0.4797;-0.502203;1.35419;-0.048599;-0.8407;-0.251;0.4797;-0.269305;0.757667;0.047448;-0.8407;-0.251;0.4797;0.502203;1.35419;0.143495;0.6588;-0.3633;0.6588;-0.0;0.757667;0.316754;0.6588;-0.3633;0.6588;0.269305;0.757667;0.047448;0.6588;-0.3633;0.6588;0.096047;1.137212;-0.388228;0.7038;0.2813;-0.6524;0.0;2.387942;0.047448;0.7038;0.2813;-0.6524;0.502203;1.35419;0.143495;0.7038;0.2813;-0.6524;0.269305;0.757667;0.047448;0.0;-1.0;0.0;-0.0;0.757667;0.316754;0.0;-1.0;0.0;-0.269305;0.757667;0.047448;0.0;-1.0;0.0;0.096047;1.137212;-0.388228;0.6353;-0.4392;-0.6353;0.269305;0.757667;0.047448;0.6353;-0.4392;-0.6353;0.0;0.757667;-0.221857;0.6353;-0.4392;-0.6353;0.502203;1.35419;0.143495;0.4587;0.3005;0.8362;0.0;2.387942;0.047448;0.4587;0.3005;0.8362;-0.096047;1.137212;0.549651;0.4587;0.3005;0.8362;-0.096047;1.137212;0.549651;-0.6029;-0.5225;0.6029;-0.269305;0.757667;0.047448;-0.6029;-0.5225;0.6029;-0.0;0.757667;0.316754;-0.6029;-0.5225;0.6029;0.269305;0.757667;0.047448;0.0;-1.0;0.0;-0.269305;0.757667;0.047448;0.0;-1.0;0.0;0.0;0.757667;-0.221857;0.0;-1.0;0.0;-0.096047;1.137212;0.549651;-0.7349;0.3005;0.6079;0.0;2.387942;0.047448;-0.7349;0.3005;0.6079;-0.502203;1.35419;-0.048599;-0.7349;0.3005;0.6079;0.096047;1.137212;-0.388228;0.8163;-0.2337;-0.5282;0.502203;1.35419;0.143495;0.8163;-0.2337;-0.5282;0.269305;0.757667;0.047448;0.8163;-0.2337;-0.5282;0.502203;1.35419;0.143495;0.6078;-0.2979;0.7361;-0.096047;1.137212;0.549651;0.6078;-0.2979;0.7361;-0.0;0.757667;0.316754;0.6078;-0.2979;0.7361;-0.502203;1.35419;-0.048599;-0.3975;0.2745;-0.8756;0.0;2.387942;0.047448;-0.3975;0.2745;-0.8756;0.096047;1.137212;-0.388228;-0.3975;0.2745;-0.8756;-0.502203;1.35419;-0.048599;-0.6588;-0.3633;-0.6588;0.0;0.757667;-0.221857;-0.6588;-0.3633;-0.6588;-0.269305;0.757667;0.047448;-0.6588;-0.3633;-0.6588;-0.502203;1.35419;-0.048599;-0.5406;-0.2192;-0.8122;0.096047;1.137212;-0.388228;-0.5406;-0.2192;-0.8122;0.0;0.757667;-0.221857;-0.5406;-0.2192;-0.8122
9;0.90354544;0.90354544;0.90354544;0.08
-0.0;-0.021442;-0.081174;0.8657;0.0259;-0.4998;-0.0;1.919999;0.019303;0.8657;0.0259;-0.4998;0.087016;-0.021442;0.069542;0.8657;0.0259;-0.4998;0.087016;-0.021442;0.069542;-0.0;0.0259;0.9997;-0.0;1.919999;0.019303;-0.0;0.0259;0.9997;-0.087016;-0.021442;0.069542;-0.0;0.0259;0.9997;-0.087016;-0.021442;0.069542;-0.8657;0.0259;-0.4998;-0.0;1.919999;0.019303;-0.8657;0.0259;-0.4998;-0.0;-0.021442;-0.081174;-0.8657;0.0259;-0.4998
-1.320039;0.018602;-1.284814;1.620401;7.434024;1.512368;3;0;extraBounds;2;-1.340766;2.284603;-1.258642;1.340766;6.959381;1.3563;-0.157122;-0.05137;-0.157122;0.157122;2.400058;0.157122
171;2
108;-1;0;0;0.07
0.131537;2.2912;0.054696;-0.2509;-0.9331;0.2578;0.0633;2.706123;1.490258;-0.2509;-0.9331;0.2578;-1.294013;2.717377;0.21008;-0.2509;-0.9331;0.2578;0.131537;2.2912;0.054696;-0.3032;-0.8943;-0.329;-1.294013;2.717377;0.21008;-0.3032;-0.8943;-0.329;0.208385;2.757929;-1.284814;-0.3032;-0.8943;-0.329;0.131537;2.2912;0.054696;0.4132;-0.867;-0.2784;0.208385;2.757929;-1.284814;0.4132;-0.867;-0.2784;1.620401;3.110827;-0.28819;0.4132;-0.867;-0.2784;1.620401;3.110827;-0.28819;0.5551;0.1082;-0.8247;0.208385;2.757929;-1.284814;0.5551;0.1082;-0.8247;0.946183;4.43439;-0.568337;0.5551;0.1082;-0.8247;0.676409;4.788335;1.029141;0.8303;0.4148;0.3722;0.690759;5.706081;-0.025443;0.8303;0.4148;0.3722;-0.122303;6.93468;0.419168;0.8303;0.4148;0.3722;-0.866305;4.888262;0.341204;-0.7026;0.2298;0.6735;-0.271521;5.759949;0.664303;-0.7026;0.2298;0.6735;-0.122303;6.93468;0.419168;-0.7026;0.2298;0.6735;0.17869;7.181966;0.052728;0.207;0.6417;-0.7385;-0.202845;7.169439;-0.065108;0.207;0.6417;-0.7385;-0.067713;7.434024;0.20267;0.207;0.6417;-0.7385;0.17869;7.181966;0.052728;0.2873;0.1498;-0.9461;0.690759;5.706081;-0.025443;0.2873;0.1498;-0.9461;-0.202845;7.169439;-0.065108;0.2873;0.1498;-0.9461;0.690759;5.706081;-0.025443;0.5675;0.3261;-0.756;-0.01274;5.580801;-0.607557;0.5675;0.3261;-0.756;-0.202845;7.169439;-0.065108;0.5675;0.3261;-0.756;-0.01274;5.580801;-0.607557;-0.5105;0.2225;-0.8306;-0.774687;5.580793;-0.139303;-0.5105;0.2225;-0.8306;-0.202845;7.169439;-0.065108;-0.5105;0.2225;-0.8306;-0.202845;7.169439;-0.065108;-0.9408;0.2161;0.2612;-0.122303;6.93468;0.419168;-0.9408;0.2161;0.2612;-0.067713;7.434024;0.20267;-0.9408;0.2161;0.2612;-0.202845;7.169439;-0.065108;-0.9018;0.3106;0.3005;-0.774687;5.580793;-0.139303;-0.9018;0.3106;0.3005;-0.122303;6.93468;0.419168;-0.9018;0.3106;0.3005;-0.774687;5.580793;-0.139303;-0.9041;0.3178;0.2857;-0.866305;4.888262;0.341204;-0.9041;0.3178;0.2857;-0.122303;6.93468;0.419168;-0.9041;0.3178;0.2857;-0.271521;5.759949;0.664303;-0.1459;0.2198;0.9646;0.676409;4.788335;1.029141;-0.1459;0.2198;0.9646;-0.122303;6.93468;0.419168;-0.1459;0.2198;0.9646;-0.122303;6.93468;0.419168;0.6684;0.2332;0.7063;0.17869;7.181966;0.052728;0.6684;0.2332;0.7063;-0.067713;7.434024;0.20267;0.6684;0.2332;0.7063;-0.122303;6.93468;0.419168;0.6861;0.201;0.6992;0.690759;5.706081;-0.025443;0.6861;0.201;0.6992;0.17869;7.181966;0.052728;0.6861;0.201;0.6992;0.946183;4.43439;-0.568337;0.5328;0.4205;-0.7344;-0.01274;5.580801;-0.607557;0.5328;0.4205;-0.7344;0.690759;5.706081;-0.025443;0.5328;0.4205;-0.7344;-0.336142;4.196047;-1.279504;-0.4615;0.4722;-0.751;-0.774687;5.580793;-0.139303;-0.4615;0.4722;-0.751;-0.01274;5.580801;-0.607557;-0.4615;0.4722;-0.751;-0.430199;4.082604;1.327756;-0.7566;0.3011;0.5804;-0.271521;5.759949;0.664303;-0.7566;0.3011;0.5804;-0.866305;4.888262;0.341204;-0.7566;0.3011;0.5804;-0.430199;4.082604;1.327756;0.0174;0.3663;0.9303;0.676409;4.788335;1.029141;0.0174;0.3663;0.9303;-0.271521;5.759949;0.664303;0.0174;0.3663;0.9303;0.946183;4.43439;-0.568337;0.4142;0.3172;-0.8531;-0.336142;4.196047;-1.279504;0.4142;0.3172;-0.8531;-0.01274;5.580801;-0.607557;0.4142;0.3172;-0.8531;0.946183;4.43439;-0.568337;0.4525;0.1746;-0.8745;0.208385;2.757929;-1.284814;0.4525;0.1746;-0.8745;-0.336142;4.196047;-1.279504;0.4525;0.1746;-0.8745;-0.336142;4.196047;-1.279504;-0.9566;-0.0699;-0.2831;-0.866305;4.888262;0.341204;-0.9566;-0.0699;-0.2831;-0.774687;5.580793;-0.139303;-0.9566;-0.0699;-0.2831;-0.336142;4.196047;-1.279504;-0.6806;0.5666;-0.4646;-1.320039;3.328205;-0.896563;-0.6806;0.5666;-0.4646;-0.866305;4.888262;0.341204;-0.6806;0.5666;-0.4646;-1.320039;3.328205;-0.896563;-0.9749;0.1845;0.1248;-1.294013;2.717377;0.21008;-0.9749;0.1845;0.1248;-0.866305;4.888262;0.341204;-0.9749;0.1845;0.1248;-0.866305;4.888262;0.341204;-0.8586;0.1394;0.4933;-1.294013;2.717377;0.21008;-0.8586;0.1394;0.4933;-0.430199;4.082604;1.327756;-0.8586;0.1394;0.4933;-0.430199;4.082604;1.327756;-0.0056;0.3971;0.9178;0.75248;3.672547;1.512368;-0.0056;0.3971;0.9178;0.676409;4.788335;1.029141;-0.0056;0.3971;0.9178;0.75248;3.672547;1.512368;0.9038;0.2205;0.3669;1.620401;3.110827;-0.28819;0.9038;0.2205;0.3669;0.676409;4.788335;1.029141;0.9038;0.2205;0.3669;0.676409;4.788335;1.029141;0.981;0.1395;0.1348;0.946183;4.43439;-0.568337;0.981;0.1395;0.1348;0.690759;5.706081;-0.025443;0.981;0.1395;0.1348;0.676409;4.788335;1.029141;0.886;0.4613;0.0474;1.620401;3.110827;-0.28819;0.886;0.4613;0.0474;0.946183;4.43439;-0.568337;0.886;0.4613;0.0474;0.208385;2.757929;-1.284814;-0.2808;-0.1028;-0.9543;-1.320039;3.328205;-0.896563;-0.2808;-0.1028;-0.9543;-0.336142;4.196047;-1.279504;-0.2808;-0.1028;-0.9543;0.208385;2.757929;-1.284814;-0.4096;-0.8027;-0.4334;-1.294013;2.717377;0.21008;-0.4096;-0.8027;-0.4334;-1.320039;3.328205;-0.896563;-0.4096;-0.8027;-0.4334;0.0633;2.706123;1.490258;-0.6782;-0.1584;0.7176;-0.430199;4.082604;1.327756;-0.6782;-0.1584;0.7176;-1.294013;2.717377;0.21008;-0.6782;-0.1584;0.7176;0.0633;2.706123;1.490258;0.511;-0.819;0.261;0.131537;2.2912;0.054696;0.511;-0.819;0.261;1.620401;3.110827;-0.28819;0.511;-0.819;0.261;0.0633;2.706123;1.490258;-0.1301;0.0701;0.989;0.75248;3.672547;1.512368;-0.1301;0.0701;0.989;-0.430199;4.082604;1.327756;-0.1301;0.0701;0.989;0.0633;2.706123;1.490258;0.7009;-0.5112;0.4974;1.620401;3.110827;-0.28819;0.7009;-0.5112;0.4974;0.75248;3.672547;1.512368;0.7009;-0.5112;0.4974
63;0.90354544;0.90354544;0.90354544;0.03
0.071988;0.020134;-0.066784;0.9331;0.0117;0.3595;0.057617;1.23776;-0.069192;0.9331;0.0117;0.3595;0.011933;0.019368;0.089124;0.9331;0.0117;0.3595;0.011933;0.019368;0.089124;-0.857;-0.038;0.514;-0.111409;1.252626;-0.025355;-0.857;-0.038;0.514;-0.095854;0.018602;-0.090651;-0.857;-0.038;0.514;0.057617;1.23776;-0.069192;-0.2468;0.0481;-0.9679;-0.095854;0.018602;-0.090651;-0.2468;0.0481;-0.9679;-0.111409;1.252626;-0.025355;-0.2468;0.0481;-0.9679;-0.370515;1.665698;0.092202;-0.8252;-0.5519;0.1202;-0.111409;1.252626;-0.025355;-0.8252;-0.5519;0.1202;-0.024408;1.153724;0.11782;-0.8252;-0.5519;0.1202;0.011933;0.019368;0.089124;0.9125;0.0189;0.4087;0.057617;1.23776;-0.069192;0.9125;0.0189;0.4087;-0.024408;1.153724;0.11782;0.9125;0.0189;0.4087;0.011933;0.019368;0.089124;-0.866;-0.0404;0.4984;-0.024408;1.153724;0.11782;-0.866;-0.0404;0.4984;-0.111409;1.252626;-0.025355;-0.866;-0.0404;0.4984;0.057617;1.23776;-0.069192;0.1408;-3.0E-4;-0.99;0.071988;0.020134;-0.066784;0.1408;-3.0E-4;-0.99;-0.095854;0.018602;-0.090651;0.1408;-3.0E-4;-0.99;-0.299802;1.676203;-0.011016;0.7543;0.3541;0.5528;-0.939278;3.760952;-0.473753;0.7543;0.3541;0.5528;-0.370515;1.665698;0.092202;0.7543;0.3541;0.5528;-0.370515;1.665698;0.092202;-0.8703;-0.1063;0.4809;-0.939278;3.760952;-0.473753;-0.8703;-0.1063;0.4809;-0.424718;1.664504;-0.006146;-0.8703;-0.1063;0.4809;-0.424718;1.664504;-0.006146;-0.0172;-0.2217;-0.975;-0.939278;3.760952;-0.473753;-0.0172;-0.2217;-0.975;-0.299802;1.676203;-0.011016;-0.0172;-0.2217;-0.975;-0.111409;1.252626;-0.025355;-0.2569;-0.0817;-0.963;-0.299802;1.676203;-0.011016;-0.2569;-0.0817;-0.963;0.057617;1.23776;-0.069192;-0.2569;-0.0817;-0.963;-0.299802;1.676203;-0.011016;0.6921;0.4945;0.5258;-0.024408;1.153724;0.11782;0.6921;0.4945;0.5258;0.057617;1.23776;-0.069192;0.6921;0.4945;0.5258;0.057617;1.23776;-0.069192;0.9168;-0.2941;0.27;0.600968;3.561851;0.617577;0.9168;-0.2941;0.27;-0.024408;1.153724;0.11782;0.9168;-0.2941;0.27;0.600968;3.561851;0.617577;-0.8199;0.0958;0.5644;-0.111409;1.252626;-0.025355;-0.8199;0.0958;0.5644;-0.024408;1.153724;0.11782;-0.8199;0.0958;0.5644;-0.370515;1.665698;0.092202;-0.7192;-0.5659;0.4032;-0.424718;1.664504;-0.006146;-0.7192;-0.5659;0.4032;-0.111409;1.252626;-0.025355;-0.7192;-0.5659;0.4032;-0.111409;1.252626;-0.025355;-0.0404;0.0158;-0.9991;-0.424718;1.664504;-0.006146;-0.0404;0.0158;-0.9991;-0.299802;1.676203;-0.011016;-0.0404;0.0158;-0.9991;-0.299802;1.676203;-0.011016;0.6927;0.4946;0.5249;-0.370515;1.665698;0.092202;0.6927;0.4946;0.5249;-0.024408;1.153724;0.11782;0.6927;0.4946;0.5249;0.057617;1.23776;-0.069192;-0.211;0.3221;-0.9229;-0.111409;1.252626;-0.025355;-0.211;0.3221;-0.9229;0.600968;3.561851;0.617577;-0.211;0.3221;-0.9229;0.887928;3.369174;-0.557795;-0.259;-0.1188;-0.9585;0.057617;1.23776;-0.069192;-0.259;-0.1188;-0.9585;-0.111409;1.252626;-0.025355;-0.259;-0.1188;-0.9585;0.057617;1.23776;-0.069192;0.9166;-0.2953;0.2693;0.887928;3.369174;-0.557795;0.9166;-0.2953;0.2693;-0.024408;1.153724;0.11782;0.9166;-0.2953;0.2693;-0.111409;1.252626;-0.025355;0.5924;-0.4481;-0.6695;0.887928;3.369174;-0.557795;0.5924;-0.4481;-0.6695;-0.024408;1.153724;0.11782;0.5924;-0.4481;-0.6695
-2.182212;-0.101475;-1.950015;2.37185;11.450291;2.196464;1.5;0;extraBounds;3;-2.131677;3.65586;-2.022064;2.175522;7.699988;2.022064;-1.180397;2.333187;-1.120194;1.180397;11.394104;1.120194;-0.223433;-0.089078;-0.223433;0.223433;3.936913;0.223433
282;2
156;-1;0;0;0.04
0.197305;3.4368;0.05925;0.1227;-0.9013;0.4154;1.897135;4.087625;0.969144;0.1227;-0.9013;0.4154;-0.521764;4.133546;1.783247;0.1227;-0.9013;0.4154;0.197305;3.4368;0.05925;-0.3101;-0.9193;0.2422;-0.521764;4.133546;1.783247;-0.3101;-0.9193;0.2422;-1.699828;4.02822;-0.125153;-0.3101;-0.9193;0.2422;0.197305;3.4368;0.05925;-0.2226;-0.8583;-0.4624;-1.699828;4.02822;-0.125153;-0.2226;-0.8583;-0.4624;0.312578;4.489324;-1.950015;-0.2226;-0.8583;-0.4624;0.197305;3.4368;0.05925;0.3813;-0.8277;-0.4117;0.312578;4.489324;-1.950015;0.3813;-0.8277;-0.4117;2.015851;4.851736;-1.10106;0.3813;-0.8277;-0.4117;2.015851;4.851736;-1.10106;0.3913;0.2411;-0.8881;0.312578;4.489324;-1.950015;0.3913;0.2411;-0.8881;1.419274;6.651585;-0.8753;0.3913;0.2411;-0.8881;2.37185;5.624261;0.747363;0.7105;0.4784;0.5161;1.671476;7.015594;0.422005;0.7105;0.4784;0.5161;0.69841;7.289155;1.508161;0.7105;0.4784;0.5161;-2.182212;5.208912;0.709806;-0.9292;0.3493;0.1205;-1.276885;7.647182;0.622529;-0.9292;0.3493;0.1205;-1.729505;6.798005;-0.405667;-0.9292;0.3493;0.1205;0.69841;7.289155;1.508161;0.8024;0.2484;0.5426;1.110366;8.371174;0.403602;0.8024;0.2484;0.5426;0.274249;10.347767;0.735206;0.8024;0.2484;0.5426;-1.276885;7.647182;0.622529;-0.5226;0.1617;0.8371;-0.407281;8.639923;0.97366;-0.5226;0.1617;0.8371;-0.641158;10.456272;0.476709;-0.5226;0.1617;0.8371;1.110366;8.371174;0.403602;0.9827;0.1607;-0.092;0.961911;8.74707;-0.525519;0.9827;0.1607;-0.092;0.728026;10.531925;0.093895;0.9827;0.1607;-0.092;0.728026;10.531925;0.093895;0.7677;0.6327;0.1014;0.158111;11.28841;-0.311406;0.7677;0.6327;0.1014;-0.028841;11.450291;0.093895;0.7677;0.6327;0.1014;0.728026;10.531925;0.093895;0.7813;0.2935;-0.5508;0.961911;8.74707;-0.525519;0.7813;0.2935;-0.5508;0.158111;11.28841;-0.311406;0.7813;0.2935;-0.5508;0.961911;8.74707;-0.525519;0.3189;0.1793;-0.9307;-0.01911;8.371201;-0.934129;0.3189;0.1793;-0.9307;0.158111;11.28841;-0.311406;0.3189;0.1793;-0.9307;0.158111;11.28841;-0.311406;-0.4252;0.7558;-0.498;-0.641158;10.853537;-0.28892;-0.4252;0.7558;-0.498;-0.028841;11.450291;0.093895;-0.4252;0.7558;-0.498;0.158111;11.28841;-0.311406;-0.1441;0.2149;-0.9659;-0.01911;8.371201;-0.934129;-0.1441;0.2149;-0.9659;-0.641158;10.853537;-0.28892;-0.1441;0.2149;-0.9659;-0.01911;8.371201;-0.934129;-0.5215;0.0899;-0.8485;-1.162031;8.371189;-0.231749;-0.5215;0.0899;-0.8485;-0.641158;10.853537;-0.28892;-0.5215;0.0899;-0.8485;-0.641158;10.853537;-0.28892;-0.7555;0.5816;0.3018;-0.641158;10.456272;0.476709;-0.7555;0.5816;0.3018;-0.028841;11.450291;0.093895;-0.7555;0.5816;0.3018;-0.641158;10.853537;-0.28892;-0.9726;0.2065;0.1072;-1.162031;8.371189;-0.231749;-0.9726;0.2065;0.1072;-0.641158;10.456272;0.476709;-0.9726;0.2065;0.1072;-1.162031;8.371189;-0.231749;-0.973;0.2232;0.0584;-1.276885;7.647182;0.622529;-0.973;0.2232;0.0584;-0.641158;10.456272;0.476709;-0.973;0.2232;0.0584;-0.641158;10.456272;0.476709;-0.192;0.4535;0.8703;0.274249;10.347767;0.735206;-0.192;0.4535;0.8703;-0.028841;11.450291;0.093895;-0.192;0.4535;0.8703;-0.641158;10.456272;0.476709;-0.2396;0.2274;0.9439;-0.407281;8.639923;0.97366;-0.2396;0.2274;0.9439;0.274249;10.347767;0.735206;-0.2396;0.2274;0.9439;-0.407281;8.639923;0.97366;-0.2011;0.2137;0.956;0.69841;7.289155;1.508161;-0.2011;0.2137;0.956;0.274249;10.347767;0.735206;-0.2011;0.2137;0.956;0.274249;10.347767;0.735206;0.6237;0.514;0.5889;0.728026;10.531925;0.093895;0.6237;0.514;0.5889;-0.028841;11.450291;0.093895;0.6237;0.514;0.5889;0.274249;10.347767;0.735206;0.7647;0.222;0.6049;1.110366;8.371174;0.403602;0.7647;0.222;0.6049;0.728026;10.531925;0.093895;0.7647;0.222;0.6049;1.419274;6.651585;-0.8753;0.9726;0.2232;-0.0651;0.961911;8.74707;-0.525519;0.9726;0.2232;-0.0651;1.110366;8.371174;0.403602;0.9726;0.2232;-0.0651;1.419274;6.651585;-0.8753;0.3018;0.2207;-0.9275;-0.01911;8.371201;-0.934129;0.3018;0.2207;-0.9275;0.961911;8.74707;-0.525519;0.3018;0.2207;-0.9275;-0.504213;6.29407;-1.94205;-0.4615;0.4722;-0.751;-1.162031;8.371189;-0.231749;-0.4615;0.4722;-0.751;-0.01911;8.371201;-0.934129;-0.4615;0.4722;-0.751;-1.729505;6.798005;-0.405667;-0.9356;0.3213;0.1465;-1.276885;7.647182;0.622529;-0.9356;0.3213;0.1465;-1.162031;8.371189;-0.231749;-0.9356;0.3213;0.1465;-0.645299;6.123907;1.96884;-0.6531;0.3312;0.6811;-0.407281;8.639923;0.97366;-0.6531;0.3312;0.6811;-1.276885;7.647182;0.622529;-0.6531;0.3312;0.6811;-0.645299;6.123907;1.96884;-2.0E-4;0.3678;0.9299;0.69841;7.289155;1.508161;-2.0E-4;0.3678;0.9299;-0.407281;8.639923;0.97366;-2.0E-4;0.3678;0.9299;0.69841;7.289155;1.508161;0.7448;0.3163;0.5876;1.671476;7.015594;0.422005;0.7448;0.3163;0.5876;1.110366;8.371174;0.403602;0.7448;0.3163;0.5876;1.419274;6.651585;-0.8753;0.4142;0.3172;-0.8531;-0.504213;6.29407;-1.94205;0.4142;0.3172;-0.8531;-0.01911;8.371201;-0.934129;0.4142;0.3172;-0.8531;1.419274;6.651585;-0.8753;0.4452;0.2053;-0.8716;0.312578;4.489324;-1.950015;0.4452;0.2053;-0.8716;-0.504213;6.29407;-1.94205;0.4452;0.2053;-0.8716;-0.504213;6.29407;-1.94205;-0.6868;0.3199;-0.6527;-1.729505;6.798005;-0.405667;-0.6868;0.3199;-0.6527;-1.162031;8.371189;-0.231749;-0.6868;0.3199;-0.6527;-0.504213;6.29407;-1.94205;-0.6312;0.4311;-0.6448;-1.980058;4.992307;-1.367638;-0.6312;0.4311;-0.6448;-1.729505;6.798005;-0.405667;-0.6312;0.4311;-0.6448;-1.980058;4.992307;-1.367638;-0.9737;0.1965;-0.1152;-2.182212;5.208912;0.709806;-0.9737;0.1965;-0.1152;-1.729505;6.798005;-0.405667;-0.9737;0.1965;-0.1152;-1.276885;7.647182;0.622529;-0.7032;0.2844;0.6517;-2.182212;5.208912;0.709806;-0.7032;0.2844;0.6517;-0.645299;6.123907;1.96884;-0.7032;0.2844;0.6517;-0.645299;6.123907;1.96884;-0.0637;0.4295;0.9008;1.039933;5.896336;2.196464;-0.0637;0.4295;0.9008;0.69841;7.289155;1.508161;-0.0637;0.4295;0.9008;1.039933;5.896336;2.196464;0.6988;0.4472;0.5583;2.37185;5.624261;0.747363;0.6988;0.4472;0.5583;0.69841;7.289155;1.508161;0.6988;0.4472;0.5583;1.671476;7.015594;0.422005;0.8896;0.3645;-0.2752;1.419274;6.651585;-0.8753;0.8896;0.3645;-0.2752;1.110366;8.371174;0.403602;0.8896;0.3645;-0.2752;1.671476;7.015594;0.422005;0.8825;0.3793;-0.278;2.37185;5.624261;0.747363;0.8825;0.3793;-0.278;1.419274;6.651585;-0.8753;0.8825;0.3793;-0.278;2.37185;5.624261;0.747363;0.8898;0.3339;-0.3109;2.015851;4.851736;-1.10106;0.8898;0.3339;-0.3109;1.419274;6.651585;-0.8753;0.8898;0.3339;-0.3109;0.312578;4.489324;-1.950015;-0.2686;-0.1173;-0.9561;-1.980058;4.992307;-1.367638;-0.2686;-0.1173;-0.9561;-0.504213;6.29407;-1.94205;-0.2686;-0.1173;-0.9561;0.312578;4.489324;-1.950015;-0.3088;-0.7839;-0.5386;-1.699828;4.02822;-0.125153;-0.3088;-0.7839;-0.5386;-1.980058;4.992307;-1.367638;-0.3088;-0.7839;-0.5386;-1.699828;4.02822;-0.125153;-0.9374;-0.3438;-0.0554;-2.182212;5.208912;0.709806;-0.9374;-0.3438;-0.0554;-1.980058;4.992307;-1.367638;-0.9374;-0.3438;-0.0554;-1.699828;4.02822;-0.125153;-0.6716;-0.5907;0.4472;-0.521764;4.133546;1.783247;-0.6716;-0.5907;0.4472;-2.182212;5.208912;0.709806;-0.6716;-0.5907;0.4472;-0.521764;4.133546;1.783247;-0.5893;-0.1112;0.8002;-0.645299;6.123907;1.96884;-0.5893;-0.1112;0.8002;-2.182212;5.208912;0.709806;-0.5893;-0.1112;0.8002;2.37185;5.624261;0.747363;0.9515;-0.3022;-0.057;1.897135;4.087625;0.969144;0.9515;-0.3022;-0.057;2.015851;4.851736;-1.10106;0.9515;-0.3022;-0.057;1.897135;4.087625;0.969144;0.4708;-0.8361;-0.2816;0.197305;3.4368;0.05925;0.4708;-0.8361;-0.2816;2.015851;4.851736;-1.10106;0.4708;-0.8361;-0.2816;-0.521764;4.133546;1.783247;-0.1465;-0.1009;0.9841;1.039933;5.896336;2.196464;-0.1465;-0.1009;0.9841;-0.645299;6.123907;1.96884;-0.1465;-0.1009;0.9841;-0.521764;4.133546;1.783247;0.2779;-0.4457;0.8509;1.897135;4.087625;0.969144;0.2779;-0.4457;0.8509;1.039933;5.896336;2.196464;0.2779;-0.4457;0.8509;1.897135;4.087625;0.969144;0.719;-0.1234;0.684;2.37185;5.624261;0.747363;0.719;-0.1234;0.684;1.039933;5.896336;2.196464;0.719;-0.1234;0.684
126;0.90354544;0.90354544;0.90354544;0.02
-0.143781;0.356363;-0.15877;-0.9889;0.1458;0.03;-0.196567;-0.101475;0.326098;-0.9889;0.1458;0.03;-0.107981;0.547434;0.092992;-0.9889;0.1458;0.03;0.107981;0.547434;-0.12297;0.9915;0.016;-0.1289;0.086426;1.85664;-0.126582;0.9915;0.016;-0.1289;0.143781;0.356363;0.128792;0.9915;0.016;-0.1289;0.143781;0.356363;0.128792;-0.1707;-0.0404;0.9845;-0.036612;1.730586;0.153935;-0.1707;-0.0404;0.9845;-0.107981;0.547434;0.092992;-0.1707;-0.0404;0.9845;-0.107981;0.547434;0.092992;-0.9869;-0.0254;0.1596;-0.167114;1.87894;-0.060826;-0.9869;-0.0254;0.1596;-0.143781;0.356363;-0.15877;-0.9869;-0.0254;0.1596;0.086426;1.85664;-0.126582;-0.2458;0.0585;-0.9676;-0.143781;0.356363;-0.15877;-0.2458;0.0585;-0.9676;-0.167114;1.87894;-0.060826;-0.2458;0.0585;-0.9676;0.143781;0.356363;0.128792;0.9889;0.1458;-0.03;0.196567;-0.101475;-0.356076;0.9889;0.1458;-0.03;0.107981;0.547434;-0.12297;0.9889;0.1458;-0.03;-0.555773;2.498547;0.115509;-0.8252;-0.5519;0.1202;-0.167114;1.87894;-0.060826;-0.8252;-0.5519;0.1202;-0.036612;1.730586;0.153935;-0.8252;-0.5519;0.1202;0.143781;0.356363;0.128792;0.8914;0.109;0.4399;0.086426;1.85664;-0.126582;0.8914;0.109;0.4399;-0.036612;1.730586;0.153935;0.8914;0.109;0.4399;-0.107981;0.547434;0.092992;-0.847;0.0237;0.5311;-0.036612;1.730586;0.153935;-0.847;0.0237;0.5311;-0.167114;1.87894;-0.060826;-0.847;0.0237;0.5311;0.086426;1.85664;-0.126582;0.1411;-4.0E-4;-0.99;0.107981;0.547434;-0.12297;0.1411;-4.0E-4;-0.99;-0.143781;0.356363;-0.15877;0.1411;-4.0E-4;-0.99;-0.449704;2.514305;-0.039318;0.736;0.4014;0.5451;-1.582797;6.015471;-1.08724;0.736;0.4014;0.5451;-0.555773;2.498547;0.115509;0.736;0.4014;0.5451;-0.555773;2.498547;0.115509;-0.8718;-0.0899;0.4816;-1.582797;6.015471;-1.08724;-0.8718;-0.0899;0.4816;-0.637078;2.496756;-0.032013;-0.8718;-0.0899;0.4816;-0.637078;2.496756;-0.032013;-0.0102;-0.2897;-0.9571;-1.582797;6.015471;-1.08724;-0.0102;-0.2897;-0.9571;-0.449704;2.514305;-0.039318;-0.0102;-0.2897;-0.9571;-0.167114;1.87894;-0.060826;-0.2569;-0.0817;-0.963;-0.449704;2.514305;-0.039318;-0.2569;-0.0817;-0.963;0.086426;1.85664;-0.126582;-0.2569;-0.0817;-0.963;-0.449704;2.514305;-0.039318;0.6921;0.4945;0.5258;-0.036612;1.730586;0.153935;0.6921;0.4945;0.5258;0.086426;1.85664;-0.126582;0.6921;0.4945;0.5258;0.086426;1.85664;-0.126582;0.8777;-0.4413;0.1867;1.311108;4.856792;1.206441;0.8777;-0.4413;0.1867;-0.036612;1.730586;0.153935;0.8777;-0.4413;0.1867;1.311108;4.856792;1.206441;-0.7972;0.1465;0.5856;-0.167114;1.87894;-0.060826;-0.7972;0.1465;0.5856;-0.036612;1.730586;0.153935;-0.7972;0.1465;0.5856;0.143781;0.356363;0.128792;0.2533;0.2178;0.9425;-0.196567;-0.101475;0.326098;0.2533;0.2178;0.9425;0.341087;-0.101475;0.181578;0.2533;0.2178;0.9425;-0.143781;0.356363;-0.15877;-0.2533;0.2178;-0.9425;0.196567;-0.101475;-0.356076;-0.2533;0.2178;-0.9425;-0.341087;-0.101475;-0.211556;-0.2533;0.2178;-0.9425;-0.143781;0.356363;-0.15877;-0.9009;0.3603;0.2421;-0.341087;-0.101475;-0.211556;-0.9009;0.3603;0.2421;-0.196567;-0.101475;0.326098;-0.9009;0.3603;0.2421;0.143781;0.356363;0.128792;0.9009;0.3603;-0.2421;0.341087;-0.101475;0.181578;0.9009;0.3603;-0.2421;0.196567;-0.101475;-0.356076;0.9009;0.3603;-0.2421;0.143781;0.356363;0.128792;0.1111;0.3225;0.94;-0.107981;0.547434;0.092992;0.1111;0.3225;0.94;-0.196567;-0.101475;0.326098;0.1111;0.3225;0.94;-0.143781;0.356363;-0.15877;-0.1111;0.3225;-0.94;0.107981;0.547434;-0.12297;-0.1111;0.3225;-0.94;0.196567;-0.101475;-0.356076;-0.1111;0.3225;-0.94;-0.555773;2.498547;0.115509;-0.8681;-0.1265;0.48;-0.033213;5.910624;1.960182;-0.8681;-0.1265;0.48;-0.637078;2.496756;-0.032013;-0.8681;-0.1265;0.48;-0.555773;2.498547;0.115509;-0.7192;-0.5659;0.4032;-0.637078;2.496756;-0.032013;-0.7192;-0.5659;0.4032;-0.167114;1.87894;-0.060826;-0.7192;-0.5659;0.4032;-0.167114;1.87894;-0.060826;-0.0404;0.0158;-0.9991;-0.637078;2.496756;-0.032013;-0.0404;0.0158;-0.9991;-0.449704;2.514305;-0.039318;-0.0404;0.0158;-0.9991;-0.449704;2.514305;-0.039318;0.6927;0.4946;0.5249;-0.555773;2.498547;0.115509;0.6927;0.4946;0.5249;-0.036612;1.730586;0.153935;0.6927;0.4946;0.5249;0.086426;1.85664;-0.126582;-0.1846;0.461;-0.868;-0.167114;1.87894;-0.060826;-0.1846;0.461;-0.868;1.311108;4.856792;1.206441;-0.1846;0.461;-0.868;-0.449704;2.514305;-0.039318;-0.0814;0.513;-0.8545;-0.637078;2.496756;-0.032013;-0.0814;0.513;-0.8545;-0.033213;5.910624;1.960182;-0.0814;0.513;-0.8545;-0.555773;2.498547;0.115509;0.7788;-0.3864;0.4942;-0.449704;2.514305;-0.039318;0.7788;-0.3864;0.4942;-0.033213;5.910624;1.960182;0.7788;-0.3864;0.4942;0.563477;2.864412;-0.653937;-0.2639;-0.3462;-0.9003;0.086426;1.85664;-0.126582;-0.2639;-0.3462;-0.9003;-0.167114;1.87894;-0.060826;-0.2639;-0.3462;-0.9003;0.086426;1.85664;-0.126582;0.8917;-0.4003;0.2112;0.629416;2.84123;-0.553008;0.8917;-0.4003;0.2112;-0.036612;1.730586;0.153935;0.8917;-0.4003;0.2112;-0.167114;1.87894;-0.060826;0.367;-0.6461;-0.6693;0.629416;2.84123;-0.553008;0.367;-0.6461;-0.6693;-0.036612;1.730586;0.153935;0.367;-0.6461;-0.6693;0.629416;2.84123;-0.553008;-0.8295;0.0585;0.5554;0.3341;5.43144;-1.266998;-0.8295;0.0585;0.5554;0.563477;2.864412;-0.653937;-0.8295;0.0585;0.5554;0.705304;2.793579;-0.71163;0.9054;0.2056;0.3714;0.3341;5.43144;-1.266998;0.9054;0.2056;0.3714;0.629416;2.84123;-0.553008;0.9054;0.2056;0.3714;0.563477;2.864412;-0.653937;-0.4677;-0.2446;-0.8494;0.3341;5.43144;-1.266998;-0.4677;-0.2446;-0.8494;0.705304;2.793579;-0.71163;-0.4677;-0.2446;-0.8494;0.563477;2.864412;-0.653937;-0.4628;-0.2291;-0.8564;0.705304;2.793579;-0.71163;-0.4628;-0.2291;-0.8564;0.086426;1.85664;-0.126582;-0.4628;-0.2291;-0.8564;0.086426;1.85664;-0.126582;0.8399;-0.2559;0.4787;0.705304;2.793579;-0.71163;0.8399;-0.2559;0.4787;0.629416;2.84123;-0.553008;0.8399;-0.2559;0.4787;-0.167114;1.87894;-0.060826;0.5237;-0.6894;-0.5005;0.563477;2.864412;-0.653937;0.5237;-0.6894;-0.5005;0.629416;2.84123;-0.553008;0.5237;-0.6894;-0.5005;0.629416;2.84123;-0.553008;-0.775;0.2742;0.5693;1.781546;5.141694;-0.092556;-0.775;0.2742;0.5693;0.563477;2.864412;-0.653937;-0.775;0.2742;0.5693;0.629416;2.84123;-0.553008;0.7351;-0.4666;0.4919;0.705304;2.793579;-0.71163;0.7351;-0.4666;0.4919;1.781546;5.141694;-0.092556;0.7351;-0.4666;0.4919;0.705304;2.793579;-0.71163;-0.2057;0.3366;-0.9189;0.563477;2.864412;-0.653937;-0.2057;0.3366;-0.9189;1.781546;5.141694;-0.092556;-0.2057;0.3366;-0.9189
5
MATERIAL;second;0;count;6;CUSTOM;0.90354544;0.49162906;0.5028882;5000;ORANGE;100000;DARK_ORANGE;100000;DARK_PURPLE;100000;LIGHT_GREEN;200000;DARK_GREEN;400000
INFO;NameId;375;DescId;376;price;2900;dpPerMin;0;range;3;placeSound;thud
LIFE;averagePop;6.0;averageLife;72.0;popFactors;2;0;0.3;breedMat;36.0;breedTime;26.048462;parentId;25;count;350;reqs;2;MATERIAL;col;RED;LIFE;type;2;enviroType;3;min;35;max;100;FALL_DEATH;fallTime;3;totalTime;5;fallenAngle;60;particleEffect;1;ExplodeTime;0.975;UseMaterial;1;Colour;1;Spawn;2;5;0;1;0;PPS;30;Speed;1.5;Gravity;0.3;Life;3;Scale;0.1;Colour;0.90354544;0.49162906;0.5028882;Additive;0;Alpha;1;FadeIn;0.1;FadeOut;0.8;HasDir;1;Dir;0;1;0;Varience;0.25;Offset;0;5;0;LifeError;0.4;ScaleError;0.3;SpeedError;0.4;RandRot;1;HasXRot;1;XRotSpeed;180;Stages;1;2;enviroReqCount;4;reqId;1;minAltitude;35;maxAltitude;65;influence;0.75;reqId;2;barren;0;goodBiomes;2;0;7;idealFactor;60;influence;0.7;reqId;3;badBiomes;2;3;4;influence;0.8;reqId;6;dislikedSpecies;1;erl;influence;0.85
GROWTH;dynamic;0;growthTime;24.0;modelStages;3;subStages;2
WOOD;cut time;3.5;bark factor;0.7;colour;0.9035;0.9035;0.9035
