0.3
pnw
1;0;-0.3
3
-0.417954;-0.128947;-0.719091;1.655884;3.369354;0.335362;1
24;1
24;0.56586397;0.90354544;0.72654533;0.1
-0.135072;3.25569;0.312322;-0.0358;-0.0948;0.9949;-0.05298;-0.128947;-0.007171;-0.0358;-0.0948;0.9949;0.448892;3.277031;0.335362;-0.0358;-0.0948;0.9949;0.448892;3.277031;0.335362;0.5167;0.01;-0.8561;-0.05298;-0.128947;-0.007171;0.5167;0.01;-0.8561;-0.417954;3.369354;-0.186735;0.5167;0.01;-0.8561;-0.417954;3.369354;-0.186735;-0.8745;-0.0666;0.4805;-0.05298;-0.128947;-0.007171;-0.8745;-0.0666;0.4805;-0.135072;3.25569;0.312322;-0.8745;-0.0666;0.4805;-0.135072;3.25569;0.312322;-0.0451;0.9682;0.2461;0.448892;3.277031;0.335362;-0.0451;0.9682;0.2461;-0.417954;3.369354;-0.186735;-0.0451;0.9682;0.2461;1.246511;2.098251;-0.460886;0.4769;-0.0985;0.8734;0.002232;0.096025;-0.007171;0.4769;-0.0985;0.8734;1.655884;1.790779;-0.719091;0.4769;-0.0985;0.8734;1.655884;1.790779;-0.719091;-0.1699;-0.2361;-0.9568;0.002232;0.096025;-0.007171;-0.1699;-0.2361;-0.9568;0.826135;2.387818;-0.719091;-0.1699;-0.2361;-0.9568;0.826135;2.387818;-0.719091;-0.2831;0.3759;0.8824;0.002232;0.096025;-0.007171;-0.2831;0.3759;0.8824;1.246511;2.098251;-0.460886;-0.2831;0.3759;0.8824;1.246511;2.098251;-0.460886;0.5836;0.811;-0.0406;1.655884;1.790779;-0.719091;0.5836;0.811;-0.0406;0.826135;2.387818;-0.719091;0.5836;0.811;-0.0406
-1.947536;-0.118623;-1.112006;3.209012;9.418032;0.706268;1
84;2
72;0.56586397;0.90354544;0.72654533;0.2
0.006889;2.56653;0.348114;0.4894;-0.1172;0.8642;-0.009917;-0.118623;-0.006597;0.4894;-0.1172;0.8642;0.551482;2.553616;0.037965;0.4894;-0.1172;0.8642;0.551482;2.553616;0.037965;-0.0;0.0167;-0.9999;-0.009917;-0.118623;-0.006597;-0.0;0.0167;-0.9999;-0.537704;2.553616;0.037965;-0.0;0.0167;-0.9999;-0.537704;2.553616;0.037965;-0.4898;-0.1112;0.8647;-0.009917;-0.118623;-0.006597;-0.4898;-0.1112;0.8647;0.006889;2.56653;0.348114;-0.4898;-0.1112;0.8647;0.006889;2.56653;0.348114;-0.0;0.9991;-0.0416;0.551482;2.553616;0.037965;-0.0;0.9991;-0.0416;-0.537704;2.553616;0.037965;-0.0;0.9991;-0.0416;0.34722;5.216253;0.706268;0.4581;-0.2214;0.8609;-0.103332;1.751834;0.054857;0.4581;-0.2214;0.8609;0.885135;5.123358;0.39612;0.4581;-0.2214;0.8609;0.885135;5.123358;0.39612;0.0143;0.0965;-0.9952;-0.103332;1.751834;0.054857;0.0143;0.0965;-0.9952;-0.193941;5.28356;0.39612;0.0143;0.0965;-0.9952;-0.193941;5.28356;0.39612;-0.5039;-0.0959;0.8584;-0.103332;1.751834;0.054857;-0.5039;-0.0959;0.8584;0.34722;5.216253;0.706268;-0.5039;-0.0959;0.8584;0.34722;5.216253;0.706268;0.1467;0.9883;-0.0415;0.885135;5.123358;0.39612;0.1467;0.9883;-0.0415;-0.193941;5.28356;0.39612;0.1467;0.9883;-0.0415;0.864291;7.879574;-0.122206;0.4801;0.0696;0.8744;0.228419;4.450639;0.499794;0.4801;0.0696;0.8744;1.363023;7.762;-0.386683;0.4801;0.0696;0.8744;1.363023;7.762;-0.386683;-0.0515;-0.2417;-0.969;0.228419;4.450639;0.499794;-0.0515;-0.2417;-0.969;0.361622;7.975539;-0.386682;-0.0515;-0.2417;-0.969;0.361622;7.975539;-0.386682;-0.4167;0.2365;0.8778;0.228419;4.450639;0.499794;-0.4167;0.2365;0.8778;0.864291;7.879574;-0.122206;-0.4167;0.2365;0.8778;0.864291;7.879574;-0.122206;0.2084;0.9772;-0.0415;1.363023;7.762;-0.386683;0.2084;0.9772;-0.0415;0.361622;7.975539;-0.386682;0.2084;0.9772;-0.0415;-1.579881;4.836265;0.212337;0.3247;0.1651;0.9313;0.074548;2.183787;0.105849;0.3247;0.1651;0.9313;-1.205197;5.078654;0.038744;0.3247;0.1651;0.9313;-1.205197;5.078654;0.038744;0.012;-0.0179;-0.9998;0.074548;2.183787;0.105849;0.012;-0.0179;-0.9998;-1.947536;4.581583;0.038744;0.012;-0.0179;-0.9998;-1.947536;4.581583;0.038744;-0.2892;-0.2178;0.9321;0.074548;2.183787;0.105849;-0.2892;-0.2178;0.9321;-1.579881;4.836265;0.212337;-0.2892;-0.2178;0.9321;-1.579881;4.836265;0.212337;-0.5559;0.8302;-0.0407;-1.205197;5.078654;0.038744;-0.5559;0.8302;-0.0407;-1.947536;4.581583;0.038744;-0.5559;0.8302;-0.0407;1.66507;3.042069;-0.375575;0.4519;-0.1384;0.8813;0.040875;0.088337;-0.006597;0.4519;-0.1384;0.8813;2.156796;2.672744;-0.685723;0.4519;-0.1384;0.8813;2.156796;2.672744;-0.685723;-0.1166;-0.162;-0.9799;0.040875;0.088337;-0.006597;-0.1166;-0.162;-0.9799;1.160127;3.389889;-0.685723;-0.1166;-0.162;-0.9799;1.160127;3.389889;-0.685723;-0.3414;0.299;0.8911;0.040875;0.088337;-0.006597;-0.3414;0.299;0.8911;1.66507;3.042069;-0.375575;-0.3414;0.299;0.8911;1.66507;3.042069;-0.375575;0.5836;0.811;-0.0406;2.156796;2.672744;-0.685723;0.5836;0.811;-0.0406;1.160127;3.389889;-0.685723;0.5836;0.811;-0.0406;2.720669;5.495012;-0.449977;0.4186;-0.187;0.8887;1.265891;2.186763;-0.46101;0.4186;-0.187;0.8887;3.209012;5.324682;-0.715829;0.4186;-0.187;0.8887;3.209012;5.324682;-0.715829;-0.0219;-0.0674;-0.9975;1.265891;2.186763;-0.46101;-0.0219;-0.0674;-0.9975;2.226438;5.644141;-0.715829;-0.0219;-0.0674;-0.9975;2.226438;5.644141;-0.715829;-0.4224;0.1828;0.8878;1.265891;2.186763;-0.46101;-0.4224;0.1828;0.8878;2.720669;5.495012;-0.449977;-0.4224;0.1828;0.8878;2.720669;5.495012;-0.449977;0.3089;0.9502;-0.0413;3.209012;5.324682;-0.715829;0.3089;0.9502;-0.0413;2.226438;5.644141;-0.715829;0.3089;0.9502;-0.0413
12;-1.0;0.0;0.0;0.2
0.527712;9.210618;-1.112006;-0.9865;-0.1484;0.0697;0.858433;7.480078;-0.115585;-0.9865;-0.1484;0.0697;0.542297;9.418032;-0.463509;-0.9865;-0.1484;0.0697;0.542297;9.418032;-0.463509;0.5179;0.2323;0.8233;0.858433;7.480078;-0.115585;0.5179;0.2323;0.8233;1.124589;9.302691;-0.797297;0.5179;0.2323;0.8233;1.124589;9.302691;-0.797297;0.4774;-0.3681;-0.7978;0.858433;7.480078;-0.115585;0.4774;-0.3681;-0.7978;0.527712;9.210618;-1.112006;0.4774;-0.3681;-0.7978;0.527712;9.210618;-1.112006;0.0139;0.9523;-0.3049;0.542297;9.418032;-0.463509;0.0139;0.9523;-0.3049;1.124589;9.302691;-0.797297;0.0139;0.9523;-0.3049
-5.932899;-0.128484;-3.118108;6.432425;13.416764;0.764977;1
144;2
108;0.56586397;0.90354544;0.72654533;0.3
-0.009545;2.779872;0.37705;0.4894;-0.1172;0.8642;-0.027748;-0.128484;-0.007145;0.4894;-0.1172;0.8642;0.580317;2.765884;0.041121;0.4894;-0.1172;0.8642;0.580317;2.765884;0.041121;-0.0;0.0167;-0.9999;-0.027748;-0.128484;-0.007145;-0.0;0.0167;-0.9999;-0.599407;2.765884;0.041121;-0.0;0.0167;-0.9999;-0.599407;2.765884;0.041121;-0.4898;-0.1112;0.8647;-0.027748;-0.128484;-0.007145;-0.4898;-0.1112;0.8647;-0.009545;2.779872;0.37705;-0.4898;-0.1112;0.8647;-0.009545;2.779872;0.37705;-0.0;0.9991;-0.0416;0.580317;2.765884;0.041121;-0.0;0.9991;-0.0416;-0.599407;2.765884;0.041121;-0.0;0.9991;-0.0416;0.359075;5.649852;0.764977;0.4581;-0.2214;0.8609;-0.128928;1.897455;0.059417;0.4581;-0.2214;0.8609;0.941705;5.549235;0.429047;0.4581;-0.2214;0.8609;0.941705;5.549235;0.429047;0.0143;0.0965;-0.9952;-0.128928;1.897455;0.059417;0.0143;0.0965;-0.9952;-0.227069;5.722754;0.429047;0.0143;0.0965;-0.9952;-0.227069;5.722754;0.429047;-0.5039;-0.0959;0.8584;-0.128928;1.897455;0.059417;-0.5039;-0.0959;0.8584;0.359075;5.649852;0.764977;-0.5039;-0.0959;0.8584;0.359075;5.649852;0.764977;0.1467;0.9883;-0.0415;0.941705;5.549235;0.429047;0.1467;0.9883;-0.0415;-0.227069;5.722754;0.429047;0.1467;0.9883;-0.0415;0.919373;8.535907;-0.099385;0.479;0.0622;0.8756;0.2304;4.820596;0.541339;0.479;0.0622;0.8756;1.552846;8.386568;-0.435315;0.479;0.0622;0.8756;1.552846;8.386568;-0.435315;-0.0524;-0.2457;-0.9679;0.2304;4.820596;0.541339;-0.0524;-0.2457;-0.9679;0.280901;8.657798;-0.435314;-0.0524;-0.2457;-0.9679;0.280901;8.657798;-0.435314;-0.4186;0.2292;0.8788;0.2304;4.820596;0.541339;-0.4186;0.2292;0.8788;0.919373;8.535907;-0.099385;-0.4186;0.2292;0.8788;0.919373;8.535907;-0.099385;0.2084;0.9772;-0.0415;1.552846;8.386568;-0.435315;0.2084;0.9772;-0.0415;0.280901;8.657798;-0.435314;0.2084;0.9772;-0.0415;0.457436;11.759341;-1.523306;0.4047;0.3557;0.8424;0.836159;7.734736;-0.006042;0.4047;0.3557;0.8424;1.103336;11.820064;-1.859236;0.4047;0.3557;0.8424;1.103336;11.820064;-1.859236;0.0481;-0.4152;-0.9084;0.836159;7.734736;-0.006042;0.0481;-0.4152;-0.9084;-0.185714;11.670802;-1.859236;0.0481;-0.4152;-0.9084;-0.185714;11.670802;-1.859236;-0.4747;0.271;0.8374;0.836159;7.734736;-0.006042;-0.4747;0.271;0.8374;0.457436;11.759341;-1.523306;-0.4747;0.271;0.8374;0.457436;11.759341;-1.523306;-0.1149;0.9925;-0.0416;1.103336;11.820064;-1.859236;-0.1149;0.9925;-0.0416;-0.185714;11.670802;-1.859236;-0.1149;0.9925;-0.0416;-1.522698;8.535663;0.328592;0.3642;0.2695;0.8915;0.483135;5.091396;0.550369;0.3642;0.2695;0.8915;-0.964695;8.892853;-0.007337;0.3642;0.2695;0.8915;-0.964695;8.892853;-0.007337;0.0775;-0.1158;-0.9902;0.483135;5.091396;0.550369;0.0775;-0.1158;-0.9902;-2.067096;8.154684;-0.007337;0.0775;-0.1158;-0.9902;-2.067096;8.154684;-0.007337;-0.4182;-0.1863;0.889;0.483135;5.091396;0.550369;-0.4182;-0.1863;0.889;-1.522698;8.535663;0.328592;-0.4182;-0.1863;0.889;-1.522698;8.535663;0.328592;-0.5559;0.8302;-0.0407;-0.964695;8.892853;-0.007337;-0.5559;0.8302;-0.0407;-2.067096;8.154684;-0.007337;-0.5559;0.8302;-0.0407;-3.742971;10.579099;0.638776;0.4088;0.2252;0.8844;-1.119101;7.862916;0.117701;0.4088;0.2252;0.8844;-3.29641;11.087684;0.302846;0.4088;0.2252;0.8844;-3.29641;11.087684;0.302846;-0.0378;0.0319;-0.9988;-1.119101;7.862916;0.117701;-0.0378;0.0319;-0.9988;-4.170437;10.051653;0.302846;-0.0378;0.0319;-0.9988;-4.170437;10.051653;0.302846;-0.224;-0.3879;0.8941;-1.119101;7.862916;0.117701;-0.224;-0.3879;0.8941;-3.742971;10.579099;0.638776;-0.224;-0.3879;0.8941;-3.742971;10.579099;0.638776;-0.7637;0.6443;-0.0398;-3.29641;11.087684;0.302846;-0.7637;0.6443;-0.0398;-4.170437;10.051653;0.302846;-0.7637;0.6443;-0.0398;2.085001;3.503911;-0.406794;0.4376;-0.1604;0.8848;0.027266;0.09568;-0.007145;0.4376;-0.1604;0.8848;2.617602;3.103885;-0.742724;0.4376;-0.1604;0.8848;2.617602;3.103885;-0.742724;-0.1068;-0.1484;-0.9831;0.027266;0.09568;-0.007145;-0.1068;-0.1484;-0.9831;1.538085;3.880642;-0.742724;-0.1068;-0.1484;-0.9831;1.538085;3.880642;-0.742724;-0.3355;0.307;0.8906;0.027266;0.09568;-0.007145;-0.3355;0.307;0.8906;2.085001;3.503911;-0.406794;-0.3355;0.307;0.8906;2.085001;3.503911;-0.406794;0.5836;0.811;-0.0406;2.617602;3.103885;-0.742724;0.5836;0.811;-0.0406;1.538085;3.880642;-0.742724;0.5836;0.811;-0.0406;3.288406;6.997913;-0.455395;0.426;-0.1665;0.8893;1.652641;2.577507;-0.499331;0.426;-0.1665;0.8893;3.905473;6.782685;-0.791325;0.426;-0.1665;0.8893;3.905473;6.782685;-0.791325;-0.0192;-0.059;-0.9981;1.652641;2.577507;-0.499331;-0.0192;-0.059;-0.9981;2.6639;7.18635;-0.791324;-0.0192;-0.059;-0.9981;2.6639;7.18635;-0.791324;-0.4325;0.1512;0.8889;1.652641;2.577507;-0.499331;-0.4325;0.1512;0.8889;3.288406;6.997913;-0.455395;-0.4325;0.1512;0.8889;3.288406;6.997913;-0.455395;0.3089;0.9502;-0.0413;3.905473;6.782685;-0.791325;0.3089;0.9502;-0.0413;2.6639;7.18635;-0.791324;0.3089;0.9502;-0.0413;5.133151;10.679178;0.175321;0.3301;-0.3345;0.8827;2.69089;6.014966;-0.678619;0.3301;-0.3345;0.8827;5.712674;10.364659;-0.160608;0.3301;-0.3345;0.8827;5.712674;10.364659;-0.160608;0.045;0.0872;-0.9952;2.69089;6.014966;-0.678619;0.045;0.0872;-0.9952;4.5425;10.968449;-0.160608;0.045;0.0872;-0.9952;4.5425;10.968449;-0.160608;-0.4626;0.0806;0.8829;2.69089;6.014966;-0.678619;-0.4626;0.0806;0.8829;5.133151;10.679178;0.175321;-0.4626;0.0806;0.8829;5.133151;10.679178;0.175321;0.4582;0.8879;-0.041;5.712674;10.364659;-0.160608;0.4582;0.8879;-0.041;4.5425;10.968449;-0.160608;0.4582;0.8879;-0.041
36;-1.0;0.0;0.0;0.3
-0.397492;12.835181;-3.118108;-0.8865;-0.4526;0.0969;0.425226;11.517647;-1.745402;-0.8865;-0.4526;0.0969;-0.483895;13.358974;-1.462379;-0.8865;-0.4526;0.0969;-0.483895;13.358974;-1.462379;0.4846;0.1058;0.8683;0.425226;11.517647;-1.745402;0.4846;0.1058;0.8683;1.030583;13.416764;-2.314599;0.4846;0.1058;0.8683;1.030583;13.416764;-2.314599;0.5675;-0.3971;-0.7213;0.425226;11.517647;-1.745402;0.5675;-0.3971;-0.7213;-0.397492;12.835181;-3.118108;0.5675;-0.3971;-0.7213;-0.397492;12.835181;-3.118108;-0.207;0.9296;-0.3049;-0.483895;13.358974;-1.462379;-0.207;0.9296;-0.3049;1.030583;13.416764;-2.314599;-0.207;0.9296;-0.3049;-5.42387;10.470877;-1.199242;-0.1812;-0.9773;0.1096;-3.58128;10.312906;0.437783;-0.1812;-0.9773;0.1096;-5.932899;10.772091;0.645501;-0.1812;-0.9773;0.1096;-5.932899;10.772091;0.645501;0.1698;0.4805;0.8604;-3.58128;10.312906;0.437783;0.1698;0.4805;0.8604;-4.898034;12.106408;-0.304006;0.1698;0.4805;0.8604;-4.898034;12.106408;-0.304006;0.6615;0.1851;-0.7267;-3.58128;10.312906;0.437783;0.6615;0.1851;-0.7267;-5.42387;10.470877;-1.199242;0.6615;0.1851;-0.7267;-5.42387;10.470877;-1.199242;-0.8453;0.4387;-0.3049;-5.932899;10.772091;0.645501;-0.8453;0.4387;-0.3049;-4.898034;12.106408;-0.304006;-0.8453;0.4387;-0.3049;6.432425;12.219363;0.053112;0.7443;-0.541;-0.3916;4.972821;10.29136;-0.057381;0.7443;-0.541;-0.3916;5.783884;12.294285;-1.283213;0.7443;-0.541;-0.3916;5.783884;12.294285;-1.283213;-0.8517;0.0246;-0.5234;4.972821;10.29136;-0.057381;-0.8517;0.0246;-0.5234;5.055337;12.766228;-0.075542;-0.8517;0.0246;-0.5234;5.055337;12.766228;-0.075542;-0.089;0.0103;0.996;4.972821;10.29136;-0.057381;-0.089;0.0103;0.996;6.432425;12.219363;0.053112;-0.089;0.0103;0.996;6.432425;12.219363;0.053112;0.3765;0.9171;-0.1313;5.783884;12.294285;-1.283213;0.3765;0.9171;-0.1313;5.055337;12.766228;-0.075542;0.3765;0.9171;-0.1313
6
SPREADER;9;0;0;0;8;5
MATERIAL;second;0;count;7;CUSTOM;0.7550528;0.5625224;0.90354544;1000;YELLOW;50000;CYAN;85000;LIGHT_BLUE;70000;ORANGE;90000;RED;120000;WHITE;300000
INFO;NameId;410;DescId;411;price;4790;dpPerMin;0;range;2;placeSound;grassPlace
LIFE;averagePop;8.5;averageLife;6.0;popFactors;1;0.2;breedMat;3.0;breedTime;2.1694336;parentId;13;count;180;reqs;2;LIFE;type;2;enviroType;1;biome;TROPICAL;amount;0.15;LIFE;type;2;enviroType;0;classification;erl;count;2;FADE_DEATH;0.5;enviroReqCount;3;reqId;5;likedSpecies;1;er;influence;0.8;reqId;2;barren;0;goodBiomes;2;2;9;ideal;50;influence;0.85;reqId;6;dislikedSpecies;1;pnw16;influence;0.35
GROWTH;dynamic;0;growthTime;2.0;modelStages;3;subStages;1
FOOD;1;902;28;WHOLE;PARTICLE_DEATH;isColour;1;Spawn;0;PPS;8;Speed;0.6;Gravity;0.2;Life;0.5;Scale;0.05;Colour;0.283767;0.615176;0.26896;Additive;0;Alpha;1;FadeIn;0.1;FadeOut;0.8;HasDir;1;Dir;0;1;0;Deviation;0.3;Offset;0;0;0;LifeError;0.4;ScaleError;0.1;SpeedError;0.1;RandomRot;1;HasXRot;0
