2.3
ptw
0;1
5
-0.272956;-0.0494;-0.476792;0.174106;0.994851;0.536783;1
99;2
54;-1.0;0.0;0.0;0.1
0.071938;0.675746;-0.393051;0.8058;0.3681;0.4638;-0.039864;0.581417;-0.123922;0.8058;0.3681;0.4638;0.170435;0.431577;-0.370386;0.8058;0.3681;0.4638;-0.207857;0.616971;0.38997;-0.7604;0.6294;0.1599;0.007663;0.888032;0.347893;-0.7604;0.6294;0.1599;-0.099011;0.817941;0.116503;-0.7604;0.6294;0.1599;-0.207857;0.616971;0.38997;-0.4175;0.4541;0.787;0.074808;0.6224;0.536783;-0.4175;0.4541;0.787;0.007663;0.888032;0.347893;-0.4175;0.4541;0.787;0.071938;0.675746;-0.393051;0.1555;0.9103;0.3837;-0.245836;0.688739;-0.295075;0.1555;0.9103;0.3837;-0.039864;0.581417;-0.123922;0.1555;0.9103;0.3837;0.007663;0.888032;0.347893;0.6436;0.5979;-0.4778;0.174106;0.644016;0.266768;0.6436;0.5979;-0.4778;-0.099011;0.817941;0.116503;0.6436;0.5979;-0.4778;0.007663;0.888032;0.347893;0.8257;0.4503;0.3397;0.074808;0.6224;0.536783;0.8257;0.4503;0.3397;0.174106;0.644016;0.266768;0.8257;0.4503;0.3397;-0.169642;0.438426;-0.476792;0.299;0.0321;-0.9537;0.071938;0.675746;-0.393051;0.299;0.0321;-0.9537;0.170435;0.431577;-0.370386;0.299;0.0321;-0.9537;-0.169642;0.438426;-0.476792;-0.2312;0.5245;-0.8194;-0.245836;0.688739;-0.295075;-0.2312;0.5245;-0.8194;0.071938;0.675746;-0.393051;-0.2312;0.5245;-0.8194;0.174106;0.644016;0.266768;0.0509;-0.9968;-0.0611;0.074808;0.6224;0.536783;0.0509;-0.9968;-0.0611;-0.207857;0.616971;0.38997;0.0509;-0.9968;-0.0611;0.174106;0.644016;0.266768;-0.1465;-0.7684;-0.623;-0.207857;0.616971;0.38997;-0.1465;-0.7684;-0.623;-0.099011;0.817941;0.116503;-0.1465;-0.7684;-0.623;-0.039864;0.581417;-0.123922;-0.6837;-0.5534;0.4757;-0.245836;0.688739;-0.295075;-0.6837;-0.5534;0.4757;-0.169642;0.438426;-0.476792;-0.6837;-0.5534;0.4757;-0.039864;0.581417;-0.123922;-0.1488;-0.8962;0.4179;-0.169642;0.438426;-0.476792;-0.1488;-0.8962;0.4179;0.170435;0.431577;-0.370386;-0.1488;-0.8962;0.4179;0.055338;0.994851;-0.104687;0.9896;0.055;-0.1328;0.112685;0.758286;0.22463;0.9896;0.055;-0.1328;0.06447;0.709928;-0.154601;0.9896;0.055;-0.1328;0.055338;0.994851;-0.104687;0.4282;0.7676;0.4769;-0.171342;0.948985;0.172682;0.4282;0.7676;0.4769;0.112685;0.758286;0.22463;0.4282;0.7676;0.4769;-0.272956;0.776302;-0.001986;-0.3834;0.1474;-0.9117;0.055338;0.994851;-0.104687;-0.3834;0.1474;-0.9117;0.06447;0.709928;-0.154601;-0.3834;0.1474;-0.9117;-0.272956;0.776302;-0.001986;-0.5923;0.7181;-0.3653;-0.171342;0.948985;0.172682;-0.5923;0.7181;-0.3653;0.055338;0.994851;-0.104687;-0.5923;0.7181;-0.3653;0.112685;0.758286;0.22463;-0.4604;-0.4827;0.745;-0.171342;0.948985;0.172682;-0.4604;-0.4827;0.745;-0.272956;0.776302;-0.001986;-0.4604;-0.4827;0.745;0.112685;0.758286;0.22463;-0.129;-0.9815;0.1416;-0.272956;0.776302;-0.001986;-0.129;-0.9815;0.1416;0.06447;0.709928;-0.154601;-0.129;-0.9815;0.1416
45;0.90354544;0.6955348;0.5480113;0.08
-0.00148;-0.0494;-0.03526;0.8658;0.0252;-0.4998;-0.00148;0.941022;0.014581;0.8658;0.0252;-0.4998;0.047817;-0.0494;0.050126;0.8658;0.0252;-0.4998;0.047817;-0.0494;0.050126;-0.0;0.0359;0.9994;-0.00148;0.941022;0.014581;-0.0;0.0359;0.9994;-0.050777;-0.0494;0.050126;-0.0;0.0359;0.9994;-0.050777;-0.0494;0.050126;-0.8658;0.0252;-0.4998;-0.00148;0.941022;0.014581;-0.8658;0.0252;-0.4998;-0.00148;-0.0494;-0.03526;-0.8658;0.0252;-0.4998;-0.00148;0.369997;-0.193797;0.7737;-0.1752;-0.6088;-0.075482;0.638278;-0.365043;0.7737;-0.1752;-0.6088;0.01629;0.396971;-0.178973;0.7737;-0.1752;-0.6088;0.01629;0.396971;-0.178973;0.0;0.6106;0.7919;-0.075482;0.638278;-0.365043;0.0;0.6106;0.7919;-0.01925;0.396971;-0.178973;0.0;0.6106;0.7919;-0.01925;0.396971;-0.178973;-0.8652;-0.4167;-0.2789;-0.075482;0.638278;-0.365043;-0.8652;-0.4167;-0.2789;-0.00148;0.369997;-0.193797;-0.8652;-0.4167;-0.2789;-0.01925;0.396971;-0.178973;-0.9836;0.1588;0.0861;-0.010748;0.341716;0.02002;-0.9836;0.1588;0.0861;-0.004283;0.382111;0.019386;-0.9836;0.1588;0.0861;0.01629;0.396971;-0.178973;0.6157;0.7785;0.1222;-0.004283;0.382111;0.019386;0.6157;0.7785;0.1222;0.027163;0.356439;0.024492;0.6157;0.7785;0.1222;0.01629;0.396971;-0.178973;0.8432;-0.5366;-0.0344;-0.010748;0.341716;0.02002;0.8432;-0.5366;-0.0344;-0.00148;0.369997;-0.193797;0.8432;-0.5366;-0.0344;-0.01925;0.396971;-0.178973;-0.8559;-0.5066;-0.1041;-0.00148;0.369997;-0.193797;-0.8559;-0.5066;-0.1041;-0.010748;0.341716;0.02002;-0.8559;-0.5066;-0.1041;0.01629;0.396971;-0.178973;0.0;0.9972;0.0747;-0.01925;0.396971;-0.178973;0.0;0.9972;0.0747;-0.004283;0.382111;0.019386;0.0;0.9972;0.0747;0.01629;0.396971;-0.178973;0.3751;-0.9051;-0.2003;0.027163;0.356439;0.024492;0.3751;-0.9051;-0.2003;-0.010748;0.341716;0.02002;0.3751;-0.9051;-0.2003;0.002545;0.788998;0.32509;0.9863;0.1257;-0.1067;0.011056;0.479723;0.039507;0.9863;0.1257;-0.1067;0.005046;0.514146;0.024491;0.9863;0.1257;-0.1067;0.002545;0.788998;0.32509;-0.5868;0.5952;-0.5491;0.005046;0.514146;0.024491;-0.5868;0.5952;-0.5491;-0.024186;0.490459;0.030055;-0.5868;0.5952;-0.5491;0.002545;0.788998;0.32509;-0.3746;-0.6345;0.676;-0.024186;0.490459;0.030055;-0.3746;-0.6345;0.676;0.011056;0.479723;0.039507;-0.3746;-0.6345;0.676
-0.93319;-0.039123;-1.696286;0.582797;3.140718;1.746375;3;0;extraBounds;2;-0.814936;1.606319;-1.70154;0.538903;3.115789;1.622065;-0.152536;-0.040963;-0.411605;0.103114;2.5144;0.070656
195;2
81;0.90354544;0.6955348;0.5480113;0.025
-0.02068;-0.037251;-0.088111;-0.9752;-0.1247;-0.1829;-0.164068;1.497551;-0.369957;-0.9752;-0.1247;-0.1829;-0.139767;1.544544;-0.531568;-0.9752;-0.1247;-0.1829;-0.164068;1.497551;-0.369957;0.3241;-0.2462;0.9134;0.023656;1.524209;-0.429372;0.3241;-0.2462;0.9134;-0.085823;2.757341;-0.058161;0.3241;-0.2462;0.9134;-0.02068;-0.037251;-0.088111;0.773;-0.1563;-0.6149;0.023656;1.524209;-0.429372;0.773;-0.1563;-0.6149;0.127026;-0.039123;0.098061;0.773;-0.1563;-0.6149;-0.105982;-0.031008;0.110761;0.2491;0.2992;0.9211;0.023656;1.524209;-0.429372;0.2491;0.2992;0.9211;-0.164068;1.497551;-0.369957;0.2491;0.2992;0.9211;0.023656;1.524209;-0.429372;0.5333;0.2869;-0.7958;-0.139767;1.544544;-0.531568;0.5333;0.2869;-0.7958;-0.085823;2.757341;-0.058161;0.5333;0.2869;-0.7958;-0.139767;1.544544;-0.531568;-0.9883;0.0916;-0.122;-0.164068;1.497551;-0.369957;-0.9883;0.0916;-0.122;-0.085823;2.757341;-0.058161;-0.9883;0.0916;-0.122;-0.127453;1.704596;-0.350582;0.0204;-0.9978;0.0626;0.173966;1.745762;0.207911;0.0204;-0.9978;0.0626;0.068754;1.745762;0.242172;0.0204;-0.9978;0.0626;0.07108;1.373835;-0.96976;0.0;-0.3472;-0.9378;-0.012953;1.373835;-0.969759;0.0;-0.3472;-0.9378;0.069087;2.122291;-1.246872;0.0;-0.3472;-0.9378;0.029063;1.43311;-0.927539;0.853;0.5015;0.1447;-0.003129;1.327636;-0.372228;0.853;0.5015;0.1447;0.07108;1.373835;-0.96976;0.853;0.5015;0.1447;0.104146;1.823812;0.172179;-0.939;0.1468;-0.3111;0.068754;1.745762;0.242172;-0.939;0.1468;-0.3111;-0.154559;2.538356;1.290004;-0.939;0.1468;-0.3111;0.104146;1.823812;0.172179;-0.796;0.5622;0.2244;-0.127453;1.704596;-0.350582;-0.796;0.5622;0.2244;0.068754;1.745762;0.242172;-0.796;0.5622;0.2244;-0.003129;1.327636;-0.372228;-0.0;-0.997;-0.0771;-0.012953;1.373835;-0.969759;-0.0;-0.997;-0.0771;0.07108;1.373835;-0.96976;-0.0;-0.997;-0.0771;0.068754;1.745762;0.242172;0.2012;-0.7601;0.6178;0.173966;1.745762;0.207911;0.2012;-0.7601;0.6178;-0.154559;2.538356;1.290004;0.2012;-0.7601;0.6178;0.029063;1.43311;-0.927539;0.8206;0.2004;0.5353;0.07108;1.373835;-0.96976;0.8206;0.2004;0.5353;0.069087;2.122291;-1.246872;0.8206;0.2004;0.5353;-0.117214;1.327636;-0.383744;-0.781;0.6179;-0.0902;0.029063;1.43311;-0.927539;-0.781;0.6179;-0.0902;-0.012953;1.373835;-0.969759;-0.781;0.6179;-0.0902;-0.012953;1.373835;-0.969759;-0.8435;0.2653;0.4669;0.029063;1.43311;-0.927539;-0.8435;0.2653;0.4669;0.069087;2.122291;-1.246872;-0.8435;0.2653;0.4669;-0.028648;1.704596;-0.37985;0.7749;0.5532;-0.3059;0.104146;1.823812;0.172179;0.7749;0.5532;-0.3059;0.173966;1.745762;0.207911;0.7749;0.5532;-0.3059;0.173966;1.745762;0.207911;0.7742;0.5992;-0.2039;0.104146;1.823812;0.172179;0.7742;0.5992;-0.2039;-0.154559;2.538356;1.290004;0.7742;0.5992;-0.2039;-0.02068;-0.037251;-0.088111;-0.9096;-0.1557;-0.3853;-0.105982;-0.031008;0.110761;-0.9096;-0.1557;-0.3853;-0.164068;1.497551;-0.369957;-0.9096;-0.1557;-0.3853;-0.02068;-0.037251;-0.088111;0.5018;-0.1983;-0.8419;-0.139767;1.544544;-0.531568;0.5018;-0.1983;-0.8419;0.023656;1.524209;-0.429372;0.5018;-0.1983;-0.8419;-0.105982;-0.031008;0.110761;0.0627;0.3228;0.9444;0.127026;-0.039123;0.098061;0.0627;0.3228;0.9444;0.023656;1.524209;-0.429372;0.0627;0.3228;0.9444;-0.127453;1.704596;-0.350582;0.0188;-0.9978;0.0634;-0.028648;1.704596;-0.37985;0.0188;-0.9978;0.0634;0.173966;1.745762;0.207911;0.0188;-0.9978;0.0634;0.029063;1.43311;-0.927539;0.8296;0.5378;0.1502;-0.060171;1.42463;-0.404494;0.8296;0.5378;0.1502;-0.003129;1.327636;-0.372228;0.8296;0.5378;0.1502;0.104146;1.823812;0.172179;-0.8262;0.5044;0.251;-0.07431;1.811061;-0.389597;-0.8262;0.5044;0.251;-0.127453;1.704596;-0.350582;-0.8262;0.5044;0.251;-0.003129;1.327636;-0.372228;0.0078;-0.997;-0.0772;-0.117214;1.327636;-0.383744;0.0078;-0.997;-0.0772;-0.012953;1.373835;-0.969759;0.0078;-0.997;-0.0772;-0.117214;1.327636;-0.383744;-0.8663;0.4795;-0.14;-0.060171;1.42463;-0.404494;-0.8663;0.4795;-0.14;0.029063;1.43311;-0.927539;-0.8663;0.4795;-0.14;-0.028648;1.704596;-0.37985;0.8888;0.3546;-0.2904;-0.07431;1.811061;-0.389597;0.8888;0.3546;-0.2904;0.104146;1.823812;0.172179;0.8888;0.3546;-0.2904
114;-1.0;0.0;0.0;0.04
0.162749;2.35052;0.557164;0.7718;-0.5391;-0.3372;0.563734;2.493031;1.247153;0.7718;-0.5391;-0.3372;0.035686;1.799256;1.147699;0.7718;-0.5391;-0.3372;0.162749;2.35052;0.557164;-0.0921;-0.7179;-0.69;0.035686;1.799256;1.147699;-0.0921;-0.7179;-0.69;-0.93319;2.338743;0.71566;-0.0921;-0.7179;-0.69;0.162749;2.35052;0.557164;-0.1413;-0.1036;-0.9845;-0.93319;2.338743;0.71566;-0.1413;-0.1036;-0.9845;-0.302147;2.851178;0.571214;-0.1413;-0.1036;-0.9845;0.035686;1.799256;1.147699;0.7342;-0.6034;0.3111;0.563734;2.493031;1.247153;0.7342;-0.6034;0.3111;0.075776;2.156637;1.746375;0.7342;-0.6034;0.3111;-0.93319;2.338743;0.71566;-0.3864;-0.8894;-0.2441;0.035686;1.799256;1.147699;-0.3864;-0.8894;-0.2441;-0.886039;2.102774;1.500696;-0.3864;-0.8894;-0.2441;-0.302147;2.851178;0.571214;-0.6403;0.7626;-0.0917;-0.93319;2.338743;0.71566;-0.6403;0.7626;-0.0917;-0.377766;2.874357;1.291981;-0.6403;0.7626;-0.0917;0.162749;2.35052;0.557164;0.6315;0.6002;-0.4909;-0.302147;2.851178;0.571214;0.6315;0.6002;-0.4909;0.563734;2.493031;1.247153;0.6315;0.6002;-0.4909;0.035686;1.799256;1.147699;-0.0837;-0.8532;0.5149;0.075776;2.156637;1.746375;-0.0837;-0.8532;0.5149;-0.886039;2.102774;1.500696;-0.0837;-0.8532;0.5149;-0.93319;2.338743;0.71566;-0.786;0.5775;0.2208;-0.886039;2.102774;1.500696;-0.786;0.5775;0.2208;-0.377766;2.874357;1.291981;-0.786;0.5775;0.2208;-0.302147;2.851178;0.571214;0.3758;0.9267;0.0096;-0.377766;2.874357;1.291981;0.3758;0.9267;0.0096;0.563734;2.493031;1.247153;0.3758;0.9267;0.0096;-0.377766;2.874357;1.291981;-0.2477;0.4017;0.8817;-0.886039;2.102774;1.500696;-0.2477;0.4017;0.8817;0.075776;2.156637;1.746375;-0.2477;0.4017;0.8817;0.563734;2.493031;1.247153;0.2918;0.6364;0.714;-0.377766;2.874357;1.291981;0.2918;0.6364;0.714;0.075776;2.156637;1.746375;0.2918;0.6364;0.714;-0.400917;2.639417;0.521113;0.033;-0.8989;0.4368;0.582797;2.406029;-0.033548;0.033;-0.8989;0.4368;0.387614;2.725987;0.639628;0.033;-0.8989;0.4368;0.582797;2.406029;-0.033548;0.0419;-0.8922;0.4497;-0.400917;2.639417;0.521113;0.0419;-0.8922;0.4497;-0.426839;2.221309;-0.305903;0.0419;-0.8922;0.4497;0.582797;2.406029;-0.033548;0.2914;-0.7837;-0.5486;-0.426839;2.221309;-0.305903;0.2914;-0.7837;-0.5486;0.521417;2.798617;-0.626935;0.2914;-0.7837;-0.5486;0.582797;2.406029;-0.033548;0.9385;0.3247;0.1178;0.521417;2.798617;-0.626935;0.9385;0.3247;0.1178;0.387614;2.725987;0.639628;0.9385;0.3247;0.1178;0.521417;2.798617;-0.626935;0.3807;-0.8402;-0.3863;-0.426839;2.221309;-0.305903;0.3807;-0.8402;-0.3863;-0.348626;2.628113;-1.113666;0.3807;-0.8402;-0.3863;0.387614;2.725987;0.639628;0.6172;0.7791;0.1099;0.521417;2.798617;-0.626935;0.6172;0.7791;0.1099;-0.105333;3.140718;0.468272;0.6172;0.7791;0.1099;0.521417;2.798617;-0.626935;0.198;0.7593;-0.6199;-0.348626;2.628113;-1.113666;0.198;0.7593;-0.6199;-0.292056;3.131097;-0.479553;0.198;0.7593;-0.6199;0.521417;2.798617;-0.626935;0.3644;0.9277;-0.0812;-0.292056;3.131097;-0.479553;0.3644;0.9277;-0.0812;-0.105333;3.140718;0.468272;0.3644;0.9277;-0.0812;0.387614;2.725987;0.639628;-0.1671;0.2003;0.9654;-0.105333;3.140718;0.468272;-0.1671;0.2003;0.9654;-0.400917;2.639417;0.521113;-0.1671;0.2003;0.9654;-0.426839;2.221309;-0.305903;-0.6752;-0.6496;0.3496;-0.400917;2.639417;0.521113;-0.6752;-0.6496;0.3496;-0.74217;2.605561;-0.200967;-0.6752;-0.6496;0.3496;-0.348626;2.628113;-1.113666;-0.7696;-0.5373;-0.3451;-0.426839;2.221309;-0.305903;-0.7696;-0.5373;-0.3451;-0.74217;2.605561;-0.200967;-0.7696;-0.5373;-0.3451;-0.292056;3.131097;-0.479553;-0.7962;0.5066;-0.3308;-0.348626;2.628113;-1.113666;-0.7962;0.5066;-0.3308;-0.74217;2.605561;-0.200967;-0.7962;0.5066;-0.3308;-0.105333;3.140718;0.468272;-0.7164;0.6847;0.1342;-0.292056;3.131097;-0.479553;-0.7164;0.6847;0.1342;-0.74217;2.605561;-0.200967;-0.7164;0.6847;0.1342;-0.400917;2.639417;0.521113;-0.7903;0.5029;0.3499;-0.105333;3.140718;0.468272;-0.7903;0.5029;0.3499;-0.74217;2.605561;-0.200967;-0.7903;0.5029;0.3499;0.242232;2.054004;-0.69856;-0.2666;-0.1278;0.9553;-0.09036;2.301822;-0.758204;-0.2666;-0.1278;0.9553;-0.196722;1.561546;-0.88693;-0.2666;-0.1278;0.9553;0.242232;2.054004;-0.69856;0.6761;-0.6956;0.2431;-0.196722;1.561546;-0.88693;0.6761;-0.6956;0.2431;0.178452;1.650301;-1.67631;0.6761;-0.6956;0.2431;0.242232;2.054004;-0.69856;0.8939;-0.4319;0.12;0.178452;1.650301;-1.67631;0.8939;-0.4319;0.12;0.467134;2.363123;-1.261477;0.8939;-0.4319;0.12;-0.196722;1.561546;-0.88693;-0.0913;-0.1579;0.9832;-0.09036;2.301822;-0.758204;-0.0913;-0.1579;0.9832;-0.696342;1.916195;-0.876382;-0.0913;-0.1579;0.9832;0.178452;1.650301;-1.67631;-0.1741;-0.966;-0.1913;-0.196722;1.561546;-0.88693;-0.1741;-0.966;-0.1913;-0.526025;1.781199;-1.696286;-0.1741;-0.966;-0.1913;0.467134;2.363123;-1.261477;0.0935;0.4722;-0.8765;0.178452;1.650301;-1.67631;0.0935;0.4722;-0.8765;-0.49777;2.275686;-1.411559;0.0935;0.4722;-0.8765;0.242232;2.054004;-0.69856;0.4279;0.7091;0.5604;0.467134;2.363123;-1.261477;0.4279;0.7091;0.5604;-0.09036;2.301822;-0.758204;0.4279;0.7091;0.5604;-0.196722;1.561546;-0.88693;-0.5786;-0.8155;0.0141;-0.696342;1.916195;-0.876382;-0.5786;-0.8155;0.0141;-0.526025;1.781199;-1.696286;-0.5786;-0.8155;0.0141;0.178452;1.650301;-1.67631;0.1157;0.4907;-0.8636;-0.526025;1.781199;-1.696286;0.1157;0.4907;-0.8636;-0.49777;2.275686;-1.411559;0.1157;0.4907;-0.8636;0.467134;2.363123;-1.261477;-0.093;0.9955;0.0182;-0.49777;2.275686;-1.411559;-0.093;0.9955;0.0182;-0.09036;2.301822;-0.758204;-0.093;0.9955;0.0182;-0.49777;2.275686;-1.411559;-0.9553;0.1865;-0.2292;-0.526025;1.781199;-1.696286;-0.9553;0.1865;-0.2292;-0.696342;1.916195;-0.876382;-0.9553;0.1865;-0.2292;-0.09036;2.301822;-0.758204;-0.5526;0.7722;0.3137;-0.49777;2.275686;-1.411559;-0.5526;0.7722;0.3137;-0.696342;1.916195;-0.876382;-0.5526;0.7722;0.3137
-1.71;-0.042132;-2.809435;1.258257;5.133725;2.744518;1.5;0;extraBounds;2;-1.336558;2.347367;-2.584996;1.140571;5.043982;2.688094;-0.327349;-0.035622;-0.633969;0.261224;3.834436;0.274117
276;2
114;0.90354544;0.6955348;0.5480113;0.01
0.020162;0.543554;-0.125279;0.6974;0.1471;-0.7015;0.262385;-0.038063;-0.006469;0.6974;0.1471;-0.7015;-0.050494;-0.029275;-0.315672;0.6974;0.1471;-0.7015;0.249543;0.538903;-0.012454;0.7074;0.0231;0.7065;-0.051646;-0.042132;0.30808;0.7074;0.0231;0.7065;0.262385;-0.038063;-0.006469;0.7074;0.0231;0.7065;0.020162;0.543554;-0.125279;-0.9463;-0.2433;-0.213;-0.347535;2.256822;-0.448381;-0.9463;-0.2433;-0.213;-0.307307;2.334614;-0.715911;-0.9463;-0.2433;-0.213;-0.051646;-0.042132;0.30808;-0.693;0.1919;0.6949;-0.082329;0.551056;0.113668;-0.693;0.1919;0.6949;-0.362869;-0.031187;-0.005295;-0.693;0.1919;0.6949;-0.362869;-0.031187;-0.005295;-0.6718;0.3069;-0.6742;0.020162;0.543554;-0.125279;-0.6718;0.3069;-0.6742;-0.050494;-0.029275;-0.315672;-0.6718;0.3069;-0.6742;-0.347535;2.256822;-0.448381;-0.122;-0.2239;0.967;-0.055212;2.266608;-0.409232;-0.122;-0.2239;0.967;-0.220595;4.149266;0.005799;-0.122;-0.2239;0.967;0.249543;0.538903;-0.012454;0.8793;0.2484;0.4063;-0.055212;2.266608;-0.409232;0.8793;0.2484;0.4063;0.145724;0.543708;0.209273;0.8793;0.2484;0.4063;0.020162;0.543554;-0.125279;0.422;-0.2599;-0.8686;-0.026947;2.335298;-0.684241;0.422;-0.2599;-0.8686;0.249543;0.538903;-0.012454;0.422;-0.2599;-0.8686;-0.082329;0.551056;0.113668;-0.1366;0.2908;0.947;-0.055212;2.266608;-0.409232;-0.1366;0.2908;0.947;-0.347535;2.256822;-0.448381;-0.1366;0.2908;0.947;-0.026947;2.335298;-0.684241;0.1037;0.3633;-0.9259;-0.307307;2.334614;-0.715911;0.1037;0.3633;-0.9259;-0.220595;4.149266;0.005799;0.1037;0.3633;-0.9259;-0.307307;2.334614;-0.715911;-0.9881;0.0953;-0.1209;-0.347535;2.256822;-0.448381;-0.9881;0.0953;-0.1209;-0.220595;4.149266;0.005799;-0.9881;0.0953;-0.1209;-0.055212;2.266608;-0.409232;0.9912;0.0612;0.1172;-0.026947;2.335298;-0.684241;0.9912;0.0612;0.1172;-0.220595;4.149266;0.005799;0.9912;0.0612;0.1172;-0.289007;2.566929;-0.430246;0.0214;-0.9976;0.0658;0.169089;2.631896;0.404907;0.0214;-0.9976;0.0658;0.01127;2.631896;0.456298;0.0214;-0.9976;0.0658;0.014759;2.074006;-1.361599;0.0;-0.3472;-0.9378;-0.11129;2.074006;-1.361599;0.0;-0.3472;-0.9378;0.011769;3.19669;-1.777268;0.0;-0.3472;-0.9378;-0.048265;2.162918;-1.298268;0.8393;0.5376;0.0805;-0.017729;1.993411;-0.485;0.8393;0.5376;0.0805;0.014759;2.074006;-1.361599;0.8393;0.5376;0.0805;0.064359;2.748972;0.351309;-0.9467;0.2647;-0.1835;0.01127;2.631896;0.456298;-0.9467;0.2647;-0.1835;0.143189;4.118418;1.919777;-0.9467;0.2647;-0.1835;0.064359;2.748972;0.351309;-0.7938;0.564;0.2275;-0.289007;2.566929;-0.430246;-0.7938;0.564;0.2275;0.01127;2.631896;0.456298;-0.7938;0.564;0.2275;-0.017729;1.993411;-0.485;0.0;-0.9958;-0.0916;-0.11129;2.074006;-1.361599;0.0;-0.9958;-0.0916;0.014759;2.074006;-1.361599;0.0;-0.9958;-0.0916;0.01127;2.631896;0.456298;0.223;-0.6939;0.6847;0.169089;2.631896;0.404907;0.223;-0.6939;0.6847;0.143189;4.118418;1.919777;0.223;-0.6939;0.6847;-0.048265;2.162918;-1.298268;0.8206;0.2004;0.5353;0.014759;2.074006;-1.361599;0.8206;0.2004;0.5353;0.011769;3.19669;-1.777268;0.8206;0.2004;0.5353;-0.24205;1.993411;-0.485;-0.7927;0.6064;-0.0625;-0.048265;2.162918;-1.298268;-0.7927;0.6064;-0.0625;-0.11129;2.074006;-1.361599;-0.7927;0.6064;-0.0625;-0.11129;2.074006;-1.361599;-0.8435;0.2653;0.4669;-0.048265;2.162918;-1.298268;-0.8435;0.2653;0.4669;0.011769;3.19669;-1.777268;-0.8435;0.2653;0.4669;-0.096643;2.566929;-0.492886;0.7758;0.57;-0.2709;0.064359;2.748972;0.351309;0.7758;0.57;-0.2709;0.169089;2.631896;0.404907;0.7758;0.57;-0.2709;0.169089;2.631896;0.404907;0.758;0.472;-0.4502;0.064359;2.748972;0.351309;0.758;0.472;-0.4502;0.143189;4.118418;1.919777;0.758;0.472;-0.4502;0.020162;0.543554;-0.125279;0.4414;5.0E-4;-0.8973;0.249543;0.538903;-0.012454;0.4414;5.0E-4;-0.8973;0.262385;-0.038063;-0.006469;0.4414;5.0E-4;-0.8973;0.249543;0.538903;-0.012454;0.8803;-0.2262;0.4171;0.145724;0.543708;0.209273;0.8803;-0.2262;0.4171;-0.051646;-0.042132;0.30808;0.8803;-0.2262;0.4171;0.020162;0.543554;-0.125279;-0.89;-0.2615;-0.3735;-0.082329;0.551056;0.113668;-0.89;-0.2615;-0.3735;-0.347535;2.256822;-0.448381;-0.89;-0.2615;-0.3735;-0.051646;-0.042132;0.30808;-0.3645;0.2729;0.8903;0.145724;0.543708;0.209273;-0.3645;0.2729;0.8903;-0.082329;0.551056;0.113668;-0.3645;0.2729;0.8903;-0.362869;-0.031187;-0.005295;-0.8089;0.4636;-0.3615;-0.082329;0.551056;0.113668;-0.8089;0.4636;-0.3615;0.020162;0.543554;-0.125279;-0.8089;0.4636;-0.3615;0.249543;0.538903;-0.012454;0.9671;0.2052;0.1506;-0.026947;2.335298;-0.684241;0.9671;0.2052;0.1506;-0.055212;2.266608;-0.409232;0.9671;0.2052;0.1506;0.020162;0.543554;-0.125279;0.108;-0.2935;-0.9498;-0.307307;2.334614;-0.715911;0.108;-0.2935;-0.9498;-0.026947;2.335298;-0.684241;0.108;-0.2935;-0.9498;-0.082329;0.551056;0.113668;-0.3639;0.2768;0.8893;0.145724;0.543708;0.209273;-0.3639;0.2768;0.8893;-0.055212;2.266608;-0.409232;-0.3639;0.2768;0.8893;-0.289007;2.566929;-0.430246;0.0214;-0.9976;0.0658;-0.096643;2.566929;-0.492886;0.0214;-0.9976;0.0658;0.169089;2.631896;0.404907;0.0214;-0.9976;0.0658;-0.048265;2.162918;-1.298268;0.8658;0.4954;0.0708;-0.129889;2.184127;-0.448021;0.8658;0.4954;0.0708;-0.017729;1.993411;-0.485;0.8658;0.4954;0.0708;0.064359;2.748972;0.351309;-0.8245;0.5051;0.2551;-0.203151;2.738927;-0.493277;-0.8245;0.5051;0.2551;-0.289007;2.566929;-0.430246;-0.8245;0.5051;0.2551;-0.017729;1.993411;-0.485;0.0;-0.9958;-0.0916;-0.24205;1.993411;-0.485;0.0;-0.9958;-0.0916;-0.11129;2.074006;-1.361599;0.0;-0.9958;-0.0916;-0.24205;1.993411;-0.485;-0.85;0.5182;-0.0945;-0.129889;2.184127;-0.448021;-0.85;0.5182;-0.0945;-0.048265;2.162918;-1.298268;-0.85;0.5182;-0.0945;-0.096643;2.566929;-0.492886;0.8199;0.5071;-0.2657;-0.203151;2.738927;-0.493277;0.8199;0.5071;-0.2657;0.064359;2.748972;0.351309;0.8199;0.5071;-0.2657
162;-1.0;0.0;0.0;0.025
-0.651849;3.003172;-0.632062;-0.2785;-0.8766;0.3925;-1.14805;2.302444;-2.548919;-0.2785;-0.8766;0.3925;-0.165784;2.301346;-1.854513;-0.2785;-0.8766;0.3925;-1.14805;2.302444;-2.548919;-0.6175;-0.6736;0.4061;-0.651849;3.003172;-0.632062;-0.6175;-0.6736;0.4061;-1.342584;3.177152;-1.393849;-0.6175;-0.6736;0.4061;-0.651849;3.003172;-0.632062;0.1084;-0.8429;0.527;-0.165784;2.301346;-1.854513;0.1084;-0.8429;0.527;0.669865;3.142132;-0.681776;0.1084;-0.8429;0.527;-0.651849;3.003172;-0.632062;0.0078;0.2699;0.9628;0.669865;3.142132;-0.681776;0.0078;0.2699;0.9628;-0.435399;3.642611;-0.813083;0.0078;0.2699;0.9628;-0.651849;3.003172;-0.632062;-0.631;0.4015;0.6638;-0.435399;3.642611;-0.813083;-0.631;0.4015;0.6638;-1.342584;3.177152;-1.393849;-0.631;0.4015;0.6638;1.038448;2.976496;1.846094;0.3284;-0.7465;-0.5787;-0.355142;3.418626;0.484997;0.3284;-0.7465;-0.5787;0.659669;3.659441;0.75028;0.3284;-0.7465;-0.5787;-0.165784;2.301346;-1.854513;-0.0297;-0.9987;0.0404;-1.14805;2.302444;-2.548919;-0.0297;-0.9987;0.0404;-0.132967;2.261728;-2.809435;-0.0297;-0.9987;0.0404;0.669865;3.142132;-0.681776;0.4727;-0.8402;0.2656;-0.165784;2.301346;-1.854513;0.4727;-0.8402;0.2656;1.192347;3.134084;-1.637283;0.4727;-0.8402;0.2656;-0.435399;3.642611;-0.813083;0.2281;0.6852;0.6918;0.669865;3.142132;-0.681776;0.2281;0.6852;0.6918;0.655486;3.791573;-1.3203;0.2281;0.6852;0.6918;-1.342584;3.177152;-1.393849;-0.4129;0.9071;-0.082;-0.435399;3.642611;-0.813083;-0.4129;0.9071;-0.082;-1.023294;3.240645;-2.299269;-0.4129;0.9071;-0.082;-0.355142;3.418626;0.484997;0.2205;-0.8386;-0.4981;1.038448;2.976496;1.846094;0.2205;-0.8386;-0.4981;-0.038332;2.712137;1.814589;0.2205;-0.8386;-0.4981;-0.165784;2.301346;-1.854513;0.5158;-0.8551;0.0532;-0.132967;2.261728;-2.809435;0.5158;-0.8551;0.0532;1.192347;3.134084;-1.637283;0.5158;-0.8551;0.0532;0.669865;3.142132;-0.681776;0.79;0.4386;0.4283;1.192347;3.134084;-1.637283;0.79;0.4386;0.4283;0.655486;3.791573;-1.3203;0.79;0.4386;0.4283;-0.435399;3.642611;-0.813083;-0.2129;0.9611;-0.1757;0.655486;3.791573;-1.3203;-0.2129;0.9611;-0.1757;-1.023294;3.240645;-2.299269;-0.2129;0.9611;-0.1757;-1.342584;3.177152;-1.393849;-0.9272;0.2064;-0.3125;-1.023294;3.240645;-2.299269;-0.9272;0.2064;-0.3125;-1.14805;2.302444;-2.548919;-0.9272;0.2064;-0.3125;-0.132967;2.261728;-2.809435;-0.2081;0.4309;-0.8781;-1.14805;2.302444;-2.548919;-0.2081;0.4309;-0.8781;0.463771;3.292344;-2.445083;-0.2081;0.4309;-0.8781;1.192347;3.134084;-1.637283;0.7141;-0.1737;-0.6781;-0.132967;2.261728;-2.809435;0.7141;-0.1737;-0.6781;0.463771;3.292344;-2.445083;0.7141;-0.1737;-0.6781;0.655486;3.791573;-1.3203;0.6012;0.6874;-0.4076;1.192347;3.134084;-1.637283;0.6012;0.6874;-0.4076;0.463771;3.292344;-2.445083;0.6012;0.6874;-0.4076;-1.023294;3.240645;-2.299269;-0.0705;0.9161;-0.3946;0.655486;3.791573;-1.3203;-0.0705;0.9161;-0.3946;0.463771;3.292344;-2.445083;-0.0705;0.9161;-0.3946;-1.14805;2.302444;-2.548919;-0.1032;0.2686;-0.9577;-1.023294;3.240645;-2.299269;-0.1032;0.2686;-0.9577;0.463771;3.292344;-2.445083;-0.1032;0.2686;-0.9577;-0.355142;3.418626;0.484997;-0.3107;-0.8681;-0.3872;-0.038332;2.712137;1.814589;-0.3107;-0.8681;-0.3872;-1.491645;3.521369;1.166529;-0.3107;-0.8681;-0.3872;-0.355142;3.418626;0.484997;-0.5112;0.04;-0.8585;-1.491645;3.521369;1.166529;-0.5112;0.04;-0.8585;-0.545081;4.29002;0.638714;-0.5112;0.04;-0.8585;-0.355142;3.418626;0.484997;0.1997;0.2123;-0.9566;-0.545081;4.29002;0.638714;0.1997;0.2123;-0.9566;0.659669;3.659441;0.75028;0.1997;0.2123;-0.9566;-0.038332;2.712137;1.814589;0.2392;-0.9704;-0.0335;1.038448;2.976496;1.846094;0.2392;-0.9704;-0.0335;0.350932;2.775985;2.744518;0.2392;-0.9704;-0.0335;-1.491645;3.521369;1.166529;-0.3864;-0.8894;-0.2441;-0.038332;2.712137;1.814589;-0.3864;-0.8894;-0.2441;-1.420919;3.167414;2.344085;-0.3864;-0.8894;-0.2441;-0.545081;4.29002;0.638714;-0.7014;0.568;-0.4306;-1.491645;3.521369;1.166529;-0.7014;0.568;-0.4306;-1.139693;4.400377;1.752697;-0.7014;0.568;-0.4306;0.659669;3.659441;0.75028;0.4687;0.8589;-0.2063;-0.545081;4.29002;0.638714;0.4687;0.8589;-0.2063;0.510649;4.040787;1.999327;0.4687;0.8589;-0.2063;-0.038332;2.712137;1.814589;-0.249;-0.9535;0.1697;0.350932;2.775985;2.744518;-0.249;-0.9535;0.1697;-1.420919;3.167414;2.344085;-0.249;-0.9535;0.1697;-1.491645;3.521369;1.166529;-0.948;0.2846;0.1425;-1.420919;3.167414;2.344085;-0.948;0.2846;0.1425;-1.139693;4.400377;1.752697;-0.948;0.2846;0.1425;-0.545081;4.29002;0.638714;0.2106;0.9774;0.0156;-1.139693;4.400377;1.752697;0.2106;0.9774;0.0156;0.510649;4.040787;1.999327;0.2106;0.9774;0.0156;0.659669;3.659441;0.75028;0.8938;0.4475;-0.03;0.510649;4.040787;1.999327;0.8938;0.4475;-0.03;1.038448;2.976496;1.846094;0.8938;0.4475;-0.03;0.350932;2.775985;2.744518;0.6386;0.4855;0.5971;1.038448;2.976496;1.846094;0.6386;0.4855;0.5971;-0.307324;3.720433;2.680687;0.6386;0.4855;0.5971;-1.420919;3.167414;2.344085;-0.2408;-0.1026;0.9651;0.350932;2.775985;2.744518;-0.2408;-0.1026;0.9651;-0.307324;3.720433;2.680687;-0.2408;-0.1026;0.9651;-1.139693;4.400377;1.752697;-0.4602;0.4671;0.755;-1.420919;3.167414;2.344085;-0.4602;0.4671;0.755;-0.307324;3.720433;2.680687;-0.4602;0.4671;0.755;0.510649;4.040787;1.999327;0.1058;0.845;0.5242;-1.139693;4.400377;1.752697;0.1058;0.845;0.5242;-0.307324;3.720433;2.680687;0.1058;0.845;0.5242;1.038448;2.976496;1.846094;0.5878;0.1779;0.7892;0.510649;4.040787;1.999327;0.5878;0.1779;0.7892;-0.307324;3.720433;2.680687;0.5878;0.1779;0.7892;-1.067669;3.608464;1.048863;0.2843;-0.8051;0.5207;0.981852;3.499756;-0.238177;0.2843;-0.8051;0.5207;0.554961;4.008871;0.782084;0.2843;-0.8051;0.5207;0.981852;3.499756;-0.238177;0.0444;-0.9871;0.154;-1.067669;3.608464;1.048863;0.0444;-0.9871;0.154;-0.732118;3.345218;-0.734836;0.0444;-0.9871;0.154;0.981852;3.499756;-0.238177;0.1858;-0.9158;-0.3561;-0.732118;3.345218;-0.734836;0.1858;-0.9158;-0.3561;0.759517;4.05021;-1.769725;0.1858;-0.9158;-0.3561;0.981852;3.499756;-0.238177;0.8686;-0.4126;-0.2744;0.759517;4.05021;-1.769725;0.8686;-0.4126;-0.2744;1.258257;4.606653;-1.027636;0.8686;-0.4126;-0.2744;0.981852;3.499756;-0.238177;0.9278;0.0333;0.3716;1.258257;4.606653;-1.027636;0.9278;0.0333;0.3716;0.554961;4.008871;0.782084;0.9278;0.0333;0.3716;-0.732118;3.345218;-0.734836;-0.3675;-0.9275;0.0677;-1.067669;3.608464;1.048863;-0.3675;-0.9275;0.0677;-1.71;3.789142;0.037866;-0.3675;-0.9275;0.0677;0.759517;4.05021;-1.769725;0.1881;-0.9165;-0.3532;-0.732118;3.345218;-0.734836;0.1881;-0.9165;-0.3532;-0.617822;3.901682;-2.118022;0.1881;-0.9165;-0.3532;1.258257;4.606653;-1.027636;0.3316;0.6342;-0.6984;0.759517;4.05021;-1.769725;0.3316;0.6342;-0.6984;-0.141407;5.133725;-1.213532;0.3316;0.6342;-0.6984;0.554961;4.008871;0.782084;0.5062;0.7409;0.4414;1.258257;4.606653;-1.027636;0.5062;0.7409;0.4414;-0.475734;4.933351;0.412271;0.5062;0.7409;0.4414;-0.732118;3.345218;-0.734836;-0.5986;-0.7248;-0.3411;-1.71;3.789142;0.037866;-0.5986;-0.7248;-0.3411;-0.617822;3.901682;-2.118022;-0.5986;-0.7248;-0.3411;0.759517;4.05021;-1.769725;0.1493;0.547;-0.8237;-0.617822;3.901682;-2.118022;0.1493;0.547;-0.8237;-0.141407;5.133725;-1.213532;0.1493;0.547;-0.8237;1.258257;4.606653;-1.027636;0.3254;0.928;0.1813;-0.141407;5.133725;-1.213532;0.3254;0.928;0.1813;-0.475734;4.933351;0.412271;0.3254;0.928;0.1813;0.554961;4.008871;0.782084;0.0468;0.4155;0.9084;-0.475734;4.933351;0.412271;0.0468;0.4155;0.9084;-1.067669;3.608464;1.048863;0.0468;0.4155;0.9084;-1.71;3.789142;0.037866;-0.3777;0.8398;0.3901;-1.067669;3.608464;1.048863;-0.3777;0.8398;0.3901;-1.084078;4.647052;-1.203043;-0.3777;0.8398;0.3901;-0.617822;3.901682;-2.118022;-0.892;-0.0031;-0.452;-1.71;3.789142;0.037866;-0.892;-0.0031;-0.452;-1.084078;4.647052;-1.203043;-0.892;-0.0031;-0.452;-0.141407;5.133725;-1.213532;-0.3373;0.6384;-0.6919;-0.617822;3.901682;-2.118022;-0.3373;0.6384;-0.6919;-1.084078;4.647052;-1.203043;-0.3373;0.6384;-0.6919;-0.475734;4.933351;0.412271;-0.4586;0.8885;0.0152;-0.141407;5.133725;-1.213532;-0.4586;0.8885;0.0152;-1.084078;4.647052;-1.203043;-0.4586;0.8885;0.0152;-1.067669;3.608464;1.048863;-0.8422;0.4872;0.2308;-0.475734;4.933351;0.412271;-0.8422;0.4872;0.2308;-1.084078;4.647052;-1.203043;-0.8422;0.4872;0.2308
-1.477814;2.713303;-2.656103;0.227822;4.578061;2.804381;1;1
48;1
48;0.4874033;0.38168415;0.35608995;0.025
0.12113;3.318851;2.804381;-0.8707;-0.1223;0.4764;0.006828;3.366033;2.60762;-0.8707;-0.1223;0.4764;0.072008;3.152425;2.671879;-0.8707;-0.1223;0.4764;0.072008;3.152425;2.671879;-0.0652;-0.3056;-0.9499;0.006828;3.366033;2.60762;-0.0652;-0.3056;-0.9499;0.227822;3.294571;2.61545;-0.0652;-0.3056;-0.9499;0.227822;3.294571;2.61545;0.3057;0.9508;0.0504;0.006828;3.366033;2.60762;0.3057;0.9508;0.0504;0.12113;3.318851;2.804381;0.3057;0.9508;0.0504;0.12113;3.318851;2.804381;0.6837;-0.5673;0.459;0.072008;3.152425;2.671879;0.6837;-0.5673;0.459;0.227822;3.294571;2.61545;0.6837;-0.5673;0.459;-0.529305;2.713304;-2.656103;0.8241;0.3072;-0.4758;-0.529305;2.908539;-2.53005;0.8241;0.3072;-0.4758;-0.42014;2.713303;-2.467024;0.8241;0.3072;-0.4758;-0.42014;2.713303;-2.467024;0.0;0.3072;0.9516;-0.529305;2.908539;-2.53005;0.0;0.3072;0.9516;-0.63847;2.713304;-2.467024;0.0;0.3072;0.9516;-0.63847;2.713304;-2.467024;-0.8241;0.3072;-0.4758;-0.529305;2.908539;-2.53005;-0.8241;0.3072;-0.4758;-0.529305;2.713304;-2.656103;-0.8241;0.3072;-0.4758;-0.529305;2.713304;-2.656103;-0.0;-1.0;0.0;-0.42014;2.713303;-2.467024;-0.0;-1.0;0.0;-0.63847;2.713304;-2.467024;-0.0;-1.0;0.0;0.164557;4.578061;-1.647121;-0.421;0.5003;-0.7566;0.200676;4.396327;-1.787386;-0.421;0.5003;-0.7566;0.008253;4.426218;-1.660554;-0.421;0.5003;-0.7566;0.008253;4.426218;-1.660554;-0.1949;-0.9787;-0.065;0.200676;4.396327;-1.787386;-0.1949;-0.9787;-0.065;0.194511;4.382159;-1.555508;-0.1949;-0.9787;-0.065;0.194511;4.382159;-1.555508;0.9852;0.1677;0.0364;0.200676;4.396327;-1.787386;0.9852;0.1677;0.0364;0.164557;4.578061;-1.647121;0.9852;0.1677;0.0364;0.164557;4.578061;-1.647121;-0.4007;0.3371;0.8519;0.008253;4.426218;-1.660554;-0.4007;0.3371;0.8519;0.194511;4.382159;-1.555508;-0.4007;0.3371;0.8519;-1.388582;3.889117;1.569223;0.8343;0.4527;-0.3147;-1.325899;3.926921;1.789786;0.8343;0.4527;-0.3147;-1.268237;3.736826;1.669183;0.8343;0.4527;-0.3147;-1.268237;3.736826;1.669183;0.1606;-0.4936;0.8547;-1.325899;3.926921;1.789786;0.1606;-0.4936;0.8547;-1.477814;3.763775;1.724125;0.1606;-0.4936;0.8547;-1.477814;3.763775;1.724125;-0.7479;0.6562;0.1001;-1.325899;3.926921;1.789786;-0.7479;0.6562;0.1001;-1.388582;3.889117;1.569223;-0.7479;0.6562;0.1001;-1.388582;3.889117;1.569223;-0.2679;-0.6676;-0.6946;-1.268237;3.736826;1.669183;-0.2679;-0.6676;-0.6946;-1.477814;3.763775;1.724125;-0.2679;-0.6676;-0.6946
-1.036698;3.675595;-1.661149;1.095188;5.032653;2.720855;1;1
48;1
48;0.4874033;0.38168415;0.35608995;0.025
-0.049929;4.837417;-0.106482;0.8241;0.3072;-0.4758;-0.049929;5.032653;0.019571;0.8241;0.3072;-0.4758;0.059235;4.837417;0.082597;0.8241;0.3072;-0.4758;0.059235;4.837417;0.082597;0.0;0.3072;0.9516;-0.049929;5.032653;0.019571;0.0;0.3072;0.9516;-0.159094;4.837417;0.082597;0.0;0.3072;0.9516;-0.159094;4.837417;0.082597;-0.8241;0.3072;-0.4758;-0.049929;5.032653;0.019571;-0.8241;0.3072;-0.4758;-0.049929;4.837417;-0.106482;-0.8241;0.3072;-0.4758;-0.049929;4.837417;-0.106482;0.0;-1.0;0.0;0.059235;4.837417;0.082597;0.0;-1.0;0.0;-0.159094;4.837417;0.082597;0.0;-1.0;0.0;-0.393111;3.675595;2.558435;0.4225;-0.619;0.6621;-0.285502;3.85579;2.658219;0.4225;-0.619;0.6621;-0.495797;3.779244;2.720855;0.4225;-0.619;0.6621;-0.495797;3.779244;2.720855;-0.1993;0.8875;0.4155;-0.285502;3.85579;2.658219;-0.1993;0.8875;0.4155;-0.475472;3.875138;2.525768;-0.1993;0.8875;0.4155;-0.475472;3.875138;2.525768;0.5759;0.105;-0.8107;-0.285502;3.85579;2.658219;0.5759;0.105;-0.8107;-0.393111;3.675595;2.558435;0.5759;0.105;-0.8107;-0.393111;3.675595;2.558435;-0.8671;-0.4053;-0.2896;-0.495797;3.779244;2.720855;-0.8671;-0.4053;-0.2896;-0.475472;3.875138;2.525768;-0.8671;-0.4053;-0.2896;0.977713;3.699765;-0.275448;0.8241;0.3072;-0.4758;0.977713;3.909863;-0.1398;0.8241;0.3072;-0.4758;1.095188;3.699764;-0.071975;0.8241;0.3072;-0.4758;1.095188;3.699764;-0.071975;0.0;0.3072;0.9516;0.977713;3.909863;-0.1398;0.0;0.3072;0.9516;0.860238;3.699765;-0.071975;0.0;0.3072;0.9516;0.860238;3.699765;-0.071975;-0.8241;0.3072;-0.4758;0.977713;3.909863;-0.1398;-0.8241;0.3072;-0.4758;0.977713;3.699765;-0.275448;-0.8241;0.3072;-0.4758;0.977713;3.699765;-0.275448;0.0;-1.0;0.0;1.095188;3.699764;-0.071975;0.0;-1.0;0.0;0.860238;3.699765;-0.071975;0.0;-1.0;0.0;-0.916291;4.197606;-1.661149;0.575;-0.6421;0.5071;-0.816517;4.387956;-1.533265;0.575;-0.6421;0.5071;-1.020416;4.262589;-1.460807;0.575;-0.6421;0.5071;-1.020416;4.262589;-1.460807;-0.2697;0.7716;0.576;-0.816517;4.387956;-1.533265;-0.2697;0.7716;0.576;-1.036698;4.399118;-1.651323;-0.2697;0.7716;0.576;-1.036698;4.399118;-1.651323;0.4608;0.3158;-0.8295;-0.816517;4.387956;-1.533265;0.4608;0.3158;-0.8295;-0.916291;4.197606;-1.661149;0.4608;0.3158;-0.8295;-0.916291;4.197606;-1.661149;-0.8311;-0.4832;-0.2752;-1.020416;4.262589;-1.460807;-0.8311;-0.4832;-0.2752;-1.036698;4.399118;-1.651323;-0.8311;-0.4832;-0.2752
8
MATERIAL;second;0;count;6;CUSTOM;0.746;0.9035;0.5564;1000;MUD_GREEN;100000;BROWN;200000;ORANGE;300000;RED;900000;PURPLE;1500000
INFO;NameId;464;DescId;465;price;18900;dpPerMin;0;range;3;placeSound;thud
LIFE;averagePop;5.7;averageLife;64.5;popFactors;2;0;0.1;breedMat;32.25;breedTime;23.324783;parentId;69;count;450;reqs;2;LIFE;type;2;enviroType;0;classification;pnf103;count;3;LIFE;type;2;enviroType;1;biome;WOODLAND;amount;0.85;FADE_DEATH;0.5;enviroReqCount;4;reqId;1;minAltitude;25;maxAltitude;70;influence;0.75;reqId;2;barren;0;goodBiomes;2;8;0;idealFactor;100;influence;0.68;reqId;4;faveBiome;8;influence;0.14;reqId;3;badBiomes;2;5;6;influence;0.85
GROWTH;dynamic;0;growthTime;21.5;modelStages;3;subStages;2
FRUITER;modelStage;3;stageCount;2;fruitTime;20
FRUIT_FALL;fruitID;138;spawnTime;0.12;spawnHeight;6;spawnRadius;3.5
WOOD;cut time;4.5;bark factor;0.34;colour;0.90354544;0.6955348;0.5480113
PERCH;2;-0.06415;6.3073;0.1357;-0.1778;4.99;-2.28756
