2.0;Name;589
en
0;1
1
-0.146075;-0.054791;-0.064824;0.100327;0.191964;0.159687;1
12;1
12;0.4874033;0.38168415;0.35608995
0.076998;0.081765;0.159687;-0.1648;-0.8341;0.5264;-0.146075;0.034613;0.015159;-0.1648;-0.8341;0.5264;0.100327;-0.054791;-0.049386;-0.1648;-0.8341;0.5264;0.100327;-0.054791;-0.049386;-0.2887;-0.1088;-0.9512;-0.146075;0.034613;0.015159;-0.2887;-0.1088;-0.9512;0.058172;0.191964;-0.064824;-0.2887;-0.1088;-0.9512;0.058172;0.191964;-0.064824;-0.4422;0.7899;0.4248;-0.146075;0.034613;0.015159;-0.4422;0.7899;0.4248;0.076998;0.081765;0.159687;-0.4422;0.7899;0.4248;0.076998;0.081765;0.159687;0.9857;0.1684;-0.0;0.100327;-0.054791;-0.049386;0.9857;0.1684;-0.0;0.058172;0.191964;-0.064824;0.9857;0.1684;-0.0
2
DECAY;1
FOOD;1;906;6;WHOLE;PARTICLE_DEATH;isColour;1;Spawn;0;PPS;8;Speed;0.6;Gravity;0.2;Life;0.5;Scale;0.02;Colour;0.4874033;0.38168415;0.35608995;Additive;0;Alpha;1;FadeIn;0.1;FadeOut;0.8;HasDir;1;Dir;0;1;0;Deviation;0.3;Offset;0;0;0;LifeError;0.4;ScaleError;0.1;SpeedError;0.1;RandomRot;1;HasXRot;0
