1
pnw
1;0;-0.2
3
-0.43767;-0.029288;-0.362889;0.271765;0.404624;0.338355;1
66;2
54;0.144654;0.173355;0.06617;0
0.036753;0.020845;-0.147417;-0.463912;0.789117;0.402509;0.211203;0.078542;-0.059465;-0.463912;0.789117;0.402509;0.12042;0.096144;-0.198606;-0.463912;0.789117;0.402509;0.12042;0.096144;-0.198606;0.558336;0.786187;-0.26484;0.211203;0.078542;-0.059465;0.558336;0.786187;-0.26484;0.206289;0.019777;-0.244269;0.558336;0.786187;-0.26484;0.206289;0.019777;-0.244269;0.162633;-0.941527;0.295053;0.211203;0.078542;-0.059465;0.162633;-0.941527;0.295053;0.036753;0.020845;-0.147417;0.162633;-0.941527;0.295053;-0.249433;0.020809;-0.048484;0.404675;0.767632;-0.496933;-0.276528;0.096197;0.045903;0.404675;0.767632;-0.496933;-0.09584;0.038142;0.103365;0.404675;0.767632;-0.496933;-0.308988;0.01974;0.137703;-0.319285;-0.941527;-0.107517;-0.43767;0.078575;0.00467;-0.319285;-0.941527;-0.107517;-0.249433;0.020809;-0.048484;-0.319285;-0.941527;-0.107517;-0.276528;0.096197;0.045903;-0.23249;0.786187;0.572558;-0.43767;0.078575;0.00467;-0.23249;0.786187;0.572558;-0.308988;0.01974;0.137703;-0.23249;0.786187;0.572558;-0.249433;0.020809;-0.048484;0.069826;0.789117;-0.610218;-0.43767;0.078575;0.00467;0.069826;0.789117;-0.610218;-0.276528;0.096197;0.045903;0.069826;0.789117;-0.610218;0.036753;0.020845;-0.147417;-0.634114;0.767632;0.092715;0.12042;0.096144;-0.198606;-0.634114;0.767632;0.092715;0.026204;0.038157;-0.362889;-0.634114;0.767632;0.092715;0.206289;0.019777;-0.244269;-0.050539;-0.995697;-0.077517;0.036753;0.020845;-0.147417;-0.050539;-0.995697;-0.077517;0.026204;0.038157;-0.362889;-0.050539;-0.995697;-0.077517;0.12042;0.096144;-0.198606;0.409192;0.76104;-0.503311;0.206289;0.019777;-0.244269;0.409192;0.76104;-0.503311;0.026204;0.038157;-0.362889;0.409192;0.76104;-0.503311;-0.308988;0.01974;0.137703;0.089633;-0.995697;0.02295;-0.249433;0.020809;-0.048484;0.089633;-0.995697;0.02295;-0.09584;0.038142;0.103365;0.089633;-0.995697;0.02295;-0.276528;0.096197;0.045903;0.038606;0.76104;0.647511;-0.308988;0.01974;0.137703;0.038606;0.76104;0.647511;-0.09584;0.038142;0.103365;0.038606;0.76104;0.647511;0.068153;0.017683;0.122407;-0.575518;0.789117;-0.214515;0.075149;0.081492;0.338355;-0.575518;0.789117;-0.214515;0.162161;0.100958;0.176528;-0.575518;0.789117;-0.214515;0.162161;0.100958;0.176528;0.499863;0.786187;0.363323;0.075149;0.081492;0.338355;0.499863;0.786187;0.363323;0.251969;0.016502;0.235715;0.499863;0.786187;0.363323;0.251969;0.016502;0.235715;-0.181158;-0.941527;0.284066;0.075149;0.081492;0.338355;-0.181158;-0.941527;0.284066;0.068153;0.017683;0.122407;-0.181158;-0.941527;0.284066;0.068153;0.017683;0.122407;-0.385052;0.767632;-0.512284;0.162161;0.100958;0.176528;-0.385052;0.767632;-0.512284;0.271765;0.036829;-0.001946;-0.385052;0.767632;-0.512284;0.251969;0.016502;0.235715;0.043825;-0.995697;-0.081484;0.068153;0.017683;0.122407;0.043825;-0.995697;-0.081484;0.271765;0.036829;-0.001946;0.043825;-0.995697;-0.081484;0.162161;0.100958;0.176528;0.637776;0.76104;0.118198;0.251969;0.016502;0.235715;0.637776;0.76104;0.118198;0.271765;0.036829;-0.001946;0.637776;0.76104;0.118198
12;-1;0;0;0.1
0.067334;-0.029288;-0.047531;0.501175;-0.108982;0.858425;0.056015;0.404624;0.01417;0.501175;-0.108982;0.858425;-0.020001;-0.029252;0.003461;0.501175;-0.108982;0.858425;-0.020001;-0.029252;0.003461;-0.503037;0.066866;0.861629;0.056015;0.404624;0.01417;-0.503037;0.066866;0.861629;-0.107336;-0.029216;-0.047531;-0.503037;0.066866;0.861629;-0.107336;-0.029216;-0.047531;3.1E-5;0.140751;-0.99002;0.056015;0.404624;0.01417;3.1E-5;0.140751;-0.99002;0.067334;-0.029288;-0.047531;3.1E-5;0.140751;-0.99002;-0.020001;-0.029252;0.003461;-3.97E-4;-0.999969;0.0;-0.107336;-0.029216;-0.047531;-3.97E-4;-0.999969;0.0;0.067334;-0.029288;-0.047531;-3.97E-4;-0.999969;0.0
-0.399971;-0.072815;-0.363388;0.328635;1.322621;0.227818;1
60;1
60;-1;0;0;0.3
-0.122534;0.470846;-0.07291;-0.503342;-0.058504;0.862087;0.017004;-0.068977;-0.028087;-0.503342;-0.058504;0.862087;0.009919;0.470846;0.004425;-0.503342;-0.058504;0.862087;0.009919;0.470846;0.004425;0.503677;-0.04532;0.862667;0.017004;-0.068977;-0.028087;0.503677;-0.04532;0.862667;0.142373;0.470846;-0.07291;0.503677;-0.04532;0.862667;0.142373;0.470846;-0.07291;0.0;-0.082736;-0.996551;0.017004;-0.068977;-0.028087;0.0;-0.082736;-0.996551;-0.122534;0.470846;-0.07291;0.0;-0.082736;-0.996551;0.009919;0.470846;0.004425;0.0;1.0;0.0;0.142373;0.470846;-0.07291;0.0;1.0;0.0;-0.122534;0.470846;-0.07291;0.0;1.0;0.0;-0.098391;0.894689;-0.074365;-0.506149;-0.027497;0.861995;0.009264;0.3641;-0.028086;-0.506149;-0.027497;0.861995;0.041243;0.885558;0.007336;-0.506149;-0.027497;0.861995;0.041243;0.885558;0.007336;0.498642;-0.089145;0.862178;0.009264;0.3641;-0.028086;0.498642;-0.089145;0.862178;0.180877;0.876428;-0.074365;0.498642;-0.089145;0.862178;0.180877;0.876428;-0.074365;-0.005737;-0.088046;-0.996094;0.009264;0.3641;-0.028086;-0.005737;-0.088046;-0.996094;-0.098391;0.894689;-0.074365;-0.005737;-0.088046;-0.996094;0.041243;0.885558;0.007336;0.065249;0.997864;0.0;0.180877;0.876428;-0.074365;0.065249;0.997864;0.0;-0.098391;0.894689;-0.074365;0.065249;0.997864;0.0;-0.183485;1.274995;-0.074677;-0.485733;-0.145299;0.861934;0.046016;0.784178;-0.028086;-0.485733;-0.145299;0.861934;-0.043967;1.298808;0.007961;-0.485733;-0.145299;0.861934;-0.043967;1.298808;0.007961;0.505844;0.028047;0.862148;0.046016;0.784178;-0.028086;0.505844;0.028047;0.862148;0.095551;1.322621;-0.074677;0.505844;0.028047;0.862148;0.095551;1.322621;-0.074677;0.014924;-0.087558;-0.996033;0.046016;0.784178;-0.028086;0.014924;-0.087558;-0.996033;-0.183485;1.274995;-0.074677;0.014924;-0.087558;-0.996033;-0.043967;1.298808;0.007961;-0.168218;0.985717;0.0;0.095551;1.322621;-0.074677;-0.168218;0.985717;0.0;-0.183485;1.274995;-0.074677;-0.168218;0.985717;0.0;-0.399971;0.175907;0.152398;-0.111209;-0.704459;0.700949;0.009562;-0.072815;-0.032581;-0.111209;-0.704459;0.700949;-0.307817;0.2364;0.227818;-0.111209;-0.704459;0.700949;-0.307817;0.2364;0.227818;0.590228;-0.071261;0.804041;0.009562;-0.072815;-0.032581;0.590228;-0.071261;0.804041;-0.219632;0.31864;0.170373;0.590228;-0.071261;0.804041;-0.219632;0.31864;0.170373;-0.193732;0.359752;-0.912687;0.009562;-0.072815;-0.032581;-0.193732;0.359752;-0.912687;-0.399971;0.175907;0.152398;-0.193732;0.359752;-0.912687;-0.307817;0.2364;0.227818;-0.622883;0.768822;0.144444;-0.219632;0.31864;0.170373;-0.622883;0.768822;0.144444;-0.399971;0.175907;0.152398;-0.622883;0.768822;0.144444;0.210805;0.799911;-0.234467;0.398419;0.295114;0.868404;0.041099;0.417605;-0.026683;0.398419;0.295114;0.868404;0.326813;0.743052;-0.268369;0.398419;0.295114;0.868404;0.326813;0.743052;-0.268369;0.813868;-0.405469;0.41612;0.041099;0.417605;-0.026683;0.813868;-0.405469;0.41612;0.328635;0.649201;-0.363388;0.813868;-0.405469;0.41612;0.328635;0.649201;-0.363388;-0.751885;-0.024293;-0.658803;0.041099;0.417605;-0.026683;-0.751885;-0.024293;-0.658803;0.210805;0.799911;-0.234467;-0.751885;-0.024293;-0.658803;0.326813;0.743052;-0.268369;0.142949;0.705527;-0.694113;0.328635;0.649201;-0.363388;0.142949;0.705527;-0.694113;0.210805;0.799911;-0.234467;0.142949;0.705527;-0.694113
-1.120532;-0.040879;-0.794323;0.700959;2.734608;0.520229;1
120;1
120;-1;0;0;0.4
-0.23092;0.6422;-0.072122;-0.502243;-0.088107;0.860195;0.011459;-0.040879;-5.87E-4;-0.502243;-0.088107;0.860195;0.008692;0.6422;0.06778;-0.502243;-0.088107;0.860195;0.008692;0.6422;0.06778;0.502426;-0.084078;0.8605;0.011459;-0.040879;-5.87E-4;0.502426;-0.084078;0.8605;0.248305;0.6422;-0.072122;0.502426;-0.084078;0.8605;0.248305;0.6422;-0.072122;0.0;-0.104129;-0.994537;0.011459;-0.040879;-5.87E-4;0.0;-0.104129;-0.994537;-0.23092;0.6422;-0.072122;0.0;-0.104129;-0.994537;0.008692;0.6422;0.06778;0.0;1.0;0.0;0.248305;0.6422;-0.072122;0.0;1.0;0.0;-0.23092;0.6422;-0.072122;0.0;1.0;0.0;0.012575;1.138151;0.072346;0.084658;0.996399;0.0;0.263016;1.116871;-0.074405;0.084658;0.996399;0.0;-0.237867;1.159431;-0.074405;0.084658;0.996399;0.0;0.263016;1.116871;-0.074405;-0.009247;-0.10889;-0.993988;3.92E-4;0.465443;-5.87E-4;-0.009247;-0.10889;-0.993988;-0.237867;1.159431;-0.074405;-0.009247;-0.10889;-0.993988;0.012575;1.138151;0.072346;0.496384;-0.10242;0.861995;3.92E-4;0.465443;-5.87E-4;0.496384;-0.10242;0.861995;0.263016;1.116871;-0.074405;0.496384;-0.10242;0.861995;-0.237867;1.159431;-0.074405;-0.509049;-0.083651;0.856624;3.92E-4;0.465443;-5.87E-4;-0.509049;-0.083651;0.856624;0.012575;1.138151;0.072346;-0.509049;-0.083651;0.856624;-0.060993;1.662218;0.126784;-0.063814;0.954253;-0.292093;0.19879;1.633623;-0.023413;-0.063814;0.954253;-0.292093;-0.320777;1.601842;-0.013685;-0.063814;0.954253;-0.292093;0.19879;1.633623;-0.023413;-0.016877;-0.029572;-0.99939;0.001538;0.975579;-5.87E-4;-0.016877;-0.029572;-0.99939;-0.320777;1.601842;-0.013685;-0.016877;-0.029572;-0.99939;-0.060993;1.662218;0.126784;0.487503;-0.116123;0.865322;0.001538;0.975579;-5.87E-4;0.487503;-0.116123;0.865322;0.19879;1.633623;-0.023413;0.487503;-0.116123;0.865322;-0.320777;1.601842;-0.013685;-0.428968;-0.202368;0.880337;0.001538;0.975579;-5.87E-4;-0.428968;-0.202368;0.880337;-0.060993;1.662218;0.126784;-0.428968;-0.202368;0.880337;-0.201403;2.181501;-0.060492;-0.33607;0.941404;-0.027192;0.055527;2.269243;-0.1983;-0.33607;0.941404;-0.027192;-0.458332;2.085944;-0.193;-0.33607;0.941404;-0.027192;0.055527;2.269243;-0.1983;0.107334;-0.328043;-0.938536;-0.05406;1.494771;0.059867;0.107334;-0.328043;-0.938536;-0.458332;2.085944;-0.193;0.107334;-0.328043;-0.938536;-0.201403;2.181501;-0.060492;0.393902;0.239998;0.887234;-0.05406;1.494771;0.059867;0.393902;0.239998;0.887234;0.055527;2.269243;-0.1983;0.393902;0.239998;0.887234;-0.458332;2.085944;-0.193;-0.473098;0.052614;0.879421;-0.05406;1.494771;0.059867;-0.473098;0.052614;0.879421;-0.201403;2.181501;-0.060492;-0.473098;0.052614;0.879421;-0.407738;0.48244;0.18383;-0.611316;0.765191;0.201788;-0.276894;0.637393;-0.007349;-0.611316;0.765191;0.201788;-0.626682;0.327488;0.108113;-0.611316;0.765191;0.201788;-0.276894;0.637393;-0.007349;-0.247871;-0.079928;-0.965484;-0.009692;-0.038474;-0.019998;-0.247871;-0.079928;-0.965484;-0.626682;0.327488;0.108113;-0.247871;-0.079928;-0.965484;-0.407738;0.48244;0.18383;0.686514;0.258675;0.679525;-0.009692;-0.038474;-0.019998;0.686514;0.258675;0.679525;-0.276894;0.637393;-0.007349;0.686514;0.258675;0.679525;-0.626682;0.327488;0.108113;-0.041108;-0.391156;0.919401;-0.009692;-0.038474;-0.019998;-0.041108;-0.391156;0.919401;-0.407738;0.48244;0.18383;-0.041108;-0.391156;0.919401;-0.642995;0.943161;0.355822;-0.410474;0.81814;0.402661;-0.464754;1.119434;0.179374;-0.410474;0.81814;0.402661;-0.918138;0.855943;0.252545;-0.410474;0.81814;0.402661;-0.464754;1.119434;0.179374;-0.202429;0.077242;-0.976226;-0.384725;0.374016;0.103797;-0.202429;0.077242;-0.976226;-0.918138;0.855943;0.252545;-0.202429;0.077242;-0.976226;-0.642995;0.943161;0.355822;0.701926;0.003143;0.71221;-0.384725;0.374016;0.103797;0.701926;0.003143;0.71221;-0.464754;1.119434;0.179374;0.701926;0.003143;0.71221;-0.918138;0.855943;0.252545;-0.178167;-0.464858;0.867244;-0.384725;0.374016;0.103797;-0.178167;-0.464858;0.867244;-0.642995;0.943161;0.355822;-0.178167;-0.464858;0.867244;-0.875677;1.434036;0.520229;-0.368664;0.910154;0.188788;-0.620417;1.56795;0.373099;-0.368664;0.910154;0.188788;-1.120532;1.344216;0.475116;-0.368664;0.910154;0.188788;-0.620417;1.56795;0.373099;-0.275613;0.186102;-0.943052;-0.63107;0.840535;0.232656;-0.275613;0.186102;-0.943052;-1.120532;1.344216;0.475116;-0.275613;0.186102;-0.943052;-0.875677;1.434036;0.520229;0.556169;-0.16538;0.814417;-0.63107;0.840535;0.232656;0.556169;-0.16538;0.814417;-0.620417;1.56795;0.373099;0.556169;-0.16538;0.814417;-1.120532;1.344216;0.475116;-0.005066;-0.437727;0.899075;-0.63107;0.840535;0.232656;-0.005066;-0.437727;0.899075;-0.875677;1.434036;0.520229;-0.005066;-0.437727;0.899075;0.456175;1.585173;-0.291973;0.481246;0.721244;-0.498154;0.452382;1.406431;-0.554428;0.481246;0.721244;-0.498154;0.215643;1.784675;-0.235497;0.481246;0.721244;-0.498154;0.452382;1.406431;-0.554428;-0.812769;-0.017701;-0.582293;0.066184;1.095891;-0.005941;-0.812769;-0.017701;-0.582293;0.215643;1.784675;-0.235497;-0.812769;-0.017701;-0.582293;0.456175;1.585173;-0.291973;0.82345;-0.47441;0.311197;0.066184;1.095891;-0.005941;0.82345;-0.47441;0.311197;0.452382;1.406431;-0.554428;0.82345;-0.47441;0.311197;0.215643;1.784675;-0.235497;0.388287;0.214423;0.896237;0.066184;1.095891;-0.005941;0.388287;0.214423;0.896237;0.456175;1.585173;-0.291973;0.388287;0.214423;0.896237;0.65164;2.130087;-0.536593;0.190527;0.864162;-0.465712;0.700959;1.980309;-0.794323;0.190527;0.864162;-0.465712;0.395824;2.257728;-0.404425;0.190527;0.864162;-0.465712;0.700959;1.980309;-0.794323;-0.799554;-0.036958;-0.599414;0.365822;1.518211;-0.318795;-0.799554;-0.036958;-0.599414;0.395824;2.257728;-0.404425;-0.799554;-0.036958;-0.599414;0.65164;2.130087;-0.536593;0.892148;-0.294931;0.342112;0.365822;1.518211;-0.318795;0.892148;-0.294931;0.342112;0.700959;1.980309;-0.794323;0.892148;-0.294931;0.342112;0.395824;2.257728;-0.404425;0.488998;0.080721;0.868526;0.365822;1.518211;-0.318795;0.488998;0.080721;0.868526;0.65164;2.130087;-0.536593;0.488998;0.080721;0.868526;-0.221227;2.723671;-0.129904;-0.040498;0.999115;0.009552;0.030071;2.734608;-0.207969;-0.040498;0.999115;0.009552;-0.470702;2.714298;-0.207382;-0.040498;0.999115;0.009552;0.030071;2.734608;-0.207969;0.003998;-0.127506;-0.991821;-0.155076;2.062768;-0.122328;0.003998;-0.127506;-0.991821;-0.470702;2.714298;-0.207382;0.003998;-0.127506;-0.991821;-0.221227;2.723671;-0.129904;0.294809;0.040437;0.95468;-0.155076;2.062768;-0.122328;0.294809;0.040437;0.95468;0.030071;2.734608;-0.207969;0.294809;0.040437;0.95468;-0.470702;2.714298;-0.207382;-0.295877;-0.018647;0.955016;-0.155076;2.062768;-0.122328;-0.295877;-0.018647;0.955016;-0.221227;2.723671;-0.129904;-0.295877;-0.018647;0.955016
6
SPREADER;2;0;0;0;10;5
MATERIAL;second;0;count;7;CUSTOM;0.475;0.722;0.46667;10000;MUD_GREEN;5000;CYAN;20000;LILAC;60000;DARK_PURPLE;100000;PINK;200000;YELLOW;800000
INFO;NameId;385;DescId;386;price;950;dpPerMin;0;range;2;placeSound;grassPlace
LIFE;averagePop;7.0;averageLife;6.0;popFactors;1;0.15;breedMat;3.0;breedTime;2.1714954;parentId;17;breedCount;150;reqCount;2;TRANSFORM;size;1.04;LIFE;type;2;enviroType;0;classification;erl;count;2;FADE_DEATH;0.5;enviroReqCount;3;reqId;3;badBiomes;1;6;influence;0.9;reqId;5;likedSpecies;1;er;influence;0.8;reqId;2;barren;1;goodBiomes;2;2;9;ideal;10;influence;0.1
GROWTH;dynamic;0;growthTime;2.0;modelStages;3;subStages;1
FOOD;1;902;23;WHOLE;PARTICLE_DEATH;isColour;1;Spawn;0;PPS;8;Speed;0.6;Gravity;0.2;Life;0.5;Scale;0.05;Colour;0.283767;0.615176;0.26896;Additive;0;Alpha;1;FadeIn;0.1;FadeOut;0.8;HasDir;1;Dir;0;1;0;Deviation;0.3;Offset;0;0;0;LifeError;0.4;ScaleError;0.1;SpeedError;0.1;RandomRot;1;HasXRot;0
