1.0;name;608
ef
0;1
1
-0.662099;-0.180397;-1.003633;0.43576;1.07416;1.002313;1
30;1
30;0.5855657;0.454212;0.5629646
-0.115634;1.07416;0.387711;0.5809;0.3979;0.7101;-0.494252;0.530161;1.002313;0.5809;0.3979;0.7101;0.401997;-0.117792;0.632222;0.5809;0.3979;0.7101;0.401997;-0.117792;0.632222;-0.473;-0.8273;0.303;-0.494252;0.530161;1.002313;-0.473;-0.8273;0.303;-0.662099;0.262078;0.008474;-0.473;-0.8273;0.303;-0.662099;0.262078;0.008474;-0.827;0.5621;-0.0119;-0.494252;0.530161;1.002313;-0.827;0.5621;-0.0119;-0.115634;1.07416;0.387711;-0.827;0.5621;-0.0119;-0.662099;0.262078;0.008474;-0.6475;0.6607;-0.3797;0.121594;0.84869;-0.307284;-0.6475;0.6607;-0.3797;-0.231521;0.102504;-1.003633;-0.6475;0.6607;-0.3797;-0.662099;0.262078;0.008474;-0.3604;-0.9316;0.0475;0.43576;-0.180397;-0.339119;-0.3604;-0.9316;0.0475;0.401997;-0.117792;0.632222;-0.3604;-0.9316;0.0475;0.401997;-0.117792;0.632222;0.8913;0.4214;0.1675;0.121594;0.84869;-0.307284;0.8913;0.4214;0.1675;-0.115634;1.07416;0.387711;0.8913;0.4214;0.1675;0.43576;-0.180397;-0.339119;-0.3778;-0.9258;-0.0148;-0.662099;0.262078;0.008474;-0.3778;-0.9258;-0.0148;-0.231521;0.102504;-1.003633;-0.3778;-0.9258;-0.0148;0.121594;0.84869;-0.307284;0.7343;0.2438;-0.6336;0.43576;-0.180397;-0.339119;0.7343;0.2438;-0.6336;-0.231521;0.102504;-1.003633;0.7343;0.2438;-0.6336;-0.115634;1.07416;0.387711;-0.6459;0.6336;-0.426;0.121594;0.84869;-0.307284;-0.6459;0.6336;-0.426;-0.662099;0.262078;0.008474;-0.6459;0.6336;-0.426;0.401997;-0.117792;0.632222;0.9564;0.2915;0.0145;0.43576;-0.180397;-0.339119;0.9564;0.2915;0.0145;0.121594;0.84869;-0.307284;0.9564;0.2915;0.0145
2
DECAY;1.8
FOOD;1;906;16;WHOLE;PARTICLE_DEATH;isColour;1;Spawn;0;PPS;8;Speed;0.6;Gravity;0.2;Life;0.5;Scale;0.05;Colour;0.812;0.58;0.318;Additive;0;Alpha;1;FadeIn;0.1;FadeOut;0.8;HasDir;1;Dir;0;1;0;Deviation;0.3;Offset;0;0;0;LifeError;0.4;ScaleError;0.1;SpeedError;0.1;RandomRot;1;HasXRot;0

