0.45
pnv
0;1
3
-0.621842;-0.43172;-1.148168;1.178428;1.870244;0.988879;1
36;1
36;0.4863;0.576;0.404;0.35
0.048658;-0.43172;0.08185;-0.8039;-0.2748;0.5275;-0.011157;1.484317;0.988879;-0.8039;-0.2748;0.5275;-0.154167;0.624601;0.323041;-0.8039;-0.2748;0.5275;-0.154167;0.624601;0.323041;-0.0596;0.6174;-0.7844;-0.011157;1.484317;0.988879;-0.0596;0.6174;-0.7844;0.190395;0.644667;0.312663;-0.0596;0.6174;-0.7844;0.190395;0.644667;0.312663;0.8257;-0.2201;0.5194;-0.011157;1.484317;0.988879;0.8257;-0.2201;0.5194;0.048658;-0.43172;0.08185;0.8257;-0.2201;0.5194;0.048658;-0.43172;0.08185;-0.0419;0.2148;-0.9758;-0.154167;0.624601;0.323041;-0.0419;0.2148;-0.9758;0.190395;0.644667;0.312663;-0.0419;0.2148;-0.9758;0.122702;-0.429956;-0.069884;0.8159;-0.3947;0.4226;1.178428;1.62543;-0.188676;0.8159;-0.3947;0.4226;0.552448;0.627678;0.088136;0.8159;-0.3947;0.4226;0.552448;0.627678;0.088136;-0.8013;0.5607;0.2089;1.178428;1.62543;-0.188676;-0.8013;0.5607;0.2089;0.473419;0.653336;-0.283819;-0.8013;0.5607;0.2089;0.473419;0.653336;-0.283819;0.5591;-0.3311;-0.7601;1.178428;1.62543;-0.188676;0.5591;-0.3311;-0.7601;0.122702;-0.429956;-0.069884;0.5591;-0.3311;-0.7601;0.122702;-0.429956;-0.069884;-0.9151;0.3393;0.2178;0.552448;0.627678;0.088136;-0.9151;0.3393;0.2178;0.473419;0.653336;-0.283819;-0.9151;0.3393;0.2178;-0.007403;-0.429956;-0.063602;-0.0075;-0.4281;-0.9037;-0.621842;1.870244;-1.148168;-0.0075;-0.4281;-0.9037;-0.025177;0.466501;-0.488128;-0.0075;-0.4281;-0.9037;-0.025177;0.466501;-0.488128;0.5171;0.5342;0.6688;-0.621842;1.870244;-1.148168;0.5171;0.5342;0.6688;-0.380857;0.495895;-0.236606;0.5171;0.5342;0.6688;-0.380857;0.495895;-0.236606;-0.8242;-0.4062;-0.3945;-0.621842;1.870244;-1.148168;-0.8242;-0.4062;-0.3945;-0.007403;-0.429956;-0.063602;-0.8242;-0.4062;-0.3945;-0.007403;-0.429956;-0.063602;0.5576;0.3643;0.7459;-0.025177;0.466501;-0.488128;0.5576;0.3643;0.7459;-0.380857;0.495895;-0.236606;0.5576;0.3643;0.7459
-1.128801;-0.755525;-1.294646;1.299337;2.947302;1.455598;1
72;3
54;0.4863;0.576;0.404;0.25
0.019577;1.782472;0.480905;0.6498;0.4689;-0.5983;0.076446;2.947302;1.455598;0.6498;0.4689;-0.5983;0.236675;1.716054;0.664652;0.6498;0.4689;-0.5983;0.236675;1.716054;0.664652;-0.2569;-0.5458;0.7976;0.076446;2.947302;1.455598;-0.2569;-0.5458;0.7976;-0.277779;1.809841;0.563125;-0.2569;-0.5458;0.7976;-0.277779;1.809841;0.563125;-0.1499;0.6388;-0.7546;0.076446;2.947302;1.455598;-0.1499;0.6388;-0.7546;0.019577;1.782472;0.480905;-0.1499;0.6388;-0.7546;-0.277779;1.809841;0.563125;-0.2317;0.2808;-0.9314;0.019577;1.782472;0.480905;-0.2317;0.2808;-0.9314;-0.076447;0.352982;0.073872;-0.2317;0.2808;-0.9314;0.383611;1.565288;-0.322692;-0.835;0.4604;-0.3013;1.299337;2.947173;-0.748958;-0.835;0.4604;-0.3013;0.446947;1.499142;-0.599275;-0.835;0.4604;-0.3013;0.236675;1.716054;0.664652;-0.2412;-0.3387;0.9094;-0.277779;1.809841;0.563125;-0.2412;-0.3387;0.9094;-0.076447;0.352982;0.073872;-0.2412;-0.3387;0.9094;0.019577;1.782472;0.480905;0.666;0.1626;-0.7281;0.236675;1.716054;0.664652;0.666;0.1626;-0.7281;-0.076447;0.352982;0.073872;0.666;0.1626;-0.7281;0.446947;1.499142;-0.599275;0.8102;-0.5073;-0.2937;1.299337;2.947173;-0.748958;0.8102;-0.5073;-0.2937;0.620588;1.521548;-0.158943;0.8102;-0.5073;-0.2937;0.620588;1.521548;-0.158943;-0.4228;0.511;0.7484;1.299337;2.947173;-0.748958;-0.4228;0.511;0.7484;0.383611;1.565288;-0.322692;-0.4228;0.511;0.7484;0.620588;1.521548;-0.158943;-0.5122;0.2731;0.8143;0.383611;1.565288;-0.322692;-0.5122;0.2731;0.8143;0.059671;0.352853;-0.119855;-0.5122;0.2731;0.8143;0.446947;1.499142;-0.599275;0.8516;-0.4193;-0.3145;0.620588;1.521548;-0.158943;0.8516;-0.4193;-0.3145;0.059671;0.352853;-0.119855;0.8516;-0.4193;-0.3145;0.383611;1.565288;-0.322692;-0.9417;0.2072;-0.2652;0.446947;1.499142;-0.599275;-0.9417;0.2072;-0.2652;0.059671;0.352853;-0.119855;-0.9417;0.2072;-0.2652;-0.358273;1.824758;-0.451239;0.1975;0.7015;0.6848;-1.128801;2.864963;-1.294646;0.1975;0.7015;0.6848;-0.669313;1.812836;-0.349335;0.1975;0.7015;0.6848;-0.669313;1.812836;-0.349335;-0.6769;-0.633;-0.3755;-1.128801;2.864963;-1.294646;-0.6769;-0.633;-0.3755;-0.341848;1.703278;-0.754958;-0.6769;-0.633;-0.3755;-0.341848;1.703278;-0.754958;0.8499;0.5035;-0.1554;-1.128801;2.864963;-1.294646;0.8499;0.5035;-0.1554;-0.358273;1.824758;-0.451239;0.8499;0.5035;-0.1554;-0.341848;1.703278;-0.754958;0.9827;0.1839;-0.0204;-0.358273;1.824758;-0.451239;0.9827;0.1839;-0.0204;-0.088868;0.43555;0.00132;0.9827;0.1839;-0.0204;-0.669313;1.812836;-0.349335;-0.7527;-0.4415;-0.4884;-0.341848;1.703278;-0.754958;-0.7527;-0.4415;-0.4884;-0.088868;0.43555;0.00132;-0.7527;-0.4415;-0.4884;-0.358273;1.824758;-0.451239;0.2801;0.346;0.8954;-0.669313;1.812836;-0.349335;0.2801;0.346;0.8954;-0.088868;0.43555;0.00132;0.2801;0.346;0.8954
9;0.7264093;0.46726462;0.8249675
0.0;0.129439;-0.341432;0.8442;0.2233;-0.4874;-0.0;0.920779;0.021158;0.8442;0.2233;-0.4874;0.296782;0.129439;0.172609;0.8442;0.2233;-0.4874;0.296782;0.129439;0.172609;-0.0;0.188;0.9822;-0.0;0.920779;0.021158;-0.0;0.188;0.9822;-0.296782;0.129439;0.172609;-0.0;0.188;0.9822;-0.296782;0.129439;0.172609;-0.8442;0.2233;-0.4874;-0.0;0.920779;0.021158;-0.8442;0.2233;-0.4874;0.0;0.129439;-0.341432;-0.8442;0.2233;-0.4874
9;0.90354544;0.90354544;0.90354544
0.0;0.129439;-0.341432;0.8484;-0.2007;-0.4898;0.296782;0.129439;0.172609;0.8484;-0.2007;-0.4898;-0.0;-0.755525;0.021158;0.8484;-0.2007;-0.4898;0.296782;0.129439;0.172609;-0.0;-0.1687;0.9857;-0.296782;0.129439;0.172609;-0.0;-0.1687;0.9857;-0.0;-0.755525;0.021158;-0.0;-0.1687;0.9857;-0.296782;0.129439;0.172609;-0.8484;-0.2007;-0.4898;0.0;0.129439;-0.341432;-0.8484;-0.2007;-0.4898;-0.0;-0.755525;0.021158;-0.8484;-0.2007;-0.4898
-2.115407;-0.819144;-1.883983;2.4449;4.222375;2.81701;1
150;3
54;0.4863;0.576;0.404;0.15
0.578399;2.62214;-0.862138;0.7544;-0.4892;-0.4376;1.027343;2.62214;-0.088187;0.7544;-0.4892;-0.4376;-0.14505;0.668545;0.074695;0.7544;-0.4892;-0.4376;0.0;2.738723;0.784011;0.3576;0.3933;-0.8471;0.447368;2.62214;0.918724;0.3576;0.3933;-0.8471;0.0;0.668545;-0.177131;0.3576;0.3933;-0.8471;0.0;2.738723;0.784011;0.3617;0.7531;-0.5496;0.0;4.222375;2.81701;0.3617;0.7531;-0.5496;0.447368;2.62214;0.918724;0.3617;0.7531;-0.5496;0.578399;2.62214;-0.862138;0.5575;-0.7646;-0.3234;2.4449;4.222375;-1.427649;0.5575;-0.7646;-0.3234;1.027343;2.62214;-0.088187;0.5575;-0.7646;-0.3234;0.447368;2.62214;0.918724;0.0;-0.4892;0.8722;-0.447368;2.62214;0.918724;0.0;-0.4892;0.8722;0.0;0.668545;-0.177131;0.0;-0.4892;0.8722;0.447368;2.62214;0.918724;0.0;-0.7646;0.6445;0.0;4.222375;2.81701;0.0;-0.7646;0.6445;-0.447368;2.62214;0.918724;0.0;-0.7646;0.6445;0.686343;2.738723;-0.407569;-0.9121;0.3933;0.1157;0.578399;2.62214;-0.862138;-0.9121;0.3933;0.1157;-0.14505;0.668545;0.074695;-0.9121;0.3933;0.1157;0.686343;2.738723;-0.407569;-0.6569;0.7531;-0.0371;2.4449;4.222375;-1.427649;-0.6569;0.7531;-0.0371;0.578399;2.62214;-0.862138;-0.6569;0.7531;-0.0371;-0.447368;2.62214;0.918724;-0.3617;0.7531;-0.5496;0.0;4.222375;2.81701;-0.3617;0.7531;-0.5496;0.0;2.738723;0.784011;-0.3617;0.7531;-0.5496;-0.447368;2.62214;0.918724;-0.3576;0.3933;-0.8471;0.0;2.738723;0.784011;-0.3576;0.3933;-0.8471;0.0;0.668545;-0.177131;-0.3576;0.3933;-0.8471;1.027343;2.62214;-0.088187;-0.2939;0.7531;0.5887;2.4449;4.222375;-1.427649;-0.2939;0.7531;0.5887;0.686343;2.738723;-0.407569;-0.2939;0.7531;0.5887;1.027343;2.62214;-0.088187;-0.5533;0.3933;0.7343;0.686343;2.738723;-0.407569;-0.5533;0.3933;0.7343;-0.14505;0.668545;0.074695;-0.5533;0.3933;0.7343;-0.99137;2.62214;-0.290192;-0.6527;-0.4892;-0.5784;-0.39797;2.62214;-0.95984;-0.6527;-0.4892;-0.5784;0.125502;0.668545;0.101768;-0.6527;-0.4892;-0.5784;-0.99137;2.62214;-0.290192;-0.4824;-0.7646;-0.4275;-2.115407;4.222375;-1.883983;-0.4824;-0.7646;-0.4275;-0.39797;2.62214;-0.95984;-0.4824;-0.7646;-0.4275;-0.593847;2.738723;-0.535673;0.3968;0.3933;0.8294;-0.99137;2.62214;-0.290192;0.3968;0.3933;0.8294;0.125502;0.668545;0.101768;0.3968;0.3933;0.8294;-0.593847;2.738723;-0.535673;0.1714;0.7531;0.6352;-2.115407;4.222375;-1.883983;0.1714;0.7531;0.6352;-0.99137;2.62214;-0.290192;0.1714;0.7531;0.6352;-0.39797;2.62214;-0.95984;0.6512;0.7531;0.0937;-2.115407;4.222375;-1.883983;0.6512;0.7531;0.0937;-0.593847;2.738723;-0.535673;0.6512;0.7531;0.0937;-0.39797;2.62214;-0.95984;0.8711;0.3933;0.2942;-0.593847;2.738723;-0.535673;0.8711;0.3933;0.2942;0.125502;0.668545;0.101768;0.8711;0.3933;0.2942
60;0.7264093;0.46726462;0.8249675
0.069839;0.661024;-0.94761;0.5656;0.6654;-0.4872;0.419311;1.050955;-0.009444;0.5656;0.6654;-0.4872;0.938166;0.661024;0.060395;0.5656;0.6654;-0.4872;0.938166;0.661024;0.060395;0.4872;0.6654;0.5656;-0.0;1.050955;0.409867;0.4872;0.6654;0.5656;-0.069839;0.661024;0.928722;0.4872;0.6654;0.5656;-0.0;1.050955;0.409867;0.2245;0.9483;0.2245;0.419311;1.050955;-0.009444;0.2245;0.9483;0.2245;-0.0;1.150218;-0.009444;0.2245;0.9483;0.2245;-0.069839;0.661024;0.928722;-0.5256;0.6982;0.486;-0.419311;1.050955;-0.009444;-0.5256;0.6982;0.486;-0.938166;0.70896;-0.079283;-0.5256;0.6982;0.486;-0.938166;0.70896;-0.079283;-0.4605;0.6787;-0.5721;-0.0;1.050955;-0.428755;-0.4605;0.6787;-0.5721;0.069839;0.661024;-0.94761;-0.4605;0.6787;-0.5721;0.069839;0.661024;-0.94761;-0.6364;0.1847;-0.7489;-0.930367;0.272651;-0.193496;-0.6364;0.1847;-0.7489;-0.938166;0.70896;-0.079283;-0.6364;0.1847;-0.7489;-0.069839;0.661024;0.928722;0.6388;0.2052;0.7415;0.930367;0.272651;0.174608;0.6388;0.2052;0.7415;0.938166;0.661024;0.060395;0.6388;0.2052;0.7415;0.938166;0.661024;0.060395;0.7415;0.2052;-0.6388;0.184052;0.272651;-0.939811;0.7415;0.2052;-0.6388;0.069839;0.661024;-0.94761;0.7415;0.2052;-0.6388;-0.938166;0.70896;-0.079283;-0.7369;0.2038;0.6445;-0.184052;0.272651;0.920923;-0.7369;0.2038;0.6445;-0.069839;0.661024;0.928722;-0.7369;0.2038;0.6445;0.419311;1.050955;-0.009444;0.2245;0.9483;-0.2245;-0.0;1.050955;-0.428755;0.2245;0.9483;-0.2245;-0.0;1.150218;-0.009444;0.2245;0.9483;-0.2245;-0.419311;1.050955;-0.009444;-0.2245;0.9483;0.2245;-0.0;1.050955;0.409867;-0.2245;0.9483;0.2245;-0.0;1.150218;-0.009444;-0.2245;0.9483;0.2245;-0.0;1.050955;-0.428755;-0.2245;0.9483;-0.2245;-0.419311;1.050955;-0.009444;-0.2245;0.9483;-0.2245;-0.0;1.150218;-0.009444;-0.2245;0.9483;-0.2245;0.069839;0.661024;-0.94761;0.4834;0.7298;-0.4834;-0.0;1.050955;-0.428755;0.4834;0.7298;-0.4834;0.419311;1.050955;-0.009444;0.4834;0.7298;-0.4834;0.938166;0.661024;0.060395;0.4834;0.7298;0.4834;0.419311;1.050955;-0.009444;0.4834;0.7298;0.4834;-0.0;1.050955;0.409867;0.4834;0.7298;0.4834;-0.069839;0.661024;0.928722;-0.4834;0.7298;0.4834;-0.0;1.050955;0.409867;-0.4834;0.7298;0.4834;-0.419311;1.050955;-0.009444;-0.4834;0.7298;0.4834;-0.938166;0.70896;-0.079283;-0.4489;0.7727;-0.4489;-0.419311;1.050955;-0.009444;-0.4489;0.7727;-0.4489;-0.0;1.050955;-0.428755;-0.4489;0.7727;-0.4489;0.069839;0.661024;-0.94761;-0.5476;-0.1775;-0.8177;0.184052;0.272651;-0.939811;-0.5476;-0.1775;-0.8177;-0.930367;0.272651;-0.193496;-0.5476;-0.1775;-0.8177;-0.069839;0.661024;0.928722;0.5476;-0.1775;0.8177;-0.184052;0.272651;0.920923;0.5476;-0.1775;0.8177;0.930367;0.272651;0.174608;0.5476;-0.1775;0.8177;0.938166;0.661024;0.060395;0.8177;-0.1775;-0.5476;0.930367;0.272651;0.174608;0.8177;-0.1775;-0.5476;0.184052;0.272651;-0.939811;0.8177;-0.1775;-0.5476;-0.938166;0.70896;-0.079283;-0.8204;-0.1585;0.5494;-0.930367;0.272651;-0.193496;-0.8204;-0.1585;0.5494;-0.184052;0.272651;0.920923;-0.8204;-0.1585;0.5494
36;0.90354544;0.90354544;0.90354544
-0.930367;0.272651;-0.193496;-0.5947;-0.6984;0.3982;-0.064974;-0.284561;0.121568;-0.5947;-0.6984;0.3982;-0.184052;0.272651;0.920923;-0.5947;-0.6984;0.3982;-0.131012;-0.284561;-0.074418;-0.3135;-0.1899;-0.9304;0.064974;-0.284561;-0.140455;-0.3135;-0.1899;-0.9304;-0.0;-0.819144;-0.009444;-0.3135;-0.1899;-0.9304;0.930367;0.272651;0.174608;0.5947;-0.6984;-0.3982;0.064974;-0.284561;-0.140455;0.5947;-0.6984;-0.3982;0.184052;0.272651;-0.939811;0.5947;-0.6984;-0.3982;0.184052;0.272651;-0.939811;-0.3982;-0.6984;-0.5947;-0.131012;-0.284561;-0.074418;-0.3982;-0.6984;-0.5947;-0.930367;0.272651;-0.193496;-0.3982;-0.6984;-0.5947;-0.184052;0.272651;0.920923;0.3982;-0.6984;0.5947;0.131011;-0.284561;0.05553;0.3982;-0.6984;0.5947;0.930367;0.272651;0.174608;0.3982;-0.6984;0.5947;0.131011;-0.284561;0.05553;0.3135;-0.1899;0.9304;-0.064974;-0.284561;0.121568;0.3135;-0.1899;0.9304;-0.0;-0.819144;-0.009444;0.3135;-0.1899;0.9304;-0.064974;-0.284561;0.121568;-0.9304;-0.1899;0.3135;-0.131012;-0.284561;-0.074418;-0.9304;-0.1899;0.3135;-0.0;-0.819144;-0.009444;-0.9304;-0.1899;0.3135;0.064974;-0.284561;-0.140455;0.9304;-0.1899;-0.3135;0.131011;-0.284561;0.05553;0.9304;-0.1899;-0.3135;-0.0;-0.819144;-0.009444;0.9304;-0.1899;-0.3135;-0.930367;0.272651;-0.193496;-0.5803;-0.7906;0.1955;-0.131012;-0.284561;-0.074418;-0.5803;-0.7906;0.1955;-0.064974;-0.284561;0.121568;-0.5803;-0.7906;0.1955;0.930367;0.272651;0.174608;0.5803;-0.7906;-0.1955;0.131011;-0.284561;0.05553;0.5803;-0.7906;-0.1955;0.064974;-0.284561;-0.140455;0.5803;-0.7906;-0.1955;0.184052;0.272651;-0.939811;-0.1955;-0.7906;-0.5802;0.064974;-0.284561;-0.140455;-0.1955;-0.7906;-0.5802;-0.131012;-0.284561;-0.074418;-0.1955;-0.7906;-0.5802;-0.184052;0.272651;0.920923;0.1955;-0.7906;0.5803;-0.064974;-0.284561;0.121568;0.1955;-0.7906;0.5803;0.131011;-0.284561;0.05553;0.1955;-0.7906;0.5803
4
INFO;NameId;503;DescId;504;price;12300;dpPerMin;0;range;2;placeSound;grassPlace
LIFE;averagePop;7.0;averageLife;5.0;popFactors;1;0.5;breedMat;2.5;breedTime;1.8085543;parentId;60;count;250;reqs;3;LIFE;type;2;enviroType;0;classification;pts58;count;1;LIFE;type;2;enviroType;0;classification;pts110;count;1;MATERIAL;col;MUD_GREEN;FADE_DEATH;0.5;enviroReqCount;2;reqId;2;barren;0;goodBiomes;3;0;8;6;ideal;80;influence;0.8;reqId;5;likedSpecies;1;pnf;influence;0.4
GROWTH;dynamic;0;growthTime;1.6666666;modelStages;3;subStages;1
FOOD;2;907;35;ROOT_VEG;UP_DOWN_DEATH;speed;3.5;isColour;1;Spawn;0;PPS;8;Speed;0.6;Gravity;0.2;Life;0.5;Scale;0.05;Colour;0.7264093;0.46726462;0.8249675;Additive;0;Alpha;1;FadeIn;0.1;FadeOut;0.8;HasDir;1;Dir;0;1;0;Deviation;0.3;Offset;0;0;0;LifeError;0.4;ScaleError;0.1;SpeedError;0.1;RandomRot;1;HasXRot;0;902;12;WHOLE;PARTICLE_DEATH;isColour;1;Spawn;0;PPS;8;Speed;0.6;Gravity;0.2;Life;0.5;Scale;0.05;Colour;0.5938055;0.73924977;0.429911326;Additive;0;Alpha;1;FadeIn;0.1;FadeOut;0.8;HasDir;1;Dir;0;1;0;Deviation;0.3;Offset;0;0;0;LifeError;0.4;ScaleError;0.1;SpeedError;0.1;RandomRot;1;HasXRot;0

