0.45
pnw
0;1;0.2
3
-0.723612;-0.19031;-0.979512;0.366877;1.620906;0.616087;1
27;1
27;0.3919153;0.47991672;0.34749135;0.35
-0.723612;1.337171;-0.139585;0.7414;0.2662;-0.616;-0.088418;-0.002284;0.04621;0.7414;0.2662;-0.616;-0.258945;-0.050727;-0.179968;0.7414;0.2662;-0.616;-0.723612;1.337171;-0.139585;-0.9379;-0.3094;-0.157;-0.258945;-0.050727;-0.179968;-0.9379;-0.3094;-0.157;-0.323299;-0.050727;0.204534;-0.9379;-0.3094;-0.157;0.34799;1.620906;-0.979512;0.4565;0.3087;0.8344;-0.044643;-0.004878;-0.163195;0.4565;0.3087;0.8344;0.183638;-0.048133;-0.272087;0.4565;0.3087;0.8344;0.242125;1.330592;0.616087;-0.989;0.0374;0.143;0.084623;-0.141868;-0.088331;-0.989;0.0374;0.143;0.123362;-0.19031;0.192267;-0.989;0.0374;0.143;0.242125;1.330592;0.616087;0.7602;-0.2288;0.6081;0.123362;-0.19031;0.192267;0.7602;-0.2288;0.6081;0.366877;-0.19031;-0.112174;0.7602;-0.2288;0.6081;-0.723612;1.337171;-0.139585;0.4769;0.3387;0.8111;-0.323299;-0.050727;0.204534;0.4769;0.3387;0.8111;-0.088418;-0.002284;0.04621;0.4769;0.3387;0.8111;0.34799;1.620906;-0.979512;0.3293;-0.3958;-0.8573;0.183638;-0.048133;-0.272087;0.3293;-0.3958;-0.8573;-0.141308;-0.048133;-0.396916;0.3293;-0.3958;-0.8573;0.34799;1.620906;-0.979512;-0.8829;0.3629;0.298;-0.141308;-0.048133;-0.396916;-0.8829;0.3629;0.298;-0.044643;-0.004878;-0.163195;-0.8829;0.3629;0.298;0.242125;1.330592;0.616087;-0.0021;0.4317;-0.902;0.366877;-0.19031;-0.112174;-0.0021;0.4317;-0.902;0.084623;-0.141868;-0.088331;-0.0021;0.4317;-0.902
-1.634006;-0.308945;-1.102326;1.6372;3.845971;1.486452;1
90;3
36;0.5476351;0.37531206;0.30295828;0.25
-0.803674;3.170002;0.669037;0.1554;0.0219;0.9876;-1.098202;3.845971;0.700388;0.1554;0.0219;0.9876;-1.067301;3.105712;0.711953;0.1554;0.0219;0.9876;-0.978042;3.156594;0.457164;0.7155;0.34;-0.6103;-1.098202;3.845971;0.700388;0.7155;0.34;-0.6103;-0.803674;3.170002;0.669037;0.7155;0.34;-0.6103;-1.067301;3.105712;0.711953;-0.94;-0.0445;-0.3382;-1.098202;3.845971;0.700388;-0.94;-0.0445;-0.3382;-0.978042;3.156594;0.457164;-0.94;-0.0445;-0.3382;-0.978042;3.156594;0.457164;0.7624;0.1231;-0.6353;-0.803674;3.170002;0.669037;0.7624;0.1231;-0.6353;-0.824517;2.448043;0.504078;0.7624;0.1231;-0.6353;-0.803674;3.170002;0.669037;0.2095;-0.2235;0.9519;-1.067301;3.105712;0.711953;0.2095;-0.2235;0.9519;-0.824517;2.448043;0.504078;0.2095;-0.2235;0.9519;-1.067301;3.105712;0.711953;-0.906;-0.2202;-0.3614;-0.978042;3.156594;0.457164;-0.906;-0.2202;-0.3614;-0.824517;2.448043;0.504078;-0.906;-0.2202;-0.3614;1.232415;2.235762;-0.296463;0.1871;0.1258;0.9742;1.378724;2.913359;-0.412043;0.1871;0.1258;0.9742;0.995079;2.340826;-0.264438;0.1871;0.1258;0.9742;1.081457;2.283665;-0.504573;0.7504;-0.2653;-0.6054;1.378724;2.913359;-0.412043;0.7504;-0.2653;-0.6054;1.232415;2.235762;-0.296463;0.7504;-0.2653;-0.6054;0.995079;2.340826;-0.264438;-0.8071;0.439;-0.3948;1.378724;2.913359;-0.412043;-0.8071;0.439;-0.3948;1.081457;2.283665;-0.504573;-0.8071;0.439;-0.3948;1.081457;2.283665;-0.504573;0.6582;-0.4725;-0.5862;1.232415;2.235762;-0.296463;0.6582;-0.4725;-0.5862;0.809481;1.674725;-0.319122;0.6582;-0.4725;-0.5862;1.232415;2.235762;-0.296463;0.0869;-0.1055;0.9906;0.995079;2.340826;-0.264438;0.0869;-0.1055;0.9906;0.809481;1.674725;-0.319122;0.0869;-0.1055;0.9906;0.995079;2.340826;-0.264438;-0.8813;0.277;-0.3829;1.081457;2.283665;-0.504573;-0.8813;0.277;-0.3829;0.809481;1.674725;-0.319122;-0.8813;0.277;-0.3829
27;0.3919153;0.47991672;0.34749135;0.25
-1.634006;2.353185;-0.591825;0.7429;0.2616;-0.6162;-0.268169;-0.063626;0.029031;0.7429;0.2616;-0.6162;-0.413523;-0.104918;-0.16376;0.7429;0.2616;-0.6162;-1.634006;2.353185;-0.591825;-0.8756;-0.4603;-0.1465;-0.413523;-0.104918;-0.16376;-0.8756;-0.4603;-0.1465;-0.468378;-0.104918;0.163984;-0.8756;-0.4603;-0.1465;-0.199902;3.692696;-1.102326;0.4522;0.1954;0.8703;-0.304767;-0.063626;-0.204524;0.4522;0.1954;0.8703;-0.086844;-0.104918;-0.308475;0.4522;0.1954;0.8703;1.6372;2.877133;1.486452;-0.9226;0.3382;0.1858;0.247552;-0.182605;0.155325;-0.9226;0.3382;0.1858;0.280573;-0.223896;0.394503;-0.9226;0.3382;0.1858;1.6372;2.877133;1.486452;0.6809;-0.4897;0.5446;0.280573;-0.223896;0.394503;0.6809;-0.4897;0.5446;0.488141;-0.223896;0.135002;0.6809;-0.4897;0.5446;-1.634006;2.353185;-0.591825;0.4349;0.4467;0.7819;-0.468378;-0.104918;0.163984;0.4349;0.4467;0.7819;-0.268169;-0.063626;0.029031;0.4349;0.4467;0.7819;-0.199902;3.692696;-1.102326;0.3527;-0.1814;-0.918;-0.086844;-0.104918;-0.308475;0.3527;-0.1814;-0.918;-0.397046;-0.104918;-0.42764;0.3527;-0.1814;-0.918;-0.199902;3.692696;-1.102326;-0.9254;0.1123;0.3619;-0.397046;-0.104918;-0.42764;-0.9254;0.1123;0.3619;-0.304767;-0.063626;-0.204524;-0.9254;0.1123;0.3619;1.6372;2.877133;1.486452;-0.0083;0.4021;-0.9156;0.488141;-0.223896;0.135002;-0.0083;0.4021;-0.9156;0.247552;-0.182605;0.155325;-0.0083;0.4021;-0.9156
27;0.44257763;0.44263083;0.2737921;0.25
-0.223787;-0.123724;0.123457;0.942;0.2414;-0.2331;-1.098202;3.845971;0.700388;0.942;0.2414;-0.2331;-0.1905;-0.131622;0.249786;0.942;0.2414;-0.2331;-0.1905;-0.131622;0.249786;-0.4681;-0.2042;0.8598;-1.098202;3.845971;0.700388;-0.4681;-0.2042;0.8598;-0.333119;-0.186171;0.159182;-0.4681;-0.2042;0.8598;-0.333119;-0.186171;0.159182;-0.3414;0.0611;-0.9379;-1.098202;3.845971;0.700388;-0.3414;0.0611;-0.9379;-0.223787;-0.123724;0.123457;-0.3414;0.0611;-0.9379;-0.051057;-0.308945;-0.229786;0.8859;-0.4058;-0.2246;1.378724;2.913359;-0.412043;0.8859;-0.4058;-0.2246;-0.01647;-0.303214;-0.103689;0.8859;-0.4058;-0.2246;-0.01647;-0.303214;-0.103689;-0.4294;0.2689;0.8621;1.378724;2.913359;-0.412043;-0.4294;0.2689;0.8621;-0.172583;-0.286628;-0.186626;-0.4294;0.2689;0.8621;-0.172583;-0.286628;-0.186626;-0.319;0.0881;-0.9437;1.378724;2.913359;-0.412043;-0.319;0.0881;-0.9437;-0.051057;-0.308945;-0.229786;-0.319;0.0881;-0.9437;-0.121264;-0.11787;0.336761;-0.0935;0.3286;-0.9398;0.083042;2.27433;1.152984;-0.0935;0.3286;-0.9398;0.200693;-0.137477;0.29789;-0.0935;0.3286;-0.9398;0.200693;-0.137477;0.29789;0.5861;-0.2452;0.7722;0.083042;2.27433;1.152984;0.5861;-0.2452;0.7722;-0.004731;-0.186171;0.438352;0.5861;-0.2452;0.7722;-0.004731;-0.186171;0.438352;-0.7033;-0.175;0.689;0.083042;2.27433;1.152984;-0.7033;-0.175;0.689;-0.121264;-0.11787;0.336761;-0.7033;-0.175;0.689
-3.542016;-0.379931;-3.641005;2.809741;6.27637;2.871203;1
234;4
108;0.5476351;0.37531206;0.30295828;0.1
-1.217434;5.999998;1.036895;0.2578;0.2975;0.9192;-1.519968;6.27637;1.032287;0.2578;0.2975;0.9192;-1.594188;5.899504;1.175092;0.2578;0.2975;0.9192;-1.531785;5.961073;0.770795;-0.9763;-0.133;-0.1709;-1.354271;4.461826;0.923716;-0.9763;-0.133;-0.1709;-1.594188;5.899504;1.175092;-0.9763;-0.133;-0.1709;-1.531785;5.961073;0.770795;0.5037;0.5402;-0.6741;-1.519968;6.27637;1.032287;0.5037;0.5402;-0.6741;-1.217434;5.999998;1.036895;0.5037;0.5402;-0.6741;-1.217434;5.999998;1.036895;0.6031;0.2673;-0.7516;-1.152436;4.550885;0.573755;0.6031;0.2673;-0.7516;-1.531785;5.961073;0.770795;0.6031;0.2673;-0.7516;-1.594188;5.899504;1.175092;0.345;-0.0026;0.9386;-0.950602;4.55165;0.934869;0.345;-0.0026;0.9386;-1.217434;5.999998;1.036895;0.345;-0.0026;0.9386;-1.594188;5.899504;1.175092;-0.981;0.1441;-0.1295;-1.519968;6.27637;1.032287;-0.981;0.1441;-0.1295;-1.531785;5.961073;0.770795;-0.981;0.1441;-0.1295;-1.152436;4.550885;0.573755;0.8643;-0.1415;-0.4828;-0.950602;4.55165;0.934869;0.8643;-0.1415;-0.4828;-1.114869;4.207207;0.741715;0.8643;-0.1415;-0.4828;-0.950602;4.55165;0.934869;0.0923;-0.5201;0.8491;-1.354271;4.461826;0.923716;0.0923;-0.5201;0.8491;-1.114869;4.207207;0.741715;0.0923;-0.5201;0.8491;-1.354271;4.461826;0.923716;-0.7724;-0.345;-0.5333;-1.152436;4.550885;0.573755;-0.7724;-0.345;-0.5333;-1.114869;4.207207;0.741715;-0.7724;-0.345;-0.5333;2.542827;4.398106;-0.766686;0.426;0.2769;0.8613;2.468481;4.791021;-0.856238;0.426;0.2769;0.8613;2.188413;4.575765;-0.648497;0.426;0.2769;0.8613;2.257114;4.497513;-1.048869;-0.8681;0.4375;-0.2345;1.5045;3.273761;-0.545486;-0.8681;0.4375;-0.2345;2.188413;4.575765;-0.648497;-0.8681;0.4375;-0.2345;2.257114;4.497513;-1.048869;0.6968;-0.0315;-0.7166;2.468481;4.791021;-0.856238;0.6968;-0.0315;-0.7166;2.542827;4.398106;-0.766686;0.6968;-0.0315;-0.7166;2.542827;4.398106;-0.766686;0.6006;-0.3349;-0.7261;1.696309;3.143348;-0.888039;0.6006;-0.3349;-0.7261;2.257114;4.497513;-1.048869;0.6006;-0.3349;-0.7261;2.188413;4.575765;-0.648497;0.3231;0.015;0.9463;1.878981;3.099908;-0.519413;0.3231;0.015;0.9463;2.542827;4.398106;-0.766686;0.3231;0.015;0.9463;2.188413;4.575765;-0.648497;-0.7;0.6687;-0.2508;2.468481;4.791021;-0.856238;-0.7;0.6687;-0.2508;2.257114;4.497513;-1.048869;-0.7;0.6687;-0.2508;1.696309;3.143348;-0.888039;0.5665;-0.7375;-0.3677;1.878981;3.099908;-0.519413;0.5665;-0.7375;-0.3677;1.527107;2.894273;-0.649148;0.5665;-0.7375;-0.3677;1.878981;3.099908;-0.519413;-0.1907;-0.2692;0.944;1.5045;3.273761;-0.545486;-0.1907;-0.2692;0.944;1.527107;2.894273;-0.649148;-0.1907;-0.2692;0.944;1.5045;3.273761;-0.545486;-0.8542;0.089;-0.5122;1.696309;3.143348;-0.888039;-0.8542;0.089;-0.5122;1.527107;2.894273;-0.649148;-0.8542;0.089;-0.5122;0.743076;5.207384;1.297354;0.9593;0.2731;-0.0719;0.685485;5.487089;1.591255;0.9593;0.2731;-0.0719;0.801209;5.107819;1.694655;0.9593;0.2731;-0.0719;0.419007;5.178152;1.552825;-0.3667;-0.1375;0.9201;0.605908;3.6751;1.402664;-0.3667;-0.1375;0.9201;0.801209;5.107819;1.694655;-0.3667;-0.1375;0.9201;0.419007;5.178152;1.552825;-0.547;0.5503;-0.6309;0.685485;5.487089;1.591255;-0.547;0.5503;-0.6309;0.743076;5.207384;1.297354;-0.547;0.5503;-0.6309;0.743076;5.207384;1.297354;-0.6114;0.2668;-0.745;0.286911;3.764159;1.154772;-0.6114;0.2668;-0.745;0.419007;5.178152;1.552825;-0.6114;0.2668;-0.745;0.801209;5.107819;1.694655;0.9886;-0.0182;-0.1492;0.672279;3.764924;1.004333;0.9886;-0.0182;-0.1492;0.743076;5.207384;1.297354;0.9886;-0.0182;-0.1492;0.801209;5.107819;1.694655;-0.3179;0.1579;0.9349;0.685485;5.487089;1.591255;-0.3179;0.1579;0.9349;0.419007;5.178152;1.552825;-0.3179;0.1579;0.9349;0.286911;3.764159;1.154772;-0.3597;-0.1423;-0.9222;0.672279;3.764924;1.004333;-0.3597;-0.1423;-0.9222;0.4381;3.420481;1.148819;-0.3597;-0.1423;-0.9222;0.672279;3.764924;1.004333;0.8293;-0.5587;0.0122;0.605908;3.6751;1.402664;0.8293;-0.5587;0.0122;0.4381;3.420481;1.148819;0.8293;-0.5587;0.0122;0.605908;3.6751;1.402664;-0.6364;-0.2923;0.7139;0.286911;3.764159;1.154772;-0.6364;-0.2923;0.7139;0.4381;3.420481;1.148819;-0.6364;-0.2923;0.7139;-1.531785;5.961073;0.770795;-0.8388;-0.1526;-0.5226;-1.152436;4.550885;0.573755;-0.8388;-0.1526;-0.5226;-1.354271;4.461826;0.923716;-0.8388;-0.1526;-0.5226;-1.217434;5.999998;1.036895;0.8566;0.1916;-0.4792;-0.950602;4.55165;0.934869;0.8566;0.1916;-0.4792;-1.152436;4.550885;0.573755;0.8566;0.1916;-0.4792;-1.594188;5.899504;1.175092;0.0107;-0.1705;0.9853;-1.354271;4.461826;0.923716;0.0107;-0.1705;0.9853;-0.950602;4.55165;0.934869;0.0107;-0.1705;0.9853;2.257114;4.497513;-1.048869;-0.7951;0.2644;-0.5459;1.696309;3.143348;-0.888039;-0.7951;0.2644;-0.5459;1.5045;3.273761;-0.545486;-0.7951;0.2644;-0.5459;2.542827;4.398106;-0.766686;0.7653;-0.4742;-0.4351;1.878981;3.099908;-0.519413;0.7653;-0.4742;-0.4351;1.696309;3.143348;-0.888039;0.7653;-0.4742;-0.4351;2.188413;4.575765;-0.648497;-0.0263;0.0926;0.9954;1.5045;3.273761;-0.545486;-0.0263;0.0926;0.9954;1.878981;3.099908;-0.519413;-0.0263;0.0926;0.9954;0.419007;5.178152;1.552825;-0.6328;-0.1545;0.7588;0.286911;3.764159;1.154772;-0.6328;-0.1545;0.7588;0.605908;3.6751;1.402664;-0.6328;-0.1545;0.7588;0.743076;5.207384;1.297354;-0.3564;0.2028;-0.912;0.672279;3.764924;1.004333;-0.3564;0.2028;-0.912;0.286911;3.764159;1.154772;-0.3564;0.2028;-0.912;0.801209;5.107819;1.694655;0.979;-0.1594;0.1272;0.605908;3.6751;1.402664;0.979;-0.1594;0.1272;0.672279;3.764924;1.004333;0.979;-0.1594;0.1272
81;0.3919153;0.47991672;0.34749135;0.1
-1.310839;2.718045;-0.232977;0.1334;0.3797;0.9154;-3.542016;4.012177;-0.444789;0.1334;0.3797;0.9154;-1.525405;2.55551;-0.1343;0.1334;0.3797;0.9154;-1.525405;2.55551;-0.1343;-0.5212;-0.7902;-0.3223;-3.542016;4.012177;-0.444789;-0.5212;-0.7902;-0.3223;-1.358261;2.587896;-0.483987;-0.5212;-0.7902;-0.3223;-1.358261;2.587896;-0.483987;0.475;0.7413;-0.4741;-3.542016;4.012177;-0.444789;0.475;0.7413;-0.4741;-1.310839;2.718045;-0.232977;0.475;0.7413;-0.4741;-1.358261;2.587896;-0.483987;0.7733;0.1519;-0.6156;-0.409812;-0.092807;0.045935;0.7733;0.1519;-0.6156;-0.579937;-0.141135;-0.179709;0.7733;0.1519;-0.6156;-1.525405;2.55551;-0.1343;-0.9329;-0.3245;-0.1561;-0.579937;-0.141135;-0.179709;-0.9329;-0.3245;-0.1561;-0.64414;-0.141135;0.203886;-0.9329;-0.3245;-0.1561;-1.525405;2.55551;-0.1343;0.2905;0.1863;0.9386;-0.409812;-0.092807;0.045935;0.2905;0.1863;0.9386;-1.310839;2.718045;-0.232977;0.2905;0.1863;0.9386;-0.232219;3.575517;-1.210821;-0.9022;0.4175;0.1085;0.600515;6.006435;-3.641005;-0.9022;0.4175;0.1085;-0.302082;3.48357;-1.437924;-0.9022;0.4175;0.1085;-0.302082;3.48357;-1.437924;0.4609;-0.6715;-0.5802;0.600515;6.006435;-3.641005;0.4609;-0.6715;-0.5802;0.01292;3.503441;-1.210665;0.4609;-0.6715;-0.5802;0.01292;3.503441;-1.210665;0.1935;0.6597;0.7262;0.600515;6.006435;-3.641005;0.1935;0.6597;0.7262;-0.232219;3.575517;-1.210821;0.1935;0.6597;0.7262;0.01292;3.503441;-1.210665;0.4521;0.1944;0.8705;-0.334331;-0.092807;-0.227419;0.4521;0.1944;0.8705;-0.079271;-0.141135;-0.349085;0.4521;0.1944;0.8705;0.01292;3.503441;-1.210665;0.5791;-0.2275;-0.7829;-0.442335;-0.141135;-0.488557;0.5791;-0.2275;-0.7829;-0.302082;3.48357;-1.437924;0.5791;-0.2275;-0.7829;-0.302082;3.48357;-1.437924;-0.9616;0.0957;0.2571;-0.334331;-0.092807;-0.227419;-0.9616;0.0957;0.2571;-0.232219;3.575517;-1.210821;-0.9616;0.0957;0.2571;1.59675;3.056569;1.00446;0.419;0.5009;-0.7573;2.809741;4.863859;2.871203;0.419;0.5009;-0.7573;1.790601;2.92534;1.02492;0.419;0.5009;-0.7573;1.790601;2.92534;1.02492;0.3393;-0.7361;0.5856;2.809741;4.863859;2.871203;0.3393;-0.7361;0.5856;1.474278;2.957726;1.248881;0.3393;-0.7361;0.5856;1.474278;2.957726;1.248881;-0.7604;0.6376;-0.1232;2.809741;4.863859;2.871203;-0.7604;0.6376;-0.1232;1.59675;3.056569;1.00446;-0.7604;0.6376;-0.1232;1.474278;2.957726;1.248881;-0.9423;0.2829;0.1789;0.33993;-0.232061;0.317482;-0.9423;0.2829;0.1789;0.378578;-0.280389;0.597418;-0.9423;0.2829;0.1789;1.790601;2.92534;1.02492;0.7181;-0.3929;0.5744;0.378578;-0.280389;0.597418;0.7181;-0.3929;0.5744;0.621518;-0.280389;0.293695;0.7181;-0.3929;0.5744;1.790601;2.92534;1.02492;0.1909;0.1303;-0.9729;0.33993;-0.232061;0.317482;0.1909;0.1303;-0.9729;1.59675;3.056569;1.00446;0.1909;0.1303;-0.9729;-1.358261;2.587896;-0.483987;0.9142;0.2624;-0.3088;-1.310839;2.718045;-0.232977;0.9142;0.2624;-0.3088;-0.409812;-0.092807;0.045935;0.9142;0.2624;-0.3088;-1.525405;2.55551;-0.1343;-0.8523;-0.2915;-0.4344;-1.358261;2.587896;-0.483987;-0.8523;-0.2915;-0.4344;-0.579937;-0.141135;-0.179709;-0.8523;-0.2915;-0.4344;-1.525405;2.55551;-0.1343;0.5002;0.2668;0.8238;-0.64414;-0.141135;0.203886;0.5002;0.2668;0.8238;-0.409812;-0.092807;0.045935;0.5002;0.2668;0.8238;0.01292;3.503441;-1.210665;0.0747;0.2563;0.9637;-0.232219;3.575517;-1.210821;0.0747;0.2563;0.9637;-0.334331;-0.092807;-0.227419;0.0747;0.2563;0.9637;0.01292;3.503441;-1.210665;0.3495;-0.2239;-0.9098;-0.079271;-0.141135;-0.349085;0.3495;-0.2239;-0.9098;-0.442335;-0.141135;-0.488557;0.3495;-0.2239;-0.9098;-0.302082;3.48357;-1.437924;-0.9245;0.1296;0.3584;-0.442335;-0.141135;-0.488557;-0.9245;0.1296;0.3584;-0.334331;-0.092807;-0.227419;-0.9245;0.1296;0.3584;1.474278;2.957726;1.248881;-0.8758;0.3932;-0.2799;1.59675;3.056569;1.00446;-0.8758;0.3932;-0.2799;0.33993;-0.232061;0.317482;-0.8758;0.3932;-0.2799;1.790601;2.92534;1.02492;0.5215;-0.3344;0.785;1.474278;2.957726;1.248881;0.5215;-0.3344;0.785;0.378578;-0.280389;0.597418;0.5215;-0.3344;0.785;1.790601;2.92534;1.02492;-0.0414;0.2365;-0.9707;0.621518;-0.280389;0.293695;-0.0414;0.2365;-0.9707;0.33993;-0.232061;0.317482;-0.0414;0.2365;-0.9707
27;0.44257763;0.44263083;0.2737921;0.1
-0.239551;-0.163146;0.156453;0.9466;0.2203;-0.2356;-1.519968;6.27637;1.032287;0.9466;0.2203;-0.2356;-0.200592;-0.172391;0.30431;0.9466;0.2203;-0.2356;-0.200592;-0.172391;0.30431;-0.4722;-0.1937;0.8599;-1.519968;6.27637;1.032287;-0.4722;-0.1937;0.8599;-0.367514;-0.236235;0.198266;-0.4722;-0.1937;0.8599;-0.367514;-0.236235;0.198266;-0.3408;0.0599;-0.9382;-1.519968;6.27637;1.032287;-0.3408;0.0599;-0.9382;-0.239551;-0.163146;0.156453;-0.3408;0.0599;-0.9382;-0.037387;-0.379931;-0.256986;0.8681;-0.446;-0.2179;2.468481;4.791021;-0.856238;0.8681;-0.446;-0.2179;0.003094;-0.373223;-0.109401;0.8681;-0.446;-0.2179;0.003094;-0.373223;-0.109401;-0.4172;0.3221;0.8498;2.468481;4.791021;-0.856238;-0.4172;0.3221;0.8498;-0.179622;-0.35381;-0.206471;-0.4172;0.3221;0.8498;-0.179622;-0.35381;-0.206471;-0.3263;0.0487;-0.944;2.468481;4.791021;-0.856238;-0.3263;0.0487;-0.944;-0.037387;-0.379931;-0.256986;-0.3263;0.0487;-0.944;-0.007047;-0.163146;0.392523;-0.1038;0.2186;-0.9703;0.685485;5.487089;1.591255;-0.1038;0.2186;-0.9703;0.144754;-0.172391;0.374195;-0.1038;0.2186;-0.9703;0.144754;-0.172391;0.374195;0.7874;-0.2006;0.5829;0.685485;5.487089;1.591255;0.7874;-0.2006;0.5829;0.016834;-0.236235;0.525009;0.7874;-0.2006;0.5829;0.016834;-0.236235;0.525009;-0.9736;0.0735;0.216;0.685485;5.487089;1.591255;-0.9736;0.0735;0.216;-0.007047;-0.163146;0.392523;-0.9736;0.0735;0.216
18;0.90354544;0.85945976;0.5652262;0.1
-0.145234;-0.064145;0.320216;0.9818;0.1607;-0.1013;-0.590456;3.678358;1.942017;0.9818;0.1607;-0.1013;-0.097874;-0.172331;0.607702;0.9818;0.1607;-0.1013;-0.097874;-0.172331;0.607702;-0.6268;-0.3255;0.708;-0.590456;3.678358;1.942017;-0.6268;-0.3255;0.708;-0.446331;-0.140909;0.313653;-0.6268;-0.3255;0.708;-0.446331;-0.140909;0.313653;-0.079;0.3884;-0.9181;-0.590456;3.678358;1.942017;-0.079;0.3884;-0.9181;-0.145234;-0.064145;0.320216;-0.079;0.3884;-0.9181;0.335014;-0.064145;-0.156298;-0.732;0.4616;-0.5012;2.122266;3.308999;0.340113;-0.732;0.4616;-0.5012;0.445286;-0.171506;-0.416239;-0.732;0.4616;-0.5012;0.445286;-0.171506;-0.416239;0.8872;-0.3666;-0.2801;2.122266;3.308999;0.340113;0.8872;-0.3666;-0.2801;0.586469;-0.141734;-0.007953;0.8872;-0.3666;-0.2801;0.586469;-0.141734;-0.007953;-0.4756;0.1238;0.8709;2.122266;3.308999;0.340113;-0.4756;0.1238;0.8709;0.335014;-0.064145;-0.156298;-0.4756;0.1238;0.8709
4
INFO;NameId;505;DescId;506;price;29300;dpPerMin;0;range;2;placeSound;grassPlace
LIFE;averagePop;7.0;averageLife;8.7;popFactors;1;0.2;breedMat;4.35;breedTime;3.1472113;parentId;60;count;220;reqs;2;LIFE;type;2;enviroType;0;classification;er;count;2;LIFE;type;2;enviroType;3;min;0;max;6;FADE_DEATH;0.5;enviroReqCount;3;reqId;3;badBiomes;2;5;9;influence;0.8;reqId;1;minAltitude;-10;maxAltitude;5;influence;0.6;reqId;2;barren;0;goodBiomes;6;0;1;2;6;7;8;ideal;50;influence;0.85
GROWTH;dynamic;0;growthTime;2.8999999;modelStages;3;subStages;1
FOOD;1;902;28;WHOLE;PARTICLE_DEATH;isColour;1;Spawn;0;PPS;8;Speed;0.6;Gravity;0.2;Life;0.5;Scale;0.05;Colour;0.3608;0.5412;0.325;Additive;0;Alpha;1;FadeIn;0.1;FadeOut;0.8;HasDir;1;Dir;0;1;0;Deviation;0.3;Offset;0;0;0;LifeError;0.4;ScaleError;0.1;SpeedError;0.1;RandomRot;1;HasXRot;0

