0.35
pnf
0;1
3
-0.388491;-0.163974;-0.505574;0.479547;1.370198;0.43938;1
54;2
36;0.41926357;0.4662927;0.32095215;0.35
-0.188487;1.28466;-0.505574;0.745;0.3317;0.5787;0.01185;-0.160164;0.064615;0.745;0.3317;0.5787;0.072977;0.616826;-0.459392;0.745;0.3317;0.5787;0.072977;0.616826;-0.459392;-0.5583;-0.4332;-0.7075;0.01185;-0.160164;0.064615;-0.5583;-0.4332;-0.7075;-0.320047;0.665746;-0.179211;-0.5583;-0.4332;-0.7075;-0.320047;0.665746;-0.179211;0.326;0.3858;0.8631;0.01185;-0.160164;0.064615;0.326;0.3858;0.8631;-0.188487;1.28466;-0.505574;0.326;0.3858;0.8631;0.072977;0.616826;-0.459392;-0.5801;-0.28;-0.7649;-0.320047;0.665746;-0.179211;-0.5801;-0.28;-0.7649;-0.188487;1.28466;-0.505574;-0.5801;-0.28;-0.7649;0.479547;1.243843;-0.026375;-0.9144;0.3218;0.2456;0.027946;-0.156745;0.127331;-0.9144;0.3218;0.2456;0.360565;0.664879;0.289232;-0.9144;0.3218;0.2456;0.360565;0.664879;0.289232;0.9263;-0.3768;0.0091;0.027946;-0.156745;0.127331;0.9263;-0.3768;0.0091;0.345933;0.616881;-0.206839;0.9263;-0.3768;0.0091;0.345933;0.616881;-0.206839;-0.9281;0.2712;-0.2552;0.027946;-0.156745;0.127331;-0.9281;0.2712;-0.2552;0.479547;1.243843;-0.026375;-0.9281;0.2712;-0.2552;0.360565;0.664879;0.289232;0.9785;-0.206;-0.0089;0.345933;0.616881;-0.206839;0.9785;-0.206;-0.0089;0.479547;1.243843;-0.026375;0.9785;-0.206;-0.0089;-0.161068;1.370198;0.408379;0.1701;0.2254;-0.9593;-0.023939;-0.142525;0.077227;0.1701;0.2254;-0.9593;-0.388491;0.69333;0.208986;0.1701;0.2254;-0.9593;-0.388491;0.69333;0.208986;-0.3862;-0.3056;0.8703;-0.023939;-0.142525;0.077227;-0.3862;-0.3056;0.8703;0.136673;0.685733;0.43938;-0.3862;-0.3056;0.8703;0.136673;0.685733;0.43938;0.5934;0.2231;-0.7734;-0.023939;-0.142525;0.077227;0.5934;0.2231;-0.7734;-0.161068;1.370198;0.408379;0.5934;0.2231;-0.7734;-0.388491;0.69333;0.208986;-0.3998;-0.1328;0.9069;0.136673;0.685733;0.43938;-0.3998;-0.1328;0.9069;-0.161068;1.370198;0.408379;-0.3998;-0.1328;0.9069
18;-1.0;0.0;0.0;0.35
-0.100508;0.380472;-0.067426;0.3317;-0.1614;-0.9295;0.198512;0.380472;0.039284;0.3317;-0.1614;-0.9295;0.002506;-0.163974;0.063853;0.3317;-0.1614;-0.9295;-0.100508;0.380472;-0.067426;0.3335;0.1235;-0.9346;0.002506;1.096032;0.063853;0.3335;0.1235;-0.9346;0.198512;0.380472;0.039284;0.3335;0.1235;-0.9346;0.198512;0.380472;0.039284;0.6352;-0.1949;0.7474;-0.043412;0.380472;0.244889;0.6352;-0.1949;0.7474;0.002506;-0.163974;0.063853;0.6352;-0.1949;0.7474;0.198512;0.380472;0.039284;0.6403;0.1495;0.7534;0.002506;1.096032;0.063853;0.6403;0.1495;0.7534;-0.043412;0.380472;0.244889;0.6403;0.1495;0.7534;-0.043412;0.380472;0.244889;-0.9779;0.108;0.1788;0.002506;1.096032;0.063853;-0.9779;0.108;0.1788;-0.100508;0.380472;-0.067426;-0.9779;0.108;0.1788;-0.043412;0.380472;0.244889;-0.9738;-0.1413;0.178;-0.100508;0.380472;-0.067426;-0.9738;-0.1413;0.178;0.002506;-0.163974;0.063853;-0.9738;-0.1413;0.178
-1.053697;-0.270849;-1.550739;1.36575;2.150067;1.585439;1
102;3
48;0.41926357;0.4662927;0.32095215;0.25
-0.991066;2.044873;-1.550739;0.571;0.6165;0.5421;0.011524;-0.202012;-0.0513;0.571;0.6165;0.5421;-0.200948;1.025295;-1.22336;0.571;0.6165;0.5421;-0.200948;1.025295;-1.22336;-0.3803;-0.6723;-0.6351;0.011524;-0.202012;-0.0513;-0.3803;-0.6723;-0.6351;-0.96053;1.00244;-0.744259;-0.3803;-0.6723;-0.6351;-0.96053;1.00244;-0.744259;0.197;0.6035;0.7726;0.011524;-0.202012;-0.0513;0.197;0.6035;0.7726;-0.991066;2.044873;-1.550739;0.197;0.6035;0.7726;-0.200948;1.025295;-1.22336;-0.4297;-0.5604;-0.708;-0.96053;1.00244;-0.744259;-0.4297;-0.5604;-0.708;-0.991066;2.044873;-1.550739;-0.4297;-0.5604;-0.708;1.36575;1.725405;-0.798102;-0.3946;0.5458;0.7392;0.149566;-0.154383;-0.059487;-0.3946;0.5458;0.7392;1.164587;0.864005;-0.269523;-0.3946;0.5458;0.7392;1.164587;0.864005;-0.269523;0.5618;-0.6622;-0.4958;0.149566;-0.154383;-0.059487;0.5618;-0.6622;-0.4958;0.71533;0.921584;-0.855543;0.5618;-0.6622;-0.4958;0.71533;0.921584;-0.855543;-0.7588;0.595;0.265;0.149566;-0.154383;-0.059487;-0.7588;0.595;0.265;1.36575;1.725405;-0.798102;-0.7588;0.595;0.265;1.164587;0.864005;-0.269523;0.6641;-0.4975;-0.558;0.71533;0.921584;-0.855543;0.6641;-0.4975;-0.558;1.36575;1.725405;-0.798102;0.6641;-0.4975;-0.558;1.347323;2.087973;1.036688;-0.6236;0.5652;-0.5401;0.079982;-0.158659;0.149022;-0.6236;0.5652;-0.5401;0.514437;1.168333;1.036026;-0.6236;0.5652;-0.5401;0.514437;1.168333;1.036026;0.4406;-0.5941;0.673;0.079982;-0.158659;0.149022;0.4406;-0.5941;0.673;1.207823;1.014426;0.446144;0.4406;-0.5941;0.673;1.207823;1.014426;0.446144;-0.2931;0.4898;-0.8211;0.079982;-0.158659;0.149022;-0.2931;0.4898;-0.8211;1.347323;2.087973;1.036688;-0.2931;0.4898;-0.8211;0.514437;1.168333;1.036026;0.5119;-0.4641;0.7228;1.207823;1.014426;0.446144;0.5119;-0.4641;0.7228;1.347323;2.087973;1.036688;0.5119;-0.4641;0.7228;-0.965366;2.150067;1.585439;0.3125;0.6188;-0.7207;-0.073014;-0.10089;0.039713;0.3125;0.6188;-0.7207;-1.053697;1.129802;0.671183;0.3125;0.6188;-0.7207;-1.053697;1.129802;0.671183;-0.4742;-0.6706;0.5705;-0.073014;-0.10089;0.039713;-0.4742;-0.6706;0.5705;-0.191839;1.043071;1.285638;-0.4742;-0.6706;0.5705;-0.191839;1.043071;1.285638;0.655;0.5867;-0.4762;-0.073014;-0.10089;0.039713;0.655;0.5867;-0.4762;-0.965366;2.150067;1.585439;0.655;0.5867;-0.4762;-1.053697;1.129802;0.671183;-0.5229;-0.5433;0.6568;-0.191839;1.043071;1.285638;-0.5229;-0.5433;0.6568;-0.965366;2.150067;1.585439;-0.5229;-0.5433;0.6568
48;-1.0;0.0;0.0;0.25
0.139075;0.88452;-0.581894;-0.3348;0.1944;-0.922;-0.396129;1.814372;-0.191443;-0.3348;0.1944;-0.922;0.205076;1.814372;-0.409762;-0.3348;0.1944;-0.922;0.013633;-0.270849;0.0;0.7895;-0.3423;-0.5095;0.139075;0.88452;-0.581894;0.7895;-0.3423;-0.5095;0.595527;0.88452;0.125442;0.7895;-0.3423;-0.5095;-0.56826;0.88452;-0.125442;-0.922;0.1944;0.3348;-0.177809;1.814372;0.409762;-0.922;0.1944;0.3348;-0.396129;1.814372;-0.191443;-0.922;0.1944;0.3348;0.013633;-0.270849;0.0;0.5095;-0.3423;0.7895;0.595527;0.88452;0.125442;0.5095;-0.3423;0.7895;-0.111808;0.88452;0.581894;0.5095;-0.3423;0.7895;-0.111808;0.88452;0.581894;0.3348;0.1944;0.922;0.423395;1.814372;0.191443;0.3348;0.1944;0.922;-0.177809;1.814372;0.409762;0.3348;0.1944;0.922;0.595527;0.88452;0.125442;0.922;0.1944;-0.3348;0.205076;1.814372;-0.409762;0.922;0.1944;-0.3348;0.423395;1.814372;0.191443;0.922;0.1944;-0.3348;0.013633;-0.270849;0.0;-0.7895;-0.3423;0.5095;-0.111808;0.88452;0.581894;-0.7895;-0.3423;0.5095;-0.56826;0.88452;-0.125442;-0.7895;-0.3423;0.5095;-0.396129;1.814372;-0.191443;0.8557;0.4137;-0.3107;-0.177809;1.814372;0.409762;0.8557;0.4137;-0.3107;0.013633;1.110585;0.0;0.8557;0.4137;-0.3107;0.013633;-0.270849;0.0;-0.5095;-0.3423;-0.7895;-0.56826;0.88452;-0.125442;-0.5095;-0.3423;-0.7895;0.139075;0.88452;-0.581894;-0.5095;-0.3423;-0.7895;-0.177809;1.814372;0.409762;-0.3107;0.4137;-0.8557;0.423395;1.814372;0.191443;-0.3107;0.4137;-0.8557;0.013633;1.110585;0.0;-0.3107;0.4137;-0.8557;0.205076;1.814372;-0.409762;0.3107;0.4137;0.8557;-0.396129;1.814372;-0.191443;0.3107;0.4137;0.8557;0.013633;1.110585;0.0;0.3107;0.4137;0.8557;0.139075;0.88452;-0.581894;-0.5418;0.0407;-0.8395;-0.56826;0.88452;-0.125442;-0.5418;0.0407;-0.8395;-0.396129;1.814372;-0.191443;-0.5418;0.0407;-0.8395;0.423395;1.814372;0.191443;-0.8557;0.4137;0.3107;0.205076;1.814372;-0.409762;-0.8557;0.4137;0.3107;0.013633;1.110585;0.0;-0.8557;0.4137;0.3107;-0.56826;0.88452;-0.125442;-0.8395;0.0407;0.5418;-0.111808;0.88452;0.581894;-0.8395;0.0407;0.5418;-0.177809;1.814372;0.409762;-0.8395;0.0407;0.5418;-0.111808;0.88452;0.581894;0.5418;0.0407;0.8395;0.595527;0.88452;0.125442;0.5418;0.0407;0.8395;0.423395;1.814372;0.191443;0.5418;0.0407;0.8395;0.595527;0.88452;0.125442;0.8395;0.0407;-0.5418;0.139075;0.88452;-0.581894;0.8395;0.0407;-0.5418;0.205076;1.814372;-0.409762;0.8395;0.0407;-0.5418
6;0.5325225;0.31355995;0.30956435;0.25
-0.119513;1.540485;0.272892;0.0;1.0;-0.0;0.145437;1.540485;-0.254571;0.0;1.0;-0.0;-0.25077;1.540485;-0.123315;0.0;1.0;-0.0;-0.119513;1.540485;0.272892;0.0;1.0;-0.0;0.276693;1.540485;0.141635;0.0;1.0;-0.0;0.145437;1.540485;-0.254571;0.0;1.0;-0.0
-3.185052;-0.363816;-3.954043;3.16305;3.499555;3.788065;1
180;3
90;0.41926357;0.4662927;0.32095215;0.15
0.206632;1.137181;-2.005665;0.6314;0.5876;0.506;-0.038957;-0.236116;-0.104496;0.6314;0.5876;0.506;0.728061;0.748263;-2.204756;0.6314;0.5876;0.506;0.728061;0.748263;-2.204756;-0.3486;-0.7933;-0.4991;-0.038957;-0.236116;-0.104496;-0.3486;-0.7933;-0.4991;-0.472532;1.166669;-2.031123;-0.3486;-0.7933;-0.4991;-0.472532;1.166669;-2.031123;0.0132;0.8098;0.5866;-0.038957;-0.236116;-0.104496;0.0132;0.8098;0.5866;0.206632;1.137181;-2.005665;0.0132;0.8098;0.5866;-0.472532;1.166669;-2.031123;0.0467;0.9944;-0.0944;0.206632;1.137181;-2.005665;0.0467;0.9944;-0.0944;-0.175318;0.970114;-3.954043;0.0467;0.9944;-0.0944;0.728061;0.748263;-2.204756;-0.3227;-0.9453;0.0468;-0.472532;1.166669;-2.031123;-0.3227;-0.9453;0.0468;-0.175318;0.970114;-3.954043;-0.3227;-0.9453;0.0468;0.206632;1.137181;-2.005665;0.5441;0.8201;-0.177;0.728061;0.748263;-2.204756;0.5441;0.8201;-0.177;-0.175318;0.970114;-3.954043;0.5441;0.8201;-0.177;1.553562;1.257454;-1.002415;-0.2414;0.6736;0.6986;0.130932;-0.229551;-0.06022;-0.2414;0.6736;0.6986;2.013594;1.030983;-0.625131;-0.2414;0.6736;0.6986;2.013594;1.030983;-0.625131;0.4225;-0.8117;-0.4033;0.130932;-0.229551;-0.06022;0.4225;-0.8117;-0.4033;1.292475;1.123826;-1.567428;0.4225;-0.8117;-0.4033;1.292475;1.123826;-1.567428;-0.6707;0.7288;0.1376;0.130932;-0.229551;-0.06022;-0.6707;0.7288;0.1376;1.553562;1.257454;-1.002415;-0.6707;0.7288;0.1376;1.292475;1.123826;-1.567428;-0.1577;0.9748;-0.1577;1.553562;1.257454;-1.002415;-0.1577;0.9748;-0.1577;3.16305;1.319502;-2.228007;-0.1577;0.9748;-0.1577;2.013594;1.030983;-0.625131;0.0543;-0.9888;-0.139;1.292475;1.123826;-1.567428;0.0543;-0.9888;-0.139;3.16305;1.319502;-2.228007;0.0543;-0.9888;-0.139;1.553562;1.257454;-1.002415;0.2015;0.9286;0.3117;2.013594;1.030983;-0.625131;0.2015;0.9286;0.3117;3.16305;1.319502;-2.228007;0.2015;0.9286;0.3117;1.334888;1.238174;1.295295;-0.5558;0.7601;-0.3368;0.039117;-0.218685;0.145805;-0.5558;0.7601;-0.3368;0.907095;1.16535;1.836954;-0.5558;0.7601;-0.3368;0.907095;1.16535;1.836954;0.2709;-0.8084;0.5226;0.039117;-0.218685;0.145805;0.2709;-0.8084;0.5226;1.892268;0.952234;0.996513;0.2709;-0.8084;0.5226;1.892268;0.952234;0.996513;-0.0679;0.6545;-0.753;0.039117;-0.218685;0.145805;-0.0679;0.6545;-0.753;1.334888;1.238174;1.295295;-0.0679;0.6545;-0.753;1.892268;0.952234;0.996513;0.3086;0.9056;-0.291;1.334888;1.238174;1.295295;0.3086;0.9056;-0.291;2.653622;1.281953;2.830025;0.3086;0.9056;-0.291;0.907095;1.16535;1.836954;-0.0455;-0.9797;0.1951;1.892268;0.952234;0.996513;-0.0455;-0.9797;0.1951;2.653622;1.281953;2.830025;-0.0455;-0.9797;0.1951;1.334888;1.238174;1.295295;-0.0982;0.9936;0.056;0.907095;1.16535;1.836954;-0.0982;0.9936;0.056;2.653622;1.281953;2.830025;-0.0982;0.9936;0.056;-1.751015;0.840114;-0.202307;0.5207;0.8353;-0.1766;-0.050372;-0.191399;-0.066903;0.5207;0.8353;-0.1766;-1.758083;0.731583;-0.736505;0.5207;0.8353;-0.1766;-1.758083;0.731583;-0.736505;-0.4141;-0.8932;-0.1751;-0.050372;-0.191399;-0.066903;-0.4141;-0.8932;-0.1751;-1.920556;0.611079;0.262446;-0.4141;-0.8932;-0.1751;-1.920556;0.611079;0.262446;0.4126;0.7484;0.5193;-0.050372;-0.191399;-0.066903;0.4126;0.7484;0.5193;-1.751015;0.840114;-0.202307;0.4126;0.7484;0.5193;-1.920556;0.611079;0.262446;-0.2183;0.9046;0.3661;-1.751015;0.840114;-0.202307;-0.2183;0.9046;0.3661;-3.185052;0.606569;-0.480479;-0.2183;0.9046;0.3661;-1.758083;0.731583;-0.736505;0.0674;-0.9918;-0.1087;-1.920556;0.611079;0.262446;0.0674;-0.9918;-0.1087;-3.185052;0.606569;-0.480479;0.0674;-0.9918;-0.1087;-1.751015;0.840114;-0.202307;-0.1204;0.9732;-0.1961;-1.758083;0.731583;-0.736505;-0.1204;0.9732;-0.1961;-3.185052;0.606569;-0.480479;-0.1204;0.9732;-0.1961;-0.813889;0.958241;1.852392;-0.0576;0.8186;-0.5715;-0.076056;-0.243337;0.05698;-0.0576;0.8186;-0.5715;-1.414754;0.801751;1.688785;-0.0576;0.8186;-0.5715;-1.414754;0.801751;1.688785;-0.2472;-0.8953;0.3706;-0.076056;-0.243337;0.05698;-0.2472;-0.8953;0.3706;-0.329887;0.711747;2.194851;-0.2472;-0.8953;0.3706;-0.329887;0.711747;2.194851;0.5828;0.7655;-0.2728;-0.076056;-0.243337;0.05698;0.5828;0.7655;-0.2728;-0.813889;0.958241;1.852392;0.5828;0.7655;-0.2728;-0.329887;0.711747;2.194851;0.4225;0.9048;0.0541;-0.813889;0.958241;1.852392;0.4225;0.9048;0.0541;-1.619761;1.218694;3.788065;0.4225;0.9048;0.0541;-1.414754;0.801751;1.688785;-0.163;-0.9706;0.1769;-0.329887;0.711747;2.194851;-0.163;-0.9706;0.1769;-1.619761;1.218694;3.788065;-0.163;-0.9706;0.1769;-0.813889;0.958241;1.852392;-0.1927;0.9587;-0.2092;-1.414754;0.801751;1.688785;-0.1927;0.9587;-0.2092;-1.619761;1.218694;3.788065;-0.1927;0.9587;-0.2092
72;-1.0;0.0;0.0;0.15
-0.308565;2.31026;0.693682;0.209;-0.3999;0.8924;1.089393;2.979817;0.666356;0.209;-0.3999;0.8924;-0.65083;2.979817;1.073866;0.209;-0.3999;0.8924;0.306549;0.643541;-1.349985;-0.3194;0.3527;-0.8795;-0.678156;2.31026;-0.324091;-0.3194;0.3527;-0.8795;0.339618;2.31026;-0.693682;-0.3194;0.3527;-0.8795;0.015526;-0.363816;0.0;0.6033;-0.696;-0.3893;0.306549;0.643541;-1.349985;0.6033;-0.696;-0.3893;1.365511;0.643541;0.291023;0.6033;-0.696;-0.3893;-0.678156;2.31026;-0.324091;-0.8924;-0.3999;0.209;-0.65083;2.979817;1.073866;-0.8924;-0.3999;0.209;-1.05834;2.979817;-0.666356;-0.8924;-0.3999;0.209;-1.334459;0.643541;-0.291023;-0.8795;0.3527;0.3194;-0.308565;2.31026;0.693682;-0.8795;0.3527;0.3194;-0.678156;2.31026;-0.324091;-0.8795;0.3527;0.3194;0.015526;-0.363816;0.0;0.3893;-0.696;0.6033;1.365511;0.643541;0.291023;0.3893;-0.696;0.6033;-0.275496;0.643541;1.349985;0.3893;-0.696;0.6033;-0.275496;0.643541;1.349985;0.3194;0.3527;0.8795;0.709208;2.31026;0.324091;0.3194;0.3527;0.8795;-0.308565;2.31026;0.693682;0.3194;0.3527;0.8795;1.365511;0.643541;0.291023;0.8795;0.3527;-0.3194;0.339618;2.31026;-0.693682;0.8795;0.3527;-0.3194;0.709208;2.31026;0.324091;0.8795;0.3527;-0.3194;0.015526;-0.363816;0.0;-0.6033;-0.696;0.3893;-0.275496;0.643541;1.349985;-0.6033;-0.696;0.3893;-1.334459;0.643541;-0.291023;-0.6033;-0.696;0.3893;0.339618;2.31026;-0.693682;-0.209;-0.3999;-0.8924;-1.05834;2.979817;-0.666356;-0.209;-0.3999;-0.8924;0.681882;2.979817;-1.073866;-0.209;-0.3999;-0.8924;1.089393;2.979817;0.666356;-0.7518;0.6354;0.1761;0.681882;2.979817;-1.073866;-0.7518;0.6354;0.1761;0.015526;1.893901;0.0;-0.7518;0.6354;0.1761;0.015526;-0.363816;0.0;-0.3893;-0.696;-0.6033;-1.334459;0.643541;-0.291023;-0.3893;-0.696;-0.6033;0.306549;0.643541;-1.349985;-0.3893;-0.696;-0.6033;0.709208;2.31026;0.324091;0.8924;-0.3999;-0.209;0.681882;2.979817;-1.073866;0.8924;-0.3999;-0.209;1.089393;2.979817;0.666356;0.8924;-0.3999;-0.209;-0.308565;2.31026;0.693682;0.283;-0.5591;0.7793;0.709208;2.31026;0.324091;0.283;-0.5591;0.7793;1.089393;2.979817;0.666356;0.283;-0.5591;0.7793;0.306549;0.643541;-1.349985;-0.532;0.1931;-0.8244;-1.334459;0.643541;-0.291023;-0.532;0.1931;-0.8244;-0.678156;2.31026;-0.324091;-0.532;0.1931;-0.8244;-0.678156;2.31026;-0.324091;-0.7793;-0.5591;0.283;-0.308565;2.31026;0.693682;-0.7793;-0.5591;0.283;-0.65083;2.979817;1.073866;-0.7793;-0.5591;0.283;-1.334459;0.643541;-0.291023;-0.8244;0.1931;0.532;-0.275496;0.643541;1.349985;-0.8244;0.1931;0.532;-0.308565;2.31026;0.693682;-0.8244;0.1931;0.532;-0.275496;0.643541;1.349985;0.532;0.1931;0.8244;1.365511;0.643541;0.291023;0.532;0.1931;0.8244;0.709208;2.31026;0.324091;0.532;0.1931;0.8244;1.365511;0.643541;0.291023;0.8244;0.1931;-0.532;0.306549;0.643541;-1.349985;0.8244;0.1931;-0.532;0.339618;2.31026;-0.693682;0.8244;0.1931;-0.532;0.339618;2.31026;-0.693682;-0.283;-0.5591;-0.7793;-0.678156;2.31026;-0.324091;-0.283;-0.5591;-0.7793;-1.05834;2.979817;-0.666356;-0.283;-0.5591;-0.7793;0.709208;2.31026;0.324091;0.7793;-0.5591;-0.283;0.339618;2.31026;-0.693682;0.7793;-0.5591;-0.283;0.681882;2.979817;-1.073866;0.7793;-0.5591;-0.283;0.681882;2.979817;-1.073866;0.1761;0.6354;0.7518;-1.05834;2.979817;-0.666356;0.1761;0.6354;0.7518;0.015526;1.893901;0.0;0.1761;0.6354;0.7518;-1.05834;2.979817;-0.666356;0.7518;0.6354;-0.1761;-0.65083;2.979817;1.073866;0.7518;0.6354;-0.1761;0.015526;1.893901;0.0;0.7518;0.6354;-0.1761;-0.65083;2.979817;1.073866;-0.1761;0.6354;-0.7518;1.089393;2.979817;0.666356;-0.1761;0.6354;-0.7518;0.015526;1.893901;0.0;-0.1761;0.6354;-0.7518
18;0.5325225;0.31355995;0.30956435;0.15
0.428119;2.571568;-0.23534;0.7737;-0.3069;0.5542;-0.035234;2.571568;0.411582;0.7737;-0.3069;0.5542;-0.019564;1.758546;-0.060574;0.7737;-0.3069;0.5542;0.428119;2.571568;-0.23534;0.7762;0.2972;0.556;-0.068115;3.499555;-0.038562;0.7762;0.2972;0.556;-0.035234;2.571568;0.411582;0.7762;0.2972;0.556;-0.035234;2.571568;0.411582;-0.882;-0.2492;0.3999;-0.363808;2.571568;-0.313155;-0.882;-0.2492;0.3999;-0.019564;1.758546;-0.060574;-0.882;-0.2492;0.3999;-0.035234;2.571568;0.411582;-0.8982;0.1657;0.4072;-0.068115;3.499555;-0.038562;-0.8982;0.1657;0.4072;-0.363808;2.571568;-0.313155;-0.8982;0.1657;0.4072;-0.363808;2.571568;-0.313155;0.0946;0.2546;-0.9624;-0.068115;3.499555;-0.038562;0.0946;0.2546;-0.9624;0.428119;2.571568;-0.23534;0.0946;0.2546;-0.9624;-0.363808;2.571568;-0.313155;0.0945;-0.2587;-0.9613;0.428119;2.571568;-0.23534;0.0945;-0.2587;-0.9613;-0.019564;1.758546;-0.060574;0.0945;-0.2587;-0.9613
6
MATERIAL;second;0;count;4;CUSTOM;0.38447;0.3788;0.533;1000;RED;100000;DARK_BLUE;600000;GREY;700000
SPREADER;6;0.1;0.1;0.1;6;5;
INFO;NameId;509;DescId;510;price;31890;dpPerMin;0;range;2;placeSound;grassPlace
LIFE;averagePop;6.0;averageLife;8.7;popFactors;0;breedMat;4.35;breedTime;3.148146;parentId;143;count;250;reqs;2;LIFE;type;2;enviroType;2;amount;0.9;LIFE;type;2;enviroType;0;classification;ar74;count;3;FADE_DEATH;0.5;enviroReqCount;3;reqId;2;growsBarren;0;biomes;1;6;idealFactor;85;influence;0.8;reqId;5;likedSpecies;1;erl;influence;0.5;reqId;6;dislikedSpecies;1;pnm;influence;0.5
GROWTH;dynamic;0;growthTime;2.8999999;modelStages;3;subStages;1
FOOD;2;901;2;SAMPLE;900;9;WHOLE;PARTICLE_DEATH;isColour;1;Spawn;0;PPS;8;Speed;0.6;Gravity;0.2;Life;0.5;Scale;0.05;Colour;1;1;1;Additive;0;Alpha;1;FadeIn;0.1;FadeOut;0.8;HasDir;1;Dir;0;1;0;Deviation;0.3;Offset;0;0;0;LifeError;0.4;ScaleError;0.1;SpeedError;0.1;RandomRot;1;HasXRot;0
