0.32
abs
0;1
4
-0.839556;0.022317;-0.845838;0.828722;2.43876;0.822439;1
72;1
72;0.96682286;0.8817878;0.8195234
-0.177174;0.150266;-0.486489;0.324;-0.6458;-0.6913;0.557133;0.90337;-0.845838;0.324;-0.6458;-0.6913;0.469373;0.150266;-0.183456;0.324;-0.6458;-0.6913;0.469373;0.150266;-0.183456;0.6913;-0.6458;0.324;0.828722;0.90337;0.550851;0.6913;-0.6458;0.324;0.16634;0.150266;0.463091;0.6913;-0.6458;0.324;-0.839556;0.90337;-0.57425;-0.187;0.2004;-0.9617;-0.183065;2.070266;-0.458724;-0.187;0.2004;-0.9617;0.557133;0.90337;-0.845838;-0.187;0.2004;-0.9617;0.16634;0.150266;0.463091;-0.324;-0.6458;0.6913;-0.567967;0.90337;0.822439;-0.324;-0.6458;0.6913;-0.480207;0.150266;0.160058;-0.324;-0.6458;0.6913;-0.480207;0.150266;0.160058;-0.6913;-0.6458;-0.324;-0.839556;0.90337;-0.57425;-0.6913;-0.6458;-0.324;-0.177174;0.150266;-0.486489;-0.6913;-0.6458;-0.324;0.16634;0.150266;0.463091;-0.1432;-0.9414;0.3055;-0.480207;0.150266;0.160058;-0.1432;-0.9414;0.3055;-0.005417;0.022317;-0.011699;-0.1432;-0.9414;0.3055;-0.183065;2.070266;-0.458724;-0.6747;0.6783;-0.291;-0.452442;2.070266;0.165948;-0.6747;0.6783;-0.291;-0.005417;2.43876;-0.011699;-0.6747;0.6783;-0.291;0.828722;0.90337;0.550851;0.187;0.2004;0.9617;0.172231;2.070266;0.435326;0.187;0.2004;0.9617;-0.567967;0.90337;0.822439;0.187;0.2004;0.9617;-0.567967;0.90337;0.822439;-0.9617;0.2004;0.187;-0.452442;2.070266;0.165948;-0.9617;0.2004;0.187;-0.839556;0.90337;-0.57425;-0.9617;0.2004;0.187;0.557133;0.90337;-0.845838;0.9617;0.2004;-0.187;0.441608;2.070266;-0.189347;0.9617;0.2004;-0.187;0.828722;0.90337;0.550851;0.9617;0.2004;-0.187;0.441608;2.070266;-0.189347;0.291;0.6783;-0.6747;-0.183065;2.070266;-0.458724;0.291;0.6783;-0.6747;-0.005417;2.43876;-0.011699;0.291;0.6783;-0.6747;0.172231;2.070266;0.435326;0.6747;0.6783;0.291;0.441608;2.070266;-0.189347;0.6747;0.6783;0.291;-0.005417;2.43876;-0.011699;0.6747;0.6783;0.291;-0.452442;2.070266;0.165948;-0.291;0.6783;0.6747;0.172231;2.070266;0.435326;-0.291;0.6783;0.6747;-0.005417;2.43876;-0.011699;-0.291;0.6783;0.6747;-0.177174;0.150266;-0.486489;-0.1837;-0.2717;-0.9447;-0.839556;0.90337;-0.57425;-0.1837;-0.2717;-0.9447;0.557133;0.90337;-0.845838;-0.1837;-0.2717;-0.9447;0.469373;0.150266;-0.183456;0.9447;-0.2717;-0.1837;0.557133;0.90337;-0.845838;0.9447;-0.2717;-0.1837;0.828722;0.90337;0.550851;0.9447;-0.2717;-0.1837;-0.839556;0.90337;-0.57425;-0.8026;0.4858;-0.3461;-0.452442;2.070266;0.165948;-0.8026;0.4858;-0.3461;-0.183065;2.070266;-0.458724;-0.8026;0.4858;-0.3461;0.16634;0.150266;0.463091;0.1837;-0.2717;0.9447;0.828722;0.90337;0.550851;0.1837;-0.2717;0.9447;-0.567967;0.90337;0.822439;0.1837;-0.2717;0.9447;-0.480207;0.150266;0.160058;-0.9447;-0.2717;0.1837;-0.567967;0.90337;0.822439;-0.9447;-0.2717;0.1837;-0.839556;0.90337;-0.57425;-0.9447;-0.2717;0.1837;-0.177174;0.150266;-0.486489;0.1432;-0.9414;-0.3055;0.469373;0.150266;-0.183456;0.1432;-0.9414;-0.3055;-0.005417;0.022317;-0.011699;0.1432;-0.9414;-0.3055;0.828722;0.90337;0.550851;0.8026;0.4858;0.3461;0.441608;2.070266;-0.189347;0.8026;0.4858;0.3461;0.172231;2.070266;0.435326;0.8026;0.4858;0.3461;-0.567967;0.90337;0.822439;-0.3461;0.4858;0.8026;0.172231;2.070266;0.435326;-0.3461;0.4858;0.8026;-0.452442;2.070266;0.165948;-0.3461;0.4858;0.8026;0.557133;0.90337;-0.845838;0.3461;0.4858;-0.8026;-0.183065;2.070266;-0.458724;0.3461;0.4858;-0.8026;0.441608;2.070266;-0.189347;0.3461;0.4858;-0.8026;-0.480207;0.150266;0.160058;-0.3055;-0.9414;-0.1432;-0.177174;0.150266;-0.486489;-0.3055;-0.9414;-0.1432;-0.005417;0.022317;-0.011699;-0.3055;-0.9414;-0.1432;0.469373;0.150266;-0.183456;0.3055;-0.9414;0.1432;0.16634;0.150266;0.463091;0.3055;-0.9414;0.1432;-0.005417;0.022317;-0.011699;0.3055;-0.9414;0.1432
-0.535514;-0.006028;-1.364685;0.613081;2.841231;1.531484;1
117;4
21;1.0;0.6946219;0.49493414
-0.153087;2.496094;0.974736;0.0;-0.8997;-0.4365;0.152903;2.496094;0.974736;0.0;-0.8997;-0.4365;-0.003302;2.225978;1.531484;0.0;-0.8997;-0.4365;0.152903;2.496094;0.974736;0.7968;0.4249;0.4297;-0.009722;2.534056;1.238751;0.7968;0.4249;0.4297;-0.003302;2.225978;1.531484;0.7968;0.4249;0.4297;-0.153087;2.496094;0.974736;0.839;-0.3655;-0.4031;-0.009722;2.534056;1.238751;0.839;-0.3655;-0.4031;-0.003302;2.225978;1.531484;0.839;-0.3655;-0.4031;-0.369301;-0.006028;0.275765;-0.5421;-0.2526;-0.8015;0.008595;0.880017;-0.259052;-0.5421;-0.2526;-0.8015;0.008595;0.200919;-0.045058;-0.5421;-0.2526;-0.8015;0.008595;0.200919;-0.045058;0.5421;-0.2526;-0.8015;0.008595;0.880017;-0.259052;0.5421;-0.2526;-0.8015;0.38649;-0.006028;0.275766;0.5421;-0.2526;-0.8015;0.38649;-0.006028;0.275766;-0.0;0.5168;0.8561;0.008595;0.880017;-0.259052;-0.0;0.5168;0.8561;-0.369301;-0.006028;0.275765;-0.0;0.5168;0.8561;0.008595;0.200919;-0.045058;0.0;-0.8403;-0.5421;0.38649;-0.006028;0.275766;0.0;-0.8403;-0.5421;-0.369301;-0.006028;0.275765;0.0;-0.8403;-0.5421
24;0.64667964;0.5517185;0.48064223
0.008597;2.71836;1.188127;-0.0189;0.9517;0.3063;0.17259;2.841231;0.816471;-0.0189;0.9517;0.3063;-0.133634;2.839602;0.802673;-0.0189;0.9517;0.3063;0.178007;2.363165;0.566413;0.0441;0.1137;-0.9925;-0.370162;2.633348;0.572998;0.0441;0.1137;-0.9925;0.428322;2.637594;0.608975;0.0441;0.1137;-0.9925;0.428322;2.637594;0.608975;0.0269;0.7298;-0.6831;-0.133634;2.839602;0.802673;0.0269;0.7298;-0.6831;0.17259;2.841231;0.816471;0.0269;0.7298;-0.6831;0.613081;1.70347;-0.216795;0.0079;0.8574;-0.5145;-0.039507;1.020638;-1.364685;0.0079;0.8574;-0.5145;-0.531461;1.70517;-0.231428;0.0079;0.8574;-0.5145;-0.199445;1.705677;0.613496;0.0015;1.0;-0.0012;0.613081;1.70347;-0.216795;0.0015;1.0;-0.0012;-0.531461;1.70517;-0.231428;0.0015;1.0;-0.0012;0.178007;2.363165;0.566413;0.0453;0.1161;-0.9922;-0.125228;2.365253;0.552815;0.0453;0.1161;-0.9922;-0.370162;2.633348;0.572998;0.0453;0.1161;-0.9922;0.428322;2.637594;0.608975;0.0269;0.7298;-0.6831;-0.370162;2.633348;0.572998;0.0269;0.7298;-0.6831;-0.133634;2.839602;0.802673;0.0269;0.7298;-0.6831;-0.199445;1.705677;0.613496;0.0067;1.0;0.0039;0.25655;1.702537;0.633945;0.0067;1.0;0.0039;0.613081;1.70347;-0.216795;0.0067;1.0;0.0039
24;0.24653536;0.39823252;0.35802796
0.609028;0.545358;0.164541;0.8945;-0.1426;-0.4237;-0.039507;1.020638;-1.364685;0.8945;-0.1426;-0.4237;0.613081;1.70347;-0.216795;0.8945;-0.1426;-0.4237;-0.531461;1.70517;-0.231428;-0.9333;-0.0993;-0.3452;-0.039507;1.020638;-1.364685;-0.9333;-0.0993;-0.3452;-0.535514;0.547057;0.112641;-0.9333;-0.0993;-0.3452;-0.535514;0.547057;0.112641;0.0123;-0.9534;-0.3015;-0.039507;1.020638;-1.364685;0.0123;-0.9534;-0.3015;0.609028;0.545358;0.164541;0.0123;-0.9534;-0.3015;0.609028;0.545358;0.164541;0.8415;0.1663;0.5141;0.613081;1.70347;-0.216795;0.8415;0.1663;0.5141;-0.016075;1.094766;1.010028;0.8415;0.1663;0.5141;-0.531461;1.70517;-0.231428;-0.8907;0.1323;0.4348;-0.535514;0.547057;0.112641;-0.8907;0.1323;0.4348;-0.016075;1.094766;1.010028;-0.8907;0.1323;0.4348;-0.535514;0.547057;0.112641;-0.0254;-0.8467;0.5315;0.609028;0.545358;0.164541;-0.0254;-0.8467;0.5315;-0.016075;1.094766;1.010028;-0.0254;-0.8467;0.5315;0.25655;1.702537;0.633945;0.9086;-0.1721;0.3806;-0.016075;1.094766;1.010028;0.9086;-0.1721;0.3806;0.613081;1.70347;-0.216795;0.9086;-0.1721;0.3806;-0.199445;1.705677;0.613496;-0.9299;-0.0419;0.3654;-0.531461;1.70517;-0.231428;-0.9299;-0.0419;0.3654;-0.016075;1.094766;1.010028;-0.9299;-0.0419;0.3654
48;0.96682286;0.8817878;0.8195234
0.012928;2.213703;0.859635;-0.7383;-0.6745;-7.0E-4;-0.370162;2.633348;0.572998;-0.7383;-0.6745;-7.0E-4;-0.125228;2.365253;0.552815;-0.7383;-0.6745;-7.0E-4;0.012928;2.213703;0.859635;0.7627;-0.5874;0.2705;0.428322;2.637594;0.608975;0.7627;-0.5874;0.2705;-0.010606;2.390974;1.310894;0.7627;-0.5874;0.2705;-0.010606;2.390974;1.310894;-0.7916;0.3502;0.5007;-0.133634;2.839602;0.802673;-0.7916;0.3502;0.5007;-0.370162;2.633348;0.572998;-0.7916;0.3502;0.5007;-0.010606;2.390974;1.310894;0.8956;0.1092;0.4313;0.17259;2.841231;0.816471;0.8956;0.1092;0.4313;0.008597;2.71836;1.188127;0.8956;0.1092;0.4313;-0.199445;1.705677;0.613496;-0.9346;-0.0521;0.3519;-0.016075;1.094766;1.010028;-0.9346;-0.0521;0.3519;0.008603;1.541929;1.141802;-0.9346;-0.0521;0.3519;0.008603;1.541929;1.141802;0.7923;0.2319;0.5643;0.178007;2.363165;0.566413;0.7923;0.2319;0.5643;0.012928;2.213703;0.859635;0.7923;0.2319;0.5643;-0.125228;2.365253;0.552815;0.0439;-0.0964;-0.9944;0.25655;1.702537;0.633945;0.0439;-0.0964;-0.9944;-0.199445;1.705677;0.613496;0.0439;-0.0964;-0.9944;-0.125228;2.365253;0.552815;-0.8487;0.2094;0.4856;0.008603;1.541929;1.141802;-0.8487;0.2094;0.4856;0.012928;2.213703;0.859635;-0.8487;0.2094;0.4856;0.012928;2.213703;0.859635;-0.7862;-0.588;0.19;-0.010606;2.390974;1.310894;-0.7862;-0.588;0.19;-0.370162;2.633348;0.572998;-0.7862;-0.588;0.19;0.012928;2.213703;0.859635;0.732;-0.678;0.0665;0.178007;2.363165;0.566413;0.732;-0.678;0.0665;0.428322;2.637594;0.608975;0.732;-0.678;0.0665;-0.010606;2.390974;1.310894;-0.897;0.2004;0.394;0.008597;2.71836;1.188127;-0.897;0.2004;0.394;-0.133634;2.839602;0.802673;-0.897;0.2004;0.394;-0.010606;2.390974;1.310894;0.7404;0.3373;0.5815;0.428322;2.637594;0.608975;0.7404;0.3373;0.5815;0.17259;2.841231;0.816471;0.7404;0.3373;0.5815;0.25655;1.702537;0.633945;0.9059;-0.165;0.3901;0.008603;1.541929;1.141802;0.9059;-0.165;0.3901;-0.016075;1.094766;1.010028;0.9059;-0.165;0.3901;0.008603;1.541929;1.141802;0.8685;0.1515;0.4719;0.25655;1.702537;0.633945;0.8685;0.1515;0.4719;0.178007;2.363165;0.566413;0.8685;0.1515;0.4719;-0.125228;2.365253;0.552815;0.0439;-0.0964;-0.9944;0.178007;2.363165;0.566413;0.0439;-0.0964;-0.9944;0.25655;1.702537;0.633945;0.0439;-0.0964;-0.9944;-0.125228;2.365253;0.552815;-0.906;0.1387;0.3998;-0.199445;1.705677;0.613496;-0.906;0.1387;0.3998;0.008603;1.541929;1.141802;-0.906;0.1387;0.3998
-1.26495;0.033057;-12.964861;1.280403;8.92469;4.15026;2.2
276;9
96;0.4736291;0.59230626;1.0
0.007728;5.198533;3.331816;-0.778;0.1681;0.6054;-0.605238;3.54754;3.002594;-0.778;0.1681;0.6054;0.007728;3.439048;3.820449;-0.778;0.1681;0.6054;0.469979;5.035854;2.43855;0.8243;-0.1257;-0.552;0.620694;3.54754;3.002594;0.8243;-0.1257;-0.552;0.007727;4.312255;1.912973;0.8243;-0.1257;-0.552;0.469979;5.035854;2.43855;0.8858;0.1887;0.424;0.007728;7.01039;2.525705;0.8858;0.1887;0.424;0.007728;5.198533;3.331816;0.8858;0.1887;0.424;0.620694;3.54754;3.002594;0.778;0.1681;0.6054;0.007728;5.198533;3.331816;0.778;0.1681;0.6054;0.007728;3.439048;3.820449;0.778;0.1681;0.6054;-0.605238;3.54754;3.002594;0.0;-0.9913;-0.1315;0.620694;3.54754;3.002594;0.0;-0.9913;-0.1315;0.007728;3.439048;3.820449;0.0;-0.9913;-0.1315;0.007728;7.01039;2.525705;0.937;-0.1566;0.3122;0.207114;7.287509;2.066265;0.937;-0.1566;0.3122;0.194364;8.063781;2.49394;0.937;-0.1566;0.3122;-0.454523;5.035854;2.43855;-0.0;-0.1631;-0.9866;0.207114;7.287509;2.066265;-0.0;-0.1631;-0.9866;0.469979;5.035854;2.43855;-0.0;-0.1631;-0.9866;-0.454523;5.035854;2.43855;-0.8582;0.1797;0.4808;0.007728;7.01039;2.525705;-0.8582;0.1797;0.4808;-0.191659;7.287509;2.066265;-0.8582;0.1797;0.4808;0.194364;8.063781;2.49394;0.9673;-0.1656;0.1921;0.023679;7.512838;2.878538;0.9673;-0.1656;0.1921;0.007728;7.01039;2.525705;0.9673;-0.1656;0.1921;-0.191659;7.287509;2.066265;0.0;0.4825;-0.8759;0.194364;8.063781;2.49394;0.0;0.4825;-0.8759;0.207114;7.287509;2.066265;0.0;0.4825;-0.8759;-0.191659;7.287509;2.066265;-0.937;-0.1566;0.3122;0.007728;7.01039;2.525705;-0.937;-0.1566;0.3122;-0.178908;8.063781;2.49394;-0.937;-0.1566;0.3122;-0.178908;8.063781;2.49394;0.0;0.9916;-0.129;0.411425;8.168102;3.295816;0.0;0.9916;-0.129;0.194364;8.063781;2.49394;0.0;0.9916;-0.129;0.007728;2.040927;2.738416;0.7584;-0.3989;0.5155;0.620694;3.54754;3.002594;0.7584;-0.3989;0.5155;0.007728;3.439048;3.820449;0.7584;-0.3989;0.5155;-0.605238;3.54754;3.002594;-0.7584;-0.3989;0.5155;0.007728;2.040927;2.738416;-0.7584;-0.3989;0.5155;0.007728;3.439048;3.820449;-0.7584;-0.3989;0.5155;0.007728;5.198533;3.331816;-0.8786;0.2444;0.4102;-0.454523;5.035854;2.43855;-0.8786;0.2444;0.4102;-0.605238;3.54754;3.002594;-0.8786;0.2444;0.4102;0.007727;4.312255;1.912973;-0.8243;-0.1257;-0.552;-0.605238;3.54754;3.002594;-0.8243;-0.1257;-0.552;-0.454523;5.035854;2.43855;-0.8243;-0.1257;-0.552;-0.454523;5.035854;2.43855;-0.0;0.5877;-0.8091;0.469979;5.035854;2.43855;-0.0;0.5877;-0.8091;0.007727;4.312255;1.912973;-0.0;0.5877;-0.8091;0.469979;5.035854;2.43855;0.8582;0.1797;0.4808;0.207114;7.287509;2.066265;0.8582;0.1797;0.4808;0.007728;7.01039;2.525705;0.8582;0.1797;0.4808;0.620694;3.54754;3.002594;0.8786;0.2444;0.4102;0.469979;5.035854;2.43855;0.8786;0.2444;0.4102;0.007728;5.198533;3.331816;0.8786;0.2444;0.4102;-0.454523;5.035854;2.43855;-0.0;-0.1631;-0.9866;-0.191659;7.287509;2.066265;-0.0;-0.1631;-0.9866;0.207114;7.287509;2.066265;-0.0;-0.1631;-0.9866;-0.454523;5.035854;2.43855;-0.8858;0.1887;0.424;0.007728;5.198533;3.331816;-0.8858;0.1887;0.424;0.007728;7.01039;2.525705;-0.8858;0.1887;0.424;-0.191659;7.287509;2.066265;0.0;0.4825;-0.8759;-0.178908;8.063781;2.49394;0.0;0.4825;-0.8759;0.194364;8.063781;2.49394;0.0;0.4825;-0.8759;-0.178908;8.063781;2.49394;-0.9492;-0.16;0.2708;0.007728;7.01039;2.525705;-0.9492;-0.16;0.2708;0.023679;7.512838;2.878538;-0.9492;-0.16;0.2708;-0.178908;8.063781;2.49394;0.0;0.9916;-0.129;-0.395969;8.168102;3.295817;0.0;0.9916;-0.129;0.411425;8.168102;3.295816;0.0;0.9916;-0.129;0.007728;2.040927;2.738416;0.8118;-0.4042;0.4214;0.9937;3.072822;1.828539;0.8118;-0.4042;0.4214;0.620694;3.54754;3.002594;0.8118;-0.4042;0.4214;-0.605238;3.54754;3.002594;-0.8118;-0.4042;0.4214;-0.978245;3.072822;1.828539;-0.8118;-0.4042;0.4214;0.007728;2.040927;2.738416;-0.8118;-0.4042;0.4214;-0.605238;3.54754;3.002594;-0.7825;0.6227;-0.0032;0.007727;4.312255;1.912973;-0.7825;0.6227;-0.0032;-0.978245;3.072822;1.828539;-0.7825;0.6227;-0.0032;0.620694;3.54754;3.002594;0.7825;0.6227;-0.0032;0.9937;3.072822;1.828539;0.7825;0.6227;-0.0032;0.007727;4.312255;1.912973;0.7825;0.6227;-0.0032;-0.086076;8.69646;2.262489;-0.9281;0.1261;0.3504;-0.006845;7.953193;2.739839;-0.9281;0.1261;0.3504;0.061463;8.92469;2.57108;-0.9281;0.1261;0.3504;0.061463;8.92469;2.57108;0.9971;-0.0629;0.0418;-0.006845;7.953193;2.739839;0.9971;-0.0629;0.0418;0.062368;8.51103;1.926833;0.9971;-0.0629;0.0418;0.062368;8.51103;1.926833;-0.9272;-0.2673;-0.2624;-0.006845;7.953193;2.739839;-0.9272;-0.2673;-0.2624;-0.086076;8.69646;2.262489;-0.9272;-0.2673;-0.2624;-0.086076;8.69646;2.262489;-0.1686;0.8293;-0.5327;0.061463;8.92469;2.57108;-0.1686;0.8293;-0.5327;0.062368;8.51103;1.926833;-0.1686;0.8293;-0.5327
81;0.96682286;0.8817878;0.8195234
0.23153;7.737467;3.706775;0.0;0.9435;0.3315;-0.216075;7.737467;3.706776;0.0;0.9435;0.3315;0.007728;7.581656;4.15026;0.0;0.9435;0.3315;-0.216075;7.737467;3.706776;-0.5679;-0.8231;-0.0026;0.007728;7.583156;3.671399;-0.5679;-0.8231;-0.0026;0.007728;7.581656;4.15026;-0.5679;-0.8231;-0.0026;0.007728;7.583156;3.671399;0.5679;-0.8231;-0.0026;0.23153;7.737467;3.706775;0.5679;-0.8231;-0.0026;0.007728;7.581656;4.15026;0.5679;-0.8231;-0.0026;-0.526849;0.303333;-0.392776;0.8504;-0.2656;0.4541;-0.221804;2.427233;0.278401;0.8504;-0.2656;0.4541;-0.591653;0.289889;-0.279282;0.8504;-0.2656;0.4541;-0.367821;2.504922;0.032885;-0.0035;0.1901;-0.9818;-0.526849;0.303333;-0.392776;-0.0035;0.1901;-0.9818;-0.656457;0.324368;-0.388245;-0.0035;0.1901;-0.9818;0.231289;2.437731;0.280663;-0.8601;-0.2049;0.4672;0.381755;0.276739;-0.390022;-0.8601;-0.2049;0.4672;0.432877;0.262496;-0.30215;-0.8601;-0.2049;0.4672;-0.591653;0.289889;-0.279282;-0.4273;0.819;0.383;-0.892253;0.146455;-0.307895;-0.4273;0.819;0.383;-0.635075;0.033057;0.22156;-0.4273;0.819;0.383;-0.591653;0.289889;-0.279282;-0.8574;0.0141;0.5144;-0.367821;2.504922;0.032885;-0.8574;0.0141;0.5144;-0.656457;0.324368;-0.388245;-0.8574;0.0141;0.5144;0.381755;0.276739;-0.390022;0.0022;0.1865;-0.9825;0.378714;2.504638;0.032824;0.0022;0.1865;-0.9825;0.483999;0.285697;-0.388093;0.0022;0.1865;-0.9825;-0.656457;0.324368;-0.388245;0.0015;-0.4132;-0.9106;-0.377897;0.14772;-0.307623;0.0015;-0.4132;-0.9106;-0.892253;0.146455;-0.307895;0.0015;-0.4132;-0.9106;0.378714;2.504638;0.032824;0.8645;-0.0538;0.4997;0.432877;0.262496;-0.30215;0.8645;-0.0538;0.4997;0.483999;0.285697;-0.388093;0.8645;-0.0538;0.4997;-0.591653;0.289889;-0.279282;0.544;0.7386;0.3981;-0.377897;0.14772;-0.307623;0.544;0.7386;0.3981;-0.526849;0.303333;-0.392776;0.544;0.7386;0.3981;0.432877;0.262496;-0.30215;0.3406;0.8369;0.4285;0.707444;0.138775;-0.278766;0.3406;0.8369;0.4285;0.483999;0.285697;-0.388093;0.3406;0.8369;0.4285;0.483999;0.285697;-0.388093;0.0761;-0.7202;-0.6896;0.19145;0.14815;-0.276746;0.0761;-0.7202;-0.6896;0.381755;0.276739;-0.390022;0.0761;-0.7202;-0.6896;0.432877;0.262496;-0.30215;-0.3544;0.8397;0.4114;0.19145;0.14815;-0.276746;-0.3544;0.8397;0.4114;0.468326;0.047698;0.166776;-0.3544;0.8397;0.4114;-0.526849;0.303333;-0.392776;0.8504;-0.2656;0.4541;-0.075786;2.457525;0.022674;0.8504;-0.2656;0.4541;-0.221804;2.427233;0.278401;0.8504;-0.2656;0.4541;-0.367821;2.504922;0.032885;-0.0035;0.1901;-0.9818;-0.075786;2.457525;0.022674;-0.0035;0.1901;-0.9818;-0.526849;0.303333;-0.392776;-0.0035;0.1901;-0.9818;0.231289;2.437731;0.280663;-0.8601;-0.2049;0.4672;0.083864;2.478804;0.027259;-0.8601;-0.2049;0.4672;0.381755;0.276739;-0.390022;-0.8601;-0.2049;0.4672;-0.591653;0.289889;-0.279282;-0.4131;0.7683;0.4888;-0.656457;0.324368;-0.388245;-0.4131;0.7683;0.4888;-0.892253;0.146455;-0.307895;-0.4131;0.7683;0.4888;-0.591653;0.289889;-0.279282;-0.8574;0.0141;0.5144;-0.221804;2.427233;0.278401;-0.8574;0.0141;0.5144;-0.367821;2.504922;0.032885;-0.8574;0.0141;0.5144;0.381755;0.276739;-0.390022;0.0022;0.1865;-0.9825;0.083864;2.478804;0.027259;0.0022;0.1865;-0.9825;0.378714;2.504638;0.032824;0.0022;0.1865;-0.9825;-0.656457;0.324368;-0.388245;-0.1199;-0.5624;-0.8181;-0.526849;0.303333;-0.392776;-0.1199;-0.5624;-0.8181;-0.377897;0.14772;-0.307623;-0.1199;-0.5624;-0.8181;0.378714;2.504638;0.032824;0.8645;-0.0538;0.4997;0.231289;2.437731;0.280663;0.8645;-0.0538;0.4997;0.432877;0.262496;-0.30215;0.8645;-0.0538;0.4997;-0.591653;0.289889;-0.279282;0.5404;0.7287;0.4206;-0.635075;0.033057;0.22156;0.5404;0.7287;0.4206;-0.377897;0.14772;-0.307623;0.5404;0.7287;0.4206;0.432877;0.262496;-0.30215;0.356;0.8595;0.3668;0.468326;0.047698;0.166776;0.356;0.8595;0.3668;0.707444;0.138775;-0.278766;0.356;0.8595;0.3668;0.483999;0.285697;-0.388093;-0.0142;-0.6107;-0.7917;0.707444;0.138775;-0.278766;-0.0142;-0.6107;-0.7917;0.19145;0.14815;-0.276746;-0.0142;-0.6107;-0.7917;0.432877;0.262496;-0.30215;-0.3696;0.859;0.3543;0.381755;0.276739;-0.390022;-0.3696;0.859;0.3543;0.19145;0.14815;-0.276746;-0.3696;0.859;0.3543
24;0.64667964;0.5517185;0.48064223
-0.978245;3.072822;1.828539;-0.7303;0.6633;0.1633;0.007727;4.575044;0.136022;-0.7303;0.6633;0.1633;-1.26495;3.172932;0.139184;-0.7303;0.6633;0.1633;0.9937;3.072822;1.828539;0.7823;0.6161;0.0911;0.007727;4.575044;0.136022;0.7823;0.6161;0.0911;0.007727;4.312255;1.912973;0.7823;0.6161;0.0911;0.007727;4.575044;0.136022;-0.7048;0.6391;-0.3079;-0.61267;2.927663;-1.863014;-0.7048;0.6391;-0.3079;-1.26495;3.172932;0.139184;-0.7048;0.6391;-0.3079;0.007727;4.575044;0.136022;0.772;0.5869;-0.244;0.628123;2.927663;-1.863015;0.772;0.5869;-0.244;0.007726;3.44065;-2.591973;0.772;0.5869;-0.244;-0.978245;3.072822;1.828539;-0.7823;0.6161;0.0911;0.007727;4.312255;1.912973;-0.7823;0.6161;0.0911;0.007727;4.575044;0.136022;-0.7823;0.6161;0.0911;0.9937;3.072822;1.828539;0.7303;0.6633;0.1633;1.280403;3.172932;0.139183;0.7303;0.6633;0.1633;0.007727;4.575044;0.136022;0.7303;0.6633;0.1633;0.007727;4.575044;0.136022;-0.772;0.5869;-0.244;0.007726;3.44065;-2.591973;-0.772;0.5869;-0.244;-0.61267;2.927663;-1.863014;-0.772;0.5869;-0.244;0.007727;4.575044;0.136022;0.7048;0.6391;-0.3079;1.280403;3.172932;0.139183;0.7048;0.6391;-0.3079;0.628123;2.927663;-1.863015;0.7048;0.6391;-0.3079
15;0.5163145;0.90354544;0.55968803
0.007726;3.44065;-2.591973;0.647;0.7524;-0.1236;0.783356;1.5103;-10.284576;0.647;0.7524;-0.1236;0.007724;1.737042;-12.964861;0.647;0.7524;-0.1236;-0.767909;1.510301;-10.284576;-0.0;-0.9964;-0.0843;0.007724;1.737042;-12.964861;-0.0;-0.9964;-0.0843;0.783356;1.5103;-10.284576;-0.0;-0.9964;-0.0843;0.628123;2.927663;-1.863015;0.4374;-0.8855;0.1571;0.007726;2.447135;-2.84435;0.4374;-0.8855;0.1571;0.783356;1.5103;-10.284576;0.4374;-0.8855;0.1571;-0.61267;2.927663;-1.863014;-0.4374;-0.8855;0.1571;-0.767909;1.510301;-10.284576;-0.4374;-0.8855;0.1571;0.007726;2.447135;-2.84435;-0.4374;-0.8855;0.1571;0.007726;3.44065;-2.591973;-0.647;0.7524;-0.1236;0.007724;1.737042;-12.964861;-0.647;0.7524;-0.1236;-0.767909;1.510301;-10.284576;-0.647;0.7524;-0.1236
24;0.46729067;0.90354544;0.7955019
-0.395969;8.168102;3.295817;0.0;0.6904;0.7234;0.23153;7.737467;3.706775;0.0;0.6904;0.7234;0.411425;8.168102;3.295816;0.0;0.6904;0.7234;0.023679;7.512838;2.878538;-0.8692;-0.4792;-0.1217;-0.216075;7.737467;3.706776;-0.8692;-0.4792;-0.1217;-0.395969;8.168102;3.295817;-0.8692;-0.4792;-0.1217;0.023679;7.512838;2.878538;0.5565;-0.8265;0.0845;0.23153;7.737467;3.706775;0.5565;-0.8265;0.0845;0.007728;7.583156;3.671399;0.5565;-0.8265;0.0845;-0.395969;8.168102;3.295817;0.0;0.6904;0.7234;-0.216075;7.737467;3.706776;0.0;0.6904;0.7234;0.23153;7.737467;3.706775;0.0;0.6904;0.7234;0.023679;7.512838;2.878538;-0.5599;-0.8262;0.062;0.007728;7.583156;3.671399;-0.5599;-0.8262;0.062;-0.216075;7.737467;3.706776;-0.5599;-0.8262;0.062;0.023679;7.512838;2.878538;0.8823;-0.4607;-0.0965;0.411425;8.168102;3.295816;0.8823;-0.4607;-0.0965;0.23153;7.737467;3.706775;0.8823;-0.4607;-0.0965;0.007726;3.44065;-2.591973;-0.7042;0.7022;-0.1052;-0.767909;1.510301;-10.284576;-0.7042;0.7022;-0.1052;-0.61267;2.927663;-1.863014;-0.7042;0.7022;-0.1052;0.007726;3.44065;-2.591973;0.7042;0.7022;-0.1052;0.628123;2.927663;-1.863015;0.7042;0.7022;-0.1052;0.783356;1.5103;-10.284576;0.7042;0.7022;-0.1052
18;0.24653536;0.39823252;0.35802796
-0.978245;3.072822;1.828539;-0.7825;-0.5995;0.168;0.007727;1.577919;1.086602;-0.7825;-0.5995;0.168;0.007728;2.040927;2.738416;-0.7825;-0.5995;0.168;0.9937;3.072822;1.828539;0.8063;-0.5826;0.1023;0.007727;1.577919;1.086602;0.8063;-0.5826;0.1023;1.280403;3.172932;0.139183;0.8063;-0.5826;0.1023;-1.26495;3.172932;0.139184;-0.7591;-0.6472;-0.0698;0.007726;1.903276;-1.929209;-0.7591;-0.6472;-0.0698;0.007727;1.577919;1.086602;-0.7591;-0.6472;-0.0698;-0.978245;3.072822;1.828539;-0.8063;-0.5826;0.1023;-1.26495;3.172932;0.139184;-0.8063;-0.5826;0.1023;0.007727;1.577919;1.086602;-0.8063;-0.5826;0.1023;0.9937;3.072822;1.828539;0.7825;-0.5995;0.168;0.007728;2.040927;2.738416;0.7825;-0.5995;0.168;0.007727;1.577919;1.086602;0.7825;-0.5995;0.168;1.280403;3.172932;0.139183;0.7591;-0.6472;-0.0698;0.007727;1.577919;1.086602;0.7591;-0.6472;-0.0698;0.007726;1.903276;-1.929209;0.7591;-0.6472;-0.0698
6;0.40154356;0.40560427;0.34545448
0.628123;2.927663;-1.863015;0.8275;-0.4826;-0.2868;0.007726;1.903276;-1.929209;0.8275;-0.4826;-0.2868;0.007726;2.447135;-2.84435;0.8275;-0.4826;-0.2868;-0.61267;2.927663;-1.863014;-0.8275;-0.4826;-0.2868;0.007726;2.447135;-2.84435;-0.8275;-0.4826;-0.2868;0.007726;1.903276;-1.929209;-0.8275;-0.4826;-0.2868
6;0.90354544;0.90354544;0.90354544
-0.178908;8.063781;2.49394;-0.8763;-0.4472;-0.179;0.023679;7.512838;2.878538;-0.8763;-0.4472;-0.179;-0.395969;8.168102;3.295817;-0.8763;-0.4472;-0.179;0.194364;8.063781;2.49394;0.8931;-0.4084;-0.1886;0.411425;8.168102;3.295816;0.8931;-0.4084;-0.1886;0.023679;7.512838;2.878538;0.8931;-0.4084;-0.1886
6;0.8093249;0.5084075;0.4281885
1.280403;3.172932;0.139183;0.8417;-0.496;-0.2135;0.007726;1.903276;-1.929209;0.8417;-0.496;-0.2135;0.628123;2.927663;-1.863015;0.8417;-0.496;-0.2135;-1.26495;3.172932;0.139184;-0.8417;-0.496;-0.2135;-0.61267;2.927663;-1.863014;-0.8417;-0.496;-0.2135;0.007726;1.903276;-1.929209;-0.8417;-0.496;-0.2135
-7.94168;0.034837;-6.125169;7.945561;11.738981;4.151761;1
291;9
96;0.4736291;0.59230626;1.0
0.001945;5.200313;3.333316;-0.778;0.1681;0.6054;-0.611021;3.54932;3.004094;-0.778;0.1681;0.6054;0.001945;3.440829;3.82195;-0.778;0.1681;0.6054;0.464196;5.037634;2.440051;0.8243;-0.1257;-0.552;0.614911;3.54932;3.004094;0.8243;-0.1257;-0.552;0.001945;4.314036;1.914474;0.8243;-0.1257;-0.552;0.464196;5.037634;2.440051;0.8858;0.1887;0.424;0.001945;7.01217;2.527206;0.8858;0.1887;0.424;0.001945;5.200313;3.333316;0.8858;0.1887;0.424;0.614911;3.54932;3.004094;0.778;0.1681;0.6054;0.001945;5.200313;3.333316;0.778;0.1681;0.6054;0.001945;3.440829;3.82195;0.778;0.1681;0.6054;-0.611021;3.54932;3.004094;0.0;-0.9913;-0.1315;0.614911;3.54932;3.004094;0.0;-0.9913;-0.1315;0.001945;3.440829;3.82195;0.0;-0.9913;-0.1315;0.001945;7.01217;2.527206;0.937;-0.1566;0.3122;0.201331;7.28929;2.067766;0.937;-0.1566;0.3122;0.188581;8.065561;2.495441;0.937;-0.1566;0.3122;-0.460306;5.037634;2.440051;0.0;-0.1631;-0.9866;0.201331;7.28929;2.067766;0.0;-0.1631;-0.9866;0.464196;5.037634;2.440051;0.0;-0.1631;-0.9866;-0.460306;5.037634;2.440051;-0.8582;0.1797;0.4808;0.001945;7.01217;2.527206;-0.8582;0.1797;0.4808;-0.197441;7.28929;2.067766;-0.8582;0.1797;0.4808;0.188581;8.065561;2.495441;0.9673;-0.1656;0.1921;0.017896;7.514618;2.880039;0.9673;-0.1656;0.1921;0.001945;7.01217;2.527206;0.9673;-0.1656;0.1921;-0.197441;7.28929;2.067766;0.0;0.4825;-0.8759;0.188581;8.065561;2.495441;0.0;0.4825;-0.8759;0.201331;7.28929;2.067766;0.0;0.4825;-0.8759;-0.197441;7.28929;2.067766;-0.937;-0.1566;0.3122;0.001945;7.01217;2.527206;-0.937;-0.1566;0.3122;-0.184691;8.065561;2.495441;-0.937;-0.1566;0.3122;-0.184691;8.065561;2.495441;0.0;0.9916;-0.129;0.405642;8.169882;3.297317;0.0;0.9916;-0.129;0.188581;8.065561;2.495441;0.0;0.9916;-0.129;0.001945;2.042708;2.739917;0.7584;-0.3989;0.5155;0.614911;3.54932;3.004094;0.7584;-0.3989;0.5155;0.001945;3.440829;3.82195;0.7584;-0.3989;0.5155;-0.611021;3.54932;3.004094;-0.7584;-0.3989;0.5155;0.001945;2.042708;2.739917;-0.7584;-0.3989;0.5155;0.001945;3.440829;3.82195;-0.7584;-0.3989;0.5155;0.001945;5.200313;3.333316;-0.8786;0.2444;0.4102;-0.460306;5.037634;2.440051;-0.8786;0.2444;0.4102;-0.611021;3.54932;3.004094;-0.8786;0.2444;0.4102;0.001945;4.314036;1.914474;-0.8243;-0.1257;-0.552;-0.611021;3.54932;3.004094;-0.8243;-0.1257;-0.552;-0.460306;5.037634;2.440051;-0.8243;-0.1257;-0.552;-0.460306;5.037634;2.440051;0.0;0.5877;-0.8091;0.464196;5.037634;2.440051;0.0;0.5877;-0.8091;0.001945;4.314036;1.914474;0.0;0.5877;-0.8091;0.464196;5.037634;2.440051;0.8582;0.1797;0.4808;0.201331;7.28929;2.067766;0.8582;0.1797;0.4808;0.001945;7.01217;2.527206;0.8582;0.1797;0.4808;0.614911;3.54932;3.004094;0.8786;0.2444;0.4102;0.464196;5.037634;2.440051;0.8786;0.2444;0.4102;0.001945;5.200313;3.333316;0.8786;0.2444;0.4102;-0.460306;5.037634;2.440051;0.0;-0.1631;-0.9866;-0.197441;7.28929;2.067766;0.0;-0.1631;-0.9866;0.201331;7.28929;2.067766;0.0;-0.1631;-0.9866;-0.460306;5.037634;2.440051;-0.8858;0.1887;0.424;0.001945;5.200313;3.333316;-0.8858;0.1887;0.424;0.001945;7.01217;2.527206;-0.8858;0.1887;0.424;-0.197441;7.28929;2.067766;0.0;0.4825;-0.8759;-0.184691;8.065561;2.495441;0.0;0.4825;-0.8759;0.188581;8.065561;2.495441;0.0;0.4825;-0.8759;-0.184691;8.065561;2.495441;-0.9492;-0.16;0.2708;0.001945;7.01217;2.527206;-0.9492;-0.16;0.2708;0.017896;7.514618;2.880039;-0.9492;-0.16;0.2708;-0.184691;8.065561;2.495441;0.0;0.9916;-0.129;-0.401752;8.169882;3.297317;0.0;0.9916;-0.129;0.405642;8.169882;3.297317;0.0;0.9916;-0.129;0.001945;2.042708;2.739917;0.8118;-0.4042;0.4214;0.987917;3.074603;1.830039;0.8118;-0.4042;0.4214;0.614911;3.54932;3.004094;0.8118;-0.4042;0.4214;-0.611021;3.54932;3.004094;-0.8118;-0.4042;0.4214;-0.984028;3.074603;1.83004;-0.8118;-0.4042;0.4214;0.001945;2.042708;2.739917;-0.8118;-0.4042;0.4214;-0.611021;3.54932;3.004094;-0.7825;0.6227;-0.0032;0.001945;4.314036;1.914474;-0.7825;0.6227;-0.0032;-0.984028;3.074603;1.83004;-0.7825;0.6227;-0.0032;0.614911;3.54932;3.004094;0.7825;0.6227;-0.0032;0.987917;3.074603;1.830039;0.7825;0.6227;-0.0032;0.001945;4.314036;1.914474;0.7825;0.6227;-0.0032;-0.091859;8.69824;2.26399;-0.9281;0.1261;0.3504;-0.012628;7.954974;2.741339;-0.9281;0.1261;0.3504;0.05568;8.92647;2.572581;-0.9281;0.1261;0.3504;0.05568;8.92647;2.572581;0.9971;-0.0629;0.0418;-0.012628;7.954974;2.741339;0.9971;-0.0629;0.0418;0.056586;8.51281;1.928333;0.9971;-0.0629;0.0418;0.056586;8.51281;1.928333;-0.9272;-0.2673;-0.2624;-0.012628;7.954974;2.741339;-0.9272;-0.2673;-0.2624;-0.091859;8.69824;2.26399;-0.9272;-0.2673;-0.2624;-0.091859;8.69824;2.26399;-0.1686;0.8293;-0.5327;0.05568;8.92647;2.572581;-0.1686;0.8293;-0.5327;0.056586;8.51281;1.928333;-0.1686;0.8293;-0.5327
81;0.96682286;0.8817878;0.8195234
0.225747;7.739248;3.708276;0.0;0.9435;0.3315;-0.221858;7.739248;3.708276;0.0;0.9435;0.3315;0.001945;7.583436;4.151761;0.0;0.9435;0.3315;-0.221858;7.739248;3.708276;-0.5679;-0.8231;-0.0026;0.001945;7.584936;3.672899;-0.5679;-0.8231;-0.0026;0.001945;7.583436;4.151761;-0.5679;-0.8231;-0.0026;0.001945;7.584936;3.672899;0.5679;-0.8231;-0.0026;0.225747;7.739248;3.708276;0.5679;-0.8231;-0.0026;0.001945;7.583436;4.151761;0.5679;-0.8231;-0.0026;-0.532632;0.305113;-0.391276;0.8504;-0.2656;0.4541;-0.227587;2.429013;0.279902;0.8504;-0.2656;0.4541;-0.597436;0.291669;-0.277781;0.8504;-0.2656;0.4541;-0.373604;2.506703;0.034386;-0.0035;0.1901;-0.9818;-0.532632;0.305113;-0.391276;-0.0035;0.1901;-0.9818;-0.66224;0.326149;-0.386744;-0.0035;0.1901;-0.9818;0.427094;0.264276;-0.300649;-0.8601;-0.2049;0.4672;0.078081;2.480585;0.028759;-0.8601;-0.2049;0.4672;0.375972;0.278519;-0.388522;-0.8601;-0.2049;0.4672;-0.597436;0.291669;-0.277781;-0.4273;0.819;0.383;-0.898036;0.148235;-0.306395;-0.4273;0.819;0.383;-0.640858;0.034837;0.223061;-0.4273;0.819;0.383;-0.597436;0.291669;-0.277781;-0.8574;0.0141;0.5144;-0.373604;2.506703;0.034386;-0.8574;0.0141;0.5144;-0.66224;0.326149;-0.386744;-0.8574;0.0141;0.5144;0.375972;0.278519;-0.388522;0.0022;0.1865;-0.9825;0.372931;2.506419;0.034324;0.0022;0.1865;-0.9825;0.478216;0.287478;-0.386592;0.0022;0.1865;-0.9825;-0.66224;0.326149;-0.386744;0.0015;-0.4132;-0.9106;-0.38368;0.1495;-0.306122;0.0015;-0.4132;-0.9106;-0.898036;0.148235;-0.306395;0.0015;-0.4132;-0.9106;0.372931;2.506419;0.034324;0.8645;-0.0538;0.4997;0.427094;0.264276;-0.300649;0.8645;-0.0538;0.4997;0.478216;0.287478;-0.386592;0.8645;-0.0538;0.4997;-0.597436;0.291669;-0.277781;0.544;0.7386;0.3981;-0.38368;0.1495;-0.306122;0.544;0.7386;0.3981;-0.532632;0.305113;-0.391276;0.544;0.7386;0.3981;0.427094;0.264276;-0.300649;0.3406;0.8369;0.4285;0.701661;0.140556;-0.277265;0.3406;0.8369;0.4285;0.478216;0.287478;-0.386592;0.3406;0.8369;0.4285;0.478216;0.287478;-0.386592;0.0761;-0.7202;-0.6896;0.185667;0.149931;-0.275245;0.0761;-0.7202;-0.6896;0.375972;0.278519;-0.388522;0.0761;-0.7202;-0.6896;0.427094;0.264276;-0.300649;-0.3544;0.8397;0.4114;0.185667;0.149931;-0.275245;-0.3544;0.8397;0.4114;0.462543;0.049479;0.168276;-0.3544;0.8397;0.4114;-0.532632;0.305113;-0.391276;0.8504;-0.2656;0.4541;-0.081569;2.459306;0.024175;0.8504;-0.2656;0.4541;-0.227587;2.429013;0.279902;0.8504;-0.2656;0.4541;-0.373604;2.506703;0.034386;-0.0035;0.1901;-0.9818;-0.081569;2.459306;0.024175;-0.0035;0.1901;-0.9818;-0.532632;0.305113;-0.391276;-0.0035;0.1901;-0.9818;0.427094;0.264276;-0.300649;-0.8601;-0.2049;0.4672;0.225506;2.439511;0.282163;-0.8601;-0.2049;0.4672;0.078081;2.480585;0.028759;-0.8601;-0.2049;0.4672;-0.597436;0.291669;-0.277781;-0.4131;0.7683;0.4888;-0.66224;0.326149;-0.386744;-0.4131;0.7683;0.4888;-0.898036;0.148235;-0.306395;-0.4131;0.7683;0.4888;-0.597436;0.291669;-0.277781;-0.8574;0.0141;0.5144;-0.227587;2.429013;0.279902;-0.8574;0.0141;0.5144;-0.373604;2.506703;0.034386;-0.8574;0.0141;0.5144;0.375972;0.278519;-0.388522;0.0022;0.1865;-0.9825;0.078081;2.480585;0.028759;0.0022;0.1865;-0.9825;0.372931;2.506419;0.034324;0.0022;0.1865;-0.9825;-0.66224;0.326149;-0.386744;-0.1199;-0.5624;-0.8181;-0.532632;0.305113;-0.391276;-0.1199;-0.5624;-0.8181;-0.38368;0.1495;-0.306122;-0.1199;-0.5624;-0.8181;0.372931;2.506419;0.034324;0.8645;-0.0538;0.4997;0.225506;2.439511;0.282163;0.8645;-0.0538;0.4997;0.427094;0.264276;-0.300649;0.8645;-0.0538;0.4997;-0.597436;0.291669;-0.277781;0.5404;0.7287;0.4206;-0.640858;0.034837;0.223061;0.5404;0.7287;0.4206;-0.38368;0.1495;-0.306122;0.5404;0.7287;0.4206;0.427094;0.264276;-0.300649;0.356;0.8595;0.3668;0.462543;0.049479;0.168276;0.356;0.8595;0.3668;0.701661;0.140556;-0.277265;0.356;0.8595;0.3668;0.478216;0.287478;-0.386592;-0.0142;-0.6107;-0.7917;0.701661;0.140556;-0.277265;-0.0142;-0.6107;-0.7917;0.185667;0.149931;-0.275245;-0.0142;-0.6107;-0.7917;0.427094;0.264276;-0.300649;-0.3696;0.859;0.3543;0.375972;0.278519;-0.388522;-0.3696;0.859;0.3543;0.185667;0.149931;-0.275245;-0.3696;0.859;0.3543
24;0.64667964;0.5517185;0.48064223
-0.984028;3.074603;1.83004;-0.7303;0.6633;0.1633;0.001944;4.576825;0.137522;-0.7303;0.6633;0.1633;-1.270733;3.174713;0.140685;-0.7303;0.6633;0.1633;0.987917;3.074603;1.830039;0.7823;0.6161;0.0911;0.001944;4.576825;0.137522;0.7823;0.6161;0.0911;0.001945;4.314036;1.914474;0.7823;0.6161;0.0911;0.001944;4.576825;0.137522;-0.7048;0.6391;-0.3079;-0.618453;2.929443;-1.861514;-0.7048;0.6391;-0.3079;-1.270733;3.174713;0.140685;-0.7048;0.6391;-0.3079;0.001944;4.576825;0.137522;0.772;0.5869;-0.244;0.62234;2.929443;-1.861514;0.772;0.5869;-0.244;0.001943;3.44243;-2.590473;0.772;0.5869;-0.244;-0.984028;3.074603;1.83004;-0.7823;0.6161;0.0911;0.001945;4.314036;1.914474;-0.7823;0.6161;0.0911;0.001944;4.576825;0.137522;-0.7823;0.6161;0.0911;0.987917;3.074603;1.830039;0.7303;0.6633;0.1633;1.274621;3.174712;0.140684;0.7303;0.6633;0.1633;0.001944;4.576825;0.137522;0.7303;0.6633;0.1633;0.001944;4.576825;0.137522;-0.772;0.5869;-0.244;0.001943;3.44243;-2.590473;-0.772;0.5869;-0.244;-0.618453;2.929443;-1.861514;-0.772;0.5869;-0.244;0.001944;4.576825;0.137522;0.7048;0.6391;-0.3079;1.274621;3.174712;0.140684;0.7048;0.6391;-0.3079;0.62234;2.929443;-1.861514;0.7048;0.6391;-0.3079
18;0.5163145;0.90354544;0.55968803
-7.94168;3.99565;-5.392117;0.2623;-0.2065;-0.9426;-4.876871;9.561365;-5.758642;0.2623;-0.2065;-0.9426;0.001943;2.448915;-2.84285;0.2623;-0.2065;-0.9426;0.62234;2.929443;-1.861514;0.2695;-0.9212;0.2807;0.001943;2.448915;-2.84285;0.2695;-0.9212;0.2807;7.945561;3.99565;-5.392133;0.2695;-0.9212;0.2807;-0.618453;2.929443;-1.861514;-0.2695;-0.9212;0.2807;-7.94168;3.99565;-5.392117;-0.2695;-0.9212;0.2807;0.001943;2.448915;-2.84285;-0.2695;-0.9212;0.2807;0.001943;3.44243;-2.590473;-0.3093;0.231;0.9225;-4.876871;9.561365;-5.758642;-0.3093;0.231;0.9225;-7.94168;3.99565;-5.392117;-0.3093;0.231;0.9225;0.001943;3.44243;-2.590473;0.3093;0.231;0.9225;7.945561;3.99565;-5.392133;0.3093;0.231;0.9225;4.880756;9.561365;-5.758652;0.3093;0.231;0.9225;7.945561;3.99565;-5.392133;-0.2623;-0.2065;-0.9426;0.001943;2.448915;-2.84285;-0.2623;-0.2065;-0.9426;4.880756;9.561365;-5.758652;-0.2623;-0.2065;-0.9426
36;0.46729067;0.90354544;0.7955019
-0.401752;8.169882;3.297317;0.0;0.6904;0.7234;0.225747;7.739248;3.708276;0.0;0.6904;0.7234;0.405642;8.169882;3.297317;0.0;0.6904;0.7234;0.017896;7.514618;2.880039;-0.8692;-0.4792;-0.1216;-0.221858;7.739248;3.708276;-0.8692;-0.4792;-0.1216;-0.401752;8.169882;3.297317;-0.8692;-0.4792;-0.1216;0.017896;7.514618;2.880039;0.5565;-0.8265;0.0845;0.225747;7.739248;3.708276;0.5565;-0.8265;0.0845;0.001945;7.584936;3.672899;0.5565;-0.8265;0.0845;-0.401752;8.169882;3.297317;0.0;0.6904;0.7234;-0.221858;7.739248;3.708276;0.0;0.6904;0.7234;0.225747;7.739248;3.708276;0.0;0.6904;0.7234;0.017896;7.514618;2.880039;-0.5599;-0.8262;0.062;0.001945;7.584936;3.672899;-0.5599;-0.8262;0.062;-0.221858;7.739248;3.708276;-0.5599;-0.8262;0.062;0.017896;7.514618;2.880039;0.8823;-0.4607;-0.0965;0.405642;8.169882;3.297317;0.8823;-0.4607;-0.0965;0.225747;7.739248;3.708276;0.8823;-0.4607;-0.0965;0.001943;3.44243;-2.590473;0.1052;0.3898;0.9149;4.880756;9.561365;-5.758652;0.1052;0.3898;0.9149;0.001946;11.738981;-6.125169;0.1052;0.3898;0.9149;0.001943;3.44243;-2.590473;-0.1176;0.8565;0.5026;-7.94168;3.99565;-5.392117;-0.1176;0.8565;0.5026;-0.618453;2.929443;-1.861514;-0.1176;0.8565;0.5026;0.001943;3.44243;-2.590473;0.1176;0.8565;0.5026;0.62234;2.929443;-1.861514;0.1176;0.8565;0.5026;7.945561;3.99565;-5.392133;0.1176;0.8565;0.5026;-4.876871;9.561365;-5.758642;0.0776;-0.3321;-0.94;0.001946;11.738981;-6.125169;0.0776;-0.3321;-0.94;0.001943;2.448915;-2.84285;0.0776;-0.3321;-0.94;4.880756;9.561365;-5.758652;-0.0776;-0.3321;-0.94;0.001943;2.448915;-2.84285;-0.0776;-0.3321;-0.94;0.001946;11.738981;-6.125169;-0.0776;-0.3321;-0.94;0.001943;3.44243;-2.590473;-0.1052;0.3898;0.9149;0.001946;11.738981;-6.125169;-0.1052;0.3898;0.9149;-4.876871;9.561365;-5.758642;-0.1052;0.3898;0.9149
18;0.24653536;0.39823252;0.35802796
-0.984028;3.074603;1.83004;-0.7825;-0.5995;0.168;0.001944;1.579699;1.088103;-0.7825;-0.5995;0.168;0.001945;2.042708;2.739917;-0.7825;-0.5995;0.168;0.987917;3.074603;1.830039;0.8063;-0.5826;0.1023;0.001944;1.579699;1.088103;0.8063;-0.5826;0.1023;1.274621;3.174712;0.140684;0.8063;-0.5826;0.1023;-1.270733;3.174713;0.140685;-0.7591;-0.6472;-0.0698;0.001943;1.905056;-1.927708;-0.7591;-0.6472;-0.0698;0.001944;1.579699;1.088103;-0.7591;-0.6472;-0.0698;-0.984028;3.074603;1.83004;-0.8063;-0.5826;0.1023;-1.270733;3.174713;0.140685;-0.8063;-0.5826;0.1023;0.001944;1.579699;1.088103;-0.8063;-0.5826;0.1023;0.987917;3.074603;1.830039;0.7825;-0.5995;0.168;0.001945;2.042708;2.739917;0.7825;-0.5995;0.168;0.001944;1.579699;1.088103;0.7825;-0.5995;0.168;1.274621;3.174712;0.140684;0.7591;-0.6472;-0.0698;0.001944;1.579699;1.088103;0.7591;-0.6472;-0.0698;0.001943;1.905056;-1.927708;0.7591;-0.6472;-0.0698
6;0.40154356;0.40560427;0.34545448
0.62234;2.929443;-1.861514;0.8275;-0.4826;-0.2868;0.001943;1.905056;-1.927708;0.8275;-0.4826;-0.2868;0.001943;2.448915;-2.84285;0.8275;-0.4826;-0.2868;-0.618453;2.929443;-1.861514;-0.8275;-0.4826;-0.2868;0.001943;2.448915;-2.84285;-0.8275;-0.4826;-0.2868;0.001943;1.905056;-1.927708;-0.8275;-0.4826;-0.2868
6;0.90354544;0.90354544;0.90354544
-0.184691;8.065561;2.495441;-0.8763;-0.4472;-0.179;0.017896;7.514618;2.880039;-0.8763;-0.4472;-0.179;-0.401752;8.169882;3.297317;-0.8763;-0.4472;-0.179;0.188581;8.065561;2.495441;0.8931;-0.4084;-0.1886;0.405642;8.169882;3.297317;0.8931;-0.4084;-0.1886;0.017896;7.514618;2.880039;0.8931;-0.4084;-0.1886
6;0.8093249;0.5084075;0.4281885
1.274621;3.174712;0.140684;0.8417;-0.496;-0.2135;0.001943;1.905056;-1.927708;0.8417;-0.496;-0.2135;0.62234;2.929443;-1.861514;0.8417;-0.496;-0.2135;-1.270733;3.174713;0.140685;-0.8417;-0.496;-0.2135;-0.618453;2.929443;-1.861514;-0.8417;-0.496;-0.2135;0.001943;1.905056;-1.927708;-0.8417;-0.496;-0.2135
10
INFO;NameId;518;DescId;519;price;101000;dpPerMin;170;range;2;placeSound;thud
LIFE;averagePop;3.75;averageLife;37.0;popFactors;0;breedMat;18.5;breedTime;13.382955;parentId;65;count;150;req;1;EATING;es57;FALL_DEATH;fallTime;1.5;totalTime;2.5;angle;60;particles;0;enviroReqCount;3;reqId;2;barren;0;goodBiomes;4;0;8;7;9;idealFactor;70;influence;0.5;reqId;4;faveBiome;7;influence;0.1;reqId;5;likedSpecies;1;pnf;influence;0.3
GROWTH;dynamic;1;growthTime;12.333333;modelStages;3
MOVEMENT;9;speed;0.2;xRot;0;minRot;-5;maxRot;5;rockSpeed;2;swimHeight;0;hasEgg;1;swimFactor;1.2
AI;WALKING_BIRD;minIdle;2;maxIdle;4.5;stayOnLand;1
EATING;MaxHunger;50;HungerPerHour;5;eatRadius;0.2;Anims;1;0;DietOptions;3;png11;FRUIT;0;pbf;FRUIT;0;ef;WHOLE;0;runs;0;ai;0;hasEgg;1
FLEE;safeRange;3;land;1;swim;0
DROP;itemId;139
PEACOCK
NAME
