2.2
pts
0;1
4
-0.373254;-0.021893;-0.652558;0.592344;1.024901;0.298509;1
111;2
63;0.5174464;0.43788996;0.25897756;0.06
-0.007;0.431662;-0.060947;0.8574;0.0207;-0.5142;0.065897;-0.021294;0.042416;0.8574;0.0207;-0.5142;0.006608;-0.021893;-0.056474;0.8574;0.0207;-0.5142;0.065897;-0.021294;0.042416;0.0176;0.0271;0.9995;-0.032311;0.447941;0.031397;0.0176;0.0271;0.9995;-0.049107;-0.021216;0.044435;0.0176;0.0271;0.9995;-0.032311;0.447941;0.031397;-0.9359;0.198;-0.2914;0.086977;0.70638;-0.176074;-0.9359;0.198;-0.2914;-0.007;0.431662;-0.060947;-0.9359;0.198;-0.2914;-0.049107;-0.021216;0.044435;-0.8751;-0.031;-0.483;-0.007;0.431662;-0.060947;-0.8751;-0.031;-0.483;0.006608;-0.021893;-0.056474;-0.8751;-0.031;-0.483;0.06203;0.449404;0.006545;0.2253;0.4185;0.8798;0.09039;0.807938;-0.171268;0.2253;0.4185;0.8798;-0.032311;0.447941;0.031397;0.2253;0.4185;0.8798;0.06203;0.449404;0.006545;0.6053;-0.4993;-0.62;0.086977;0.70638;-0.176074;0.6053;-0.4993;-0.62;0.169498;0.757968;-0.137058;0.6053;-0.4993;-0.62;0.086977;0.70638;-0.176074;-0.9934;0.0385;-0.1079;0.09039;0.807938;-0.171268;-0.9934;0.0385;-0.1079;0.131051;0.599301;-0.619917;-0.9934;0.0385;-0.1079;0.09039;0.807938;-0.171268;0.5979;0.7462;-0.2928;0.169498;0.757968;-0.137058;0.5979;0.7462;-0.2928;0.131051;0.599301;-0.619917;0.5979;0.7462;-0.2928;0.169498;0.757968;-0.137058;0.4245;-0.8696;0.252;0.086977;0.70638;-0.176074;0.4245;-0.8696;0.252;0.131051;0.599301;-0.619917;0.4245;-0.8696;0.252;-0.032311;0.447941;0.031397;-0.9187;-0.3457;-0.1909;-0.28137;0.998833;0.232434;-0.9187;-0.3457;-0.1909;-0.007;0.431662;-0.060947;-0.9187;-0.3457;-0.1909;0.06203;0.449404;0.006545;0.2513;-0.2295;0.9403;-0.28137;0.998833;0.232434;0.2513;-0.2295;0.9403;-0.032311;0.447941;0.031397;0.2513;-0.2295;0.9403;-0.007;0.431662;-0.060947;0.4912;0.5757;-0.6537;-0.28137;0.998833;0.232434;0.4912;0.5757;-0.6537;0.06203;0.449404;0.006545;0.4912;0.5757;-0.6537;0.095389;0.775619;-0.221307;-0.2723;-0.3229;-0.9064;0.434083;0.905204;-0.369215;-0.2723;-0.3229;-0.9064;0.143891;0.722351;-0.216897;-0.2723;-0.3229;-0.9064;0.143891;0.722351;-0.216897;0.6341;-0.5969;0.4916;0.434083;0.905204;-0.369215;0.6341;-0.5969;0.4916;0.121381;0.751074;-0.152982;0.6341;-0.5969;0.4916;0.121381;0.751074;-0.152982;-0.1749;0.9036;0.3911;0.434083;0.905204;-0.369215;-0.1749;0.9036;0.3911;0.095389;0.775619;-0.221307;-0.1749;0.9036;0.3911;-0.007;0.431662;-0.060947;0.7046;-0.0482;-0.708;0.06203;0.449404;0.006545;0.7046;-0.0482;-0.708;0.065897;-0.021294;0.042416;0.7046;-0.0482;-0.708;0.065897;-0.021294;0.042416;0.2529;0.0756;0.9645;0.06203;0.449404;0.006545;0.2529;0.0756;0.9645;-0.032311;0.447941;0.031397;0.2529;0.0756;0.9645;-0.032311;0.447941;0.031397;-0.892;0.0512;-0.4491;0.09039;0.807938;-0.171268;-0.892;0.0512;-0.4491;0.086977;0.70638;-0.176074;-0.892;0.0512;-0.4491;-0.049107;-0.021216;0.044435;-0.9629;0.027;-0.2687;-0.032311;0.447941;0.031397;-0.9629;0.027;-0.2687;-0.007;0.431662;-0.060947;-0.9629;0.027;-0.2687;0.06203;0.449404;0.006545;-0.1008;0.4484;0.8881;0.169498;0.757968;-0.137058;-0.1008;0.4484;0.8881;0.09039;0.807938;-0.171268;-0.1008;0.4484;0.8881;0.06203;0.449404;0.006545;0.676;-0.4693;-0.5681;-0.007;0.431662;-0.060947;0.676;-0.4693;-0.5681;0.086977;0.70638;-0.176074;0.676;-0.4693;-0.5681
48;0.491;0.586;0.308;0.06
0.05226;0.59505;-0.518853;-0.8072;0.3667;-0.4625;0.117817;0.663417;-0.579074;-0.8072;0.3667;-0.4625;0.109244;0.551867;-0.652558;-0.8072;0.3667;-0.4625;0.003571;0.853235;0.160889;0.4194;0.0817;0.9041;-0.255155;1.024901;0.265404;0.4194;0.0817;0.9041;-0.278186;0.776779;0.298509;0.4194;0.0817;0.9041;0.245034;0.613945;-0.540108;0.0201;0.65;0.7597;0.117817;0.663417;-0.579074;0.0201;0.65;0.7597;0.05226;0.59505;-0.518853;0.0201;0.65;0.7597;0.109244;0.551867;-0.652558;0.4215;0.476;-0.7718;0.117817;0.663417;-0.579074;0.4215;0.476;-0.7718;0.245034;0.613945;-0.540108;0.4215;0.476;-0.7718;0.109244;0.551867;-0.652558;0.1298;-0.926;0.3544;0.245034;0.613945;-0.540108;0.1298;-0.926;0.3544;0.05226;0.59505;-0.518853;0.1298;-0.926;0.3544;-0.146464;0.902943;0.052353;0.4629;0.8502;-0.2505;-0.255155;1.024901;0.265404;0.4629;0.8502;-0.2505;0.003571;0.853235;0.160889;0.4629;0.8502;-0.2505;0.003571;0.853235;0.160889;0.0255;-0.8951;-0.4451;-0.278186;0.776779;0.298509;0.0255;-0.8951;-0.4451;-0.146464;0.902943;0.052353;0.0255;-0.8951;-0.4451;-0.278186;0.776779;0.298509;-0.4517;-0.6724;-0.5864;-0.373254;0.956463;0.165686;-0.4517;-0.6724;-0.5864;-0.146464;0.902943;0.052353;-0.4517;-0.6724;-0.5864;-0.278186;0.776779;0.298509;-0.689;0.1583;0.7073;-0.255155;1.024901;0.265404;-0.689;0.1583;0.7073;-0.373254;0.956463;0.165686;-0.689;0.1583;0.7073;-0.255155;1.024901;0.265404;-0.0574;0.8535;-0.5179;-0.146464;0.902943;0.052353;-0.0574;0.8535;-0.5179;-0.373254;0.956463;0.165686;-0.0574;0.8535;-0.5179;0.592344;0.855153;-0.281367;0.0514;0.6597;0.7498;0.409281;0.983649;-0.381883;0.0514;0.6597;0.7498;0.314529;0.846883;-0.255063;0.0514;0.6597;0.7498;0.545665;0.806874;-0.582098;0.638;0.7387;-0.2176;0.409281;0.983649;-0.381883;0.638;0.7387;-0.2176;0.592344;0.855153;-0.281367;0.638;0.7387;-0.2176;0.592344;0.855153;-0.281367;0.0438;-0.9875;0.1517;0.314529;0.846883;-0.255063;0.0438;-0.9875;0.1517;0.545665;0.806874;-0.582098;0.0438;-0.9875;0.1517;0.314529;0.846883;-0.255063;-0.2502;-0.9664;-0.0586;0.235473;0.880828;-0.477525;-0.2502;-0.9664;-0.0586;0.545665;0.806874;-0.582098;-0.2502;-0.9664;-0.0586;0.314529;0.846883;-0.255063;-0.6079;0.7238;0.3265;0.409281;0.983649;-0.381883;-0.6079;0.7238;0.3265;0.235473;0.880828;-0.477525;-0.6079;0.7238;0.3265;0.409281;0.983649;-0.381883;-0.0561;0.7292;-0.682;0.545665;0.806874;-0.582098;-0.0561;0.7292;-0.682;0.235473;0.880828;-0.477525;-0.0561;0.7292;-0.682
-0.994575;-0.225691;-1.443581;1.054944;3.149552;0.816169;2.8;0;extraBounds;2;-0.794394;1.785024;-1.373828;0.971963;3.065404;0.925235;-0.223905;-0.018299;-0.345399;0.345399;2.055666;0.195868
270;2
63;0.491;0.586;0.308;0.03
0.326692;1.990058;-1.125118;0.3086;0.0847;-0.9474;0.31108;2.506928;-1.084019;0.3086;0.0847;-0.9474;0.396678;2.510519;-1.055816;0.3086;0.0847;-0.9474;0.31108;2.506928;-1.084019;-0.963;0.085;0.2557;0.261057;1.989146;-1.100261;-0.963;0.085;0.2557;0.331116;2.524914;-1.014538;-0.963;0.085;0.2557;0.326692;1.990058;-1.125118;0.3475;0.162;0.9236;0.261057;1.989146;-1.100261;0.3475;0.162;0.9236;0.344996;1.574109;-1.059044;0.3475;0.162;0.9236;0.261057;1.989146;-1.100261;0.4902;-0.1998;0.8484;0.396678;2.510519;-1.055816;0.4902;-0.1998;0.8484;0.331116;2.524914;-1.014538;0.4902;-0.1998;0.8484;0.261057;1.989146;-1.100261;-0.9603;-0.2122;-0.181;0.27353;1.994393;-1.172571;-0.9603;-0.2122;-0.181;0.344996;1.574109;-1.059044;-0.9603;-0.2122;-0.181;0.27353;1.994393;-1.172571;0.6592;-0.0896;-0.7467;0.326692;1.990058;-1.125118;0.6592;-0.0896;-0.7467;0.344996;1.574109;-1.059044;0.6592;-0.0896;-0.7467;0.17456;2.915558;0.421221;0.6858;-0.0606;-0.7252;0.210915;2.909413;0.456113;0.6858;-0.0606;-0.7252;0.092139;2.384243;0.387697;0.6858;-0.0606;-0.7252;0.210915;2.909413;0.456113;0.6287;-0.2386;0.7401;0.171357;2.915239;0.491591;0.6287;-0.2386;0.7401;0.092139;2.384243;0.387697;0.6287;-0.2386;0.7401;0.171357;2.915239;0.491591;-0.9868;0.1559;-0.0442;0.17456;2.915558;0.421221;-0.9868;0.1559;-0.0442;0.092139;2.384243;0.387697;-0.9868;0.1559;-0.0442;-0.114394;1.814427;-0.336519;-0.4311;0.1902;0.882;-0.23471;1.495464;-0.326541;-0.4311;0.1902;0.882;-0.186169;1.481117;-0.29972;-0.4311;0.1902;0.882;-0.114394;1.814427;-0.336519;0.776;-0.1446;-0.6139;-0.185269;1.500202;-0.352084;0.776;-0.1446;-0.6139;-0.148758;1.888755;-0.397462;0.776;-0.1446;-0.6139;-0.196421;1.815586;-0.384938;-0.4481;-0.1083;-0.8874;-0.185269;1.500202;-0.352084;-0.4481;-0.1083;-0.8874;-0.23471;1.495464;-0.326541;-0.4481;-0.1083;-0.8874;-0.186169;1.481117;-0.29972;-0.4834;9.0E-4;0.8754;-0.23471;1.495464;-0.326541;-0.4834;9.0E-4;0.8754;-0.248935;0.977597;-0.333877;-0.4834;9.0E-4;0.8754;-0.185269;1.500202;-0.352084;0.9922;-0.1218;-0.0273;-0.186169;1.481117;-0.29972;0.9922;-0.1218;-0.0273;-0.248935;0.977597;-0.333877;0.9922;-0.1218;-0.0273;-0.23471;1.495464;-0.326541;-0.4608;0.0252;-0.8872;-0.185269;1.500202;-0.352084;-0.4608;0.0252;-0.8872;-0.248935;0.977597;-0.333877;-0.4608;0.0252;-0.8872;0.326692;1.990058;-1.125118;0.6674;0.079;-0.7405;0.27353;1.994393;-1.172571;0.6674;0.079;-0.7405;0.31108;2.506928;-1.084019;0.6674;0.079;-0.7405;0.31108;2.506928;-1.084019;-0.9817;0.0999;-0.1621;0.27353;1.994393;-1.172571;-0.9817;0.0999;-0.1621;0.261057;1.989146;-1.100261;-0.9817;0.0999;-0.1621;0.261057;1.989146;-1.100261;0.3511;-0.1698;0.9208;0.326692;1.990058;-1.125118;0.3511;-0.1698;0.9208;0.396678;2.510519;-1.055816;0.3511;-0.1698;0.9208;-0.114394;1.814427;-0.336519;-0.4944;0.2129;0.8427;-0.196421;1.815586;-0.384938;-0.4944;0.2129;0.8427;-0.23471;1.495464;-0.326541;-0.4944;0.2129;0.8427;-0.114394;1.814427;-0.336519;0.9743;-0.2167;-0.0622;-0.186169;1.481117;-0.29972;0.9743;-0.2167;-0.0622;-0.185269;1.500202;-0.352084;0.9743;-0.2167;-0.0622;-0.196421;1.815586;-0.384938;-0.0965;-0.1065;-0.9896;-0.148758;1.888755;-0.397462;-0.0965;-0.1065;-0.9896;-0.185269;1.500202;-0.352084;-0.0965;-0.1065;-0.9896
207;0.5174464;0.43788996;0.25897756;0.03
0.022282;0.329362;0.007472;0.6443;0.2856;0.7094;-0.242247;0.356642;0.236746;0.6443;0.2856;0.7094;-0.193161;0.263881;0.229508;0.6443;0.2856;0.7094;0.157218;0.492317;-0.101028;0.9642;-0.0657;0.2569;0.199698;1.125093;-0.098603;0.9642;-0.0657;0.2569;0.100709;0.51134;0.115952;0.9642;-0.0657;0.2569;0.100709;0.51134;0.115952;-0.807;0.1838;0.5612;0.027826;1.135508;-0.193217;-0.807;0.1838;0.5612;-0.052414;0.456785;-0.086357;-0.807;0.1838;0.5612;0.189174;1.088552;-0.23378;-0.2742;-0.1178;-0.9544;-0.052414;0.456785;-0.086357;-0.2742;-0.1178;-0.9544;0.027826;1.135508;-0.193217;-0.2742;-0.1178;-0.9544;0.199698;1.125093;-0.098603;-0.4803;0.0361;0.8764;0.183779;2.073376;-0.14638;-0.4803;0.0361;0.8764;0.027826;1.135508;-0.193217;-0.4803;0.0361;0.8764;0.262277;2.028698;-0.293281;-0.8705;-0.1201;-0.4772;0.310087;2.473183;-0.492363;-0.8705;-0.1201;-0.4772;0.357059;2.408447;-0.561751;-0.8705;-0.1201;-0.4772;0.027826;1.135508;-0.193217;-0.2549;-0.0413;-0.9661;0.262277;2.028698;-0.293281;-0.2549;-0.0413;-0.9661;0.189174;1.088552;-0.23378;-0.2549;-0.0413;-0.9661;0.199698;1.125093;-0.098603;0.2824;0.053;0.9578;0.316397;1.991272;-0.180941;0.2824;0.053;0.9578;0.183779;2.073376;-0.14638;0.2824;0.053;0.9578;0.316397;1.991272;-0.180941;0.8835;-0.0977;-0.4582;0.189174;1.088552;-0.23378;0.8835;-0.0977;-0.4582;0.262277;2.028698;-0.293281;0.8835;-0.0977;-0.4582;0.357059;2.408447;-0.561751;0.9201;-0.3611;-0.1516;0.282446;2.588565;-1.443581;0.9201;-0.3611;-0.1516;0.398122;2.492527;-0.512821;0.9201;-0.3611;-0.1516;0.316397;1.991272;-0.180941;0.4688;0.4332;0.7698;0.398122;2.492527;-0.512821;0.4688;0.4332;0.7698;0.183779;2.073376;-0.14638;0.4688;0.4332;0.7698;0.316397;1.991272;-0.180941;0.6833;-0.5275;-0.5049;0.262277;2.028698;-0.293281;0.6833;-0.5275;-0.5049;0.357059;2.408447;-0.561751;0.6833;-0.5275;-0.5049;0.100709;0.51134;0.115952;-0.259;-0.4098;0.8746;0.022282;0.329362;0.007472;-0.259;-0.4098;0.8746;0.584912;-0.09856;-0.026409;-0.259;-0.4098;0.8746;0.157218;0.492317;-0.101028;0.996;-0.0666;-0.0595;0.189174;1.088552;-0.23378;0.996;-0.0666;-0.0595;0.199698;1.125093;-0.098603;0.996;-0.0666;-0.0595;0.100709;0.51134;0.115952;-0.4333;0.3589;0.8267;0.199698;1.125093;-0.098603;-0.4333;0.3589;0.8267;0.027826;1.135508;-0.193217;-0.4333;0.3589;0.8267;0.189174;1.088552;-0.23378;-0.0318;-0.2156;-0.976;0.157218;0.492317;-0.101028;-0.0318;-0.2156;-0.976;-0.052414;0.456785;-0.086357;-0.0318;-0.2156;-0.976;0.262277;2.028698;-0.293281;-0.89;-0.1032;-0.4442;0.183779;2.073376;-0.14638;-0.89;-0.1032;-0.4442;0.310087;2.473183;-0.492363;-0.89;-0.1032;-0.4442;0.027826;1.135508;-0.193217;-0.8478;0.1661;-0.5036;0.183779;2.073376;-0.14638;-0.8478;0.1661;-0.5036;0.262277;2.028698;-0.293281;-0.8478;0.1661;-0.5036;0.199698;1.125093;-0.098603;0.9897;-0.1371;-0.04;0.189174;1.088552;-0.23378;0.9897;-0.1371;-0.04;0.316397;1.991272;-0.180941;0.9897;-0.1371;-0.04;0.316397;1.991272;-0.180941;0.92;-0.3093;-0.2406;0.357059;2.408447;-0.561751;0.92;-0.3093;-0.2406;0.398122;2.492527;-0.512821;0.92;-0.3093;-0.2406;0.183779;2.073376;-0.14638;0.0345;0.6477;0.7611;0.398122;2.492527;-0.512821;0.0345;0.6477;0.7611;0.310087;2.473183;-0.492363;0.0345;0.6477;0.7611;0.310087;2.473183;-0.492363;-0.1855;0.9748;0.1236;0.398122;2.492527;-0.512821;-0.1855;0.9748;0.1236;0.282446;2.588565;-1.443581;-0.1855;0.9748;0.1236;0.357059;2.408447;-0.561751;-0.8301;-0.5559;-0.0433;0.310087;2.473183;-0.492363;-0.8301;-0.5559;-0.0433;0.282446;2.588565;-1.443581;-0.8301;-0.5559;-0.0433;0.346836;2.611573;0.113657;-0.7426;-0.6414;0.1925;0.064305;3.149552;0.816169;-0.7426;-0.6414;0.1925;0.263479;2.696174;0.073968;-0.7426;-0.6414;0.1925;0.387894;2.693217;0.02729;0.9163;-0.0392;0.3985;0.064305;3.149552;0.816169;0.9163;-0.0392;0.3985;0.346836;2.611573;0.113657;0.9163;-0.0392;0.3985;0.183779;2.073376;-0.14638;-0.8061;0.2864;-0.5179;0.263479;2.696174;0.073968;-0.8061;0.2864;-0.5179;0.262277;2.028698;-0.293281;-0.8061;0.2864;-0.5179;0.387894;2.693217;0.02729;-0.3023;0.4599;-0.8349;0.262277;2.028698;-0.293281;-0.3023;0.4599;-0.8349;0.263479;2.696174;0.073968;-0.3023;0.4599;-0.8349;0.346836;2.611573;0.113657;-0.5819;-0.2041;0.7872;0.263479;2.696174;0.073968;-0.5819;-0.2041;0.7872;0.183779;2.073376;-0.14638;-0.5819;-0.2041;0.7872;0.387894;2.693217;0.02729;-0.1863;0.8154;-0.5481;0.263479;2.696174;0.073968;-0.1863;0.8154;-0.5481;0.064305;3.149552;0.816169;-0.1863;0.8154;-0.5481;0.588005;1.155446;-0.355856;0.5248;-0.0622;0.849;0.181656;1.012793;-0.115141;0.5248;-0.0622;0.849;0.119831;0.919338;-0.083776;0.5248;-0.0622;0.849;0.181656;1.012793;-0.115141;-0.3309;0.9437;6.0E-4;0.588005;1.155446;-0.355856;-0.3309;0.9437;6.0E-4;0.118866;0.990796;-0.147755;-0.3309;0.9437;6.0E-4;0.118866;0.990796;-0.147755;-0.0954;-0.6647;-0.741;0.588005;1.155446;-0.355856;-0.0954;-0.6647;-0.741;0.119831;0.919338;-0.083776;-0.0954;-0.6647;-0.741;0.387894;2.693217;0.02729;0.09;-0.9497;0.3;1.054944;2.953415;0.650952;0.09;-0.9497;0.3;0.263479;2.696174;0.073968;0.09;-0.9497;0.3;0.346836;2.611573;0.113657;-0.5486;-0.1551;0.8216;1.054944;2.953415;0.650952;-0.5486;-0.1551;0.8216;0.263479;2.696174;0.073968;-0.5486;-0.1551;0.8216;0.387894;2.693217;0.02729;0.6153;-0.6977;-0.367;1.054944;2.953415;0.650952;0.6153;-0.6977;-0.367;0.346836;2.611573;0.113657;0.6153;-0.6977;-0.367;-0.477588;2.158977;-0.636098;-0.0612;0.0048;-0.9981;-0.994575;2.54917;-0.602507;-0.0612;0.0048;-0.9981;-0.41988;2.228825;-0.639304;-0.0612;0.0048;-0.9981;-0.263968;1.964143;-0.343593;-0.3233;0.0199;0.9461;0.197372;1.556821;-0.177398;-0.3233;0.0199;0.9461;0.25152;1.667294;-0.161216;-0.3233;0.0199;0.9461;0.197372;1.556821;-0.177398;-0.136;-0.6498;-0.7479;-0.238487;1.943651;-0.434207;-0.136;-0.6498;-0.7479;0.231732;1.632625;-0.249507;-0.136;-0.6498;-0.7479;-0.238487;1.943651;-0.434207;0.7465;0.6627;0.0601;-0.473773;2.21979;-0.5564;0.7465;0.6627;0.0601;-0.263968;1.964143;-0.343593;0.7465;0.6627;0.0601;-0.263968;1.964143;-0.343593;-0.8273;-0.0704;0.5573;-0.477588;2.158977;-0.636098;-0.8273;-0.0704;0.5573;-0.291075;1.887695;-0.393488;-0.8273;-0.0704;0.5573;0.231732;1.632625;-0.249507;0.5597;0.721;-0.4085;-0.263968;1.964143;-0.343593;0.5597;0.721;-0.4085;0.25152;1.667294;-0.161216;0.5597;0.721;-0.4085;-0.238487;1.943651;-0.434207;0.39;-0.3611;-0.847;-0.477588;2.158977;-0.636098;0.39;-0.3611;-0.847;-0.41988;2.228825;-0.639304;0.39;-0.3611;-0.847;-0.473773;2.21979;-0.5564;-0.996;-0.0409;0.0789;-0.509979;2.431015;-0.903926;-0.996;-0.0409;0.0789;-0.477588;2.158977;-0.636098;-0.996;-0.0409;0.0789;-0.477588;2.158977;-0.636098;0.6003;-0.5237;-0.6045;-0.509979;2.431015;-0.903926;0.6003;-0.5237;-0.6045;-0.41988;2.228825;-0.639304;0.6003;-0.5237;-0.6045;-0.41988;2.228825;-0.639304;0.5031;0.7608;0.41;-0.509979;2.431015;-0.903926;0.5031;0.7608;0.41;-0.473773;2.21979;-0.5564;0.5031;0.7608;0.41;-0.263968;1.964143;-0.343593;-0.5521;-0.3095;0.7742;-0.291075;1.887695;-0.393488;-0.5521;-0.3095;0.7742;0.197372;1.556821;-0.177398;-0.5521;-0.3095;0.7742;-0.477588;2.158977;-0.636098;-0.4818;-0.6854;0.546;-0.473773;2.21979;-0.5564;-0.4818;-0.6854;0.546;-0.994575;2.54917;-0.602507;-0.4818;-0.6854;0.546;0.197372;1.556821;-0.177398;-0.0253;-0.5726;-0.8195;-0.291075;1.887695;-0.393488;-0.0253;-0.5726;-0.8195;-0.238487;1.943651;-0.434207;-0.0253;-0.5726;-0.8195;-0.238487;1.943651;-0.434207;0.5732;0.6864;0.4474;-0.41988;2.228825;-0.639304;0.5732;0.6864;0.4474;-0.473773;2.21979;-0.5564;0.5732;0.6864;0.4474;-0.263968;1.964143;-0.343593;-0.8458;-0.4039;0.3487;-0.473773;2.21979;-0.5564;-0.8458;-0.4039;0.3487;-0.477588;2.158977;-0.636098;-0.8458;-0.4039;0.3487;0.231732;1.632625;-0.249507;0.5596;0.8282;-0.0299;-0.238487;1.943651;-0.434207;0.5596;0.8282;-0.0299;-0.263968;1.964143;-0.343593;0.5596;0.8282;-0.0299;-0.473773;2.21979;-0.5564;0.4672;0.7934;0.3902;-0.41988;2.228825;-0.639304;0.4672;0.7934;0.3902;-0.994575;2.54917;-0.602507;0.4672;0.7934;0.3902;-0.238487;1.943651;-0.434207;0.0788;-0.6339;-0.7694;-0.291075;1.887695;-0.393488;0.0788;-0.6339;-0.7694;-0.477588;2.158977;-0.636098;0.0788;-0.6339;-0.7694;0.157218;0.492317;-0.101028;-0.1518;0.559;-0.8152;0.010943;-0.052933;-0.447692;-0.1518;0.559;-0.8152;-0.052414;0.456785;-0.086357;-0.1518;0.559;-0.8152;-0.052414;0.456785;-0.086357;-0.1158;-0.8239;-0.5548;-0.193161;0.263881;0.229508;-0.1158;-0.8239;-0.5548;-0.218335;0.326301;0.142058;-0.1158;-0.8239;-0.5548;-0.052414;0.456785;-0.086357;-0.3954;0.9171;0.0519;-0.242247;0.356642;0.236746;-0.3954;0.9171;0.0519;0.100709;0.51134;0.115952;-0.3954;0.9171;0.0519;0.022282;0.329362;0.007472;-0.3093;-0.3362;-0.8896;0.157218;0.492317;-0.101028;-0.3093;-0.3362;-0.8896;0.584912;-0.09856;-0.026409;-0.3093;-0.3362;-0.8896;0.157218;0.492317;-0.101028;0.791;0.592;0.1541;0.100709;0.51134;0.115952;0.791;0.592;0.1541;0.584912;-0.09856;-0.026409;0.791;0.592;0.1541;-0.242247;0.356642;0.236746;-0.9012;0.2912;-0.3209;-0.218335;0.326301;0.142058;-0.9012;0.2912;-0.3209;-0.491184;-0.225691;0.407424;-0.9012;0.2912;-0.3209;-0.218335;0.326301;0.142058;0.5893;-0.5677;-0.5748;-0.193161;0.263881;0.229508;0.5893;-0.5677;-0.5748;-0.491184;-0.225691;0.407424;0.5893;-0.5677;-0.5748;-0.193161;0.263881;0.229508;0.3592;0.1178;0.9258;-0.242247;0.356642;0.236746;0.3592;0.1178;0.9258;-0.491184;-0.225691;0.407424;0.3592;0.1178;0.9258;0.022282;0.329362;0.007472;0.4919;-0.5924;0.6381;0.100709;0.51134;0.115952;0.4919;-0.5924;0.6381;-0.242247;0.356642;0.236746;0.4919;-0.5924;0.6381;-0.052414;0.456785;-0.086357;-0.4119;-0.6844;-0.6015;0.022282;0.329362;0.007472;-0.4119;-0.6844;-0.6015;-0.193161;0.263881;0.229508;-0.4119;-0.6844;-0.6015;-0.052414;0.456785;-0.086357;-0.8273;0.4396;-0.3498;-0.218335;0.326301;0.142058;-0.8273;0.4396;-0.3498;-0.242247;0.356642;0.236746;-0.8273;0.4396;-0.3498;0.157218;0.492317;-0.101028;0.8224;-0.4455;0.3537;0.022282;0.329362;0.007472;0.8224;-0.4455;0.3537;0.010943;-0.052933;-0.447692;0.8224;-0.4455;0.3537;0.022282;0.329362;0.007472;-0.9034;-0.317;0.2887;-0.052414;0.456785;-0.086357;-0.9034;-0.317;0.2887;0.010943;-0.052933;-0.447692;-0.9034;-0.317;0.2887;0.316397;1.991272;-0.180941;-0.0293;-0.4276;0.9035;0.346836;2.611573;0.113657;-0.0293;-0.4276;0.9035;0.183779;2.073376;-0.14638;-0.0293;-0.4276;0.9035;0.262277;2.028698;-0.293281;0.9047;0.0338;-0.4246;0.387894;2.693217;0.02729;0.9047;0.0338;-0.4246;0.316397;1.991272;-0.180941;0.9047;0.0338;-0.4246;0.387894;2.693217;0.02729;0.9434;-0.1789;0.2793;0.346836;2.611573;0.113657;0.9434;-0.1789;0.2793;0.316397;1.991272;-0.180941;0.9434;-0.1789;0.2793
-1.843364;-0.794336;-2.29922;2.368499;5.537355;1.686787;1.8;0;extraBounds;4;0.440686;1.977121;-1.230329;2.228452;2.811625;-0.05938;-1.468333;3.027272;-2.166699;1.371436;5.479455;1.666068;-1.032299;-0.047185;-0.790058;1.177643;1.25839;0.74161;-0.231636;0.873265;-0.296234;0.603072;4.892072;0.312383
420;2
126;0.491;0.586;0.308;0.015
0.518533;3.569016;-1.576381;0.2583;0.0734;-0.9633;0.521079;4.785527;-1.482975;0.2583;0.0734;-0.9633;0.635885;4.79391;-1.451554;0.2583;0.0734;-0.9633;0.521079;4.785527;-1.482975;-0.9499;0.0589;0.307;0.426305;3.568617;-1.542822;-0.9499;0.0589;0.307;0.551394;4.811984;-1.394255;-0.9499;0.0589;0.307;0.518533;3.569016;-1.576381;0.571;0.2032;0.7954;0.547839;2.780776;-1.396011;0.571;0.2032;0.7954;0.632063;2.779795;-1.456229;0.571;0.2032;0.7954;0.426305;3.568617;-1.542822;0.532;-0.153;0.8328;0.635885;4.79391;-1.451554;0.532;-0.153;0.8328;0.551394;4.811984;-1.394255;0.532;-0.153;0.8328;0.632063;2.779795;-1.456229;0.5807;-0.0428;0.813;0.547839;2.780776;-1.396011;0.5807;-0.0428;0.813;0.632703;1.800362;-1.508208;0.5807;-0.0428;0.813;0.426305;3.568617;-1.542822;-0.9863;-0.1343;0.0959;0.537804;2.780901;-1.499065;-0.9863;-0.1343;0.0959;0.547839;2.780776;-1.396011;-0.9863;-0.1343;0.0959;0.518533;3.569016;-1.576381;0.701;-0.0526;-0.7112;0.537804;2.780901;-1.499065;0.701;-0.0526;-0.7112;0.445903;3.577772;-1.64861;0.701;-0.0526;-0.7112;0.547839;2.780776;-1.396011;-0.9906;-0.0968;0.0963;0.537804;2.780901;-1.499065;-0.9906;-0.0968;0.0963;0.632703;1.800362;-1.508208;-0.9906;-0.0968;0.0963;0.537804;2.780901;-1.499065;0.4137;0.0485;-0.9091;0.632063;2.779795;-1.456229;0.4137;0.0485;-0.9091;0.632703;1.800362;-1.508208;0.4137;0.0485;-0.9091;0.305208;5.221078;1.094282;0.2647;0.1303;-0.9555;0.200743;4.508103;0.96811;0.2647;0.1303;-0.9555;0.100999;4.507123;0.940343;0.2647;0.1303;-0.9555;-0.364111;3.368613;-0.084074;-0.8679;0.4931;0.0605;-0.267093;3.569875;-0.332886;-0.8679;0.4931;0.0605;-0.323778;3.467821;-0.314207;-0.8679;0.4931;0.0605;0.100999;4.507123;0.940343;0.2681;-0.0723;-0.9607;0.200743;4.508103;0.96811;0.2681;-0.0723;-0.9607;0.234343;3.613802;1.044811;0.2681;-0.0723;-0.9607;0.353653;5.22068;1.145014;0.6651;-0.3112;0.6788;0.126818;4.508228;1.040608;0.6651;-0.3112;0.6788;0.200743;4.508103;0.96811;0.6651;-0.3112;0.6788;0.305208;5.221078;1.094282;-0.9607;0.2496;-0.1218;0.126818;4.508228;1.040608;-0.9607;0.2496;-0.1218;0.294568;5.229835;1.196159;-0.9607;0.2496;-0.1218;0.200743;4.508103;0.96811;0.6976;0.0872;0.7112;0.126818;4.508228;1.040608;0.6976;0.0872;0.7112;0.234343;3.613802;1.044811;0.6976;0.0872;0.7112;0.126818;4.508228;1.040608;-0.9617;-0.1144;0.2489;0.100999;4.507123;0.940343;-0.9617;-0.1144;0.2489;0.234343;3.613802;1.044811;-0.9617;-0.1144;0.2489;-0.37475;3.424136;0.017802;0.6262;0.6329;0.4553;-0.225498;3.466619;-0.24655;0.6262;0.6329;0.4553;-0.267093;3.569875;-0.332886;0.6262;0.6329;0.4553;-0.364111;3.368613;-0.084074;0.5169;0.0059;-0.856;-0.280096;3.368214;-0.033342;0.5169;0.0059;-0.856;-0.434975;2.39485;-0.133546;0.5169;0.0059;-0.856;-0.225498;3.466619;-0.24655;0.2304;-0.9076;-0.3509;-0.364111;3.368613;-0.084074;0.2304;-0.9076;-0.3509;-0.323778;3.467821;-0.314207;0.2304;-0.9076;-0.3509;-0.280096;3.368214;-0.033342;0.3965;-0.1562;0.9046;-0.37475;3.424136;0.017802;0.3965;-0.1562;0.9046;-0.434975;2.39485;-0.133546;0.3965;-0.1562;0.9046;-0.37475;3.424136;0.017802;-0.9861;0.0792;-0.1461;-0.364111;3.368613;-0.084074;-0.9861;0.0792;-0.1461;-0.434975;2.39485;-0.133546;-0.9861;0.0792;-0.1461;-0.323778;3.467821;-0.314207;-0.5239;-0.3961;0.7541;-0.179442;2.884117;-0.520508;-0.5239;-0.3961;0.7541;-0.225498;3.466619;-0.24655;-0.5239;-0.3961;0.7541;-0.225498;3.466619;-0.24655;0.9554;0.2267;-0.1891;-0.173892;2.928322;-0.631202;0.9554;0.2267;-0.1891;-0.267093;3.569875;-0.332886;0.9554;0.2267;-0.1891;-0.323778;3.467821;-0.314207;-0.4592;0.3517;-0.8157;-0.173892;2.928322;-0.631202;-0.4592;0.3517;-0.8157;-0.279331;2.917977;-0.576308;-0.4592;0.3517;-0.8157;-0.179442;2.884117;-0.520508;-0.4712;0.06;0.88;-0.279331;2.917977;-0.576308;-0.4712;0.06;0.88;-0.418231;2.037592;-0.590645;-0.4712;0.06;0.88;-0.173892;2.928322;-0.631202;0.9621;-0.2666;-0.0582;-0.179442;2.884117;-0.520508;0.9621;-0.2666;-0.0582;-0.418231;2.037592;-0.590645;0.9621;-0.2666;-0.0582;-0.279331;2.917977;-0.576308;-0.4668;0.088;-0.88;-0.173892;2.928322;-0.631202;-0.4668;0.088;-0.88;-0.418231;2.037592;-0.590645;-0.4668;0.088;-0.88;0.518533;3.569016;-1.576381;0.7074;0.0526;-0.7049;0.445903;3.577772;-1.64861;0.7074;0.0526;-0.7049;0.521079;4.785527;-1.482975;0.7074;0.0526;-0.7049;0.521079;4.785527;-1.482975;-0.981;0.085;-0.1744;0.445903;3.577772;-1.64861;-0.981;0.085;-0.1744;0.426305;3.568617;-1.542822;-0.981;0.085;-0.1744;0.518533;3.569016;-1.576381;0.3325;0.2221;0.9166;0.426305;3.568617;-1.542822;0.3325;0.2221;0.9166;0.547839;2.780776;-1.396011;0.3325;0.2221;0.9166;0.426305;3.568617;-1.542822;0.3396;-0.1275;0.9319;0.518533;3.569016;-1.576381;0.3396;-0.1275;0.9319;0.635885;4.79391;-1.451554;0.3396;-0.1275;0.9319;0.426305;3.568617;-1.542822;-0.9701;-0.148;-0.1925;0.445903;3.577772;-1.64861;-0.9701;-0.148;-0.1925;0.537804;2.780901;-1.499065;-0.9701;-0.148;-0.1925;0.518533;3.569016;-1.576381;0.4117;-0.079;-0.9079;0.632063;2.779795;-1.456229;0.4117;-0.079;-0.9079;0.537804;2.780901;-1.499065;0.4117;-0.079;-0.9079;0.305208;5.221078;1.094282;0.7232;0.0162;-0.6905;0.353653;5.22068;1.145014;0.7232;0.0162;-0.6905;0.200743;4.508103;0.96811;0.7232;0.0162;-0.6905;-0.364111;3.368613;-0.084074;-0.9567;0.2017;-0.2099;-0.37475;3.424136;0.017802;-0.9567;0.2017;-0.2099;-0.267093;3.569875;-0.332886;-0.9567;0.2017;-0.2099;0.353653;5.22068;1.145014;0.5976;-0.2993;0.7439;0.294568;5.229835;1.196159;0.5976;-0.2993;0.7439;0.126818;4.508228;1.040608;0.5976;-0.2993;0.7439;0.305208;5.221078;1.094282;-0.9456;0.2185;0.2411;0.100999;4.507123;0.940343;-0.9456;0.2185;0.2411;0.126818;4.508228;1.040608;-0.9456;0.2185;0.2411;-0.37475;3.424136;0.017802;0.6221;0.638;0.4538;-0.280096;3.368214;-0.033342;0.6221;0.638;0.4538;-0.225498;3.466619;-0.24655;0.6221;0.638;0.4538;-0.225498;3.466619;-0.24655;0.2151;-0.9065;-0.3633;-0.280096;3.368214;-0.033342;0.2151;-0.9065;-0.3633;-0.364111;3.368613;-0.084074;0.2151;-0.9065;-0.3633;-0.323778;3.467821;-0.314207;-0.5465;-0.396;0.738;-0.279331;2.917977;-0.576308;-0.5465;-0.396;0.738;-0.179442;2.884117;-0.520508;-0.5465;-0.396;0.738;-0.225498;3.466619;-0.24655;0.9966;0.0465;0.0686;-0.179442;2.884117;-0.520508;0.9966;0.0465;0.0686;-0.173892;2.928322;-0.631202;0.9966;0.0465;0.0686;-0.323778;3.467821;-0.314207;-0.6598;0.2359;-0.7135;-0.267093;3.569875;-0.332886;-0.6598;0.2359;-0.7135;-0.173892;2.928322;-0.631202;-0.6598;0.2359;-0.7135
294;0.5174464;0.43788996;0.25897756;0.015
0.038987;0.754651;0.385513;0.27;-0.0969;0.958;-0.829489;0.604005;0.615089;0.27;-0.0969;0.958;-0.861103;0.407291;0.604111;0.27;-0.0969;0.958;0.363924;1.076374;0.021926;0.9664;-0.0615;0.2495;0.323197;1.671575;0.326408;0.9664;-0.0615;0.2495;0.203051;1.128396;0.657878;0.9664;-0.0615;0.2495;0.203051;1.128396;0.657878;-0.7983;0.0066;0.6023;-0.08067;1.744033;0.275021;-0.7983;0.0066;0.6023;-0.248462;0.954671;0.061323;-0.7983;0.0066;0.6023;0.142555;1.541625;0.061299;-0.4851;0.3231;-0.8126;-0.248462;0.954671;0.061323;-0.4851;0.3231;-0.8126;-0.08067;1.744033;0.275021;-0.4851;0.3231;-0.8126;0.385225;2.606857;0.031886;-0.7462;-0.0186;0.6655;0.237675;3.881153;-0.0979;-0.7462;-0.0186;0.6655;0.101743;2.578464;-0.28675;-0.7462;-0.0186;0.6655;0.323197;1.671575;0.326408;0.8361;-0.403;-0.3722;0.142555;1.541625;0.061299;0.8361;-0.403;-0.3722;0.519876;2.585304;-0.221262;0.8361;-0.403;-0.3722;-0.08067;1.744033;0.275021;-0.6639;0.5121;0.545;0.385225;2.606857;0.031886;-0.6639;0.5121;0.545;0.101743;2.578464;-0.28675;-0.6639;0.5121;0.545;0.142555;1.541625;0.061299;0.1521;-0.3091;-0.9388;0.101743;2.578464;-0.28675;0.1521;-0.3091;-0.9388;0.519876;2.585304;-0.221262;0.1521;-0.3091;-0.9388;0.428418;3.820908;-0.194875;-0.8908;-0.1311;-0.435;0.530908;4.756255;-0.686732;-0.8908;-0.1311;-0.435;0.628049;4.630439;-0.847738;-0.8908;-0.1311;-0.435;0.101743;2.578464;-0.28675;0.1541;0.0325;-0.9875;0.428418;3.820908;-0.194875;0.1541;0.0325;-0.9875;0.519876;2.585304;-0.221262;0.1541;0.0325;-0.9875;0.385225;2.606857;0.031886;0.7161;-0.0595;0.6954;0.580423;3.888473;-0.059551;0.7161;-0.0595;0.6954;0.389679;3.895658;0.137476;0.7161;-0.0595;0.6954;0.580423;3.888473;-0.059551;0.6475;0.0641;-0.7594;0.519876;2.585304;-0.221262;0.6475;0.0641;-0.7594;0.428418;3.820908;-0.194875;0.6475;0.0641;-0.7594;0.628049;4.630439;-0.847738;0.9137;-0.3741;-0.1587;0.50459;4.94445;-2.29922;0.9137;-0.3741;-0.1587;0.719191;4.807498;-0.74035;0.9137;-0.3741;-0.1587;0.580423;3.888473;-0.059551;0.6738;0.3714;0.6388;0.719191;4.807498;-0.74035;0.6738;0.3714;0.6388;0.389679;3.895658;0.137476;0.6738;0.3714;0.6388;0.580423;3.888473;-0.059551;0.6767;-0.556;-0.4825;0.428418;3.820908;-0.194875;0.6767;-0.556;-0.4825;0.628049;4.630439;-0.847738;0.6767;-0.556;-0.4825;0.389679;3.895658;0.137476;-0.7243;0.5352;0.4347;0.530908;4.756255;-0.686732;-0.7243;0.5352;0.4347;0.237675;3.881153;-0.0979;-0.7243;0.5352;0.4347;0.203051;1.128396;0.657878;0.005;-0.3349;0.9423;0.940328;0.612077;0.47043;0.005;-0.3349;0.9423;1.003313;0.733349;0.513192;0.005;-0.3349;0.9423;0.363924;1.076374;0.021926;0.6711;0.3735;-0.6404;0.142555;1.541625;0.061299;0.6711;0.3735;-0.6404;0.323197;1.671575;0.326408;0.6711;0.3735;-0.6404;0.203051;1.128396;0.657878;-0.0145;0.5232;0.8521;0.323197;1.671575;0.326408;-0.0145;0.5232;0.8521;-0.08067;1.744033;0.275021;-0.0145;0.5232;0.8521;0.142555;1.541625;0.061299;-0.0738;0.0492;-0.9961;0.363924;1.076374;0.021926;-0.0738;0.0492;-0.9961;-0.248462;0.954671;0.061323;-0.0738;0.0492;-0.9961;0.385225;2.606857;0.031886;-0.8382;-0.0417;0.5438;0.389679;3.895658;0.137476;-0.8382;-0.0417;0.5438;0.237675;3.881153;-0.0979;-0.8382;-0.0417;0.5438;0.385225;2.606857;0.031886;0.8826;0.087;0.462;0.323197;1.671575;0.326408;0.8826;0.087;0.462;0.519876;2.585304;-0.221262;0.8826;0.087;0.462;-0.08067;1.744033;0.275021;-0.0664;0.3037;0.9504;0.323197;1.671575;0.326408;-0.0664;0.3037;0.9504;0.385225;2.606857;0.031886;-0.0664;0.3037;0.9504;0.142555;1.541625;0.061299;-0.7735;-0.2289;-0.5911;-0.08067;1.744033;0.275021;-0.7735;-0.2289;-0.5911;0.101743;2.578464;-0.28675;-0.7735;-0.2289;-0.5911;0.428418;3.820908;-0.194875;-0.5104;-0.3558;-0.7829;0.237675;3.881153;-0.0979;-0.5104;-0.3558;-0.7829;0.530908;4.756255;-0.686732;-0.5104;-0.3558;-0.7829;0.101743;2.578464;-0.28675;-0.4026;0.1723;-0.899;0.237675;3.881153;-0.0979;-0.4026;0.1723;-0.899;0.428418;3.820908;-0.194875;-0.4026;0.1723;-0.899;0.385225;2.606857;0.031886;0.875;-0.0995;0.4739;0.519876;2.585304;-0.221262;0.875;-0.0995;0.4739;0.580423;3.888473;-0.059551;0.875;-0.0995;0.4739;0.580423;3.888473;-0.059551;0.9144;-0.3209;-0.2469;0.628049;4.630439;-0.847738;0.9144;-0.3209;-0.2469;0.719191;4.807498;-0.74035;0.9144;-0.3209;-0.2469;0.389679;3.895658;0.137476;0.0183;0.69;0.7236;0.719191;4.807498;-0.74035;0.0183;0.69;0.7236;0.530908;4.756255;-0.686732;0.0183;0.69;0.7236;0.530908;4.756255;-0.686732;-0.2298;0.9662;0.1165;0.719191;4.807498;-0.74035;-0.2298;0.9662;0.1165;0.50459;4.94445;-2.29922;-0.2298;0.9662;0.1165;0.628049;4.630439;-0.847738;-0.822;-0.5671;-0.0528;0.530908;4.756255;-0.686732;-0.822;-0.5671;-0.0528;0.50459;4.94445;-2.29922;-0.822;-0.5671;-0.0528;0.389679;3.895658;0.137476;-0.8293;-0.13;0.5435;0.477421;4.937018;0.520383;-0.8293;-0.13;0.5435;0.237675;3.881153;-0.0979;-0.8293;-0.13;0.5435;0.668658;4.94207;0.440029;0.662;-0.3657;0.6542;0.389679;3.895658;0.137476;0.662;-0.3657;0.6542;0.580423;3.888473;-0.059551;0.662;-0.3657;0.6542;0.477421;4.937018;0.520383;0.0867;0.4887;-0.8681;0.580423;3.888473;-0.059551;0.0867;0.4887;-0.8681;0.237675;3.881153;-0.0979;0.0867;0.4887;-0.8681;0.604352;4.790213;0.575226;-0.7685;-0.635;0.079;0.101267;5.537355;1.686787;-0.7685;-0.635;0.079;0.477421;4.937018;0.520383;-0.7685;-0.635;0.079;0.668658;4.94207;0.440029;0.908;-0.0117;0.4188;0.101267;5.537355;1.686787;0.908;-0.0117;0.4188;0.604352;4.790213;0.575226;0.908;-0.0117;0.4188;0.389679;3.895658;0.137476;-0.5989;-0.2314;0.7666;0.604352;4.790213;0.575226;-0.5989;-0.2314;0.7666;0.477421;4.937018;0.520383;-0.5989;-0.2314;0.7666;0.668658;4.94207;0.440029;0.9488;-0.2895;0.1262;0.604352;4.790213;0.575226;0.9488;-0.2895;0.1262;0.389679;3.895658;0.137476;0.9488;-0.2895;0.1262;0.477421;4.937018;0.520383;-0.3603;0.4241;-0.8308;0.668658;4.94207;0.440029;-0.3603;0.4241;-0.8308;0.580423;3.888473;-0.059551;-0.3603;0.4241;-0.8308;0.668658;4.94207;0.440029;-0.2335;0.8319;-0.5035;0.477421;4.937018;0.520383;-0.2335;0.8319;-0.5035;0.101267;5.537355;1.686787;-0.2335;0.8319;-0.5035;1.325831;2.296556;-0.423355;0.3127;0.9472;0.0709;2.368499;1.99599;-1.006166;0.3127;0.9472;0.0709;1.210293;2.341764;-0.517789;0.3127;0.9472;0.0709;1.271781;2.180575;-0.541917;0.5202;0.1032;0.8478;0.241673;1.93286;0.120311;0.5202;0.1032;0.8478;0.141391;1.809496;0.196856;0.5202;0.1032;0.8478;0.241673;1.93286;0.120311;-0.1701;0.9801;0.102;1.271781;2.180575;-0.541917;-0.1701;0.9801;0.102;0.148368;1.919007;0.097809;-0.1701;0.9801;0.102;0.148368;1.919007;0.097809;-0.2636;-0.6378;-0.7237;1.271781;2.180575;-0.541917;-0.2636;-0.6378;-0.7237;0.141391;1.809496;0.196856;-0.2636;-0.6378;-0.7237;1.271781;2.180575;-0.541917;0.9423;-0.3102;-0.1261;1.39292;2.863755;-1.317411;0.9423;-0.3102;-0.1261;1.325831;2.296556;-0.423355;0.9423;-0.3102;-0.1261;1.325831;2.296556;-0.423355;-0.1011;0.8435;0.5275;1.39292;2.863755;-1.317411;-0.1011;0.8435;0.5275;1.210293;2.341764;-0.517789;-0.1011;0.8435;0.5275;1.210293;2.341764;-0.517789;-0.8807;-0.2786;-0.383;1.39292;2.863755;-1.317411;-0.8807;-0.2786;-0.383;1.271781;2.180575;-0.541917;-0.8807;-0.2786;-0.383;1.271781;2.180575;-0.541917;0.4873;-0.7249;0.4869;1.325831;2.296556;-0.423355;0.4873;-0.7249;0.4869;0.241673;1.93286;0.120311;0.4873;-0.7249;0.4869;1.325831;2.296556;-0.423355;0.1525;-0.7403;0.6547;1.271781;2.180575;-0.541917;0.1525;-0.7403;0.6547;2.368499;1.99599;-1.006166;0.1525;-0.7403;0.6547;0.241673;1.93286;0.120311;-0.0517;0.8746;0.482;1.325831;2.296556;-0.423355;-0.0517;0.8746;0.482;1.210293;2.341764;-0.517789;-0.0517;0.8746;0.482;0.241673;1.93286;0.120311;-0.5266;-0.0741;-0.8469;1.210293;2.341764;-0.517789;-0.5266;-0.0741;-0.8469;1.271781;2.180575;-0.541917;-0.5266;-0.0741;-0.8469;1.271781;2.180575;-0.541917;-0.3914;-0.0116;-0.9201;1.210293;2.341764;-0.517789;-0.3914;-0.0116;-0.9201;2.368499;1.99599;-1.006166;-0.3914;-0.0116;-0.9201;0.668658;4.94207;0.440029;0.1021;-0.9781;0.1816;1.760728;5.237911;1.419343;0.1021;-0.9781;0.1816;0.477421;4.937018;0.520383;0.1021;-0.9781;0.1816;0.604352;4.790213;0.575226;-0.5411;-0.1593;0.8257;1.760728;5.237911;1.419343;-0.5411;-0.1593;0.8257;0.477421;4.937018;0.520383;-0.5411;-0.1593;0.8257;0.668658;4.94207;0.440029;0.5923;-0.661;-0.4608;1.760728;5.237911;1.419343;0.5923;-0.661;-0.4608;0.604352;4.790213;0.575226;0.5923;-0.661;-0.4608;-0.978581;4.121765;-0.864292;-0.08;-0.0393;-0.996;-1.843364;4.75421;-0.819723;-0.08;-0.0393;-0.996;-0.910859;4.217773;-0.873519;-0.08;-0.0393;-0.996;-0.736919;3.486113;-0.294148;-0.2594;-0.1699;0.9507;0.301562;2.974838;-0.102199;-0.2594;-0.1699;0.9507;0.442891;3.265593;-0.011678;-0.2594;-0.1699;0.9507;0.301562;2.974838;-0.102199;0.0076;-0.6368;-0.771;-0.688386;3.442943;-0.498602;0.0076;-0.6368;-0.771;0.372511;3.181806;-0.272458;0.0076;-0.6368;-0.771;-0.688386;3.442943;-0.498602;0.9101;0.3923;0.1332;-0.977873;4.203527;-0.760969;0.9101;0.3923;0.1332;-0.736919;3.486113;-0.294148;0.9101;0.3923;0.1332;-0.736919;3.486113;-0.294148;-0.9055;0.035;0.4229;-0.978581;4.121765;-0.864292;-0.9055;0.035;0.4229;-0.79621;3.313458;-0.40682;-0.9055;0.035;0.4229;0.372511;3.181806;-0.272458;0.2536;0.8989;-0.3573;-0.736919;3.486113;-0.294148;0.2536;0.8989;-0.3573;0.442891;3.265593;-0.011678;0.2536;0.8989;-0.3573;-0.688386;3.442943;-0.498602;0.3439;-0.3272;-0.8802;-0.978581;4.121765;-0.864292;0.3439;-0.3272;-0.8802;-0.910859;4.217773;-0.873519;0.3439;-0.3272;-0.8802;-0.977873;4.203527;-0.760969;-0.9905;-0.1046;0.0896;-1.097603;4.726214;-1.474554;-0.9905;-0.1046;0.0896;-0.978581;4.121765;-0.864292;-0.9905;-0.1046;0.0896;-0.978581;4.121765;-0.864292;0.6183;-0.4948;-0.6107;-1.097603;4.726214;-1.474554;0.6183;-0.4948;-0.6107;-0.910859;4.217773;-0.873519;0.6183;-0.4948;-0.6107;-0.910859;4.217773;-0.873519;0.5629;0.709;0.4249;-1.097603;4.726214;-1.474554;0.5629;0.709;0.4249;-0.977873;4.203527;-0.760969;0.5629;0.709;0.4249;-0.736919;3.486113;-0.294148;-0.3606;-0.4197;0.8329;-0.79621;3.313458;-0.40682;-0.3606;-0.4197;0.8329;0.301562;2.974838;-0.102199;-0.3606;-0.4197;0.8329;-0.978581;4.121765;-0.864292;-0.4752;-0.6884;0.548;-0.977873;4.203527;-0.760969;-0.4752;-0.6884;0.548;-1.843364;4.75421;-0.819723;-0.4752;-0.6884;0.548;0.301562;2.974838;-0.102199;0.0375;-0.5985;-0.8003;-0.79621;3.313458;-0.40682;0.0375;-0.5985;-0.8003;-0.688386;3.442943;-0.498602;0.0375;-0.5985;-0.8003;-0.688386;3.442943;-0.498602;0.7396;0.4532;0.4977;-0.910859;4.217773;-0.873519;0.7396;0.4532;0.4977;-0.977873;4.203527;-0.760969;0.7396;0.4532;0.4977;-0.736919;3.486113;-0.294148;-0.9621;-0.2105;0.1732;-0.977873;4.203527;-0.760969;-0.9621;-0.2105;0.1732;-0.978581;4.121765;-0.864292;-0.9621;-0.2105;0.1732;0.372511;3.181806;-0.272458;0.2645;0.9544;-0.1387;-0.688386;3.442943;-0.498602;0.2645;0.9544;-0.1387;-0.736919;3.486113;-0.294148;0.2645;0.9544;-0.1387;-0.977873;4.203527;-0.760969;0.477;0.7906;0.384;-0.910859;4.217773;-0.873519;0.477;0.7906;0.384;-1.843364;4.75421;-0.819723;0.477;0.7906;0.384;-0.688386;3.442943;-0.498602;-0.1152;-0.5088;-0.8531;-0.79621;3.313458;-0.40682;-0.1152;-0.5088;-0.8531;-0.978581;4.121765;-0.864292;-0.1152;-0.5088;-0.8531;0.363924;1.076374;0.021926;-0.1739;0.6298;-0.7571;-0.172862;0.507588;-0.327933;-0.1739;0.6298;-0.7571;-0.248462;0.954671;0.061323;-0.1739;0.6298;-0.7571;-0.248462;0.954671;0.061323;0.1235;-0.765;-0.6321;-0.861103;0.407291;0.604111;0.1235;-0.765;-0.6321;-0.87484;0.555996;0.421459;0.1235;-0.765;-0.6321;-0.248462;0.954671;0.061323;-0.454;0.8869;0.0853;-0.829489;0.604005;0.615089;-0.454;0.8869;0.0853;0.203051;1.128396;0.657878;-0.454;0.8869;0.0853;0.038987;0.754651;0.385513;-0.1195;-0.942;-0.3135;0.930368;0.677566;0.277426;-0.1195;-0.942;-0.3135;0.940328;0.612077;0.47043;-0.1195;-0.942;-0.3135;0.203051;1.128396;0.657878;0.5523;0.8305;0.0718;0.930368;0.677566;0.277426;0.5523;0.8305;0.0718;0.363924;1.076374;0.021926;0.5523;0.8305;0.0718;0.363924;1.076374;0.021926;0.938;-0.2245;-0.2643;0.094165;0.397131;-0.358609;0.938;-0.2245;-0.2643;0.097436;0.636177;-0.550048;0.938;-0.2245;-0.2643;0.038987;0.754651;0.385513;-0.3127;-0.865;0.3924;-0.172862;0.507588;-0.327933;-0.3127;-0.865;0.3924;0.094165;0.397131;-0.358609;-0.3127;-0.865;0.3924;-0.829489;0.604005;0.615089;-0.9036;0.4142;0.1089;-0.87484;0.555996;0.421459;-0.9036;0.4142;0.1089;-1.256806;-0.362953;0.747152;-0.9036;0.4142;0.1089;-0.87484;0.555996;0.421459;0.7615;-0.4734;-0.4427;-0.861103;0.407291;0.604111;0.7615;-0.4734;-0.4427;-1.256806;-0.362953;0.747152;0.7615;-0.4734;-0.4427;-0.861103;0.407291;0.604111;0.5594;-0.1355;0.8177;-0.829489;0.604005;0.615089;0.5594;-0.1355;0.8177;-1.256806;-0.362953;0.747152;0.5594;-0.1355;0.8177;0.038987;0.754651;0.385513;0.298;-0.6442;0.7045;0.203051;1.128396;0.657878;0.298;-0.6442;0.7045;-0.829489;0.604005;0.615089;0.298;-0.6442;0.7045;-0.248462;0.954671;0.061323;0.1507;-0.776;-0.6124;0.038987;0.754651;0.385513;0.1507;-0.776;-0.6124;-0.861103;0.407291;0.604111;0.1507;-0.776;-0.6124;-0.248462;0.954671;0.061323;-0.5646;0.8223;-0.0717;-0.87484;0.555996;0.421459;-0.5646;0.8223;-0.0717;-0.829489;0.604005;0.615089;-0.5646;0.8223;-0.0717;-0.172862;0.507588;-0.327933;-0.6885;0.3692;-0.6242;0.097436;0.636177;-0.550048;-0.6885;0.3692;-0.6242;-0.162001;-0.794336;-1.109913;-0.6885;0.3692;-0.6242;0.097436;0.636177;-0.550048;0.9826;-0.1241;-0.1382;0.094165;0.397131;-0.358609;0.9826;-0.1241;-0.1382;-0.162001;-0.794336;-1.109913;0.9826;-0.1241;-0.1382;0.094165;0.397131;-0.358609;-0.1141;-0.5122;0.8512;-0.172862;0.507588;-0.327933;-0.1141;-0.5122;0.8512;-0.162001;-0.794336;-1.109913;-0.1141;-0.5122;0.8512;0.363924;1.076374;0.021926;-0.5974;0.7455;-0.2954;0.097436;0.636177;-0.550048;-0.5974;0.7455;-0.2954;-0.172862;0.507588;-0.327933;-0.5974;0.7455;-0.2954;0.363924;1.076374;0.021926;0.8187;-0.4915;0.2968;0.038987;0.754651;0.385513;0.8187;-0.4915;0.2968;0.094165;0.397131;-0.358609;0.8187;-0.4915;0.2968;0.038987;0.754651;0.385513;-0.7823;-0.479;0.3982;-0.248462;0.954671;0.061323;-0.7823;-0.479;0.3982;-0.172862;0.507588;-0.327933;-0.7823;-0.479;0.3982;0.930368;0.677566;0.277426;0.8081;0.466;-0.3603;1.003313;0.733349;0.513192;0.8081;0.466;-0.3603;1.459764;-0.073339;0.493754;0.8081;0.466;-0.3603;0.940328;0.612077;0.47043;-0.7837;-0.5994;-0.163;0.930368;0.677566;0.277426;-0.7837;-0.5994;-0.163;1.459764;-0.073339;0.493754;-0.7837;-0.5994;-0.163;1.003313;0.733349;0.513192;-0.2848;-0.1838;0.9408;0.940328;0.612077;0.47043;-0.2848;-0.1838;0.9408;1.459764;-0.073339;0.493754;-0.2848;-0.1838;0.9408;0.203051;1.128396;0.657878;-0.1626;-0.5335;0.83;0.038987;0.754651;0.385513;-0.1626;-0.5335;0.83;0.940328;0.612077;0.47043;-0.1626;-0.5335;0.83;0.038987;0.754651;0.385513;-0.1461;-0.6724;-0.7256;0.363924;1.076374;0.021926;-0.1461;-0.6724;-0.7256;0.930368;0.677566;0.277426;-0.1461;-0.6724;-0.7256;0.203051;1.128396;0.657878;0.3719;0.871;-0.3211;1.003313;0.733349;0.513192;0.3719;0.871;-0.3211;0.930368;0.677566;0.277426;0.3719;0.871;-0.3211
-3.655814;-1.443217;-4.928696;4.104719;8.343327;3.224963;1.5;0;extraBounds;5;-3.21633;4.412649;-2.965754;-0.112415;6.838296;-0.232282;0.849487;2.801013;-2.965754;3.618964;4.5011;-0.232283;-1.544371;-0.413971;-1.740145;2.269932;1.586029;1.461084;-0.791785;5.861767;-4.541384;1.72845;8.382003;3.572421;-0.383183;-0.004293;-0.983452;0.887851;5.944551;0.582533
648;2
189;0.49113858;0.5855657;0.307733;0.007
0.175767;4.952049;-3.530947;0.2577;0.0796;-0.9629;0.179247;6.485009;-3.403298;0.2577;0.0796;-0.9629;0.33614;6.496465;-3.360358;0.2577;0.0796;-0.9629;0.179247;6.485009;-3.403298;-0.9592;0.0664;0.2747;0.049729;4.951504;-3.485085;-0.9592;0.0664;0.2747;0.220675;6.582032;-3.282054;-0.9592;0.0664;0.2747;0.175767;4.952049;-3.530947;0.571;0.2032;0.7954;0.215817;3.874841;-3.284453;0.571;0.2032;0.7954;0.330917;3.8735;-3.366748;0.571;0.2032;0.7954;0.049729;4.951504;-3.485085;0.4717;-0.1575;0.8676;0.33614;6.496465;-3.360358;0.4717;-0.1575;0.8676;0.220675;6.582032;-3.282054;0.4717;-0.1575;0.8676;0.330917;3.8735;-3.366748;0.5807;-0.0428;0.813;0.215817;3.874841;-3.284453;0.5807;-0.0428;0.813;0.331792;2.535006;-3.437781;0.5807;-0.0428;0.813;0.049729;4.951504;-3.485085;-0.9863;-0.1343;0.0959;0.202103;3.875011;-3.425287;-0.9863;-0.1343;0.0959;0.215817;3.874841;-3.284453;-0.9863;-0.1343;0.0959;0.175767;4.952049;-3.530947;0.701;-0.0526;-0.7112;0.202103;3.875011;-3.425287;0.701;-0.0526;-0.7112;0.076512;4.964015;-3.629655;0.701;-0.0526;-0.7112;0.215817;3.874841;-3.284453;-0.9906;-0.0968;0.0963;0.202103;3.875011;-3.425287;-0.9906;-0.0968;0.0963;0.331792;2.535006;-3.437781;-0.9906;-0.0968;0.0963;0.202103;3.875011;-3.425287;0.4137;0.0485;-0.9091;0.330917;3.8735;-3.366748;0.4137;0.0485;-0.9091;0.331792;2.535006;-3.437781;0.4137;0.0485;-0.9091;-0.140339;6.914951;2.019851;-0.9161;0.0129;0.4007;-0.130302;8.02027;2.007287;-0.9161;0.0129;0.4007;-0.195353;8.031727;1.858197;-0.9161;0.0129;0.4007;-0.130302;8.02027;2.007287;0.7982;0.1194;0.5904;-0.025525;6.914406;2.08918;0.7982;0.1194;0.5904;-0.033539;8.022342;1.876049;0.7982;0.1194;0.5904;-0.140339;6.914951;2.019851;0.2647;0.1303;-0.9555;-0.2831;5.940598;1.847424;0.2647;0.1303;-0.9555;-0.41941;5.939258;1.809476;0.2647;0.1303;-0.9555;-0.033539;8.022342;1.876049;0.1007;-0.1377;-0.9853;-0.140339;6.914951;2.019851;0.1007;-0.1377;-0.9853;-0.195353;8.031727;1.858197;0.1007;-0.1377;-0.9853;-0.453687;4.911832;-0.601331;-0.8679;0.4931;0.0605;-0.321103;5.186877;-0.941358;-0.8679;0.4931;0.0605;-0.398569;5.04741;-0.915831;-0.8679;0.4931;0.0605;-0.41941;5.939258;1.809476;0.2681;-0.0723;-0.9607;-0.2831;5.940598;1.847424;0.2681;-0.0723;-0.9607;-0.237182;4.718445;1.952242;0.2681;-0.0723;-0.9607;-0.154879;6.926917;2.159074;0.4256;-0.3225;0.8455;-0.2831;5.940598;1.847424;0.4256;-0.3225;0.8455;-0.025525;6.914406;2.08918;0.4256;-0.3225;0.8455;-0.140339;6.914951;2.019851;-0.9607;0.2496;-0.1218;-0.384127;5.940769;1.946499;-0.9607;0.2496;-0.1218;-0.154879;6.926917;2.159074;-0.9607;0.2496;-0.1218;-0.2831;5.940598;1.847424;0.6976;0.0872;0.7112;-0.384127;5.940769;1.946499;0.6976;0.0872;0.7112;-0.237182;4.718445;1.952242;0.6976;0.0872;0.7112;-0.384127;5.940769;1.946499;-0.9617;-0.1144;0.2489;-0.41941;5.939258;1.809476;-0.9617;-0.1144;0.2489;-0.237182;4.718445;1.952242;-0.9617;-0.1144;0.2489;-0.468228;4.98771;-0.462106;0.6262;0.6329;0.4553;-0.264259;5.045767;-0.823371;0.6262;0.6329;0.4553;-0.321103;5.186877;-0.941358;0.6262;0.6329;0.4553;-0.453687;4.911832;-0.601331;0.2651;-0.1887;-0.9456;-0.473577;4.001391;-0.425252;0.2651;-0.1887;-0.9456;-0.609888;4.000051;-0.463199;0.2651;-0.1887;-0.9456;-0.264259;5.045767;-0.823371;0.2304;-0.9076;-0.3509;-0.453687;4.911832;-0.601331;0.2304;-0.9076;-0.3509;-0.398569;5.04741;-0.915831;0.2304;-0.9076;-0.3509;-0.609888;4.000051;-0.463199;0.2626;0.1728;-0.9493;-0.473577;4.001391;-0.425252;0.2626;0.1728;-0.9493;-0.550531;2.779238;-0.668939;0.2626;0.1728;-0.9493;-0.338873;4.911287;-0.532;0.7;-0.0199;0.7138;-0.574604;4.001561;-0.326177;0.7;-0.0199;0.7138;-0.473577;4.001391;-0.425252;0.7;-0.0199;0.7138;-0.453687;4.911832;-0.601331;-0.985;0.0856;-0.1496;-0.574604;4.001561;-0.326177;-0.985;0.0856;-0.1496;-0.468228;4.98771;-0.462106;-0.985;0.0856;-0.1496;-0.473577;4.001391;-0.425252;0.6882;-0.1833;0.702;-0.574604;4.001561;-0.326177;0.6882;-0.1833;0.702;-0.550531;2.779238;-0.668939;0.6882;-0.1833;0.702;-0.574604;4.001561;-0.326177;-0.9643;-0.0889;0.2493;-0.609888;4.000051;-0.463199;-0.9643;-0.0889;0.2493;-0.550531;2.779238;-0.668939;-0.9643;-0.0889;0.2493;-0.398569;5.04741;-0.915831;-0.5239;-0.3961;0.7541;-0.20132;4.24972;-1.197762;-0.5239;-0.3961;0.7541;-0.264259;5.045767;-0.823371;-0.5239;-0.3961;0.7541;-0.264259;5.045767;-0.823371;0.9554;0.2267;-0.1891;-0.193734;4.31013;-1.349036;0.9554;0.2267;-0.1891;-0.321103;5.186877;-0.941358;0.9554;0.2267;-0.1891;-0.398569;5.04741;-0.915831;-0.4592;0.3517;-0.8157;-0.193734;4.31013;-1.349036;-0.4592;0.3517;-0.8157;-0.337828;4.295992;-1.274019;-0.4592;0.3517;-0.8157;-0.20132;4.24972;-1.197762;-0.4867;0.0039;0.8736;-0.337828;4.295992;-1.274019;-0.4867;0.0039;0.8736;-0.527649;2.585053;-1.37218;-0.4867;0.0039;0.8736;-0.193734;4.31013;-1.349036;0.9815;-0.1896;-0.0265;-0.20132;4.24972;-1.197762;0.9815;-0.1896;-0.0265;-0.527649;2.585053;-1.37218;0.9815;-0.1896;-0.0265;-0.337828;4.295992;-1.274019;-0.4672;0.1022;-0.8782;-0.193734;4.31013;-1.349036;-0.4672;0.1022;-0.8782;-0.527649;2.585053;-1.37218;-0.4672;0.1022;-0.8782;2.467161;2.548272;-2.038445;-0.9147;0.0404;0.4022;2.539828;3.691278;-1.988096;-0.9147;0.0404;0.4022;2.492145;3.699676;-2.097381;-0.9147;0.0404;0.4022;2.539828;3.691278;-1.988096;0.8048;0.0083;0.5935;2.551321;2.547872;-1.987624;0.8048;0.0083;0.5935;2.610757;3.692797;-2.084294;0.8048;0.0083;0.5935;2.467161;2.548272;-2.038445;0.5116;0.1504;-0.846;2.551321;2.547872;-1.987624;0.5116;0.1504;-0.846;2.569635;1.439433;-2.173674;0.5116;0.1504;-0.846;2.610757;3.692797;-2.084294;0.1065;-0.0531;-0.9929;2.467161;2.548272;-2.038445;0.1065;-0.0531;-0.9929;2.492145;3.699676;-2.097381;0.1065;-0.0531;-0.9929;2.551321;2.547872;-1.987624;0.4602;-0.1396;0.8768;2.456503;2.557044;-1.93639;0.4602;-0.1396;0.8768;2.569635;1.439433;-2.173674;0.4602;-0.1396;0.8768;2.456503;2.557044;-1.93639;-0.9921;-0.0799;-0.0967;2.467161;2.548272;-2.038445;-0.9921;-0.0799;-0.0967;2.569635;1.439433;-2.173674;-0.9921;-0.0799;-0.0967;0.175767;4.952049;-3.530947;0.7075;0.0571;-0.7045;0.076512;4.964015;-3.629655;0.7075;0.0571;-0.7045;0.179247;6.485009;-3.403298;0.7075;0.0571;-0.7045;0.179247;6.485009;-3.403298;-0.9805;0.0921;-0.1737;0.076512;4.964015;-3.629655;-0.9805;0.0921;-0.1737;0.049729;4.951504;-3.485085;-0.9805;0.0921;-0.1737;0.175767;4.952049;-3.530947;0.3325;0.2221;0.9166;0.049729;4.951504;-3.485085;0.3325;0.2221;0.9166;0.215817;3.874841;-3.284453;0.3325;0.2221;0.9166;0.049729;4.951504;-3.485085;0.3392;-0.138;0.9305;0.175767;4.952049;-3.530947;0.3392;-0.138;0.9305;0.33614;6.496465;-3.360358;0.3392;-0.138;0.9305;0.049729;4.951504;-3.485085;-0.9701;-0.148;-0.1925;0.076512;4.964015;-3.629655;-0.9701;-0.148;-0.1925;0.202103;3.875011;-3.425287;-0.9701;-0.148;-0.1925;0.175767;4.952049;-3.530947;0.4117;-0.079;-0.9079;0.330917;3.8735;-3.366748;0.4117;-0.079;-0.9079;0.202103;3.875011;-3.425287;0.4117;-0.079;-0.9079;-0.140339;6.914951;2.019851;-0.9945;0.0078;-0.1045;-0.154879;6.926917;2.159074;-0.9945;0.0078;-0.1045;-0.130302;8.02027;2.007287;-0.9945;0.0078;-0.1045;-0.130302;8.02027;2.007287;0.4807;0.11;0.87;-0.154879;6.926917;2.159074;0.4807;0.11;0.87;-0.025525;6.914406;2.08918;0.4807;0.11;0.87;-0.140339;6.914951;2.019851;0.5157;0.0755;-0.8534;-0.025525;6.914406;2.08918;0.5157;0.0755;-0.8534;-0.2831;5.940598;1.847424;0.5157;0.0755;-0.8534;-0.033539;8.022342;1.876049;0.5098;-0.159;-0.8455;-0.025525;6.914406;2.08918;0.5098;-0.159;-0.8455;-0.140339;6.914951;2.019851;0.5098;-0.159;-0.8455;-0.453687;4.911832;-0.601331;-0.9567;0.2017;-0.2099;-0.468228;4.98771;-0.462106;-0.9567;0.2017;-0.2099;-0.321103;5.186877;-0.941358;-0.9567;0.2017;-0.2099;-0.154879;6.926917;2.159074;0.6672;-0.3019;0.6809;-0.384127;5.940769;1.946499;0.6672;-0.3019;0.6809;-0.2831;5.940598;1.847424;0.6672;-0.3019;0.6809;-0.140339;6.914951;2.019851;-0.9456;0.2185;0.2411;-0.41941;5.939258;1.809476;-0.9456;0.2185;0.2411;-0.384127;5.940769;1.946499;-0.9456;0.2185;0.2411;-0.468228;4.98771;-0.462106;0.6221;0.638;0.4538;-0.338873;4.911287;-0.532;0.6221;0.638;0.4538;-0.264259;5.045767;-0.823371;0.6221;0.638;0.4538;-0.453687;4.911832;-0.601331;0.5084;-0.1742;-0.8433;-0.338873;4.911287;-0.532;0.5084;-0.1742;-0.8433;-0.473577;4.001391;-0.425252;0.5084;-0.1742;-0.8433;-0.264259;5.045767;-0.823371;0.2151;-0.9065;-0.3633;-0.338873;4.911287;-0.532;0.2151;-0.9065;-0.3633;-0.453687;4.911832;-0.601331;0.2151;-0.9065;-0.3633;-0.338873;4.911287;-0.532;0.5036;0.0644;0.8615;-0.468228;4.98771;-0.462106;0.5036;0.0644;0.8615;-0.574604;4.001561;-0.326177;0.5036;0.0644;0.8615;-0.453687;4.911832;-0.601331;-0.9495;0.1994;0.2423;-0.609888;4.000051;-0.463199;-0.9495;0.1994;0.2423;-0.574604;4.001561;-0.326177;-0.9495;0.1994;0.2423;-0.398569;5.04741;-0.915831;-0.5465;-0.396;0.738;-0.337828;4.295992;-1.274019;-0.5465;-0.396;0.738;-0.20132;4.24972;-1.197762;-0.5465;-0.396;0.738;-0.264259;5.045767;-0.823371;0.9966;0.0465;0.0686;-0.20132;4.24972;-1.197762;0.9966;0.0465;0.0686;-0.193734;4.31013;-1.349036;0.9966;0.0465;0.0686;-0.398569;5.04741;-0.915831;-0.6598;0.2359;-0.7135;-0.321103;5.186877;-0.941358;-0.6598;0.2359;-0.7135;-0.193734;4.31013;-1.349036;-0.6598;0.2359;-0.7135;2.467161;2.548272;-2.038445;-0.9917;0.0679;-0.1094;2.456503;2.557044;-1.93639;-0.9917;0.0679;-0.1094;2.539828;3.691278;-1.988096;-0.9917;0.0679;-0.1094;2.539828;3.691278;-1.988096;0.4758;0.0051;0.8796;2.456503;2.557044;-1.93639;0.4758;0.0051;0.8796;2.551321;2.547872;-1.987624;0.4758;0.0051;0.8796;2.610757;3.692797;-2.084294;0.5141;-0.0986;-0.8521;2.551321;2.547872;-1.987624;0.5141;-0.0986;-0.8521;2.467161;2.548272;-2.038445;0.5141;-0.0986;-0.8521
459;0.5174464;0.43788996;0.25897756;0.007
0.208254;0.958869;0.110532;0.1986;-0.0918;0.9758;-1.118538;1.166283;0.400127;0.1986;-0.0918;0.9758;-1.086926;0.827725;0.361846;0.1986;-0.0918;0.9758;0.593156;2.629572;0.040355;0.6402;0.3138;0.7012;0.254126;3.888056;-0.213267;0.6402;0.3138;0.7012;0.094206;2.782414;0.427463;0.6402;0.3138;0.7012;0.435147;1.806744;-0.671573;0.9818;-0.1899;0.0016;0.593156;2.629572;0.040355;0.9818;-0.1899;0.0016;0.430447;1.791951;0.472121;0.9818;-0.1899;0.0016;0.430447;1.791951;0.472121;0.1884;0.108;0.9761;0.094206;2.782414;0.427463;0.1884;0.108;0.9761;-0.436428;1.913506;0.626002;0.1884;0.108;0.9761;-0.436428;1.913506;0.626002;-0.9967;-0.0113;-0.0801;-0.375027;2.545158;-0.226511;-0.9967;-0.0113;-0.0801;-0.347907;1.627915;-0.435064;-0.9967;-0.0113;-0.0801;0.249011;2.444451;-0.555594;-0.4343;0.1875;-0.881;-0.347907;1.627915;-0.435064;-0.4343;0.1875;-0.881;-0.375027;2.545158;-0.226511;-0.4343;0.1875;-0.881;0.254126;3.888056;-0.213267;-0.9653;0.08;0.2487;0.306103;5.830108;-0.636369;-0.9653;0.08;0.2487;0.060284;3.825853;-0.945465;-0.9653;0.08;0.2487;0.249011;2.444451;-0.555594;0.8523;-0.3587;-0.3807;0.938628;3.87104;-0.355859;0.8523;-0.3587;-0.3807;0.593156;2.629572;0.040355;0.8523;-0.3587;-0.3807;-0.375027;2.545158;-0.226511;-0.888;0.4141;0.1999;0.254126;3.888056;-0.213267;-0.888;0.4141;0.1999;0.060284;3.825853;-0.945465;-0.888;0.4141;0.1999;0.249011;2.444451;-0.555594;-0.0013;-0.2718;-0.9624;0.060284;3.825853;-0.945465;-0.0013;-0.2718;-0.9624;0.851014;3.83879;-0.950197;-0.0013;-0.2718;-0.9624;0.63646;5.725766;-0.804323;-0.8942;-0.151;-0.4215;0.730731;6.8183;-1.395811;-0.8942;-0.151;-0.4215;0.903014;6.595161;-1.68136;-0.8942;-0.151;-0.4215;0.060284;3.825853;-0.945465;-0.0072;0.0763;-0.9971;0.63646;5.725766;-0.804323;-0.0072;0.0763;-0.9971;0.851014;3.83879;-0.950197;-0.0072;0.0763;-0.9971;0.254126;3.888056;-0.213267;0.7122;-0.1087;0.6935;0.899723;5.842785;-0.56995;0.7122;-0.1087;0.6935;0.569366;5.855229;-0.228711;0.7122;-0.1087;0.6935;0.938628;3.87104;-0.355859;0.6797;-0.0659;-0.7305;0.63646;5.725766;-0.804323;0.6797;-0.0659;-0.7305;0.899723;5.842785;-0.56995;0.6797;-0.0659;-0.7305;0.903014;6.595161;-1.68136;0.9138;-0.3144;-0.2571;0.73348;7.065372;-2.858885;0.9138;-0.3144;-0.2571;1.064657;6.909181;-1.490903;0.9138;-0.3144;-0.2571;0.899723;5.842785;-0.56995;0.6555;0.433;0.6188;1.064657;6.909181;-1.490903;0.6555;0.433;0.6188;0.569366;5.855229;-0.228711;0.6555;0.433;0.6188;0.899723;5.842785;-0.56995;0.6547;-0.6269;-0.4224;0.63646;5.725766;-0.804323;0.6547;-0.6269;-0.4224;0.903014;6.595161;-1.68136;0.6547;-0.6269;-0.4224;0.569366;5.855229;-0.228711;-0.685;0.6056;0.405;0.730731;6.8183;-1.395811;-0.685;0.6056;0.405;0.306103;5.830108;-0.636369;-0.685;0.6056;0.405;0.937345;6.721447;-2.824758;-0.0863;-0.8841;-0.4592;0.538563;6.765061;-2.833802;-0.0863;-0.8841;-0.4592;1.196185;7.788835;-4.928696;-0.0863;-0.8841;-0.4592;0.730731;6.8183;-1.395811;-0.8319;0.5475;0.0909;0.73348;7.065372;-2.858885;-0.8319;0.5475;0.0909;0.538563;6.765061;-2.833802;-0.8319;0.5475;0.0909;0.903014;6.595161;-1.68136;-0.1055;-0.9881;-0.1123;0.538563;6.765061;-2.833802;-0.1055;-0.9881;-0.1123;0.937345;6.721447;-2.824758;-0.1055;-0.9881;-0.1123;0.538563;6.765061;-2.833802;-0.1038;-0.8376;0.5363;-0.944549;5.789652;-4.644386;-0.1038;-0.8376;0.5363;0.937345;6.721447;-2.824758;-0.1038;-0.8376;0.5363;0.538563;6.765061;-2.833802;-0.8387;0.5446;0.0029;0.73348;7.065372;-2.858885;-0.8387;0.5446;0.0029;1.196185;7.788835;-4.928696;-0.8387;0.5446;0.0029;0.73348;7.065372;-2.858885;0.7894;0.5028;0.3522;0.937345;6.721447;-2.824758;0.7894;0.5028;0.3522;1.196185;7.788835;-4.928696;0.7894;0.5028;0.3522;0.73348;7.065372;-2.858885;-0.7731;0.5308;0.3473;-0.944549;5.789652;-4.644386;-0.7731;0.5308;0.3473;0.538563;6.765061;-2.833802;-0.7731;0.5308;0.3473;0.937345;6.721447;-2.824758;0.5936;0.2769;-0.7557;-0.944549;5.789652;-4.644386;0.5936;0.2769;-0.7557;0.73348;7.065372;-2.858885;0.5936;0.2769;-0.7557;0.430447;1.791951;0.472121;0.024;-0.2997;0.9537;1.275699;1.050066;0.217701;0.024;-0.2997;0.9537;1.485356;1.379742;0.316041;0.024;-0.2997;0.9537;0.593156;2.629572;0.040355;0.2035;0.2458;0.9477;0.938628;3.87104;-0.355859;0.2035;0.2458;0.9477;0.254126;3.888056;-0.213267;0.2035;0.2458;0.9477;0.435147;1.806744;-0.671573;0.7719;0.3247;-0.5466;0.249011;2.444451;-0.555594;0.7719;0.3247;-0.5466;0.593156;2.629572;0.040355;0.7719;0.3247;-0.5466;0.430447;1.791951;0.472121;0.6402;0.2501;0.7264;0.593156;2.629572;0.040355;0.6402;0.2501;0.7264;0.094206;2.782414;0.427463;0.6402;0.2501;0.7264;-0.436428;1.913506;0.626002;-0.7622;0.5452;0.3491;0.094206;2.782414;0.427463;-0.7622;0.5452;0.3491;-0.375027;2.545158;-0.226511;-0.7622;0.5452;0.3491;0.249011;2.444451;-0.555594;-0.3055;0.0833;-0.9485;0.435147;1.806744;-0.671573;-0.3055;0.0833;-0.9485;-0.347907;1.627915;-0.435064;-0.3055;0.0833;-0.9485;0.254126;3.888056;-0.213267;-0.8359;0.1381;0.5313;0.569366;5.855229;-0.228711;-0.8359;0.1381;0.5313;0.306103;5.830108;-0.636369;-0.8359;0.1381;0.5313;0.249011;2.444451;-0.555594;0.9008;-0.4201;-0.11;0.851014;3.83879;-0.950197;0.9008;-0.4201;-0.11;0.938628;3.87104;-0.355859;0.9008;-0.4201;-0.11;-0.375027;2.545158;-0.226511;-0.8121;0.3761;0.4462;0.094206;2.782414;0.427463;-0.8121;0.3761;0.4462;0.254126;3.888056;-0.213267;-0.8121;0.3761;0.4462;0.249011;2.444451;-0.555594;-0.4824;-0.2983;-0.8236;-0.375027;2.545158;-0.226511;-0.4824;-0.2983;-0.8236;0.060284;3.825853;-0.945465;-0.4824;-0.2983;-0.8236;0.63646;5.725766;-0.804323;-0.5115;-0.3746;-0.7734;0.306103;5.830108;-0.636369;-0.5115;-0.3746;-0.7734;0.730731;6.8183;-1.395811;-0.5115;-0.3746;-0.7734;0.060284;3.825853;-0.945465;-0.3975;0.1873;-0.8983;0.306103;5.830108;-0.636369;-0.3975;0.1873;-0.8983;0.63646;5.725766;-0.804323;-0.3975;0.1873;-0.8983;0.254126;3.888056;-0.213267;0.2053;0.1096;0.9725;0.938628;3.87104;-0.355859;0.2053;0.1096;0.9725;0.899723;5.842785;-0.56995;0.2053;0.1096;0.9725;0.938628;3.87104;-0.355859;0.9808;0.1232;-0.1513;0.851014;3.83879;-0.950197;0.9808;0.1232;-0.1513;0.63646;5.725766;-0.804323;0.9808;0.1232;-0.1513;0.903014;6.595161;-1.68136;0.8537;0.5142;0.0824;0.937345;6.721447;-2.824758;0.8537;0.5142;0.0824;0.73348;7.065372;-2.858885;0.8537;0.5142;0.0824;0.899723;5.842785;-0.56995;0.9151;-0.3351;-0.2241;0.903014;6.595161;-1.68136;0.9151;-0.3351;-0.2241;1.064657;6.909181;-1.490903;0.9151;-0.3351;-0.2241;0.569366;5.855229;-0.228711;-0.0299;0.773;0.6337;1.064657;6.909181;-1.490903;-0.0299;0.773;0.6337;0.730731;6.8183;-1.395811;-0.0299;0.773;0.6337;0.730731;6.8183;-1.395811;-0.2159;0.9629;0.1622;1.064657;6.909181;-1.490903;-0.2159;0.9629;0.1622;0.73348;7.065372;-2.858885;-0.2159;0.9629;0.1622;0.903014;6.595161;-1.68136;-0.7055;-0.6985;0.1201;0.730731;6.8183;-1.395811;-0.7055;-0.6985;0.1201;0.538563;6.765061;-2.833802;-0.7055;-0.6985;0.1201;0.569366;5.855229;-0.228711;-0.8093;-0.2374;0.5373;0.498143;7.448625;0.367957;-0.8093;-0.2374;0.5373;0.306103;5.830108;-0.636369;-0.8093;-0.2374;0.5373;0.895047;7.459111;0.201186;0.6759;-0.3157;0.6659;0.569366;5.855229;-0.228711;0.6759;-0.3157;0.6659;0.899723;5.842785;-0.56995;0.6759;-0.3157;0.6659;0.498143;7.448625;0.367957;0.0842;0.5182;-0.8511;0.899723;5.842785;-0.56995;0.0842;0.5182;-0.8511;0.306103;5.830108;-0.636369;0.0842;0.5182;-0.8511;0.895047;7.459111;0.201186;-0.4898;0.6088;-0.6241;0.086255;8.064916;1.426866;-0.4898;0.6088;-0.6241;0.3304;8.343327;1.506854;-0.4898;0.6088;-0.6241;0.761583;7.143939;0.481781;-0.7676;-0.6368;0.072;0.086255;8.064916;1.426866;-0.7676;-0.6368;0.072;0.498143;7.448625;0.367957;-0.7676;-0.6368;0.072;0.895047;7.459111;0.201186;0.9267;-0.0625;0.3706;0.374138;8.015023;1.597473;0.9267;-0.0625;0.3706;0.761583;7.143939;0.481781;0.9267;-0.0625;0.3706;0.3304;8.343327;1.506854;-0.6313;0.6672;-0.3953;0.086255;8.064916;1.426866;-0.6313;0.6672;-0.3953;-1.308227;7.810899;3.224963;-0.6313;0.6672;-0.3953;0.086255;8.064916;1.426866;-0.0602;-0.9808;-0.1853;0.374138;8.015023;1.597473;-0.0602;-0.9808;-0.1853;-1.308227;7.810899;3.224963;-0.0602;-0.9808;-0.1853;0.374138;8.015023;1.597473;0.6493;0.2815;0.7065;0.3304;8.343327;1.506854;0.6493;0.2815;0.7065;-1.308227;7.810899;3.224963;0.6493;0.2815;0.7065;0.569366;5.855229;-0.228711;-0.6443;-0.2933;0.7063;0.761583;7.143939;0.481781;-0.6443;-0.2933;0.7063;0.498143;7.448625;0.367957;-0.6443;-0.2933;0.7063;0.895047;7.459111;0.201186;0.9531;-0.2422;0.1814;0.761583;7.143939;0.481781;0.9531;-0.2422;0.1814;0.569366;5.855229;-0.228711;0.9531;-0.2422;0.1814;0.498143;7.448625;0.367957;-0.364;0.4002;-0.841;0.895047;7.459111;0.201186;-0.364;0.4002;-0.841;0.899723;5.842785;-0.56995;-0.364;0.4002;-0.841;0.895047;7.459111;0.201186;-0.2556;0.789;-0.5586;0.498143;7.448625;0.367957;-0.2556;0.789;-0.5586;0.086255;8.064916;1.426866;-0.2556;0.789;-0.5586;0.761583;7.143939;0.481781;-0.4125;-0.782;0.4673;0.374138;8.015023;1.597473;-0.4125;-0.782;0.4673;0.086255;8.064916;1.426866;-0.4125;-0.782;0.4673;0.895047;7.459111;0.201186;0.9414;0.2003;0.2714;0.3304;8.343327;1.506854;0.9414;0.2003;0.2714;0.374138;8.015023;1.597473;0.9414;0.2003;0.2714;3.466439;3.512136;-2.681861;0.8626;0.4343;-0.2593;3.545845;3.462437;-2.500916;0.8626;0.4343;-0.2593;4.104719;2.469267;-2.305079;0.8626;0.4343;-0.2593;2.575232;3.784817;-1.845255;0.196;0.9745;-0.1089;3.466439;3.512136;-2.681861;0.196;0.9745;-0.1089;2.352865;3.807513;-2.042292;0.196;0.9745;-0.1089;2.098486;2.865905;-0.934132;0.3422;-0.7067;0.6192;0.615799;2.917;-0.056517;0.3422;-0.7067;0.6192;0.407062;2.602273;-0.300377;0.3422;-0.7067;0.6192;3.545845;3.462437;-2.500916;-0.1464;0.1115;0.9829;3.323575;3.421421;-2.529362;-0.1464;0.1115;0.9829;4.104719;2.469267;-2.305079;-0.1464;0.1115;0.9829;2.575232;3.784817;-1.845255;0.0857;-0.838;0.5389;3.323575;3.421421;-2.529362;0.0857;-0.838;0.5389;3.545845;3.462437;-2.500916;0.0857;-0.838;0.5389;0.615799;2.917;-0.056517;0.2242;0.7122;0.6652;2.034655;3.206682;-0.844868;0.2242;0.7122;0.6652;0.482315;3.231726;-0.348443;0.2242;0.7122;0.6652;2.034655;3.206682;-0.844868;-0.9166;-0.0685;-0.3939;2.527285;3.523713;-2.046522;-0.9166;-0.0685;-0.3939;2.098486;2.865905;-0.934132;-0.9166;-0.0685;-0.3939;2.098486;2.865905;-0.934132;0.8283;-0.5475;-0.1188;2.575232;3.784817;-1.845255;0.8283;-0.5475;-0.1188;2.259974;3.054205;-0.675991;0.8283;-0.5475;-0.1188;0.482315;3.231726;-0.348443;-0.121;0.6569;-0.7442;2.098486;2.865905;-0.934132;-0.121;0.6569;-0.7442;0.273578;2.917;-0.592304;-0.121;0.6569;-0.7442;3.323575;3.421421;-2.529362;-0.438;-0.5303;-0.7258;3.466439;3.512136;-2.681861;-0.438;-0.5303;-0.7258;4.104719;2.469267;-2.305079;-0.438;-0.5303;-0.7258;2.527285;3.523713;-2.046522;-0.5052;-0.4461;-0.7387;3.466439;3.512136;-2.681861;-0.5052;-0.4461;-0.7387;3.323575;3.421421;-2.529362;-0.5052;-0.4461;-0.7387;0.273578;2.917;-0.592304;-0.1495;-0.7057;-0.6925;2.098486;2.865905;-0.934132;-0.1495;-0.7057;-0.6925;0.407062;2.602273;-0.300377;-0.1495;-0.7057;-0.6925;2.034655;3.206682;-0.844868;-0.247;0.8908;0.3814;2.575232;3.784817;-1.845255;-0.247;0.8908;0.3814;2.352865;3.807513;-2.042292;-0.247;0.8908;0.3814;2.527285;3.523713;-2.046522;0.9448;0.0727;-0.3194;2.105663;4.675071;-3.031917;0.9448;0.0727;-0.3194;2.575232;3.784817;-1.845255;0.9448;0.0727;-0.3194;2.575232;3.784817;-1.845255;-0.5049;0.5826;0.6369;2.105663;4.675071;-3.031917;-0.5049;0.5826;0.6369;2.352865;3.807513;-2.042292;-0.5049;0.5826;0.6369;2.352865;3.807513;-2.042292;-0.8293;-0.5062;-0.2366;2.105663;4.675071;-3.031917;-0.8293;-0.5062;-0.2366;2.527285;3.523713;-2.046522;-0.8293;-0.5062;-0.2366;2.575232;3.784817;-1.845255;0.3693;0.9248;0.092;3.545845;3.462437;-2.500916;0.3693;0.9248;0.092;3.466439;3.512136;-2.681861;0.3693;0.9248;0.092;2.098486;2.865905;-0.934132;0.2464;-0.8499;0.4658;2.259974;3.054205;-0.675991;0.2464;-0.8499;0.4658;0.615799;2.917;-0.056517;0.2464;-0.8499;0.4658;2.575232;3.784817;-1.845255;0.3515;-0.6112;0.7092;2.527285;3.523713;-2.046522;0.3515;-0.6112;0.7092;3.323575;3.421421;-2.529362;0.3515;-0.6112;0.7092;0.615799;2.917;-0.056517;0.1402;0.8207;0.5539;2.259974;3.054205;-0.675991;0.1402;0.8207;0.5539;2.034655;3.206682;-0.844868;0.1402;0.8207;0.5539;2.034655;3.206682;-0.844868;-0.7688;-0.4659;-0.4381;2.352865;3.807513;-2.042292;-0.7688;-0.4659;-0.4381;2.527285;3.523713;-2.046522;-0.7688;-0.4659;-0.4381;2.098486;2.865905;-0.934132;0.9344;-0.3086;0.1777;2.527285;3.523713;-2.046522;0.9344;-0.3086;0.1777;2.575232;3.784817;-1.845255;0.9344;-0.3086;0.1777;0.482315;3.231726;-0.348443;-0.2963;0.1897;-0.9361;2.034655;3.206682;-0.844868;-0.2963;0.1897;-0.9361;2.098486;2.865905;-0.934132;-0.2963;0.1897;-0.9361;2.527285;3.523713;-2.046522;-0.5342;-0.3166;-0.7838;2.352865;3.807513;-2.042292;-0.5342;-0.3166;-0.7838;3.466439;3.512136;-2.681861;-0.5342;-0.3166;-0.7838;2.034655;3.206682;-0.844868;0.1424;0.8217;0.5518;2.259974;3.054205;-0.675991;0.1424;0.8217;0.5518;2.575232;3.784817;-1.845255;0.1424;0.8217;0.5518;0.895047;7.459111;0.201186;-0.1293;0.9603;-0.2473;0.498143;7.448625;0.367957;-0.1293;0.9603;-0.2473;1.825904;7.849524;1.230628;-0.1293;0.9603;-0.2473;0.761583;7.143939;0.481781;-0.5133;-0.1267;0.8488;1.825904;7.849524;1.230628;-0.5133;-0.1267;0.8488;0.498143;7.448625;0.367957;-0.5133;-0.1267;0.8488;0.895047;7.459111;0.201186;0.5836;-0.6637;-0.4679;1.883679;7.646979;1.167991;0.5836;-0.6637;-0.4679;0.761583;7.143939;0.481781;0.5836;-0.6637;-0.4679;1.825904;7.849524;1.230628;0.5344;0.7138;0.4527;2.404062;6.758748;2.267914;0.5344;0.7138;0.4527;2.006345;7.808184;1.082832;0.5344;0.7138;0.4527;1.825904;7.849524;1.230628;-0.9297;-0.321;0.1806;1.883679;7.646979;1.167991;-0.9297;-0.321;0.1806;2.404062;6.758748;2.267914;-0.9297;-0.321;0.1806;1.883679;7.646979;1.167991;0.3603;-0.6351;-0.6833;2.006345;7.808184;1.082832;0.3603;-0.6351;-0.6833;2.404062;6.758748;2.267914;0.3603;-0.6351;-0.6833;-2.696936;6.482563;-1.49372;-0.7004;-0.0538;-0.7117;-2.732559;6.288208;-1.443985;-0.7004;-0.0538;-0.7117;-3.655814;5.484695;-0.474753;-0.7004;-0.0538;-0.7117;-1.442484;5.9856;-1.751989;-0.1872;0.0377;-0.9816;-2.696936;6.482563;-1.49372;-0.1872;0.0377;-0.9816;-1.295487;6.193997;-1.772017;-0.1872;0.0377;-0.9816;-0.962085;5.094153;-0.856466;-0.4733;-0.397;0.7864;0.179616;4.373699;-0.533048;-0.4733;-0.397;0.7864;0.376931;4.629623;-0.285117;-0.4733;-0.397;0.7864;-2.732559;6.288208;-1.443985;0.3858;-0.8566;-0.3426;-2.522523;6.366776;-1.403892;0.3858;-0.8566;-0.3426;-3.655814;5.484695;-0.474753;0.3858;-0.8566;-0.3426;-1.442484;5.9856;-1.751989;0.0597;-0.5757;0.8155;-2.522523;6.366776;-1.403892;0.0597;-0.5757;0.8155;-2.732559;6.288208;-1.443985;0.0597;-0.5757;0.8155;0.179616;4.373699;-0.533048;0.0774;-0.6491;-0.7568;-0.88109;5.022108;-1.197671;0.0774;-0.6491;-0.7568;0.276575;4.656542;-0.765724;0.0774;-0.6491;-0.7568;-0.88109;5.022108;-1.197671;0.8792;0.4635;0.1108;-1.440947;6.163075;-1.527715;0.8792;0.4635;0.1108;-0.962085;5.094153;-0.856466;0.8792;0.4635;0.1108;-0.962085;5.094153;-0.856466;-0.8827;-0.0036;0.47;-1.442484;5.9856;-1.751989;-0.8827;-0.0036;0.47;-1.061033;4.806015;-1.044501;-0.8827;-0.0036;0.47;0.276575;4.656542;-0.765724;0.2654;0.5937;-0.7597;-0.962085;5.094153;-0.856466;0.2654;0.5937;-0.7597;0.368581;4.912466;-0.533566;0.2654;0.5937;-0.7597;-2.522523;6.366776;-1.403892;0.0728;0.6775;0.7319;-2.696936;6.482563;-1.49372;0.0728;0.6775;0.7319;-3.655814;5.484695;-0.474753;0.0728;0.6775;0.7319;-1.440947;6.163075;-1.527715;0.2142;0.7794;0.5888;-2.696936;6.482563;-1.49372;0.2142;0.7794;0.5888;-2.522523;6.366776;-1.403892;0.2142;0.7794;0.5888;0.368581;4.912466;-0.533566;-0.0923;0.6556;0.7494;-0.962085;5.094153;-0.856466;-0.0923;0.6556;0.7494;0.376931;4.629623;-0.285117;-0.0923;0.6556;0.7494;-0.88109;5.022108;-1.197671;0.3305;-0.3185;-0.8884;-1.442484;5.9856;-1.751989;0.3305;-0.3185;-0.8884;-1.295487;6.193997;-1.772017;0.3305;-0.3185;-0.8884;-1.440947;6.163075;-1.527715;-0.9999;-0.0049;0.0107;-1.457917;7.135743;-2.661986;-0.9999;-0.0049;0.0107;-1.442484;5.9856;-1.751989;-0.9999;-0.0049;0.0107;-1.442484;5.9856;-1.751989;0.6067;-0.4882;-0.6274;-1.457917;7.135743;-2.661986;0.6067;-0.4882;-0.6274;-1.295487;6.193997;-1.772017;0.6067;-0.4882;-0.6274;-1.295487;6.193997;-1.772017;0.6759;0.5644;0.4739;-1.457917;7.135743;-2.661986;0.6759;0.5644;0.4739;-1.440947;6.163075;-1.527715;0.6759;0.5644;0.4739;-1.442484;5.9856;-1.751989;-0.2703;-0.1919;-0.9435;-2.732559;6.288208;-1.443985;-0.2703;-0.1919;-0.9435;-2.696936;6.482563;-1.49372;-0.2703;-0.1919;-0.9435;-0.962085;5.094153;-0.856466;-0.4612;-0.3684;0.8072;-1.061033;4.806015;-1.044501;-0.4612;-0.3684;0.8072;0.179616;4.373699;-0.533048;-0.4612;-0.3684;0.8072;-1.442484;5.9856;-1.751989;-0.0763;-0.7816;0.6191;-1.440947;6.163075;-1.527715;-0.0763;-0.7816;0.6191;-2.522523;6.366776;-1.403892;-0.0763;-0.7816;0.6191;0.179616;4.373699;-0.533048;0.0988;-0.6289;-0.7712;-1.061033;4.806015;-1.044501;0.0988;-0.6289;-0.7712;-0.88109;5.022108;-1.197671;0.0988;-0.6289;-0.7712;-0.88109;5.022108;-1.197671;0.7181;0.4941;0.4901;-1.295487;6.193997;-1.772017;0.7181;0.4941;0.4901;-1.440947;6.163075;-1.527715;0.7181;0.4941;0.4901;-0.962085;5.094153;-0.856466;-0.9341;-0.2769;0.2255;-1.440947;6.163075;-1.527715;-0.9341;-0.2769;0.2255;-1.442484;5.9856;-1.751989;-0.9341;-0.2769;0.2255;0.276575;4.656542;-0.765724;0.3384;0.9337;-0.1168;-0.88109;5.022108;-1.197671;0.3384;0.9337;-0.1168;-0.962085;5.094153;-0.856466;0.3384;0.9337;-0.1168;-1.440947;6.163075;-1.527715;0.2445;0.9331;0.2637;-1.295487;6.193997;-1.772017;0.2445;0.9331;0.2637;-2.696936;6.482563;-1.49372;0.2445;0.9331;0.2637;-0.88109;5.022108;-1.197671;-0.0795;-0.5315;-0.8433;-1.061033;4.806015;-1.044501;-0.0795;-0.5315;-0.8433;-1.442484;5.9856;-1.751989;-0.0795;-0.5315;-0.8433;0.208254;0.958869;0.110532;-0.8129;-0.5796;0.0567;0.090642;1.213151;1.024113;-0.8129;-0.5796;0.0567;-0.436428;1.913506;0.626002;-0.8129;-0.5796;0.0567;0.435147;1.806744;-0.671573;-0.3541;0.5494;-0.7568;-0.25528;0.995809;-0.937273;-0.3541;0.5494;-0.7568;-0.347907;1.627915;-0.435064;-0.3541;0.5494;-0.7568;-0.347907;1.627915;-0.435064;0.1506;-0.764;-0.6275;-1.086926;0.827725;0.361846;0.1506;-0.764;-0.6275;-1.193768;1.069141;0.042277;0.1506;-0.764;-0.6275;-0.347907;1.627915;-0.435064;-0.6787;0.693;-0.2432;-1.118538;1.166283;0.400127;-0.6787;0.693;-0.2432;-0.436428;1.913506;0.626002;-0.6787;0.693;-0.2432;0.208254;0.958869;0.110532;0.1153;-0.9255;-0.3608;1.334656;1.242422;-0.256895;0.1153;-0.9255;-0.3608;1.275699;1.050066;0.217701;0.1153;-0.9255;-0.3608;0.430447;1.791951;0.472121;0.527;0.8497;0.0132;1.334656;1.242422;-0.256895;0.527;0.8497;0.0132;0.435147;1.806744;-0.671573;0.527;0.8497;0.0132;0.895047;7.459111;0.201186;-0.0443;0.9467;-0.319;1.825904;7.849524;1.230628;-0.0443;0.9467;-0.319;2.006345;7.808184;1.082832;-0.0443;0.9467;-0.319;0.761583;7.143939;0.481781;-0.3596;-0.3678;0.8576;1.883679;7.646979;1.167991;-0.3596;-0.3678;0.8576;1.825904;7.849524;1.230628;-0.3596;-0.3678;0.8576;0.895047;7.459111;0.201186;0.5753;-0.6788;-0.4564;2.006345;7.808184;1.082832;0.5753;-0.6788;-0.4564;1.883679;7.646979;1.167991;0.5753;-0.6788;-0.4564;0.430447;1.791951;0.472121;0.0728;0.6656;0.7427;0.090642;1.213151;1.024113;0.0728;0.6656;0.7427;0.448985;1.172734;1.025217;0.0728;0.6656;0.7427;0.430447;1.791951;0.472121;0.95;-0.1301;-0.2839;0.423755;0.941876;0.83943;0.95;-0.1301;-0.2839;0.208254;0.958869;0.110532;0.95;-0.1301;-0.2839;0.435147;1.806744;-0.671573;0.9606;-0.1444;-0.2374;0.215074;0.809191;-0.955175;0.9606;-0.1444;-0.2374;0.192903;1.211213;-1.289441;0.9606;-0.1444;-0.2374;0.208254;0.958869;0.110532;-0.3616;-0.9236;0.1274;-0.25528;0.995809;-0.937273;-0.3616;-0.9236;0.1274;0.215074;0.809191;-0.955175;-0.3616;-0.9236;0.1274;-1.118538;1.166283;0.400127;-0.9093;0.4083;0.0803;-1.193768;1.069141;0.042277;-0.9093;0.4083;0.0803;-2.047355;-0.931389;0.547011;-0.9093;0.4083;0.0803;-1.193768;1.069141;0.042277;0.6973;-0.4402;-0.5657;-1.086926;0.827725;0.361846;0.6973;-0.4402;-0.5657;-2.047355;-0.931389;0.547011;0.6973;-0.4402;-0.5657;-1.086926;0.827725;0.361846;0.3222;-0.0766;0.9436;-1.118538;1.166283;0.400127;0.3222;-0.0766;0.9436;-2.047355;-0.931389;0.547011;0.3222;-0.0766;0.9436;0.208254;0.958869;0.110532;0.1358;-0.3982;0.9072;-0.436428;1.913506;0.626002;0.1358;-0.3982;0.9072;-1.118538;1.166283;0.400127;0.1358;-0.3982;0.9072;-0.347907;1.627915;-0.435064;-0.0762;-0.6674;-0.7408;0.208254;0.958869;0.110532;-0.0762;-0.6674;-0.7408;-1.086926;0.827725;0.361846;-0.0762;-0.6674;-0.7408;-0.347907;1.627915;-0.435064;-0.5856;0.805;-0.0954;-1.193768;1.069141;0.042277;-0.5856;0.805;-0.0954;-1.118538;1.166283;0.400127;-0.5856;0.805;-0.0954;-0.25528;0.995809;-0.937273;-0.6767;0.3427;-0.6516;0.192903;1.211213;-1.289441;-0.6767;0.3427;-0.6516;-0.184674;-1.270025;-2.202394;-0.6767;0.3427;-0.6516;0.192903;1.211213;-1.289441;0.9817;-0.0869;-0.1697;0.215074;0.809191;-0.955175;0.9817;-0.0869;-0.1697;-0.184674;-1.270025;-2.202394;0.9817;-0.0869;-0.1697;0.215074;0.809191;-0.955175;-0.1597;-0.485;0.8598;-0.25528;0.995809;-0.937273;-0.1597;-0.485;0.8598;-0.184674;-1.270025;-2.202394;-0.1597;-0.485;0.8598;0.435147;1.806744;-0.671573;-0.6313;0.6671;-0.3955;0.192903;1.211213;-1.289441;-0.6313;0.6671;-0.3955;-0.25528;0.995809;-0.937273;-0.6313;0.6671;-0.3955;0.435147;1.806744;-0.671573;0.9735;-0.2255;0.0379;0.208254;0.958869;0.110532;0.9735;-0.2255;0.0379;0.215074;0.809191;-0.955175;0.9735;-0.2255;0.0379;0.208254;0.958869;0.110532;-0.8405;-0.4072;0.3575;-0.347907;1.627915;-0.435064;-0.8405;-0.4072;0.3575;-0.25528;0.995809;-0.937273;-0.8405;-0.4072;0.3575;1.334656;1.242422;-0.256895;0.7711;0.5427;-0.3329;1.485356;1.379742;0.316041;0.7711;0.5427;-0.3329;2.961854;-0.914095;-0.003391;0.7711;0.5427;-0.3329;1.275699;1.050066;0.217701;-0.734;-0.5928;-0.3314;1.334656;1.242422;-0.256895;-0.734;-0.5928;-0.3314;2.961854;-0.914095;-0.003391;-0.734;-0.5928;-0.3314;1.485356;1.379742;0.316041;-0.1205;-0.2126;0.9697;1.275699;1.050066;0.217701;-0.1205;-0.2126;0.9697;2.961854;-0.914095;-0.003391;-0.1205;-0.2126;0.9697;0.448985;1.172734;1.025217;0.0363;0.3478;0.9369;0.090642;1.213151;1.024113;0.0363;0.3478;0.9369;-0.482831;-1.443217;2.032415;0.0363;0.3478;0.9369;0.090642;1.213151;1.024113;-0.5828;-0.1754;-0.7935;0.423755;0.941876;0.83943;-0.5828;-0.1754;-0.7935;-0.482831;-1.443217;2.032415;-0.5828;-0.1754;-0.7935;0.423755;0.941876;0.83943;0.9452;-0.2611;0.1961;0.448985;1.172734;1.025217;0.9452;-0.2611;0.1961;-0.482831;-1.443217;2.032415;0.9452;-0.2611;0.1961;0.430447;1.791951;0.472121;-0.0597;-0.384;0.9214;0.208254;0.958869;0.110532;-0.0597;-0.384;0.9214;1.275699;1.050066;0.217701;-0.0597;-0.384;0.9214;0.208254;0.958869;0.110532;-0.5727;-0.8058;0.1505;0.423755;0.941876;0.83943;-0.5727;-0.8058;0.1505;0.090642;1.213151;1.024113;-0.5727;-0.8058;0.1505;0.208254;0.958869;0.110532;-0.0749;-0.6652;-0.7429;0.435147;1.806744;-0.671573;-0.0749;-0.6652;-0.7429;1.334656;1.242422;-0.256895;-0.0749;-0.6652;-0.7429;0.430447;1.791951;0.472121;0.3089;0.9033;-0.2977;1.485356;1.379742;0.316041;0.3089;0.9033;-0.2977;1.334656;1.242422;-0.256895;0.3089;0.9033;-0.2977;0.430447;1.791951;0.472121;0.2206;0.6022;0.7673;-0.436428;1.913506;0.626002;0.2206;0.6022;0.7673;0.090642;1.213151;1.024113;0.2206;0.6022;0.7673;0.430447;1.791951;0.472121;0.9957;-0.0431;-0.0816;0.448985;1.172734;1.025217;0.9957;-0.0431;-0.0816;0.423755;0.941876;0.83943;0.9957;-0.0431;-0.0816
6
SPREADER;6;0;0;0;15;6
INFO;NameId;536;DescId;537;price;120000;dpPerMin;0;range;3;placeSound;thud
LIFE;averagePop;4.0;averageLife;90.0;popFactors;0;breedMat;45.0;breedTime;32.570312;parentId;58;count;650;reqs;3;LIFE;type;2;enviroType;1;biome;SWAMP;amount;0.8;LIFE;type;2;enviroType;0;classification;ahm79;count;1;LIFE;type;2;enviroType;0;classification;ar74;count;2;FALL_DEATH;fallTime;3;totalTime;5;fallenAngle;60;particleEffect;1;ExplodeTime;0.975;UseMaterial;1;Colour;1;Spawn;2;5;0;1;0;PPS;30;Speed;1.5;Gravity;0.3;Life;3;Scale;0.1;Colour;0.90354544;0.49162906;0.5028882;Additive;0;Alpha;1;FadeIn;0.1;FadeOut;0.8;HasDir;1;Dir;0;1;0;Varience;0.25;Offset;0;5;0;LifeError;0.4;ScaleError;0.3;SpeedError;0.4;RandRot;1;HasXRot;1;XRotSpeed;180;Stages;1;2;enviroReqCount;3;reqId;2;barren;0;goodBiomes;1;6;ideal;90;influence;0.9;reqId;6;dislikedSpecies;1;erl;influence;0.8;reqId;5;likedSpecies;1;pnm;influence;0.8
GROWTH;dynamic;0;growthTime;30.0;modelStages;4;subStages;2
WOOD;cut time;15;bark factor;0.3;colour;0.3931467;0.33384332;0.3072183
PERCH;6;-0.5852;17.898;4.6464;3.21156;16.933;1.926;1.93996;15.275;-4.466;-4.8576;14.003;-3.4782;3.103;7.044;-1.42556;6.535;8.024;-5.026
