0.45
pnf
0;1
2
-0.838571;-0.122693;-0.76805;0.947236;1.972659;1.209228;1
75;3
18;0.90354544;0.51934737;0.31110612;0.1
-0.155953;1.142191;-0.098878;0.8615;-0.0911;-0.4995;0.018191;1.146812;0.200626;0.8615;-0.0911;-0.4995;-0.101579;0.676179;0.07989;0.8615;-0.0911;-0.4995;-0.155953;1.142191;-0.098878;0.8557;0.1347;-0.4996;-0.146986;1.668593;0.058431;0.8557;0.1347;-0.4996;0.018191;1.146812;0.200626;0.8557;0.1347;-0.4996;0.018191;1.146812;0.200626;0.0173;-0.2526;0.9674;-0.329415;1.129511;0.202327;0.0173;-0.2526;0.9674;-0.101579;0.676179;0.07989;0.0173;-0.2526;0.9674;0.018191;1.146812;0.200626;-0.0082;0.2605;0.9654;-0.146986;1.668593;0.058431;-0.0082;0.2605;0.9654;-0.329415;1.129511;0.202327;-0.0082;0.2605;0.9654;-0.329415;1.129511;0.202327;-0.8583;0.1603;-0.4875;-0.146986;1.668593;0.058431;-0.8583;0.1603;-0.4875;-0.155953;1.142191;-0.098878;-0.8583;0.1603;-0.4875;-0.329415;1.129511;0.202327;-0.8258;-0.2834;-0.4875;-0.155953;1.142191;-0.098878;-0.8258;-0.2834;-0.4875;-0.101579;0.676179;0.07989;-0.8258;-0.2834;-0.4875
48;0.8138302;0.90354544;0.5439671;0.1
-0.399344;0.883041;0.537133;-0.104;0.4313;-0.8962;0.226472;0.956904;0.500023;-0.104;0.4313;-0.8962;-0.009559;0.055025;0.093445;-0.104;0.4313;-0.8962;0.226472;0.956904;0.500023;0.595;-0.4545;0.6629;-0.033938;1.65033;1.209228;0.595;-0.4545;0.6629;-0.009559;0.055025;0.093445;0.595;-0.4545;0.6629;-0.399344;0.883041;0.537133;-0.1235;0.6865;-0.7166;-0.033938;1.65033;1.209228;-0.1235;0.6865;-0.7166;0.226472;0.956904;0.500023;-0.1235;0.6865;-0.7166;-0.033938;1.65033;1.209228;-0.2817;-0.5528;0.7843;-0.399344;0.883041;0.537133;-0.2817;-0.5528;0.7843;-0.009559;0.055025;0.093445;-0.2817;-0.5528;0.7843;0.369112;1.020715;-0.394103;0.7568;-0.4555;-0.4688;0.593718;1.018101;-0.028999;0.7568;-0.4555;-0.4688;0.005171;-0.027573;0.036933;0.7568;-0.4555;-0.4688;0.365254;1.120483;-0.175301;-0.7991;0.5416;-0.261;0.947236;1.81746;-0.510963;-0.7991;0.5416;-0.261;0.369112;1.020715;-0.394103;-0.7991;0.5416;-0.261;0.593718;1.018101;-0.028999;-0.4202;0.2907;0.8596;0.365254;1.120483;-0.175301;-0.4202;0.2907;0.8596;0.005171;-0.027573;0.036933;-0.4202;0.2907;0.8596;0.369112;1.020715;-0.394103;0.698;-0.57;-0.4335;0.947236;1.81746;-0.510963;0.698;-0.57;-0.4335;0.593718;1.018101;-0.028999;0.698;-0.57;-0.4335;0.365254;1.120483;-0.175301;-0.9518;0.2725;-0.141;0.369112;1.020715;-0.394103;-0.9518;0.2725;-0.141;0.005171;-0.027573;0.036933;-0.9518;0.2725;-0.141;0.593718;1.018101;-0.028999;-0.2411;0.5771;0.7803;0.947236;1.81746;-0.510963;-0.2411;0.5771;0.7803;0.365254;1.120483;-0.175301;-0.2411;0.5771;0.7803;-0.522917;1.069755;-0.137056;-0.8381;-0.3997;-0.3712;-0.306452;0.98806;-0.537798;-0.8381;-0.3997;-0.3712;-0.030642;-0.122693;0.03531;-0.8381;-0.3997;-0.3712;-0.34352;1.173141;-0.32839;0.3812;0.6154;0.6899;-0.838571;1.972659;-0.76805;0.3812;0.6154;0.6899;-0.522917;1.069755;-0.137056;0.3812;0.6154;0.6899;-0.306452;0.98806;-0.537798;0.9735;0.2271;-0.0284;-0.34352;1.173141;-0.32839;0.9735;0.2271;-0.0284;-0.030642;-0.122693;0.03531;0.9735;0.2271;-0.0284;-0.522917;1.069755;-0.137056;-0.7972;-0.5074;-0.3272;-0.838571;1.972659;-0.76805;-0.7972;-0.5074;-0.3272;-0.306452;0.98806;-0.537798;-0.7972;-0.5074;-0.3272;-0.34352;1.173141;-0.32839;0.5833;0.347;0.7344;-0.522917;1.069755;-0.137056;0.5833;0.347;0.7344;-0.030642;-0.122693;0.03531;0.5833;0.347;0.7344;-0.306452;0.98806;-0.537798;0.8789;0.4238;-0.219;-0.838571;1.972659;-0.76805;0.8789;0.4238;-0.219;-0.34352;1.173141;-0.32839;0.8789;0.4238;-0.219
9;0.6579812;0.9114896;0.6998693;0.1
8.84E-4;-0.094358;0.009173;0.8605;0.1246;-0.494;-0.178755;1.375821;0.067236;0.8605;0.1246;-0.494;0.095889;-0.091471;0.175368;0.8605;0.1246;-0.494;0.095889;-0.091471;0.175368;0.0018;0.0738;0.9973;-0.178755;1.375821;0.067236;0.0018;0.0738;0.9973;-0.094882;-0.09248;0.175794;0.0018;0.0738;0.9973;-0.094882;-0.09248;0.175794;-0.8642;-0.086;-0.4957;-0.178755;1.375821;0.067236;-0.8642;-0.086;-0.4957;8.84E-4;-0.094358;0.009173;-0.8642;-0.086;-0.4957
-2.425987;-0.205744;-1.453245;2.083456;4.498197;2.541586;1
153;3
18;0.90354544;0.51934737;0.31110612;0.1
-0.018744;3.534435;-0.61369;0.8338;-0.3542;-0.4235;0.526596;3.680429;0.337979;0.8338;-0.3542;-0.4235;0.025417;2.814921;0.07502;0.8338;-0.3542;-0.4235;-0.018744;3.534435;-0.61369;0.8076;0.2985;-0.5086;-0.100864;4.498197;-0.178403;0.8076;0.2985;-0.5086;0.526596;3.680429;0.337979;0.8076;0.2985;-0.5086;0.526596;3.680429;0.337979;0.0184;-0.3004;0.9536;-0.577844;3.612642;0.337979;0.0184;-0.3004;0.9536;0.025417;2.814921;0.07502;0.0184;-0.3004;0.9536;0.526596;3.680429;0.337979;-0.0317;0.5162;0.8559;-0.100864;4.498197;-0.178403;-0.0317;0.5162;0.8559;-0.577844;3.612642;0.337979;-0.0317;0.5162;0.8559;-0.577844;3.612642;0.337979;-0.8456;0.1582;-0.5098;-0.100864;4.498197;-0.178403;-0.8456;0.1582;-0.5098;-0.018744;3.534435;-0.61369;-0.8456;0.1582;-0.5098;-0.577844;3.612642;0.337979;-0.7842;-0.4535;-0.4235;-0.018744;3.534435;-0.61369;-0.7842;-0.4535;-0.4235;0.025417;2.814921;0.07502;-0.7842;-0.4535;-0.4235
90;0.8138302;0.90354544;0.5439671;0.1
0.674804;0.918147;0.911288;-0.0;-0.6506;0.7594;-0.674804;0.918147;0.911288;-0.0;-0.6506;0.7594;-0.0;-0.043019;0.08787;-0.0;-0.6506;0.7594;-0.0;1.711468;1.128088;0.4076;0.5466;-0.7315;0.682816;1.62535;1.444186;0.4076;0.5466;-0.7315;0.674804;0.918147;0.911288;0.4076;0.5466;-0.7315;-0.0;1.711468;1.128088;0.3265;0.8118;-0.4841;-0.062539;2.579526;2.541586;0.3265;0.8118;-0.4841;0.682816;1.62535;1.444186;0.3265;0.8118;-0.4841;-0.674804;0.918147;0.911288;-0.3075;0.4853;-0.8185;-0.0;1.711468;1.128088;-0.3075;0.4853;-0.8185;-0.0;-0.043019;0.08787;-0.3075;0.4853;-0.8185;-0.682816;1.62535;1.444186;-0.0;-0.6018;0.7986;0.674804;0.918147;0.911288;-0.0;-0.6018;0.7986;0.682816;1.62535;1.444186;-0.0;-0.6018;0.7986;0.682816;1.62535;1.444186;0.0;-0.7546;0.6561;-0.062539;2.579526;2.541586;0.0;-0.7546;0.6561;-0.682816;1.62535;1.444186;0.0;-0.7546;0.6561;-0.0;1.711468;1.128088;0.3075;0.4853;-0.8185;0.674804;0.918147;0.911288;0.3075;0.4853;-0.8185;-0.0;-0.043019;0.08787;0.3075;0.4853;-0.8185;-0.682816;1.62535;1.444186;-0.3338;0.7966;-0.504;-0.062539;2.579526;2.541586;-0.3338;0.7966;-0.504;-0.0;1.711468;1.128088;-0.3338;0.7966;-0.504;-0.682816;1.62535;1.444186;-0.4076;0.5466;-0.7315;-0.0;1.711468;1.128088;-0.4076;0.5466;-0.7315;-0.674804;0.918147;0.911288;-0.4076;0.5466;-0.7315;0.518216;0.976243;-0.944817;0.6458;-0.6663;-0.3729;1.082151;0.976243;0.031946;0.6458;-0.6663;-0.3729;-0.001009;-0.043019;-0.022838;0.6458;-0.6663;-0.3729;0.939497;1.579641;-0.564167;-0.8157;0.5783;-0.0139;1.092912;1.780205;-1.226018;-0.8157;0.5783;-0.0139;0.518216;0.976243;-0.944817;-0.8157;0.5783;-0.0139;0.939497;1.579641;-0.564167;-0.5322;0.8365;0.1301;2.083456;2.405948;-1.197334;-0.5322;0.8365;0.1301;1.092912;1.780205;-1.226018;-0.5322;0.8365;0.1301;1.082151;0.976243;0.031946;-0.531;0.5287;0.6622;0.939497;1.579641;-0.564167;-0.531;0.5287;0.6622;-0.001009;-0.043019;-0.022838;-0.531;0.5287;0.6622;1.092912;1.780205;-1.226018;0.6783;-0.6218;-0.3916;1.082151;0.976243;0.031946;0.6783;-0.6218;-0.3916;0.518216;0.976243;-0.944817;0.6783;-0.6218;-0.3916;1.092912;1.780205;-1.226018;0.516;-0.8031;-0.2979;2.083456;2.405948;-1.197334;0.516;-0.8031;-0.2979;1.663542;1.780205;-0.237658;0.516;-0.8031;-0.2979;0.939497;1.579641;-0.564167;-0.8451;0.5245;0.1039;0.518216;0.976243;-0.944817;-0.8451;0.5245;0.1039;-0.001009;-0.043019;-0.022838;-0.8451;0.5245;0.1039;1.663542;1.780205;-0.237658;-0.3997;0.838;0.3715;2.083456;2.405948;-1.197334;-0.3997;0.838;0.3715;0.939497;1.579641;-0.564167;-0.3997;0.838;0.3715;1.663542;1.780205;-0.237658;-0.4642;0.5645;0.6825;0.939497;1.579641;-0.564167;-0.4642;0.5645;0.6825;1.082151;0.976243;0.031946;-0.4642;0.5645;0.6825;-1.275338;0.871124;0.078644;-0.6142;-0.705;-0.3546;-0.616183;0.871124;-1.063047;-0.6142;-0.705;-0.3546;0.024003;-0.205744;-0.030931;-0.6142;-0.705;-0.3546;-1.156116;1.759944;-0.61365;0.4455;0.5122;0.7343;-1.845325;1.663459;-0.128205;0.4455;0.5122;0.7343;-1.275338;0.871124;0.078644;0.4455;0.5122;0.7343;-1.156116;1.759944;-0.61365;0.2297;0.8392;0.4929;-2.425987;2.538024;-1.34681;0.2297;0.8392;0.4929;-1.845325;1.663459;-0.128205;0.2297;0.8392;0.4929;-0.616183;0.871124;-1.063047;0.8563;0.5164;0.0076;-1.156116;1.759944;-0.61365;0.8563;0.5164;0.0076;0.024003;-0.205744;-0.030931;0.8563;0.5164;0.0076;-1.080313;1.663459;-1.453245;-0.6916;-0.6018;-0.3993;-1.275338;0.871124;0.078644;-0.6916;-0.6018;-0.3993;-1.845325;1.663459;-0.128205;-0.6916;-0.6018;-0.3993;-1.845325;1.663459;-0.128205;-0.5353;-0.7861;-0.3091;-2.425987;2.538024;-1.34681;-0.5353;-0.7861;-0.3091;-1.080313;1.663459;-1.453245;-0.5353;-0.7861;-0.3091;-1.156116;1.759944;-0.61365;0.4754;0.5;0.7238;-1.275338;0.871124;0.078644;0.4754;0.5;0.7238;0.024003;-0.205744;-0.030931;0.4754;0.5;0.7238;-1.080313;1.663459;-1.453245;0.5417;0.8392;-0.0475;-2.425987;2.538024;-1.34681;0.5417;0.8392;-0.0475;-1.156116;1.759944;-0.61365;0.5417;0.8392;-0.0475;-1.080313;1.663459;-1.453245;0.8587;0.5122;0.0187;-1.156116;1.759944;-0.61365;0.8587;0.5122;0.0187;-0.616183;0.871124;-1.063047;0.8587;0.5122;0.0187;-0.682816;1.62535;1.444186;-0.0;-0.6018;0.7986;-0.674804;0.918147;0.911288;-0.0;-0.6018;0.7986;0.674804;0.918147;0.911288;-0.0;-0.6018;0.7986;1.092912;1.780205;-1.226018;0.6783;-0.6218;-0.3916;1.663542;1.780205;-0.237658;0.6783;-0.6218;-0.3916;1.082151;0.976243;0.031946;0.6783;-0.6218;-0.3916;-1.080313;1.663459;-1.453245;-0.6916;-0.6018;-0.3993;-0.616183;0.871124;-1.063047;-0.6916;-0.6018;-0.3993;-1.275338;0.871124;0.078644;-0.6916;-0.6018;-0.3993
45;0.6579812;0.9114896;0.6998693;0.1
0.001184;-0.126414;-0.067504;0.868;-0.0296;-0.4957;0.034317;1.135257;-0.08482;0.868;-0.0296;-0.4957;0.128465;-0.122546;0.155153;0.868;-0.0296;-0.4957;0.034317;1.135257;-0.08482;0.0012;0.1875;0.9823;-0.127117;-0.123899;0.155724;0.0012;0.1875;0.9823;0.128465;-0.122546;0.155153;0.0012;0.1875;0.9823;-0.156857;1.137537;-0.080085;-0.8381;0.2869;-0.4639;0.096343;2.144334;0.08509;-0.8381;0.2869;-0.4639;-0.067472;1.140401;-0.239791;-0.8381;0.2869;-0.4639;-0.156857;1.137537;-0.080085;-0.862;-0.1127;-0.4942;0.001184;-0.126414;-0.067504;-0.862;-0.1127;-0.4942;-0.127117;-0.123899;0.155724;-0.862;-0.1127;-0.4942;0.096343;2.144334;0.08509;-0.9879;-0.1225;-0.0952;0.079057;2.146659;0.26148;-0.9879;-0.1225;-0.0952;-0.090051;3.753823;-0.052047;-0.9879;-0.1225;-0.0952;0.034317;1.135257;-0.08482;0.0196;-0.3246;0.9456;0.079057;2.146659;0.26148;0.0196;-0.3246;0.9456;-0.156857;1.137537;-0.080085;0.0196;-0.3246;0.9456;0.034317;1.135257;-0.08482;0.6077;0.0954;-0.7884;0.096343;2.144334;0.08509;0.6077;0.0954;-0.7884;0.234578;2.145662;0.191798;0.6077;0.0954;-0.7884;0.079057;2.146659;0.26148;0.4004;0.2159;0.8906;0.234578;2.145662;0.191798;0.4004;0.2159;0.8906;-0.090051;3.753823;-0.052047;0.4004;0.2159;0.8906;0.234578;2.145662;0.191798;0.611;0.0033;-0.7916;0.096343;2.144334;0.08509;0.611;0.0033;-0.7916;-0.090051;3.753823;-0.052047;0.611;0.0033;-0.7916;0.001184;-0.126414;-0.067504;0.835;-0.0295;-0.5494;-0.067472;1.140401;-0.239791;0.835;-0.0295;-0.5494;0.034317;1.135257;-0.08482;0.835;-0.0295;-0.5494;0.034317;1.135257;-0.08482;0.0265;0.1843;0.9825;-0.156857;1.137537;-0.080085;0.0265;0.1843;0.9825;-0.127117;-0.123899;0.155724;0.0265;0.1843;0.9825;-0.156857;1.137537;-0.080085;-0.9613;0.2578;-0.0976;0.079057;2.146659;0.26148;-0.9613;0.2578;-0.0976;0.096343;2.144334;0.08509;-0.9613;0.2578;-0.0976;-0.156857;1.137537;-0.080085;-0.8662;-0.1131;-0.4868;-0.067472;1.140401;-0.239791;-0.8662;-0.1131;-0.4868;0.001184;-0.126414;-0.067504;-0.8662;-0.1131;-0.4868;0.034317;1.135257;-0.08482;0.3865;-0.314;0.8672;0.234578;2.145662;0.191798;0.3865;-0.314;0.8672;0.079057;2.146659;0.26148;0.3865;-0.314;0.8672;0.034317;1.135257;-0.08482;0.8358;0.0408;-0.5476;-0.067472;1.140401;-0.239791;0.8358;0.0408;-0.5476;0.096343;2.144334;0.08509;0.8358;0.0408;-0.5476
5
INFO;NameId;368;DescId;369;price;50000;dpPerMin;0;range;2;placeSound;grassPlace
LIFE;averagePop;6.0;averageLife;11.0;popFactors;1;0.1;breedMat;5.5;breedTime;3.979917;parentId;-1;FADE_DEATH;0.4;enviroReqCount;0
GROWTH;dynamic;0;growthTime;3.6666667;modelStages;2;subStages;1
FOOD;2;901;3;SAMPLE;902;8;WHOLE;PARTICLE_DEATH;isColour;1;Spawn;0;PPS;8;Speed;0.6;Gravity;0.2;Life;0.5;Scale;0.05;Colour;1;1;1;Additive;0;Alpha;1;FadeIn;0.1;FadeOut;0.8;HasDir;1;Dir;0;1;0;Deviation;0.3;Offset;0;0;0;LifeError;0.4;ScaleError;0.1;SpeedError;0.1;RandomRot;1;HasXRot;0
PARTICLES;isColour;0;spawn;1;0.3;PPS;17;Speed;0;Gravity;-0.03;Life;12;Scale;0.5;atlas;12;HasDir;0;Offset;0;1.5;0;LifeError;0.24;ScaleError;0.1;SpeedError;0.3;RandRot;1;HasXRot;0;range;30;stages;1;1;takesMaterial;0
