0.85
png
0;1
5
-0.225928;-0.092787;-0.22277;0.346835;0.531929;0.150531;1
36;2
18;0.6543539;0.60229635;0.37990612;0.3
-0.075603;-0.033738;0.019425;0.9177;0.3949;-0.0436;-0.201687;0.273702;0.150531;0.9177;0.3949;-0.0436;-0.069321;-0.037743;0.115442;0.9177;0.3949;-0.0436;-0.069321;-0.037743;0.115442;-0.5093;-0.307;0.804;-0.201687;0.273702;0.150531;-0.5093;-0.307;0.804;-0.225928;-0.016309;0.024431;-0.5093;-0.307;0.804;-0.225928;-0.016309;0.024431;0.0155;0.3976;-0.9174;-0.201687;0.273702;0.150531;0.0155;0.3976;-0.9174;-0.075603;-0.033738;0.019425;0.0155;0.3976;-0.9174;0.346835;0.379037;-0.089397;0.7994;-0.3133;-0.5125;0.222206;-0.067367;-0.010884;0.7994;-0.3133;-0.5125;0.162416;-0.092787;-0.088601;0.7994;-0.3133;-0.5125;0.098333;-0.053977;-0.022582;-0.6214;0.2416;-0.7453;0.346835;0.379037;-0.089397;-0.6214;0.2416;-0.7453;0.162416;-0.092787;-0.088601;-0.6214;0.2416;-0.7453;0.222206;-0.067367;-0.010884;-0.0717;0.1921;0.9787;0.346835;0.379037;-0.089397;-0.0717;0.1921;0.9787;0.098333;-0.053977;-0.022582;-0.0717;0.1921;0.9787
18;0.5721209;0.70827925;0.4848737;0.3
0.086235;-0.026386;0.086488;-0.7291;-0.2258;-0.6461;-0.044857;0.531929;0.03933;-0.7291;-0.2258;-0.6461;0.177943;-0.026386;-0.016987;-0.7291;-0.2258;-0.6461;0.177943;-0.026386;-0.016987;0.8775;0.3797;-0.2928;-0.044857;0.531929;0.03933;0.8775;0.3797;-0.2928;0.221702;-0.026386;0.114172;0.8775;0.3797;-0.2928;0.221702;-0.026386;0.114172;-0.2001;0.0357;0.9791;-0.044857;0.531929;0.03933;-0.2001;0.0357;0.9791;0.086235;-0.026386;0.086488;-0.2001;0.0357;0.9791;-0.010266;-0.032527;-0.142703;0.7846;-0.1335;0.6055;0.133306;0.448273;-0.22277;0.7846;-0.1335;0.6055;-0.096473;-0.032527;-0.030992;0.7846;-0.1335;0.6055;-0.096473;-0.032527;-0.030992;-0.7953;0.5105;0.3269;0.133306;0.448273;-0.22277;-0.7953;0.5105;0.3269;-0.150114;-0.032527;-0.161505;-0.7953;0.5105;0.3269;-0.150114;-0.032527;-0.161505;0.1305;-0.2007;-0.9709;0.133306;0.448273;-0.22277;0.1305;-0.2007;-0.9709;-0.010266;-0.032527;-0.142703;0.1305;-0.2007;-0.9709
-0.455053;-0.148869;-0.668042;0.557315;1.347167;0.754917;1
105;2
42;0.6543539;0.60229635;0.37990612;0.2
-0.087963;0.590947;0.442261;0.5767;0.798;0.1747;-0.394001;0.743674;0.754917;0.5767;0.798;0.1747;-0.009061;0.520034;0.505722;0.5767;0.798;0.1747;-0.009061;0.520034;0.505722;-0.3102;-0.894;0.3232;-0.394001;0.743674;0.754917;-0.3102;-0.894;0.3232;-0.196848;0.545736;0.396592;-0.3102;-0.894;0.3232;-0.196848;0.545736;0.396592;-0.1249;0.8378;-0.5315;-0.394001;0.743674;0.754917;-0.1249;0.8378;-0.5315;-0.087963;0.590947;0.442261;-0.1249;0.8378;-0.5315;-0.196848;0.545736;0.396592;0.152;0.4969;-0.8544;-0.087963;0.590947;0.442261;0.152;0.4969;-0.8544;0.056389;-0.074836;0.080722;0.152;0.4969;-0.8544;-0.009061;0.520034;0.505722;-0.4757;-0.5454;0.6901;-0.196848;0.545736;0.396592;-0.4757;-0.5454;0.6901;0.056389;-0.074836;0.080722;-0.4757;-0.5454;0.6901;-0.087963;0.590947;0.442261;0.7678;0.4262;-0.4783;-0.009061;0.520034;0.505722;0.7678;0.4262;-0.4783;0.056389;-0.074836;0.080722;0.7678;0.4262;-0.4783;-0.16082;0.392474;-0.134847;0.6507;0.5449;0.5289;-0.455053;0.825078;-0.218551;0.6507;0.5449;0.5289;-0.265613;0.383042;0.003804;0.6507;0.5449;0.5289;-0.16082;0.392474;-0.134847;0.7238;0.384;0.5732;-0.265613;0.383042;0.003804;0.7238;0.384;0.5732;-0.048372;-0.063132;0.028394;0.7238;0.384;0.5732;-0.455053;0.825078;-0.218551;-0.3274;-0.3893;-0.8609;-0.16082;0.392474;-0.134847;-0.3274;-0.3893;-0.8609;-0.048372;-0.063132;0.028394;-0.3274;-0.3893;-0.8609;-0.265613;0.383042;0.003804;-0.8905;-0.44;-0.116;-0.455053;0.825078;-0.218551;-0.8905;-0.44;-0.116;-0.048372;-0.063132;0.028394;-0.8905;-0.44;-0.116;0.557315;0.676153;-0.404897;0.8824;-0.4511;0.1339;0.359926;0.351336;-0.198472;0.8824;-0.4511;0.1339;0.08904;-0.148869;-0.098585;0.8824;-0.4511;0.1339;0.359926;0.351336;-0.198472;-0.7384;0.492;0.4613;0.248453;0.338886;-0.36362;-0.7384;0.492;0.4613;0.08904;-0.148869;-0.098585;-0.7384;0.492;0.4613;0.248453;0.338886;-0.36362;0.4916;-0.5343;-0.6877;0.557315;0.676153;-0.404897;0.4916;-0.5343;-0.6877;0.08904;-0.148869;-0.098585;0.4916;-0.5343;-0.6877;0.359926;0.351336;-0.198472;-0.6538;0.6468;0.3926;0.557315;0.676153;-0.404897;-0.6538;0.6468;0.3926;0.248453;0.338886;-0.36362;-0.6538;0.6468;0.3926
63;0.5721209;0.70827925;0.4848737;0.2
-0.047796;0.685135;-0.199785;0.8631;-0.0817;-0.4983;-0.018257;-0.017061;-0.033447;0.8631;-0.0817;-0.4983;-0.051758;-0.017061;-0.091473;0.8631;-0.0817;-0.4983;0.013212;0.718944;-0.1458;0.0;0.1509;0.9885;-0.08526;-0.017061;-0.033447;0.0;0.1509;0.9885;-0.018257;-0.017061;-0.033447;0.0;0.1509;0.9885;-0.047796;0.685135;-0.199785;-0.9239;-0.3733;-0.0842;-0.072456;0.729963;-0.12794;-0.9239;-0.3733;-0.0842;-0.272585;1.347167;-0.668042;-0.9239;-0.3733;-0.0842;-0.08526;-0.017061;-0.033447;-0.8638;-0.072;-0.4987;-0.047796;0.685135;-0.199785;-0.8638;-0.072;-0.4987;-0.051758;-0.017061;-0.091473;-0.8638;-0.072;-0.4987;0.050876;0.711799;0.260938;-0.7461;0.0782;-0.6612;0.138318;-0.01384;0.076415;-0.7461;0.0782;-0.6612;0.083025;-0.01384;0.138803;-0.7461;0.0782;-0.6612;0.078382;0.74095;0.196308;0.9412;0.1246;-0.314;0.164701;-0.01384;0.155494;0.9412;0.1246;-0.314;0.138318;-0.01384;0.076415;0.9412;0.1246;-0.314;-0.072456;0.729963;-0.12794;0.2323;0.6821;0.6934;0.013212;0.718944;-0.1458;0.2323;0.6821;0.6934;-0.272585;1.347167;-0.668042;0.2323;0.6821;0.6934;0.013212;0.718944;-0.1458;0.7129;-0.2272;-0.6634;-0.047796;0.685135;-0.199785;0.7129;-0.2272;-0.6634;-0.272585;1.347167;-0.668042;0.7129;-0.2272;-0.6634;0.050876;0.711799;0.260938;0.1556;-0.2775;0.948;0.116367;0.750451;0.261502;0.1556;-0.2775;0.948;-0.387642;1.188869;0.472593;0.1556;-0.2775;0.948;0.164701;-0.01384;0.155494;-0.1973;-0.1712;0.9653;0.050876;0.711799;0.260938;-0.1973;-0.1712;0.9653;0.083025;-0.01384;0.138803;-0.1973;-0.1712;0.9653;0.116367;0.750451;0.261502;0.499;0.7674;-0.4026;0.078382;0.74095;0.196308;0.499;0.7674;-0.4026;-0.387642;1.188869;0.472593;0.499;0.7674;-0.4026;0.078382;0.74095;0.196308;-0.7331;-0.4462;-0.5133;0.050876;0.711799;0.260938;-0.7331;-0.4462;-0.5133;-0.387642;1.188869;0.472593;-0.7331;-0.4462;-0.5133;0.201596;-0.017061;-0.043445;0.7858;-0.1212;0.6064;0.328855;1.230236;0.040831;0.7858;-0.1212;0.6064;0.156378;-0.017061;0.01515;0.7858;-0.1212;0.6064;0.156378;-0.017061;0.01515;-0.9183;0.1192;0.3774;0.328855;1.230236;0.040831;-0.9183;0.1192;0.3774;0.128242;-0.017061;-0.053307;-0.9183;0.1192;0.3774;0.128242;-0.017061;-0.053307;0.1331;0.0533;-0.9897;0.328855;1.230236;0.040831;0.1331;0.0533;-0.9897;0.201596;-0.017061;-0.043445;0.1331;0.0533;-0.9897;-0.047796;0.685135;-0.199785;0.698;-0.1371;-0.7029;0.013212;0.718944;-0.1458;0.698;-0.1371;-0.7029;-0.018257;-0.017061;-0.033447;0.698;-0.1371;-0.7029;0.013212;0.718944;-0.1458;0.2173;0.1188;0.9689;-0.072456;0.729963;-0.12794;0.2173;0.1188;0.9689;-0.08526;-0.017061;-0.033447;0.2173;0.1188;0.9689;-0.08526;-0.017061;-0.033447;-0.9499;-0.0231;-0.3116;-0.072456;0.729963;-0.12794;-0.9499;-0.0231;-0.3116;-0.047796;0.685135;-0.199785;-0.9499;-0.0231;-0.3116;0.050876;0.711799;0.260938;-0.9184;-0.0101;-0.3955;0.078382;0.74095;0.196308;-0.9184;-0.0101;-0.3955;0.138318;-0.01384;0.076415;-0.9184;-0.0101;-0.3955;0.078382;0.74095;0.196308;0.8493;0.1249;-0.513;0.116367;0.750451;0.261502;0.8493;0.1249;-0.513;0.164701;-0.01384;0.155494;0.8493;0.1249;-0.513;0.164701;-0.01384;0.155494;0.0698;-0.1327;0.9887;0.116367;0.750451;0.261502;0.0698;-0.1327;0.9887;0.050876;0.711799;0.260938;0.0698;-0.1327;0.9887
-1.25696;-0.36585;-1.503256;1.466556;2.428842;1.133584;1
135;2
54;0.6543539;0.60229635;0.37990612;0.15
-0.145581;0.990814;0.365727;0.6431;0.7271;-0.2403;-0.634368;1.676903;1.133584;0.6431;0.7271;-0.2403;-0.019924;0.924769;0.502134;0.6431;0.7271;-0.2403;-0.019924;0.924769;0.502134;-0.2868;-0.7425;0.6053;-0.634368;1.676903;1.133584;-0.2868;-0.7425;0.6053;-0.318988;0.896571;0.325821;-0.2868;-0.7425;0.6053;-0.318988;0.896571;0.325821;-0.1962;0.6658;-0.7198;-0.634368;1.676903;1.133584;-0.1962;0.6658;-0.7198;-0.145581;0.990814;0.365727;-0.1962;0.6658;-0.7198;-0.318988;0.896571;0.325821;0.1079;0.2126;-0.9712;-0.145581;0.990814;0.365727;0.1079;0.2126;-0.9712;0.064095;-0.240847;0.119344;0.1079;0.2126;-0.9712;-0.019924;0.924769;0.502134;-0.4618;-0.3066;0.8323;-0.318988;0.896571;0.325821;-0.4618;-0.3066;0.8323;0.064095;-0.240847;0.119344;-0.4618;-0.3066;0.8323;-0.145581;0.990814;0.365727;0.7694;0.2487;-0.5884;-0.019924;0.924769;0.502134;0.7694;0.2487;-0.5884;0.064095;-0.240847;0.119344;0.7694;0.2487;-0.5884;-0.374707;0.940964;-0.319075;0.2883;0.7211;0.6299;-1.25696;1.591144;-0.659556;0.2883;0.7211;0.6299;-0.476701;0.865128;-0.185576;0.2883;0.7211;0.6299;-0.476701;0.865128;-0.185576;-0.659;-0.7495;-0.0632;-1.25696;1.591144;-0.659556;-0.659;-0.7495;-0.0632;-0.386582;0.8098;-0.468972;-0.659;-0.7495;-0.0632;-0.386582;0.8098;-0.468972;0.624;0.5629;-0.542;-1.25696;1.591144;-0.659556;0.624;0.5629;-0.542;-0.374707;0.940964;-0.319075;0.624;0.5629;-0.542;-0.386582;0.8098;-0.468972;0.9514;0.1904;-0.242;-0.374707;0.940964;-0.319075;0.9514;0.1904;-0.242;-0.056837;-0.36585;-0.09783;0.9514;0.1904;-0.242;-0.476701;0.865128;-0.185576;-0.9166;-0.3288;-0.2273;-0.386582;0.8098;-0.468972;-0.9166;-0.3288;-0.2273;-0.056837;-0.36585;-0.09783;-0.9166;-0.3288;-0.2273;-0.374707;0.940964;-0.319075;0.6794;0.2801;0.6782;-0.476701;0.865128;-0.185576;0.6794;0.2801;0.6782;-0.056837;-0.36585;-0.09783;0.6794;0.2801;0.6782;0.376461;0.882484;-0.387071;-0.6459;0.7352;0.2056;0.971836;1.576515;-0.99848;-0.6459;0.7352;0.2056;0.260362;0.822666;-0.537856;-0.6459;0.7352;0.2056;0.260362;0.822666;-0.537856;0.3214;-0.6958;-0.6423;0.971836;1.576515;-0.99848;0.3214;-0.6958;-0.6423;0.540013;0.757543;-0.327347;0.3214;-0.6958;-0.6423;0.540013;0.757543;-0.327347;0.1491;0.5785;0.8019;0.971836;1.576515;-0.99848;0.1491;0.5785;0.8019;0.376461;0.882484;-0.387071;0.1491;0.5785;0.8019;0.540013;0.757543;-0.327347;-0.1929;0.2061;0.9593;0.376461;0.882484;-0.387071;-0.1929;0.2061;0.9593;0.043647;-0.235312;-0.213861;-0.1929;0.2061;0.9593;0.260362;0.822666;-0.537856;0.5116;-0.3457;-0.7866;0.540013;0.757543;-0.327347;0.5116;-0.3457;-0.7866;0.043647;-0.235312;-0.213861;0.5116;-0.3457;-0.7866;0.376461;0.882484;-0.387071;-0.8081;0.3175;0.4962;0.260362;0.822666;-0.537856;-0.8081;0.3175;0.4962;0.043647;-0.235312;-0.213861;-0.8081;0.3175;0.4962
81;0.5721209;0.70827925;0.4848737;0.15
-0.163541;1.07643;-0.41081;0.8642;-0.0646;-0.499;-0.072878;-0.020698;-0.111826;0.8642;-0.0646;-0.499;-0.113519;-0.020698;-0.182219;0.8642;-0.0646;-0.499;-0.076901;1.124443;-0.334143;0.0;0.1906;0.9817;-0.154161;-0.020698;-0.111826;0.0;0.1906;0.9817;-0.072878;-0.020698;-0.111826;0.0;0.1906;0.9817;-0.163541;1.07643;-0.41081;-0.9592;-0.1846;-0.214;-0.198562;1.140092;-0.308779;-0.9592;-0.1846;-0.214;-0.090812;1.964973;-1.503256;-0.9592;-0.1846;-0.214;-0.154161;-0.020698;-0.111826;-0.8572;-0.1422;-0.4949;-0.163541;1.07643;-0.41081;-0.8572;-0.1422;-0.4949;-0.113519;-0.020698;-0.182219;-0.8572;-0.1422;-0.4949;-0.12478;1.433938;0.333314;-0.7464;-0.0735;-0.6615;0.195779;-0.020698;0.133179;-0.7464;-0.0735;-0.6615;0.128702;-0.020698;0.208863;-0.7464;-0.0735;-0.6615;-0.079474;1.481952;0.226863;0.9313;0.19;-0.3107;0.227785;-0.020698;0.229111;0.9313;0.19;-0.3107;0.195779;-0.020698;0.133179;0.9313;0.19;-0.3107;-0.198562;1.140092;-0.308779;0.2204;0.7932;0.5677;-0.076901;1.124443;-0.334143;0.2204;0.7932;0.5677;-0.090812;1.964973;-1.503256;0.2204;0.7932;0.5677;-0.076901;1.124443;-0.334143;0.6963;-0.5788;-0.4244;-0.163541;1.07643;-0.41081;0.6963;-0.5788;-0.4244;-0.090812;1.964973;-1.503256;0.6963;-0.5788;-0.4244;-0.12478;1.433938;0.333314;0.1661;-0.2951;0.9409;-0.016911;1.497601;0.334244;0.1661;-0.2951;0.9409;-0.813357;2.428842;0.766865;0.1661;-0.2951;0.9409;0.227785;-0.020698;0.229111;-0.1988;-0.1179;0.9729;-0.12478;1.433938;0.333314;-0.1988;-0.1179;0.9729;0.128702;-0.020698;0.208863;-0.1988;-0.1179;0.9729;-0.016911;1.497601;0.334244;0.5741;0.6933;-0.4355;-0.079474;1.481952;0.226863;0.5741;0.6933;-0.4355;-0.813357;2.428842;0.766865;0.5741;0.6933;-0.4355;-0.079474;1.481952;0.226863;-0.8008;-0.3391;-0.4937;-0.12478;1.433938;0.333314;-0.8008;-0.3391;-0.4937;-0.813357;2.428842;0.766865;-0.8008;-0.3391;-0.4937;0.434846;1.441216;-0.026863;0.7803;-0.1686;0.6022;0.138977;-0.020698;-0.052873;0.7803;-0.1686;0.6022;0.193832;-0.020698;-0.123956;0.7803;-0.1686;0.6022;0.138977;-0.020698;-0.052873;-0.9183;0.1192;0.3774;0.348213;1.492432;-0.021718;-0.9183;0.1192;0.3774;0.104844;-0.020698;-0.13592;-0.9183;0.1192;0.3774;0.434846;1.441216;-0.026863;0.1039;0.2719;-0.9567;0.348213;1.492432;-0.021718;0.1039;0.2719;-0.9567;1.466556;2.177184;0.294326;0.1039;0.2719;-0.9567;0.104844;-0.020698;-0.13592;0.1331;0.0438;-0.9901;0.434846;1.441216;-0.026863;0.1331;0.0438;-0.9901;0.193832;-0.020698;-0.123956;0.1331;0.0438;-0.9901;0.348213;1.492432;-0.021718;-0.5529;0.6822;0.4784;0.404295;1.479843;0.061054;-0.5529;0.6822;0.4784;1.466556;2.177184;0.294326;-0.5529;0.6822;0.4784;0.404295;1.479843;0.061054;0.4044;-0.7773;0.482;0.434846;1.441216;-0.026863;0.4044;-0.7773;0.482;1.466556;2.177184;0.294326;0.4044;-0.7773;0.482;-0.163541;1.07643;-0.41081;0.6974;-0.1342;-0.704;-0.076901;1.124443;-0.334143;0.6974;-0.1342;-0.704;-0.072878;-0.020698;-0.111826;0.6974;-0.1342;-0.704;-0.076901;1.124443;-0.334143;0.2221;0.1714;0.9598;-0.198562;1.140092;-0.308779;0.2221;0.1714;0.9598;-0.154161;-0.020698;-0.111826;0.2221;0.1714;0.9598;-0.154161;-0.020698;-0.111826;-0.9574;-0.0835;-0.2765;-0.198562;1.140092;-0.308779;-0.9574;-0.0835;-0.2765;-0.163541;1.07643;-0.41081;-0.9574;-0.0835;-0.2765;-0.12478;1.433938;0.333314;-0.8882;-0.1353;-0.4391;-0.079474;1.481952;0.226863;-0.8882;-0.1353;-0.4391;0.195779;-0.020698;0.133179;-0.8882;-0.1353;-0.4391;-0.079474;1.481952;0.226863;0.8403;0.171;-0.5145;-0.016911;1.497601;0.334244;0.8403;0.171;-0.5145;0.227785;-0.020698;0.229111;0.8403;0.171;-0.5145;0.227785;-0.020698;0.229111;0.0294;-0.0643;0.9975;-0.016911;1.497601;0.334244;0.0294;-0.0643;0.9975;-0.12478;1.433938;0.333314;0.0294;-0.0643;0.9975;0.434846;1.441216;-0.026863;0.8989;-0.189;0.3954;0.404295;1.479843;0.061054;0.8989;-0.189;0.3954;0.138977;-0.020698;-0.052873;0.8989;-0.189;0.3954;0.138977;-0.020698;-0.052873;-0.8164;0.1012;0.5685;0.404295;1.479843;0.061054;-0.8164;0.1012;0.5685;0.348213;1.492432;-0.021718;-0.8164;0.1012;0.5685;0.104844;-0.020698;-0.13592;-0.0134;0.0774;-0.9969;0.348213;1.492432;-0.021718;-0.0134;0.0774;-0.9969;0.434846;1.441216;-0.026863;-0.0134;0.0774;-0.9969
0.802672;1.747733;0.103837;1.778166;2.366881;0.374026;1;1
18;1
18;0.5263135;0.46859437;0.36644518;0.15
1.272421;2.055158;0.355073;-0.6425;0.6496;0.4065;1.252817;2.166303;0.14645;-0.6425;0.6496;0.4065;0.802672;1.747733;0.103837;-0.6425;0.6496;0.4065;1.272421;2.055158;0.355073;-0.4815;0.754;0.4469;1.778166;2.366881;0.374026;-0.4815;0.754;0.4469;1.252817;2.166303;0.14645;-0.4815;0.754;0.4469;1.252817;2.166303;0.14645;0.105;-0.0117;-0.9944;1.376335;1.964967;0.161867;0.105;-0.0117;-0.9944;0.802672;1.747733;0.103837;0.105;-0.0117;-0.9944;1.252817;2.166303;0.14645;0.3473;0.1421;-0.9269;1.778166;2.366881;0.374026;0.3473;0.1421;-0.9269;1.376335;1.964967;0.161867;0.3473;0.1421;-0.9269;1.376335;1.964967;0.161867;0.4196;-0.7148;0.5594;1.778166;2.366881;0.374026;0.4196;-0.7148;0.5594;1.272421;2.055158;0.355073;0.4196;-0.7148;0.5594;1.376335;1.964967;0.161867;0.2564;-0.8156;0.5186;1.272421;2.055158;0.355073;0.2564;-0.8156;0.5186;0.802672;1.747733;0.103837;0.2564;-0.8156;0.5186
-1.070699;1.478684;-1.806701;0.022116;2.74377;0.996933;1;1
36;1
36;0.5263135;0.46859437;0.36644518;0.15
-0.663299;2.366213;0.675091;0.865;0.3722;0.3366;-0.678522;2.239769;0.854053;0.865;0.3722;0.3366;-0.344787;1.825297;0.454801;0.865;0.3722;0.3366;-0.663299;2.366213;0.675091;0.7728;0.4855;0.4087;-1.070699;2.74377;0.996933;0.7728;0.4855;0.4087;-0.678522;2.239769;0.854053;0.7728;0.4855;0.4087;-0.678522;2.239769;0.854053;-0.4084;-0.7822;0.4706;-0.825539;2.219128;0.692166;-0.4084;-0.7822;0.4706;-0.344787;1.825297;0.454801;-0.4084;-0.7822;0.4706;-0.678522;2.239769;0.854053;-0.555;-0.5963;0.58;-1.070699;2.74377;0.996933;-0.555;-0.5963;0.58;-0.825539;2.219128;0.692166;-0.555;-0.5963;0.58;-0.825539;2.219128;0.692166;-0.3839;0.3231;-0.865;-1.070699;2.74377;0.996933;-0.3839;0.3231;-0.865;-0.663299;2.366213;0.675091;-0.3839;0.3231;-0.865;-0.825539;2.219128;0.692166;-0.2889;0.2102;-0.934;-0.663299;2.366213;0.675091;-0.2889;0.2102;-0.934;-0.344787;1.825297;0.454801;-0.2889;0.2102;-0.934;-0.21182;1.749866;-1.361421;0.162;-0.8715;-0.4628;0.022116;1.780165;-1.336581;0.162;-0.8715;-0.4628;-0.117088;1.478684;-0.817564;0.162;-0.8715;-0.4628;-0.21182;1.749866;-1.361421;0.1652;-0.7624;-0.6257;-0.125478;2.134027;-1.806701;0.1652;-0.7624;-0.6257;0.022116;1.780165;-1.336581;0.1652;-0.7624;-0.6257;0.022116;1.780165;-1.336581;0.7654;0.4457;0.4642;-0.128133;1.932055;-1.234674;0.7654;0.4457;0.4642;-0.117088;1.478684;-0.817564;0.7654;0.4457;0.4642;0.022116;1.780165;-1.336581;0.7631;0.6083;0.2183;-0.125478;2.134027;-1.806701;0.7631;0.6083;0.2183;-0.128133;1.932055;-1.234674;0.7631;0.6083;0.2183;-0.128133;1.932055;-1.234674;-0.9309;0.3457;0.1177;-0.125478;2.134027;-1.806701;-0.9309;0.3457;0.1177;-0.21182;1.749866;-1.361421;-0.9309;0.3457;0.1177;-0.128133;1.932055;-1.234674;-0.9314;0.2339;0.2788;-0.21182;1.749866;-1.361421;-0.9314;0.2339;0.2788;-0.117088;1.478684;-0.817564;-0.9314;0.2339;0.2788
5
INFO;NameId;561;DescId;562;price;4560;dpPerMin;0;range;2;placeSound;grassPlace
LIFE;averagePop;7.5;averageLife;7.5;popFactors;1;0.5;breedMat;3.75;breedTime;2.7137375;parentId;7;chance;150;reqcount;1;LIFE;type;2;enviroType;0;classification;ptf;count;3;FADE_DEATH;0.5;enviroReqCount;3;reqId;1;minAltitude;0;maxAltitude;50;influence;0.85;reqId;5;likedSpecies;2;pnh;ers;influence;0.8;reqId;2;barren;0;goodBiomes;2;1;8;ideal;50;influence;0.9
GROWTH;dynamic;0;growthTime;2.5;modelStages;3;subStages;1
FRUITER;startModelIndex;3;stageCount;2;fruiterTime;8.5
FOOD;2;904;8;FRUIT;902;16;WHOLE;PARTICLE_DEATH;isColour;1;Spawn;0;PPS;8;Speed;0.6;Gravity;0.2;Life;0.5;Scale;0.05;Colour;0.478;0.384;0.239;Additive;0;Alpha;1;FadeIn;0.1;FadeOut;0.8;HasDir;1;Dir;0;1;0;Deviation;0.3;Offset;0;0;0;LifeError;0.4;ScaleError;0.1;SpeedError;0.1;RandomRot;1;HasXRot;0

