0.35
png
0;1
3
-1.109611;-0.60431;-1.242232;0.748227;1.537902;0.540044;1
48;2
36;0.58715105;0.723565;0.49062183;0.2
0.550977;-0.448934;-0.641784;0.6799;0.3005;-0.669;0.577788;1.202018;0.127054;0.6799;0.3005;-0.669;0.748227;-0.454768;-0.443939;0.6799;0.3005;-0.669;0.748227;-0.454768;-0.443939;0.0567;-0.3201;0.9457;0.577788;1.202018;0.127054;0.0567;-0.3201;0.9457;0.34129;-0.514091;-0.439608;0.0567;-0.3201;0.9457;0.34129;-0.514091;-0.439608;-0.7083;0.3074;-0.6355;0.577788;1.202018;0.127054;-0.7083;0.3074;-0.6355;0.550977;-0.448934;-0.641784;-0.7083;0.3074;-0.6355;-0.096182;-0.530154;0.303969;-0.8958;0.2688;-0.3539;0.431204;1.537902;0.540044;-0.8958;0.2688;-0.3539;0.047324;-0.527738;-0.057422;-0.8958;0.2688;-0.3539;0.047324;-0.527738;-0.057422;0.9065;-0.0471;-0.4196;0.431204;1.537902;0.540044;0.9065;-0.0471;-0.4196;0.275829;-0.60431;0.444769;0.9065;-0.0471;-0.4196;0.275829;-0.60431;0.444769;-0.3567;-0.0157;0.9341;0.431204;1.537902;0.540044;-0.3567;-0.0157;0.9341;-0.096182;-0.530154;0.303969;-0.3567;-0.0157;0.9341;-0.397229;-0.236293;-0.030499;0.4231;0.2588;0.8683;-0.071956;-0.248292;-0.185417;0.4231;0.2588;0.8683;-1.109611;1.132998;-0.091459;0.4231;0.2588;0.8683;-0.071956;-0.248292;-0.185417;0.3005;0.2876;-0.9094;-0.546341;-0.188094;-0.323152;0.3005;0.2876;-0.9094;-1.109611;1.132998;-0.091459;0.3005;0.2876;-0.9094;-0.546341;-0.188094;-0.323152;-0.8352;-0.4186;0.3566;-0.397229;-0.236293;-0.030499;-0.8352;-0.4186;0.3566;-1.109611;1.132998;-0.091459;-0.8352;-0.4186;0.3566;-0.220215;-0.464065;-1.142465;0.6856;0.0555;-0.7258;-0.481615;1.45999;-1.242232;0.6856;0.0555;-0.7258;0.084681;-0.464065;-0.854455;0.6856;0.0555;-0.7258;0.084681;-0.464065;-0.854455;0.0;0.1976;0.9803;-0.481615;1.45999;-1.242232;0.0;0.1976;0.9803;-0.525112;-0.464065;-0.854455;0.0;0.1976;0.9803;-0.525112;-0.464065;-0.854455;-0.6809;-0.1299;-0.7208;-0.481615;1.45999;-1.242232;-0.6809;-0.1299;-0.7208;-0.220215;-0.464065;-1.142465;-0.6809;-0.1299;-0.7208
12;0.97475743;0.64273083;0.8800556;0.2
-0.096507;0.723688;0.327464;0.8553;-0.157;0.4938;-0.096507;-0.151411;0.049262;0.8553;-0.157;0.4938;0.144423;0.723688;-0.089838;0.8553;-0.157;0.4938;0.144423;0.723688;-0.089838;0.0;-0.157;-0.9876;-0.096507;-0.151411;0.049262;0.0;-0.157;-0.9876;-0.337436;0.723688;-0.089838;0.0;-0.157;-0.9876;-0.337436;0.723688;-0.089838;-0.8553;-0.157;0.4938;-0.096507;-0.151411;0.049262;-0.8553;-0.157;0.4938;-0.096507;0.723688;0.327464;-0.8553;-0.157;0.4938;-0.096507;0.723688;0.327464;0.0;1.0;0.0;0.144423;0.723688;-0.089838;0.0;1.0;0.0;-0.337436;0.723688;-0.089838;0.0;1.0;0.0
-2.492264;-1.256758;-1.725836;2.41369;4.08642;1.682044;1
96;3
72;0.58715105;0.723565;0.49062183;0.15
-0.587042;1.337299;0.072402;0.6528;0.407;-0.6389;0.412134;-1.187902;-0.515272;0.6528;0.407;-0.6389;0.183189;-1.181131;-0.744907;0.6528;0.407;-0.6389;-0.258413;1.328073;0.445966;0.0599;-0.3423;0.9377;-0.06019;-1.256758;-0.510245;0.0599;-0.3423;0.9377;0.412134;-1.187902;-0.515272;0.0599;-0.3423;0.9377;-0.587042;1.337299;0.072402;-0.734;0.2177;-0.6433;-0.893879;1.351177;0.427165;-0.734;0.2177;-0.6433;0.408027;4.08642;-0.132403;-0.734;0.2177;-0.6433;-0.06019;-1.256758;-0.510245;-0.6971;0.0194;-0.7167;-0.587042;1.337299;0.072402;-0.6971;0.0194;-0.7167;0.183189;-1.181131;-0.744907;-0.6971;0.0194;-0.7167;-0.893879;1.351177;0.427165;-0.0213;0.2101;0.9774;-0.258413;1.328073;0.445966;-0.0213;0.2101;0.9774;0.408027;4.08642;-0.132403;-0.0213;0.2101;0.9774;-0.258413;1.328073;0.445966;0.7114;-0.3047;-0.6333;-0.587042;1.337299;0.072402;0.7114;-0.3047;-0.6333;0.408027;4.08642;-0.132403;0.7114;-0.3047;-0.6333;1.490722;-1.217828;-0.917936;0.1511;0.0909;-0.9843;0.922656;-1.149209;-0.998775;0.1511;0.0909;-0.9843;2.41369;2.231943;-0.457632;0.1511;0.0909;-0.9843;0.922656;-1.149209;-0.998775;-0.7309;0.2188;0.6465;1.499006;-1.23799;-0.317125;-0.7309;0.2188;0.6465;2.41369;2.231943;-0.457632;-0.7309;0.2188;0.6465;1.499006;-1.23799;-0.317125;0.9665;-0.2557;-0.0219;1.490722;-1.217828;-0.917936;0.9665;-0.2557;-0.0219;2.41369;2.231943;-0.457632;0.9665;-0.2557;-0.0219;-1.518605;-0.890663;1.090164;-0.892;0.2831;-0.3523;-0.619365;2.254437;1.340636;-0.892;0.2831;-0.3523;-1.304711;-0.887062;0.551517;-0.892;0.2831;-0.3523;-1.304711;-0.887062;0.551517;0.9012;-0.0902;-0.4238;-0.619365;2.254437;1.340636;0.9012;-0.0902;-0.4238;-0.96413;-1.001191;1.300024;0.9012;-0.0902;-0.4238;-0.96413;-1.001191;1.300024;-0.3494;0.0253;0.9366;-0.619365;2.254437;1.340636;-0.3494;0.0253;0.9366;-1.518605;-0.890663;1.090164;-0.3494;0.0253;0.9366;-1.785653;-0.622587;-0.068172;0.4287;0.1737;0.8866;-1.366878;-0.638036;-0.267622;0.4287;0.1737;0.8866;-2.492264;1.315049;-0.106155;0.4287;0.1737;0.8866;-1.366878;-0.638036;-0.267622;0.299;0.2485;-0.9213;-1.977628;-0.560533;-0.44495;0.299;0.2485;-0.9213;-2.492264;1.315049;-0.106155;0.299;0.2485;-0.9213;-1.977628;-0.560533;-0.44495;-0.8671;-0.3086;0.391;-1.785653;-0.622587;-0.068172;-0.8671;-0.3086;0.391;-2.492264;1.315049;-0.106155;-0.8671;-0.3086;0.391;-0.860008;-1.198693;-1.725836;0.6725;0.2024;-0.7119;-1.819053;2.522717;-1.573738;0.6725;0.2024;-0.7119;-0.506121;-1.198693;-1.391548;0.6725;0.2024;-0.7119;-0.506121;-1.198693;-1.391548;0.0;0.0489;0.9988;-1.819053;2.522717;-1.573738;0.0;0.0489;0.9988;-1.213896;-1.198693;-1.391548;0.0;0.0489;0.9988;-1.213896;-1.198693;-1.391548;-0.6794;-0.1457;-0.7192;-1.819053;2.522717;-1.573738;-0.6794;-0.1457;-0.7192;-0.860008;-1.198693;-1.725836;-0.6794;-0.1457;-0.7192;0.762999;-1.194838;0.346161;0.6719;0.2067;-0.7113;1.052602;2.461426;1.682044;0.6719;0.2067;-0.7113;1.116886;-1.194838;0.68045;0.6719;0.2067;-0.7113;1.116886;-1.194838;0.68045;0.0;-0.2642;0.9645;1.052602;2.461426;1.682044;0.0;-0.2642;0.9645;0.409111;-1.194838;0.68045;0.0;-0.2642;0.9645;0.409111;-1.194838;0.68045;-0.654;0.3048;-0.6924;1.052602;2.461426;1.682044;-0.654;0.3048;-0.6924;0.762999;-1.194838;0.346161;-0.654;0.3048;-0.6924;-0.587042;1.337299;0.072402;0.6893;0.4115;-0.5962;-0.258413;1.328073;0.445966;0.6893;0.4115;-0.5962;0.412134;-1.187902;-0.515272;0.6893;0.4115;-0.5962;-0.258413;1.328073;0.445966;-0.0404;-0.3494;0.9361;-0.893879;1.351177;0.427165;-0.0404;-0.3494;0.9361;-0.06019;-1.256758;-0.510245;-0.0404;-0.3494;0.9361;-0.06019;-1.256758;-0.510245;-0.7565;-0.0067;-0.654;-0.893879;1.351177;0.427165;-0.7565;-0.0067;-0.654;-0.587042;1.337299;0.072402;-0.7565;-0.0067;-0.654
12;0.97475743;0.64273083;0.8800556;0.15
-1.316374;0.839971;0.380082;0.8553;-0.157;0.4938;-1.316374;-0.17574;0.057178;0.8553;-0.157;0.4938;-1.036731;0.839971;-0.104274;0.8553;-0.157;0.4938;-1.036731;0.839971;-0.104274;0.0;-0.157;-0.9876;-1.316374;-0.17574;0.057178;0.0;-0.157;-0.9876;-1.596016;0.839971;-0.104274;0.0;-0.157;-0.9876;-1.596016;0.839971;-0.104274;-0.8553;-0.157;0.4938;-1.316374;-0.17574;0.057178;-0.8553;-0.157;0.4938;-1.316374;0.839971;0.380082;-0.8553;-0.157;0.4938;-1.316374;0.839971;0.380082;0.0;1.0;0.0;-1.036731;0.839971;-0.104274;0.0;1.0;0.0;-1.596016;0.839971;-0.104274;0.0;1.0;0.0
12;0.90354544;0.90354544;0.90354544;0.15
1.551486;0.96506;1.045865;-0.9953;-0.0949;0.0212;1.671789;-0.369169;0.719624;-0.9953;-0.0949;0.0212;1.594087;0.635232;1.568302;-0.9953;-0.0949;0.0212;2.103208;0.879296;1.3138;0.4541;0.25;-0.8551;1.671789;-0.369169;0.719624;0.4541;0.25;-0.8551;1.551486;0.96506;1.045865;0.4541;0.25;-0.8551;1.594087;0.635232;1.568302;0.5673;-0.5055;0.6501;1.671789;-0.369169;0.719624;0.5673;-0.5055;0.6501;2.103208;0.879296;1.3138;0.5673;-0.5055;0.6501;1.594087;0.635232;1.568302;-0.1312;0.8334;0.5369;2.103208;0.879296;1.3138;-0.1312;0.8334;0.5369;1.551486;0.96506;1.045865;-0.1312;0.8334;0.5369
-4.367632;-1.295554;-2.314492;3.880662;6.625845;3.235463;1
231;3
171;0.58715105;0.723565;0.49062183;0.1
-0.342392;-1.056137;-0.722333;0.6604;0.3807;-0.6472;-0.884735;1.837182;0.426172;0.6604;0.3807;-0.6472;-0.061091;-1.064456;-0.440184;0.6604;0.3807;-0.6472;-0.884735;1.837182;0.426172;0.05;-0.2727;0.9608;-0.641429;-1.149058;-0.434008;0.05;-0.2727;0.9608;-0.061091;-1.064456;-0.440184;0.05;-0.2727;0.9608;-1.241415;1.847195;0.106458;-0.5223;-0.0544;-0.851;-0.555816;4.304237;-0.471273;-0.5223;-0.0544;-0.851;-0.167557;4.273117;-0.707578;-0.5223;-0.0544;-0.851;-0.641429;-1.149058;-0.434008;-0.6927;-0.0086;-0.7212;-1.241415;1.847195;0.106458;-0.6927;-0.0086;-0.7212;-0.342392;-1.056137;-0.722333;-0.6927;-0.0086;-0.7212;-0.167557;4.273117;-0.707578;-0.5192;0.0122;-0.8546;-0.555816;4.304237;-0.471273;-0.5192;0.0122;-0.8546;-0.788421;6.625845;-0.296837;-0.5192;0.0122;-0.8546;-0.884735;1.837182;0.426172;-0.0153;0.3436;0.939;-0.555816;4.304237;-0.471273;-0.0153;0.3436;0.939;-1.574444;1.862257;0.405766;-0.0153;0.3436;0.939;-0.884735;1.837182;0.426172;0.4876;-0.4823;-0.7278;-0.167557;4.273117;-0.707578;0.4876;-0.4823;-0.7278;0.197635;4.291616;-0.475145;0.4876;-0.4823;-0.7278;-0.555816;4.304237;-0.471273;0.0039;-0.0745;0.9972;0.197635;4.291616;-0.475145;0.0039;-0.0745;0.9972;-0.788421;6.625845;-0.296837;0.0039;-0.0745;0.9972;0.197635;4.291616;-0.475145;0.5061;0.2762;-0.8171;-0.167557;4.273117;-0.707578;0.5061;0.2762;-0.8171;-0.788421;6.625845;-0.296837;0.5061;0.2762;-0.8171;0.577772;-1.03633;-1.632765;0.1366;-0.0358;-0.99;1.940379;2.087183;-1.557693;0.1366;-0.0358;-0.99;1.09004;-1.098208;-1.559867;0.1366;-0.0358;-0.99;1.940379;2.087183;-1.557693;0.1796;0.2487;-0.9518;1.603611;2.306841;-1.563829;0.1796;0.2487;-0.9518;3.446743;4.051612;-0.760056;0.1796;0.2487;-0.9518;0.577772;-1.03633;-1.632765;-0.7057;0.2025;0.6789;1.922351;2.012713;-1.144776;-0.7057;0.2025;0.6789;1.603611;2.306841;-1.563829;-0.7057;0.2025;0.6789;1.09004;-1.098208;-1.559867;0.9665;-0.2557;-0.0219;1.922351;2.012713;-1.144776;0.9665;-0.2557;-0.0219;1.09751;-1.11639;-1.01807;0.9665;-0.2557;-0.0219;1.603611;2.306841;-1.563829;-0.6234;0.3326;0.7076;1.922351;2.012713;-1.144776;-0.6234;0.3326;0.7076;3.446743;4.051612;-0.760056;-0.6234;0.3326;0.7076;1.922351;2.012713;-1.144776;0.8053;-0.5887;-0.071;1.940379;2.087183;-1.557693;0.8053;-0.5887;-0.071;3.446743;4.051612;-0.760056;0.8053;-0.5887;-0.071;0.053002;-1.114441;2.35553;0.8658;0.2389;-0.4397;-1.294548;3.931387;2.443611;0.8658;0.2389;-0.4397;0.339697;-1.110495;2.922126;0.8658;0.2389;-0.4397;0.339697;-1.110495;2.922126;-0.2924;-0.004;0.9563;-1.294548;3.931387;2.443611;-0.2924;-0.004;0.9563;-0.521774;-1.235541;2.658141;-0.2924;-0.004;0.9563;-0.521774;-1.235541;2.658141;-0.4462;-0.1036;-0.8889;-1.294548;3.931387;2.443611;-0.4462;-0.1036;-0.8889;0.053002;-1.114441;2.35553;-0.4462;-0.1036;-0.8889;-2.613046;-1.150127;1.24013;-0.8962;0.2671;-0.3541;-1.787685;1.788366;1.367848;-0.8962;0.2671;-0.3541;-2.462841;-1.147597;0.86187;-0.8962;0.2671;-0.3541;-1.787685;1.788366;1.367848;0.8945;-0.1321;-0.4271;-2.223672;-1.227743;1.387502;0.8945;-0.1321;-0.4271;-2.462841;-1.147597;0.86187;0.8945;-0.1321;-0.4271;-1.843665;1.835564;1.904932;-0.2531;0.3388;0.9062;-1.344162;1.839249;2.043051;-0.2531;0.3388;0.9062;-2.235289;4.701773;0.724038;-0.2531;0.3388;0.9062;-2.223672;-1.227743;1.387502;-0.3709;-0.1098;0.9222;-1.843665;1.835564;1.904932;-0.3709;-0.1098;0.9222;-2.613046;-1.150127;1.24013;-0.3709;-0.1098;0.9222;-1.344162;1.839249;2.043051;0.8355;0.007;-0.5494;-1.787685;1.788366;1.367848;0.8355;0.007;-0.5494;-2.235289;4.701773;0.724038;0.8355;0.007;-0.5494;-1.787685;1.788366;1.367848;-0.9815;-0.1701;-0.0874;-1.843665;1.835564;1.904932;-0.9815;-0.1701;-0.0874;-2.235289;4.701773;0.724038;-0.9815;-0.1701;-0.0874;2.002866;-0.735805;1.690162;0.9969;-0.0472;-0.0633;2.197096;2.007577;2.70158;0.9969;-0.0472;-0.0633;2.224152;1.976489;3.150589;0.9969;-0.0472;-0.0633;2.224152;1.976489;3.150589;0.9982;-0.0013;-0.0602;2.197096;2.007577;2.70158;0.9982;-0.0013;-0.0602;2.186346;3.911798;2.483042;0.9982;-0.0013;-0.0602;1.571049;-0.726989;1.751532;-0.7543;0.3628;-0.5472;2.197096;2.007577;2.70158;-0.7543;0.3628;-0.5472;1.942075;-0.62475;1.307828;-0.7543;0.3628;-0.5472;1.571049;-0.726989;1.751532;0.1545;-0.4833;0.8617;2.224152;1.976489;3.150589;0.1545;-0.4833;0.8617;1.802948;1.993178;3.235463;0.1545;-0.4833;0.8617;2.197096;2.007577;2.70158;-0.8014;-0.0727;-0.5936;1.802948;1.993178;3.235463;-0.8014;-0.0727;-0.5936;2.186346;3.911798;2.483042;-0.8014;-0.0727;-0.5936;1.802948;1.993178;3.235463;0.1992;0.323;0.9252;2.224152;1.976489;3.150589;0.1992;0.323;0.9252;2.186346;3.911798;2.483042;0.1992;0.323;0.9252;-2.938281;-1.199018;-0.062785;0.4247;0.2392;0.8732;-2.665114;-1.209095;-0.192886;0.4247;0.2392;0.8732;-4.367632;3.139787;-0.555984;0.4247;0.2392;0.8732;-2.665114;-1.209095;-0.192886;0.2823;0.0304;-0.9589;-3.063506;-1.15854;-0.308557;0.2823;0.0304;-0.9589;-4.367632;3.139787;-0.555984;0.2823;0.0304;-0.9589;-3.063506;-1.15854;-0.308557;-0.8798;-0.2434;0.4082;-2.938281;-1.199018;-0.062785;-0.8798;-0.2434;0.4082;-4.367632;3.139787;-0.555984;-0.8798;-0.2434;0.4082;-1.284696;-1.080952;-1.776803;0.6725;0.2024;-0.7119;-2.14954;2.274927;-1.639644;0.6725;0.2024;-0.7119;-0.965568;-1.080952;-1.47535;0.6725;0.2024;-0.7119;-0.965568;-1.080952;-1.47535;-0.0;0.0489;0.9988;-2.14954;2.274927;-1.639644;-0.0;0.0489;0.9988;-1.603823;-1.080952;-1.47535;-0.0;0.0489;0.9988;-1.603823;-1.080952;-1.47535;-0.6794;-0.1457;-0.7192;-2.14954;2.274927;-1.639644;-0.6794;-0.1457;-0.7192;-1.284696;-1.080952;-1.776803;-0.6794;-0.1457;-0.7192;2.686789;-1.190379;0.339576;0.6627;-0.1829;-0.7262;3.571218;1.912089;0.365262;0.6627;-0.1829;-0.7262;2.988087;-1.295554;0.641029;0.6627;-0.1829;-0.7262;2.988087;-1.295554;0.641029;0.0281;0.0805;0.9964;3.571218;1.912089;0.365262;0.0281;0.0805;0.9964;2.385491;-1.085204;0.641029;0.0281;0.0805;0.9964;2.385491;-1.085204;0.641029;-0.6592;0.1939;-0.7265;3.571218;1.912089;0.365262;-0.6592;0.1939;-0.7265;2.686789;-1.190379;0.339576;-0.6592;0.1939;-0.7265;0.178893;-1.077476;0.31216;0.6788;0.1507;-0.7186;0.632209;2.82671;1.559278;0.6788;0.1507;-0.7186;0.498021;-1.077476;0.613613;0.6788;0.1507;-0.7186;0.498021;-1.077476;0.613613;0.0;-0.2354;0.9719;0.632209;2.82671;1.559278;0.0;-0.2354;0.9719;-0.140235;-1.077476;0.613613;0.0;-0.2354;0.9719;-0.140235;-1.077476;0.613613;-0.6555;0.2978;-0.694;0.632209;2.82671;1.559278;-0.6555;0.2978;-0.694;0.178893;-1.077476;0.31216;-0.6555;0.2978;-0.694;-0.342392;-1.056137;-0.722333;0.6215;0.3869;-0.6812;-1.241415;1.847195;0.106458;0.6215;0.3869;-0.6812;-0.884735;1.837182;0.426172;0.6215;0.3869;-0.6812;-0.884735;1.837182;0.426172;-0.0385;-0.2795;0.9594;-1.574444;1.862257;0.405766;-0.0385;-0.2795;0.9594;-0.641429;-1.149058;-0.434008;-0.0385;-0.2795;0.9594;-1.241415;1.847195;0.106458;-0.6681;0.0115;-0.744;-1.574444;1.862257;0.405766;-0.6681;0.0115;-0.744;-0.555816;4.304237;-0.471273;-0.6681;0.0115;-0.744;-0.641429;-1.149058;-0.434008;-0.6684;3.0E-4;-0.7438;-1.574444;1.862257;0.405766;-0.6684;3.0E-4;-0.7438;-1.241415;1.847195;0.106458;-0.6684;3.0E-4;-0.7438;-0.884735;1.837182;0.426172;0.0105;0.3406;0.9402;0.197635;4.291616;-0.475145;0.0105;0.3406;0.9402;-0.555816;4.304237;-0.471273;0.0105;0.3406;0.9402;-0.884735;1.837182;0.426172;0.5788;-0.4779;-0.6607;-1.241415;1.847195;0.106458;0.5788;-0.4779;-0.6607;-0.167557;4.273117;-0.707578;0.5788;-0.4779;-0.6607;0.577772;-1.03633;-1.632765;0.0264;0.0125;-0.9996;1.603611;2.306841;-1.563829;0.0264;0.0125;-0.9996;1.940379;2.087183;-1.557693;0.0264;0.0125;-0.9996;0.577772;-1.03633;-1.632765;-0.7309;0.2188;0.6465;1.09751;-1.11639;-1.01807;-0.7309;0.2188;0.6465;1.922351;2.012713;-1.144776;-0.7309;0.2188;0.6465;1.09004;-1.098208;-1.559867;0.9662;-0.2579;-0.0043;1.940379;2.087183;-1.557693;0.9662;-0.2579;-0.0043;1.922351;2.012713;-1.144776;0.9662;-0.2579;-0.0043;-2.613046;-1.150127;1.24013;-0.954;0.2733;-0.1235;-1.843665;1.835564;1.904932;-0.954;0.2733;-0.1235;-1.787685;1.788366;1.367848;-0.954;0.2733;-0.1235;-1.787685;1.788366;1.367848;0.8336;-0.124;-0.5382;-1.344162;1.839249;2.043051;0.8336;-0.124;-0.5382;-2.223672;-1.227743;1.387502;0.8336;-0.124;-0.5382;-2.223672;-1.227743;1.387502;-0.2634;-0.1288;0.956;-1.344162;1.839249;2.043051;-0.2634;-0.1288;0.956;-1.843665;1.835564;1.904932;-0.2634;-0.1288;0.956;2.002866;-0.735805;1.690162;0.987;-0.0109;-0.1601;1.942075;-0.62475;1.307828;0.987;-0.0109;-0.1601;2.197096;2.007577;2.70158;0.987;-0.0109;-0.1601;1.571049;-0.726989;1.751532;-0.7543;0.3628;-0.5471;1.802948;1.993178;3.235463;-0.7543;0.3628;-0.5471;2.197096;2.007577;2.70158;-0.7543;0.3628;-0.5471;1.571049;-0.726989;1.751532;0.114;-0.4782;0.8708;2.002866;-0.735805;1.690162;0.114;-0.4782;0.8708;2.224152;1.976489;3.150589;0.114;-0.4782;0.8708
36;0.97475743;0.64273083;0.8800556;0.1
3.114529;2.443424;0.077208;-0.5289;0.0765;0.8452;3.47283;1.557848;0.381536;-0.5289;0.0765;0.8452;3.850836;2.510892;0.531847;-0.5289;0.0765;0.8452;0.06679;3.273633;1.492169;-0.8249;-0.4521;0.3394;0.549178;2.360065;1.447805;-0.8249;-0.4521;0.3394;0.549178;2.980918;2.274737;-0.8249;-0.4521;0.3394;-2.722681;0.757466;0.16404;0.8249;-0.3045;0.4763;-2.722681;-0.158478;-0.421574;0.8249;-0.3045;0.4763;-2.215525;0.757466;-0.71438;0.8249;-0.3045;0.4763;3.880662;2.370594;-0.324203;-0.4481;-0.4473;-0.774;3.47283;1.557848;0.381536;-0.4481;-0.4473;-0.774;3.114529;2.443424;0.077208;-0.4481;-0.4473;-0.774;1.031567;3.273633;1.492169;0.0;0.0485;-0.9988;0.549178;2.360065;1.447805;0.0;0.0485;-0.9988;0.06679;3.273633;1.492169;0.0;0.0485;-0.9988;-2.215525;0.757466;-0.71438;0.0;-0.3045;-0.9525;-2.722681;-0.158478;-0.421574;0.0;-0.3045;-0.9525;-3.229837;0.757466;-0.71438;0.0;-0.3045;-0.9525;0.549178;2.980918;2.274737;0.8249;-0.4521;0.3394;0.549178;2.360065;1.447805;0.8249;-0.4521;0.3394;1.031567;3.273633;1.492169;0.8249;-0.4521;0.3394;0.549178;2.980918;2.274737;0.0;0.9366;0.3503;1.031567;3.273633;1.492169;0.0;0.9366;0.3503;0.06679;3.273633;1.492169;0.0;0.9366;0.3503;-3.229837;0.757466;-0.71438;-0.8249;-0.3045;0.4763;-2.722681;-0.158478;-0.421574;-0.8249;-0.3045;0.4763;-2.722681;0.757466;0.16404;-0.8249;-0.3045;0.4763;-2.722681;0.757466;0.16404;0.0;1.0;0.0;-2.215525;0.757466;-0.71438;0.0;1.0;0.0;-3.229837;0.757466;-0.71438;0.0;1.0;0.0;3.850836;2.510892;0.531847;0.9202;-0.3799;0.0943;3.47283;1.557848;0.381536;0.9202;-0.3799;0.0943;3.880662;2.370594;-0.324203;0.9202;-0.3799;0.0943;3.850836;2.510892;0.531847;0.0092;0.9868;-0.1614;3.880662;2.370594;-0.324203;0.0092;0.9868;-0.1614;3.114529;2.443424;0.077208;0.0092;0.9868;-0.1614
24;0.90354544;0.90354544;0.90354544;0.1
0.302189;0.940355;2.183571;-0.9782;-0.2021;-0.0478;0.510904;-0.03158;2.022666;-0.9782;-0.2021;-0.0478;0.362159;0.476053;2.91901;-0.9782;-0.2021;-0.0478;1.078853;0.819624;2.560745;0.454;0.2396;-0.8582;0.510904;-0.03158;2.022666;0.454;0.2396;-0.8582;0.302189;0.940355;2.183571;0.454;0.2396;-0.8582;0.362159;0.476053;2.91901;0.5622;-0.6761;0.4762;0.510904;-0.03158;2.022666;0.5622;-0.6761;0.4762;1.078853;0.819624;2.560745;0.5622;-0.6761;0.4762;0.362159;0.476053;2.91901;-0.1312;0.8334;0.5369;1.078853;0.819624;2.560745;-0.1312;0.8334;0.5369;0.302189;0.940355;2.183571;-0.1312;0.8334;0.5369;-1.979382;2.16797;-2.314492;-0.7433;-0.4666;-0.4793;-2.035431;1.475216;-1.553099;-0.7433;-0.4666;-0.4793;-2.545504;2.403806;-1.666111;-0.7433;-0.4666;-0.4793;-1.678362;2.602812;-1.595597;0.9305;-0.3024;-0.2067;-2.035431;1.475216;-1.553099;0.9305;-0.3024;-0.2067;-1.979382;2.16797;-2.314492;0.9305;-0.3024;-0.2067;-2.545504;2.403806;-1.666111;-0.0963;0.0679;0.993;-2.035431;1.475216;-1.553099;-0.0963;0.0679;0.993;-1.678362;2.602812;-1.595597;-0.0963;0.0679;0.993;-2.545504;2.403806;-1.666111;-0.1629;0.8729;-0.4598;-1.678362;2.602812;-1.595597;-0.1629;0.8729;-0.4598;-1.979382;2.16797;-2.314492;-0.1629;0.8729;-0.4598
5
SPREADER;7;0.1;0.1;0.1;5.5;5;
INFO;NameId;615;DescId;616;price;12890;dpPerMin;0;range;2;placeSound;grassPlace
LIFE;averagePop;9.0;averageLife;6.5;popFactors;1;0.3;breedMat;3.25;breedTime;2.3517685;parentId;-1;FADE_DEATH;0.5;enviroReqCount;2;reqId;2;barren;1;goodBiomes;1;7;idealFactor;100;influence;0.7;reqId;1;minAltitude;0;maxAltitude;65;influence;0.8
GROWTH;dynamic;0;growthTime;2.1666667;modelStages;3;subStages;1
FOOD;1;902;15;WHOLE;PARTICLE_DEATH;isColour;1;Spawn;0;PPS;8;Speed;0.6;Gravity;0.2;Life;0.5;Scale;0.05;Colour;0.58715105;0.723565;0.49062183;Additive;0;Alpha;1;FadeIn;0.1;FadeOut;0.8;HasDir;1;Dir;0;1;0;Deviation;0.3;Offset;0;0;0;LifeError;0.4;ScaleError;0.1;SpeedError;0.1;RandomRot;1;HasXRot;0

