1
afs
1;0;-0.3
2
-0.091864;-0.013007;-0.263748;0.083431;0.153152;0.231467;1
66;3
9;1.0;0.5482;0.638298
0.090701;0.011868;0.122407;0.0;-0.978759;0.204932;-0.001998;0.065388;0.378023;0.0;-0.978759;0.204932;-0.094697;0.011868;0.122407;0.0;-0.978759;0.204932;-0.001998;0.172427;0.122407;0.847621;0.489364;0.204932;-0.001998;0.065388;0.378023;0.847621;0.489364;0.204932;0.090701;0.011868;0.122407;0.847621;0.489364;0.204932;-0.094697;0.011868;0.122407;-0.847621;0.489364;0.204932;-0.001998;0.065388;0.378023;-0.847621;0.489364;0.204932;-0.001998;0.172427;0.122407;-0.847621;0.489364;0.204932
39;0.254562;0.5596;0.531329
-0.004804;0.060314;0.032995;-0.098331;0.0;-0.995148;0.136277;-0.053252;0.019053;-0.098331;0.0;-0.995148;-0.004804;0.036986;0.032995;-0.098331;0.0;-0.995148;-0.004804;0.060314;0.032995;-0.001007;0.0;0.999969;-0.154767;-0.054769;0.032842;-0.001007;0.0;0.999969;-0.004804;0.036986;0.032995;-0.001007;0.0;0.999969;0.090701;0.011868;0.122408;0.598071;0.770196;-0.221503;0.136277;-0.053252;0.019053;0.598071;0.770196;-0.221503;-0.004804;0.060314;0.032995;0.598071;0.770196;-0.221503;-0.004804;0.036986;0.032995;-0.493393;-0.817347;0.297403;0.136277;-0.053252;0.019053;-0.493393;-0.817347;0.297403;0.090701;0.011868;0.122408;-0.493393;-0.817347;0.297403;-0.094697;0.011868;0.122408;0.598834;-0.780572;0.179113;-0.154767;-0.054769;0.032842;0.598834;-0.780572;0.179113;-0.004804;0.060314;0.032995;0.598834;-0.780572;0.179113;-0.001998;0.098687;-0.294495;0.988952;0.148167;0.001068;0.005487;0.048738;-0.294495;0.988952;0.148167;0.001068;0.019998;-0.047015;-0.444185;0.988952;0.148167;0.001068;-0.009482;0.048738;-0.294495;-0.988952;0.148167;0.001068;-0.001998;0.098687;-0.294495;-0.988952;0.148167;0.001068;-0.023993;-0.047015;-0.444185;-0.988952;0.148167;0.001068;0.005487;0.048738;-0.294495;0.0;-0.842372;0.538835;-0.009482;0.048738;-0.294495;0.0;-0.842372;0.538835;-0.023993;-0.047015;-0.444185;0.0;-0.842372;0.538835;-0.001998;0.221105;-0.444185;0.0;0.0;-1.0;0.019998;-0.047015;-0.444185;0.0;0.0;-1.0;-0.023993;-0.047015;-0.444185;0.0;0.0;-1.0;-0.004804;0.036986;0.032995;-0.501724;0.82049;-0.273934;-0.154767;-0.054769;0.032842;-0.501724;0.82049;-0.273934;-0.094697;0.011868;0.122408;-0.501724;0.82049;-0.273934;-0.001998;0.221105;-0.444185;0.994415;0.081576;0.066713;-0.001998;0.098687;-0.294495;0.994415;0.081576;0.066713;0.019998;-0.047015;-0.444185;0.994415;0.081576;0.066713;-0.001998;0.098687;-0.294495;-0.994415;0.081576;0.066713;-0.001998;0.221105;-0.444185;-0.994415;0.081576;0.066713;-0.023993;-0.047015;-0.444185;-0.994415;0.081576;0.066713;0.019998;-0.047015;-0.444185;0.0;-0.842372;0.538835;0.005487;0.048738;-0.294495;0.0;-0.842372;0.538835;-0.023993;-0.047015;-0.444185;0.0;-0.842372;0.538835
18;-1;0;0
0.090701;0.011868;0.122408;0.0;-0.996094;-0.088076;-0.094697;0.011868;0.122408;0.0;-0.996094;-0.088076;-0.009482;0.048738;-0.294495;0.0;-0.996094;-0.088076;-0.001998;0.172427;0.122408;0.862636;0.498032;-0.088076;0.090701;0.011868;0.122408;0.862636;0.498032;-0.088076;-0.001998;0.098687;-0.294495;0.862636;0.498032;-0.088076;-0.009482;0.048738;-0.294495;-0.97174;0.145604;-0.185736;-0.094697;0.011868;0.122408;-0.97174;0.145604;-0.185736;-0.001998;0.098687;-0.294495;-0.97174;0.145604;-0.185736;0.005487;0.048738;-0.294495;0.0;-0.996094;-0.088076;0.090701;0.011868;0.122408;0.0;-0.996094;-0.088076;-0.009482;0.048738;-0.294495;0.0;-0.996094;-0.088076;-0.094697;0.011868;0.122408;-0.862636;0.498032;-0.088076;-0.001998;0.172427;0.122408;-0.862636;0.498032;-0.088076;-0.001998;0.098687;-0.294495;-0.862636;0.498032;-0.088076;0.090701;0.011868;0.122408;0.97174;0.145604;-0.185736;0.005487;0.048738;-0.294495;0.97174;0.145604;-0.185736;-0.001998;0.098687;-0.294495;0.97174;0.145604;-0.185736
-0.304712;-0.146984;-1.493489;0.336044;0.642442;1.134191;3
105;4
12;1.0;0.5482;0.638298
-0.00241;0.471071;0.751464;0.763726;0.557909;0.324656;-0.002411;0.248341;1.134191;0.763726;0.557909;0.324656;0.139818;0.248342;0.799624;0.763726;0.557909;0.324656;-0.002411;0.025612;0.751464;-0.764855;-0.556749;0.324015;-0.002411;0.248341;1.134191;-0.764855;-0.556749;0.324015;-0.144143;0.248342;0.799624;-0.764855;-0.556749;0.324015;0.139818;0.248342;0.799624;0.763726;-0.557909;0.324656;-0.002411;0.248341;1.134191;0.763726;-0.557909;0.324656;-0.002411;0.025612;0.751464;0.763726;-0.557909;0.324656;-0.144143;0.248342;0.799624;-0.764855;0.556749;0.324015;-0.002411;0.248341;1.134191;-0.764855;0.556749;0.324015;-0.00241;0.471071;0.751464;-0.764855;0.556749;0.324015
24;0.289717;0.441056;0.64
0.069175;0.248342;-0.832511;0.780175;-0.570421;0.256661;-0.00241;0.150433;-0.832511;0.780175;-0.570421;0.256661;-0.00241;-0.146984;-1.493489;0.780175;-0.570421;0.256661;-0.00241;0.346251;-0.832511;0.78692;0.575335;0.222907;0.069175;0.248342;-0.832511;0.78692;0.575335;0.222907;-0.00241;0.602339;-1.493489;0.78692;0.575335;0.222907;-0.00241;0.150433;-0.832511;-0.780175;-0.570421;0.256661;-0.073995;0.248342;-0.832511;-0.780175;-0.570421;0.256661;-0.00241;-0.146984;-1.493489;-0.780175;-0.570421;0.256661;-0.073995;0.248342;-0.832511;-0.78692;0.575335;0.222907;-0.00241;0.346251;-0.832511;-0.78692;0.575335;0.222907;-0.00241;0.602339;-1.493489;-0.78692;0.575335;0.222907;0.192462;0.248342;0.097099;0.802637;0.58684;-0.106449;0.069175;0.248342;-0.832511;0.802637;0.58684;-0.106449;-0.00241;0.346251;-0.832511;0.802637;0.58684;-0.106449;0.069175;0.248342;-0.832511;0.802637;-0.58684;-0.106449;0.192462;0.248342;0.097099;0.802637;-0.58684;-0.106449;-0.00241;0.150433;-0.832511;0.802637;-0.58684;-0.106449;-0.197283;0.248342;0.097099;-0.802637;-0.58684;-0.106449;-0.073995;0.248342;-0.832511;-0.802637;-0.58684;-0.106449;-0.00241;0.150433;-0.832511;-0.802637;-0.58684;-0.106449;-0.073995;0.248342;-0.832511;-0.802637;0.58684;-0.106449;-0.197283;0.248342;0.097099;-0.802637;0.58684;-0.106449;-0.00241;0.346251;-0.832511;-0.802637;0.58684;-0.106449
33;0.254562;0.5596;0.531329
-0.035635;0.418354;-0.271763;0.0;-0.49559;-0.868526;0.001756;0.642442;-0.399629;0.0;-0.49559;-0.868526;0.039147;0.418354;-0.271763;0.0;-0.49559;-0.868526;-0.00241;0.523733;0.145259;-0.982696;0.182348;0.032197;0.001756;0.642442;-0.399629;-0.982696;0.182348;0.032197;-0.035635;0.418354;-0.271763;-0.982696;0.182348;0.032197;0.039147;0.418354;-0.271763;0.980224;0.191656;0.049226;0.001756;0.642442;-0.399629;0.980224;0.191656;0.049226;-0.00241;0.523733;0.145259;0.980224;0.191656;0.049226;0.103142;0.275725;0.383306;0.141575;-0.082888;-0.986419;0.336044;-0.078213;0.446479;0.141575;-0.082888;-0.986419;0.065357;0.21119;0.383306;0.141575;-0.082888;-0.986419;-0.106969;0.275725;0.383306;0.003265;0.001923;0.999969;-0.304712;-0.051092;0.384587;0.003265;0.001923;0.999969;-0.069185;0.21119;0.383306;0.003265;0.001923;0.999969;0.139818;0.248342;0.799624;0.837855;0.544542;-0.037996;0.336044;-0.078213;0.446479;0.837855;0.544542;-0.037996;0.103142;0.275725;0.383306;0.837855;0.544542;-0.037996;0.065357;0.21119;0.383306;-0.737358;-0.648274;0.189734;0.336044;-0.078213;0.446479;-0.737358;-0.648274;0.189734;0.139818;0.248342;0.799624;-0.737358;-0.648274;0.189734;-0.144143;0.248342;0.799624;0.854885;-0.517075;0.042299;-0.304712;-0.051092;0.384587;0.854885;-0.517075;0.042299;-0.106969;0.275725;0.383306;0.854885;-0.517075;0.042299;-0.069185;0.21119;0.383306;-0.730918;0.655416;-0.190069;-0.304712;-0.051092;0.384587;-0.730918;0.655416;-0.190069;-0.144143;0.248342;0.799624;-0.730918;0.655416;-0.190069;-0.00241;0.602339;-1.493489;0.994171;0.0;-0.107669;0.069175;0.248342;-0.832511;0.994171;0.0;-0.107669;-0.00241;-0.146984;-1.493489;0.994171;0.0;-0.107669;-0.073995;0.248342;-0.832511;-0.994171;0.0;-0.107669;-0.00241;0.602339;-1.493489;-0.994171;0.0;-0.107669;-0.00241;-0.146984;-1.493489;-0.994171;0.0;-0.107669
36;-1;0;0
-0.00241;0.471071;0.751464;0.834956;0.546709;0.062563;0.139818;0.248342;0.799624;0.834956;0.546709;0.062563;0.192462;0.248342;0.097099;0.834956;0.546709;0.062563;-0.00241;0.523733;0.145259;0.802759;0.586657;-0.106479;0.192462;0.248342;0.097099;0.802759;0.586657;-0.106479;-0.00241;0.346251;-0.832511;0.802759;0.586657;-0.106479;-0.144143;0.248342;0.799624;-0.835719;0.545457;0.063204;-0.00241;0.471071;0.751464;-0.835719;0.545457;0.063204;-0.197283;0.248342;0.097099;-0.835719;0.545457;0.063204;0.139818;0.248342;0.799624;0.834956;-0.546709;0.062563;-0.002411;0.025612;0.751464;0.834956;-0.546709;0.062563;0.192462;0.248342;0.097099;0.834956;-0.546709;0.062563;-0.002411;0.025612;0.751464;-0.835719;-0.545457;0.063204;-0.144143;0.248342;0.799624;-0.835719;-0.545457;0.063204;-0.197283;0.248342;0.097099;-0.835719;-0.545457;0.063204;0.192462;0.248342;0.097099;0.802759;-0.586688;-0.106479;-0.00241;-0.02705;0.145259;0.802759;-0.586688;-0.106479;-0.00241;0.150433;-0.832511;0.802759;-0.586688;-0.106479;-0.00241;-0.02705;0.145259;-0.802759;-0.586688;-0.106479;-0.197283;0.248342;0.097099;-0.802759;-0.586688;-0.106479;-0.00241;0.150433;-0.832511;-0.802759;-0.586688;-0.106479;-0.197283;0.248342;0.097099;-0.802759;0.586688;-0.106479;-0.00241;0.523733;0.145259;-0.802759;0.586688;-0.106479;-0.00241;0.346251;-0.832511;-0.802759;0.586688;-0.106479;-0.00241;0.523733;0.145259;0.819361;0.571093;0.049593;-0.00241;0.471071;0.751464;0.819361;0.571093;0.049593;0.192462;0.248342;0.097099;0.819361;0.571093;0.049593;-0.00241;0.471071;0.751464;-0.819361;0.571093;0.049593;-0.00241;0.523733;0.145259;-0.819361;0.571093;0.049593;-0.197283;0.248342;0.097099;-0.819361;0.571093;0.049593;-0.002411;0.025612;0.751464;0.819361;-0.571093;0.049593;-0.00241;-0.02705;0.145259;0.819361;-0.571093;0.049593;0.192462;0.248342;0.097099;0.819361;-0.571093;0.049593;-0.00241;-0.02705;0.145259;-0.819361;-0.571093;0.049593;-0.002411;0.025612;0.751464;-0.819361;-0.571093;0.049593;-0.197283;0.248342;0.097099;-0.819361;-0.571093;0.049593
8
MATERIAL;second;0;count;9;CUSTOM;0.634066;0.675549;0.8;100;PINK;8500;ORANGE;13000;LIGHT_GREEN;16000;DARK_BLUE;20000;RED;55000;YELLOW;90000;DARK_PURPLE;100000;BLACK;600000
INFO;NameId;389;DescId;390;price;870;dpPerMin;23;range;2;placeSound;splash
LIFE;averagePop;6.0;averageLife;15.0;popFactors;1;0.1;breedMat;7.5;breedTime;5.4243164;parentId;-1;FLOAT_DEATH;deathRot;180;enviroReqCount;4;reqId;2;barren;0;goodBiomes;1;2;idealFactor;70;influence;0.85;reqId;3;badBiomes;1;9;influence;0.8;reqId;6;dislikedSpecies;1;pnw136;influence;0.85;reqId;5;likedSpecies;1;pnw;influence;0.9
GROWTH;dynamic;1;growthTime;5.0;modelStages;2
MOVEMENT;9;speed;0.6;xRot;2;minRot;-12;maxRot;12;rockSpeed;2;swimHeight;4;eggStage;0;swimFactor;1;swimInertia;0.25
AI;SWIM
FLEE;safeRange;2.2;land;0;water;1;
FOOD;1;903;28;WHOLE;PARTICLE_DEATH;isColour;1;Spawn;0;PPS;8;Speed;0.6;Gravity;0.2;Life;0.5;Scale;0.02;Colour;0.7;0.2;0.2;Additive;0;Alpha;1;FadeIn;0.1;FadeOut;0.8;HasDir;1;Dir;0;1;0;Deviation;0.3;Offset;0;0;0;LifeError;0.4;ScaleError;0.1;SpeedError;0.1;RandomRot;1;HasXRot;0
