0.9
ptw
0;1
3
-0.722152;-0.047421;-0.656789;1.011067;2.271149;0.444022;1
108;2
54;-1.0;0.0;0.0;0.12
1.011067;1.388562;-0.610712;0.0787;0.0396;-0.9961;0.179109;1.88263;-0.656789;0.0787;0.0396;-0.9961;0.824141;1.898469;-0.605199;0.0787;0.0396;-0.9961;2.29E-4;1.71303;-0.337617;-0.5751;-0.7802;-0.2459;0.57256;1.29452;-0.34833;-0.5751;-0.7802;-0.2459;0.18441;1.476392;-0.017558;-0.5751;-0.7802;-0.2459;0.689607;1.815486;0.248645;0.9321;-0.0253;0.3612;1.011067;1.388562;-0.610712;0.9321;-0.0253;0.3612;0.898034;2.205675;-0.261903;0.9321;-0.0253;0.3612;0.57256;1.29452;-0.34833;0.1788;-0.7584;0.6268;0.689607;1.815486;0.248645;0.1788;-0.7584;0.6268;0.18441;1.476392;-0.017558;0.1788;-0.7584;0.6268;2.29E-4;1.71303;-0.337617;-0.3699;-0.4855;-0.7921;1.011067;1.388562;-0.610712;-0.3699;-0.4855;-0.7921;0.57256;1.29452;-0.34833;-0.3699;-0.4855;-0.7921;0.898034;2.205675;-0.261903;0.8334;0.3105;-0.4572;1.011067;1.388562;-0.610712;0.8334;0.3105;-0.4572;0.824141;1.898469;-0.605199;0.8334;0.3105;-0.4572;0.179109;1.88263;-0.656789;0.0354;0.7409;-0.6707;0.898034;2.205675;-0.261903;0.0354;0.7409;-0.6707;0.824141;1.898469;-0.605199;0.0354;0.7409;-0.6707;0.689607;1.815486;0.248645;-0.3627;0.8918;0.2706;0.179109;1.88263;-0.656789;-0.3627;0.8918;0.2706;2.29E-4;1.71303;-0.337617;-0.3627;0.8918;0.2706;0.689607;1.815486;0.248645;-0.6253;0.4107;0.6635;2.29E-4;1.71303;-0.337617;-0.6253;0.4107;0.6635;0.18441;1.476392;-0.017558;-0.6253;0.4107;0.6635;0.689607;1.815486;0.248645;0.4677;-0.7094;0.5273;0.57256;1.29452;-0.34833;0.4677;-0.7094;0.5273;1.011067;1.388562;-0.610712;0.4677;-0.7094;0.5273;2.29E-4;1.71303;-0.337617;-0.3869;-0.7067;-0.5924;0.179109;1.88263;-0.656789;-0.3869;-0.7067;-0.5924;1.011067;1.388562;-0.610712;-0.3869;-0.7067;-0.5924;0.689607;1.815486;0.248645;-0.5399;0.7605;0.3608;0.898034;2.205675;-0.261903;-0.5399;0.7605;0.3608;0.179109;1.88263;-0.656789;-0.5399;0.7605;0.3608;-0.53908;1.528134;-0.345831;0.7296;-0.5491;-0.4077;0.067468;1.949156;0.172684;0.7296;-0.5491;-0.4077;-0.291012;1.378829;0.299235;0.7296;-0.5491;-0.4077;-0.53908;1.528134;-0.345831;0.619;0.0714;-0.7821;-0.274452;2.271149;-0.068565;0.619;0.0714;-0.7821;0.067468;1.949156;0.172684;0.619;0.0714;-0.7821;0.067468;1.949156;0.172684;0.3241;0.0062;0.946;-0.722152;1.831046;0.444022;0.3241;0.0062;0.946;-0.291012;1.378829;0.299235;0.3241;0.0062;0.946;0.067468;1.949156;0.172684;0.1426;0.686;0.7135;-0.274452;2.271149;-0.068565;0.1426;0.686;0.7135;-0.722152;1.831046;0.444022;0.1426;0.686;0.7135;-0.722152;1.831046;0.444022;-0.83;0.4287;-0.3568;-0.274452;2.271149;-0.068565;-0.83;0.4287;-0.3568;-0.53908;1.528134;-0.345831;-0.83;0.4287;-0.3568;-0.722152;1.831046;0.444022;-0.7022;-0.7038;0.1072;-0.53908;1.528134;-0.345831;-0.7022;-0.7038;0.1072;-0.291012;1.378829;0.299235;-0.7022;-0.7038;0.1072
54;0.6697248;0.61550105;0.48332787;0.08
-0.017511;-0.045046;-0.133775;0.8609;-0.0934;-0.5001;0.199048;0.935927;0.055755;0.8609;-0.0934;-0.5001;0.125457;-0.047421;0.112767;0.8609;-0.0934;-0.5001;0.199048;0.935927;0.055755;-0.0044;0.0582;0.9983;-0.157851;-0.042511;0.111233;-0.0044;0.0582;0.9983;0.125457;-0.047421;0.112767;-0.0044;0.0582;0.9983;0.097632;0.970177;-0.053073;-0.8498;0.4634;-0.2512;0.061107;0.980873;0.090235;-0.8498;0.4634;-0.2512;0.744582;1.986479;-0.366874;-0.8498;0.4634;-0.2512;0.061107;0.980873;0.090235;-0.8539;0.1726;-0.4909;-0.017511;-0.045046;-0.133775;-0.8539;0.1726;-0.4909;-0.157851;-0.042511;0.111233;-0.8539;0.1726;-0.4909;0.092531;0.876687;-0.054563;0.3877;0.5961;-0.7031;-0.23302;1.237113;0.071489;0.3877;0.5961;-0.7031;0.185227;0.923809;0.036497;0.3877;0.5961;-0.7031;0.061107;0.980873;0.090235;0.3025;0.2163;0.9283;0.199048;0.935927;0.055755;0.3025;0.2163;0.9283;0.744582;1.986479;-0.366874;0.3025;0.2163;0.9283;0.199048;0.935927;0.055755;0.5255;-0.538;-0.6591;0.097632;0.970177;-0.053073;0.5255;-0.538;-0.6591;0.744582;1.986479;-0.366874;0.5255;-0.538;-0.6591;0.065452;0.849338;0.071556;-0.1846;-0.1419;0.9725;-0.23302;1.237113;0.071489;-0.1846;-0.1419;0.9725;-0.340061;1.193539;0.044818;-0.1846;-0.1419;0.9725;0.065452;0.849338;0.071556;-0.6659;-0.6866;-0.2919;-0.268216;1.222172;-0.044316;-0.6659;-0.6866;-0.2919;0.092531;0.876687;-0.054563;-0.6659;-0.6866;-0.2919;-0.23302;1.237113;0.071489;0.8864;0.3407;-0.3134;-0.268216;1.222172;-0.044316;0.8864;0.3407;-0.3134;-0.478403;1.837633;0.030204;0.8864;0.3407;-0.3134;-0.268216;1.222172;-0.044316;-0.7388;-0.1735;-0.6512;-0.340061;1.193539;0.044818;-0.7388;-0.1735;-0.6512;-0.478403;1.837633;0.030204;-0.7388;-0.1735;-0.6512;-0.340061;1.193539;0.044818;-0.2311;-0.0276;0.9725;-0.23302;1.237113;0.071489;-0.2311;-0.0276;0.9725;-0.478403;1.837633;0.030204;-0.2311;-0.0276;0.9725;-0.017511;-0.045046;-0.133775;0.7269;-0.0279;-0.6862;0.097632;0.970177;-0.053073;0.7269;-0.0279;-0.6862;0.199048;0.935927;0.055755;0.7269;-0.0279;-0.6862;0.199048;0.935927;0.055755;0.2332;-0.03;0.972;0.061107;0.980873;0.090235;0.2332;-0.03;0.972;-0.157851;-0.042511;0.111233;0.2332;-0.03;0.972;0.061107;0.980873;0.090235;-0.9586;0.1289;-0.2539;0.097632;0.970177;-0.053073;-0.9586;0.1289;-0.2539;-0.017511;-0.045046;-0.133775;-0.9586;0.1289;-0.2539;0.092531;0.876687;-0.054563;0.6577;0.6954;-0.2896;-0.268216;1.222172;-0.044316;0.6577;0.6954;-0.2896;-0.23302;1.237113;0.071489;0.6577;0.6954;-0.2896;0.065452;0.849338;0.071556;0.192;0.1479;0.9702;0.185227;0.923809;0.036497;0.192;0.1479;0.9702;-0.23302;1.237113;0.071489;0.192;0.1479;0.9702;0.065452;0.849338;0.071556;-0.4942;-0.6288;-0.6003;-0.340061;1.193539;0.044818;-0.4942;-0.6288;-0.6003;-0.268216;1.222172;-0.044316;-0.4942;-0.6288;-0.6003
-3.749621;-0.557917;-4.003797;3.861558;7.901424;2.411928;3.33333;0;extraBounds;2;-3.579593;4.560363;-3.800553;3.641785;7.847029;2.245742;-0.228869;-0.005749;-0.467812;0.570928;4.707349;0.269792
240;2
72;0.6697248;0.61550105;0.48332787;0.04
-0.267156;-0.450027;-0.167157;0.2718;-0.1398;-0.9522;0.585075;3.317272;-0.477012;0.2718;-0.1398;-0.9522;0.229973;-0.564962;-0.008394;0.2718;-0.1398;-0.9522;0.134188;3.455609;-0.372891;-0.5122;0.8044;0.3009;1.241154;4.361026;-0.909308;-0.5122;0.8044;0.3009;0.996686;4.326052;-1.231911;-0.5122;0.8044;0.3009;-0.267156;-0.450027;-0.167157;-0.8042;0.1134;0.5834;0.316741;3.4359;-0.117409;-0.8042;0.1134;0.5834;0.134188;3.455609;-0.372891;-0.8042;0.1134;0.5834;0.229973;-0.564962;-0.008394;0.6871;0.0049;0.7266;0.316741;3.4359;-0.117409;0.6871;0.0049;0.7266;-0.121238;-0.468098;0.323066;0.6871;0.0049;0.7266;-0.267156;-0.450027;-0.167157;-0.2329;-0.0273;-0.9721;0.134188;3.455609;-0.372891;-0.2329;-0.0273;-0.9721;0.585075;3.317272;-0.477012;-0.2329;-0.0273;-0.9721;1.241154;4.361026;-0.909308;-0.6968;0.5425;0.4692;3.391031;7.054006;-0.830197;-0.6968;0.5425;0.4692;0.996686;4.326052;-1.231911;-0.6968;0.5425;0.4692;0.316741;3.4359;-0.117409;0.7489;-0.2105;0.6283;0.585075;3.317272;-0.477012;0.7489;-0.2105;0.6283;1.241154;4.361026;-0.909308;0.7489;-0.2105;0.6283;0.585075;3.317272;-0.477012;-0.3129;-0.4839;-0.8173;0.996686;4.326052;-1.231911;-0.3129;-0.4839;-0.8173;1.305196;4.145184;-1.242953;-0.3129;-0.4839;-0.8173;-0.322145;6.621292;-2.914686;-0.7962;-0.014;0.6049;0.996686;4.326052;-1.231911;-0.7962;-0.014;0.6049;1.241154;4.361026;-0.909308;-0.7962;-0.014;0.6049;0.996686;4.326052;-1.231911;-0.4207;-0.6811;-0.5992;-0.322145;6.621292;-2.914686;-0.4207;-0.6811;-0.5992;1.305196;4.145184;-1.242953;-0.4207;-0.6811;-0.5992;-0.322145;6.621292;-2.914686;0.8683;0.4755;-0.141;1.241154;4.361026;-0.909308;0.8683;0.4755;-0.141;1.305196;4.145184;-1.242953;0.8683;0.4755;-0.141;0.148246;3.098736;-0.364209;-0.1668;0.1205;-0.9786;-2.440447;6.020761;0.437088;-0.1668;0.1205;-0.9786;0.396759;3.316258;-0.379783;-0.1668;0.1205;-0.9786;-0.429945;4.00426;-0.173833;-0.1181;0.6734;-0.7298;-0.592103;4.117468;-0.043131;-0.1181;0.6734;-0.7298;0.771621;5.299448;0.82697;-0.1181;0.6734;-0.7298;-0.486554;3.9356;0.009077;0.7414;-0.6706;-0.0223;-0.429945;4.00426;-0.173833;0.7414;-0.6706;-0.0223;0.771621;5.299448;0.82697;0.7414;-0.6706;-0.0223;-0.592103;4.117468;-0.043131;-0.5076;-0.0476;0.8603;-0.486554;3.9356;0.009077;-0.5076;-0.0476;0.8603;0.771621;5.299448;0.82697;-0.5076;-0.0476;0.8603;0.134188;3.455609;-0.372891;-0.4616;0.7961;0.3912;0.316741;3.4359;-0.117409;-0.4616;0.7961;0.3912;1.241154;4.361026;-0.909308;-0.4616;0.7961;0.3912;-0.267156;-0.450027;-0.167157;-0.9478;0.1387;0.2872;-0.121238;-0.468098;0.323066;-0.9478;0.1387;0.2872;0.316741;3.4359;-0.117409;-0.9478;0.1387;0.2872;0.229973;-0.564962;-0.008394;0.8013;-0.0011;0.5983;0.585075;3.317272;-0.477012;0.8013;-0.0011;0.5983;0.316741;3.4359;-0.117409;0.8013;-0.0011;0.5983;0.585075;3.317272;-0.477012;-0.3336;-0.4738;-0.815;0.134188;3.455609;-0.372891;-0.3336;-0.4738;-0.815;0.996686;4.326052;-1.231911;-0.3336;-0.4738;-0.815;0.585075;3.317272;-0.477012;0.842;-0.3646;0.3975;1.305196;4.145184;-1.242953;0.842;-0.3646;0.3975;1.241154;4.361026;-0.909308;0.842;-0.3646;0.3975;1.305196;4.145184;-1.242953;0.0331;0.1171;-0.9926;0.996686;4.326052;-1.231911;0.0331;0.1171;-0.9926;3.391031;7.054006;-0.830197;0.0331;0.1171;-0.9926;1.241154;4.361026;-0.909308;0.6753;-0.5534;0.4876;1.305196;4.145184;-1.242953;0.6753;-0.5534;0.4876;3.391031;7.054006;-0.830197;0.6753;-0.5534;0.4876;0.148246;3.098736;-0.364209;-0.5338;-0.6282;0.5661;0.327739;3.146454;-0.141981;-0.5338;-0.6282;0.5661;-2.440447;6.020761;0.437088;-0.5338;-0.6282;0.5661;0.327739;3.146454;-0.141981;0.6514;0.5152;0.557;0.396759;3.316258;-0.379783;0.6514;0.5152;0.557;-2.440447;6.020761;0.437088;0.6514;0.5152;0.557
168;-1.0;0.0;0.0;0.06
0.965035;4.529989;0.490377;0.8881;-0.0999;-0.4486;0.599675;4.716971;-0.274511;0.8881;-0.0999;-0.4486;0.883176;5.509369;0.110283;0.8881;-0.0999;-0.4486;0.965035;4.529989;0.490377;0.8563;-0.1231;-0.5016;0.883176;5.509369;0.110283;0.8563;-0.1231;-0.5016;1.16997;5.33665;0.642214;0.8563;-0.1231;-0.5016;0.965035;4.529989;0.490377;0.9237;-0.2832;0.2579;1.16997;5.33665;0.642214;0.9237;-0.2832;0.2579;0.770576;4.600871;1.264734;0.9237;-0.2832;0.2579;0.599675;4.716971;-0.274511;0.199;-0.9258;-0.3214;0.965035;4.529989;0.490377;0.199;-0.9258;-0.3214;0.029963;4.426338;0.209976;0.199;-0.9258;-0.3214;0.883176;5.509369;0.110283;-0.1943;0.4839;-0.8533;0.599675;4.716971;-0.274511;-0.1943;0.4839;-0.8533;0.081816;5.385031;0.222223;-0.1943;0.4839;-0.8533;1.16997;5.33665;0.642214;0.0166;0.9536;0.3007;0.883176;5.509369;0.110283;0.0166;0.9536;0.3007;0.453079;5.2813;0.857274;0.0166;0.9536;0.3007;0.965035;4.529989;0.490377;0.0769;-0.991;0.11;0.770576;4.600871;1.264734;0.0769;-0.991;0.11;0.029963;4.426338;0.209976;0.0769;-0.991;0.11;0.599675;4.716971;-0.274511;-0.6605;0.0453;-0.7495;0.029963;4.426338;0.209976;-0.6605;0.0453;-0.7495;0.081816;5.385031;0.222223;-0.6605;0.0453;-0.7495;0.883176;5.509369;0.110283;-0.1183;0.9667;0.227;0.081816;5.385031;0.222223;-0.1183;0.9667;0.227;0.453079;5.2813;0.857274;-0.1183;0.9667;0.227;1.16997;5.33665;0.642214;0.1956;0.5694;0.7985;0.453079;5.2813;0.857274;0.1956;0.5694;0.7985;0.770576;4.600871;1.264734;0.1956;0.5694;0.7985;0.029963;4.426338;0.209976;-0.325;-0.8694;0.3721;0.770576;4.600871;1.264734;-0.325;-0.8694;0.3721;-0.114379;4.758967;0.861177;-0.325;-0.8694;0.3721;0.081816;5.385031;0.222223;-0.9684;0.0555;-0.243;0.029963;4.426338;0.209976;-0.9684;0.0555;-0.243;-0.114379;4.758967;0.861177;-0.9684;0.0555;-0.243;0.453079;5.2813;0.857274;-0.6003;0.6556;0.458;0.081816;5.385031;0.222223;-0.6003;0.6556;0.458;-0.114379;4.758967;0.861177;-0.6003;0.6556;0.458;0.770576;4.600871;1.264734;-0.3311;0.3662;0.8696;0.453079;5.2813;0.857274;-0.3311;0.3662;0.8696;-0.114379;4.758967;0.861177;-0.3311;0.3662;0.8696;0.286324;6.879957;-2.233994;-0.0911;0.9934;-0.0702;0.294262;6.780539;-3.650418;-0.0911;0.9934;-0.0702;-1.238681;6.697362;-2.838511;-0.0911;0.9934;-0.0702;0.294262;6.780539;-3.650418;-0.4686;0.164;-0.868;-0.932519;5.284062;-3.270841;-0.4686;0.164;-0.868;-1.238681;6.697362;-2.838511;-0.4686;0.164;-0.868;-0.932519;5.284062;-3.270841;-0.9296;-0.2761;0.2442;-0.477839;5.546856;-1.243329;-0.9296;-0.2761;0.2442;-1.238681;6.697362;-2.838511;-0.9296;-0.2761;0.2442;1.592567;5.988779;-1.95259;0.1751;0.5206;0.8356;0.286324;6.879957;-2.233994;0.1751;0.5206;0.8356;-0.477839;5.546856;-1.243329;0.1751;0.5206;0.8356;1.592567;5.988779;-1.95259;0.5509;0.8312;0.0751;1.579853;6.134966;-3.478112;0.5509;0.8312;0.0751;0.286324;6.879957;-2.233994;0.5509;0.8312;0.0751;0.64841;5.20926;-4.003797;-0.4138;0.11;-0.9037;-0.932519;5.284062;-3.270841;-0.4138;0.11;-0.9037;0.294262;6.780539;-3.650418;-0.4138;0.11;-0.9037;1.579853;6.134966;-3.478112;0.4543;0.8888;-0.0598;0.294262;6.780539;-3.650418;0.4543;0.8888;-0.0598;0.286324;6.879957;-2.233994;0.4543;0.8888;-0.0598;1.579853;6.134966;-3.478112;0.2585;0.2671;-0.9284;0.64841;5.20926;-4.003797;0.2585;0.2671;-0.9284;0.294262;6.780539;-3.650418;0.2585;0.2671;-0.9284;0.356626;4.806392;-2.546349;-0.4421;-0.8715;0.2121;-0.477839;5.546856;-1.243329;-0.4421;-0.8715;0.2121;-0.932519;5.284062;-3.270841;-0.4421;-0.8715;0.2121;-0.477839;5.546856;-1.243329;-0.3395;0.6786;0.6513;0.286324;6.879957;-2.233994;-0.3395;0.6786;0.6513;-1.238681;6.697362;-2.838511;-0.3395;0.6786;0.6513;0.356626;4.806392;-2.546349;0.7076;-0.7028;-0.0732;1.579853;6.134966;-3.478112;0.7076;-0.7028;-0.0732;1.592567;5.988779;-1.95259;0.7076;-0.7028;-0.0732;0.356626;4.806392;-2.546349;0.3617;-0.6919;0.6248;1.592567;5.988779;-1.95259;0.3617;-0.6919;0.6248;-0.477839;5.546856;-1.243329;0.3617;-0.6919;0.6248;0.64841;5.20926;-4.003797;-0.1814;-0.9379;-0.2956;0.356626;4.806392;-2.546349;-0.1814;-0.9379;-0.2956;-0.932519;5.284062;-3.270841;-0.1814;-0.9379;-0.2956;0.356626;4.806392;-2.546349;0.7177;-0.6947;-0.0483;0.64841;5.20926;-4.003797;0.7177;-0.6947;-0.0483;1.579853;6.134966;-3.478112;0.7177;-0.6947;-0.0483;2.49239;5.563668;-1.849103;-0.5464;-0.1487;-0.8243;1.345118;6.19478;-1.202493;-0.5464;-0.1487;-0.8243;1.642862;7.468916;-1.62971;-0.5464;-0.1487;-0.8243;1.345118;6.19478;-1.202493;-0.4847;-0.8747;-0.0062;2.49239;5.563668;-1.849103;-0.4847;-0.8747;-0.0062;1.877398;5.888915;0.339045;-0.4847;-0.8747;-0.0062;1.345118;6.19478;-1.202493;-0.9339;0.1019;0.3427;1.877398;5.888915;0.339045;-0.9339;0.1019;0.3427;2.157403;7.607498;0.591261;-0.9339;0.1019;0.3427;1.345118;6.19478;-1.202493;-0.9373;0.2859;0.1993;2.157403;7.607498;0.591261;-0.9373;0.2859;0.1993;1.642862;7.468916;-1.62971;-0.9373;0.2859;0.1993;2.49239;5.563668;-1.849103;0.0631;0.1419;-0.9879;1.642862;7.468916;-1.62971;0.0631;0.1419;-0.9879;3.727049;6.844617;-1.586344;0.0631;0.1419;-0.9879;1.877398;5.888915;0.339045;0.0074;-0.9888;0.1491;2.49239;5.563668;-1.849103;0.0074;-0.9888;0.1491;3.620529;5.801846;-0.32532;0.0074;-0.9888;0.1491;2.157403;7.607498;0.591261;-0.1488;-0.1198;0.9816;1.877398;5.888915;0.339045;-0.1488;-0.1198;0.9816;3.861558;6.863366;0.758858;-0.1488;-0.1198;0.9816;1.642862;7.468916;-1.62971;-0.3247;0.9457;0.0162;2.157403;7.607498;0.591261;-0.3247;0.9457;0.0162;2.939111;7.901424;-0.898921;-0.3247;0.9457;0.0162;2.49239;5.563668;-1.849103;0.6942;-0.5824;-0.4229;3.727049;6.844617;-1.586344;0.6942;-0.5824;-0.4229;3.620529;5.801846;-0.32532;0.6942;-0.5824;-0.4229;1.877398;5.888915;0.339045;0.2149;-0.7213;0.6584;3.620529;5.801846;-0.32532;0.2149;-0.7213;0.6584;3.861558;6.863366;0.758858;0.2149;-0.7213;0.6584;2.157403;7.607498;0.591261;0.3451;0.8698;0.3526;3.861558;6.863366;0.758858;0.3451;0.8698;0.3526;2.939111;7.901424;-0.898921;0.3451;0.8698;0.3526;1.642862;7.468916;-1.62971;0.2062;0.6369;-0.7428;2.939111;7.901424;-0.898921;0.2062;0.6369;-0.7428;3.727049;6.844617;-1.586344;0.2062;0.6369;-0.7428;3.620529;5.801846;-0.32532;0.9844;-0.1672;-0.0551;3.727049;6.844617;-1.586344;0.9844;-0.1672;-0.0551;3.861558;6.863366;0.758858;0.9844;-0.1672;-0.0551;3.727049;6.844617;-1.586344;0.7849;0.6177;-0.05;2.939111;7.901424;-0.898921;0.7849;0.6177;-0.05;3.861558;6.863366;0.758858;0.7849;0.6177;-0.05;-1.605356;4.650769;-0.27197;0.7337;-0.3078;-0.6057;-2.300925;5.280225;-1.434473;0.7337;-0.3078;-0.6057;-1.769421;6.993073;-1.661054;0.7337;-0.3078;-0.6057;-2.300925;5.280225;-1.434473;-0.3116;-0.9011;-0.3015;-1.605356;4.650769;-0.27197;-0.3116;-0.9011;-0.3015;-3.749621;5.081241;0.658009;-0.3116;-0.9011;-0.3015;-2.300925;5.280225;-1.434473;-0.7509;-0.3595;-0.554;-3.749621;5.081241;0.658009;-0.7509;-0.3595;-0.554;-3.574828;7.188692;-0.946463;-0.7509;-0.3595;-0.554;-2.300925;5.280225;-1.434473;-0.3688;-0.0085;-0.9295;-3.574828;7.188692;-0.946463;-0.3688;-0.0085;-0.9295;-1.769421;6.993073;-1.661054;-0.3688;-0.0085;-0.9295;-1.605356;4.650769;-0.27197;0.6343;-0.361;-0.6836;-1.769421;6.993073;-1.661054;0.6343;-0.361;-0.6836;-0.094369;6.469865;0.169301;0.6343;-0.361;-0.6836;-3.749621;5.081241;0.658009;0.0186;-0.8903;0.455;-1.605356;4.650769;-0.27197;0.0186;-0.8903;0.455;-1.161291;6.031571;2.411928;0.0186;-0.8903;0.455;-3.574828;7.188692;-0.946463;-0.9885;0.1345;0.069;-3.749621;5.081241;0.658009;-0.9885;0.1345;0.069;-3.405563;7.086089;1.677543;-0.9885;0.1345;0.069;-1.769421;6.993073;-1.661054;0.0298;0.9807;-0.1931;-3.574828;7.188692;-0.946463;0.0298;0.9807;-0.1931;-1.506646;7.383528;0.362553;0.0298;0.9807;-0.1931;-1.605356;4.650769;-0.27197;0.7245;-0.6543;0.2168;-0.094369;6.469865;0.169301;0.7245;-0.6543;0.2168;-1.161291;6.031571;2.411928;0.7245;-0.6543;0.2168;-3.749621;5.081241;0.658009;-0.4351;-0.3477;0.8305;-1.161291;6.031571;2.411928;-0.4351;-0.3477;0.8305;-3.405563;7.086089;1.677543;-0.4351;-0.3477;0.8305;-3.574828;7.188692;-0.946463;-0.1229;0.9913;0.0467;-3.405563;7.086089;1.677543;-0.1229;0.9913;0.0467;-1.506646;7.383528;0.362553;-0.1229;0.9913;0.0467;-1.769421;6.993073;-1.661054;0.5071;0.8317;-0.2263;-1.506646;7.383528;0.362553;0.5071;0.8317;-0.2263;-0.094369;6.469865;0.169301;0.5071;0.8317;-0.2263;-1.506646;7.383528;0.362553;0.2233;0.8305;0.5103;-3.405563;7.086089;1.677543;0.2233;0.8305;0.5103;-1.161291;6.031571;2.411928;0.2233;0.8305;0.5103;-0.094369;6.469865;0.169301;0.5358;0.7435;0.4002;-1.506646;7.383528;0.362553;0.5358;0.7435;0.4002;-1.161291;6.031571;2.411928;0.5358;0.7435;0.4002
-7.026318;-1.02352;-6.80251;8.762476;13.899349;4.377369;1.66666;0;extraBounds;2;-6.293005;6.885869;-6.644137;8.549846;13.740576;4.193854;-0.805519;-0.038136;-0.970709;1.194481;7.656067;0.481201
450;2
180;0.6697248;0.61550105;0.48332787;0.02
0.017335;1.138964;-0.615932;0.7444;-0.1381;-0.6532;0.914048;5.316221;-0.477442;0.7444;-0.1381;-0.6532;0.5311;0.81315;0.038472;0.7444;-0.1381;-0.6532;0.5311;0.81315;0.038472;0.6077;0.4104;0.6799;0.020342;-0.963165;1.567455;0.6077;0.4104;0.6799;1.585572;-0.615449;-0.041657;0.6077;0.4104;0.6799;-0.158516;1.138964;0.503906;-0.6135;0.3143;0.7244;-1.760967;-0.615449;-0.091975;-0.6135;0.3143;0.7244;0.020342;-0.963165;1.567455;-0.6135;0.3143;0.7244;-0.672281;0.81315;-0.150498;-0.4746;0.3282;-0.8167;0.245985;-1.02352;-1.422144;-0.4746;0.3282;-0.8167;-1.760967;-0.615449;-0.091975;-0.4746;0.3282;-0.8167;1.585572;-0.615449;-0.041657;0.7572;0.5762;-0.3076;0.017335;1.138964;-0.615932;0.7572;0.5762;-0.3076;0.5311;0.81315;0.038472;0.7572;0.5762;-0.3076;0.205881;5.226549;-0.860272;-0.5928;0.705;0.3893;2.025064;7.108027;-1.497037;-0.5928;0.705;0.3893;1.564388;6.968212;-1.945317;-0.5928;0.705;0.3893;-0.672281;0.81315;-0.150498;-0.9375;0.2287;0.2622;0.368942;5.347492;-0.382765;-0.9375;0.2287;0.2622;0.205881;5.226549;-0.860272;-0.9375;0.2287;0.2622;0.5311;0.81315;0.038472;0.5875;0.0957;0.8035;0.368942;5.347492;-0.382765;0.5875;0.0957;0.8035;-0.158516;1.138964;0.503906;0.5875;0.0957;0.8035;0.017335;1.138964;-0.615932;-0.2457;-0.0465;-0.9682;0.205881;5.226549;-0.860272;-0.2457;-0.0465;-0.9682;0.851879;5.481316;-1.036431;-0.2457;-0.0465;-0.9682;2.025064;7.108027;-1.497037;-0.5453;0.7754;0.3185;3.637249;8.451729;-2.008124;-0.5453;0.7754;0.3185;1.564388;6.968212;-1.945317;-0.5453;0.7754;0.3185;0.368942;5.347492;-0.382765;0.1791;0.4004;0.8987;0.914048;5.316221;-0.477442;0.1791;0.4004;0.8987;2.025064;7.108027;-1.497037;0.1791;0.4004;0.8987;0.851879;5.481316;-1.036431;-0.2469;-0.4165;-0.875;1.564388;6.968212;-1.945317;-0.2469;-0.4165;-0.875;2.113498;6.756523;-1.999509;-0.2469;-0.4165;-0.875;0.851879;5.481316;-1.036431;0.7454;-0.6122;-0.2637;2.025064;7.108027;-1.497037;0.7454;-0.6122;-0.2637;0.914048;5.316221;-0.477442;0.7454;-0.6122;-0.2637;3.945214;8.461335;-1.876037;0.9714;-0.0408;-0.234;3.865602;8.405405;-2.196841;0.9714;-0.0408;-0.234;4.383351;11.387511;-0.566797;0.9714;-0.0408;-0.234;2.113498;6.756523;-1.999509;-0.5105;0.4552;-0.7295;3.637249;8.451729;-2.008124;-0.5105;0.4552;-0.7295;3.865602;8.405405;-2.196841;-0.5105;0.4552;-0.7295;2.025064;7.108027;-1.497037;0.576;-0.8174;-4.0E-4;3.865602;8.405405;-2.196841;0.576;-0.8174;-4.0E-4;3.945214;8.461335;-1.876037;0.576;-0.8174;-4.0E-4;1.030945;8.904888;-2.064686;-0.6686;-0.1391;0.7305;1.564388;6.968212;-1.945317;-0.6686;-0.1391;0.7305;2.025064;7.108027;-1.497037;-0.6686;-0.1391;0.7305;3.865602;8.405405;-2.196841;-0.4986;0.4808;-0.7213;3.637249;8.451729;-2.008124;-0.4986;0.4808;-0.7213;4.383351;11.387511;-0.566797;-0.4986;0.4808;-0.7213;3.637249;8.451729;-2.008124;-0.3626;-0.3348;0.8697;3.945214;8.461335;-1.876037;-0.3626;-0.3348;0.8697;4.383351;11.387511;-0.566797;-0.3626;-0.3348;0.8697;1.564388;6.968212;-1.945317;-0.2146;-0.3205;-0.9226;1.071378;8.81633;-2.472649;-0.2146;-0.3205;-0.9226;2.113498;6.756523;-1.999509;-0.2146;-0.3205;-0.9226;1.071378;8.81633;-2.472649;0.8962;0.4219;-0.1374;2.025064;7.108027;-1.497037;0.8962;0.4219;-0.1374;2.113498;6.756523;-1.999509;0.8962;0.4219;-0.1374;1.030945;8.904888;-2.064686;0.8726;0.488;-0.0194;1.071378;8.81633;-2.472649;0.8726;0.488;-0.0194;0.160927;10.345727;-4.948303;0.8726;0.488;-0.0194;1.071378;8.81633;-2.472649;0.055;-0.8403;-0.5393;0.762946;8.687067;-2.302681;0.055;-0.8403;-0.5393;0.160927;10.345727;-4.948303;0.055;-0.8403;-0.5393;0.762946;8.687067;-2.302681;-0.769;0.4481;0.4559;1.030945;8.904888;-2.064686;-0.769;0.4481;0.4559;0.160927;10.345727;-4.948303;-0.769;0.4481;0.4559;0.307863;4.465998;-0.470004;-0.6978;-0.5767;-0.4249;-1.179839;5.724438;0.265031;-0.6978;-0.5767;-0.4249;0.322817;4.719068;-0.838054;-0.6978;-0.5767;-0.4249;0.66893;4.59084;-0.416368;0.105;-0.6332;0.7668;-1.052536;5.766586;0.79032;0.105;-0.6332;0.7668;0.307863;4.465998;-0.470004;0.105;-0.6332;0.7668;0.322817;4.719068;-0.838054;-0.1544;0.5944;-0.7892;-0.825457;6.035534;0.377994;-0.1544;0.5944;-0.7892;0.659205;4.84391;-0.809852;-0.1544;0.5944;-0.7892;0.66893;4.59084;-0.416368;0.6895;0.3713;0.6219;-0.825457;6.035534;0.377994;0.6895;0.3713;0.6219;-1.052536;5.766586;0.79032;0.6895;0.3713;0.6219;-1.179839;5.724438;0.265031;0.3001;0.0045;-0.9539;-3.930714;8.282984;-0.588429;0.3001;0.0045;-0.9539;-0.825457;6.035534;0.377994;0.3001;0.0045;-0.9539;-0.77969;5.790056;0.321297;-0.0262;0.8962;-0.4429;0.059593;6.407047;1.52027;-0.0262;0.8962;-0.4429;-0.442242;5.694482;0.107948;-0.0262;0.8962;-0.4429;-0.086609;6.294817;1.775787;-0.8087;-0.3171;0.4954;-0.77969;5.790056;0.321297;-0.8087;-0.3171;0.4954;-0.596122;5.491076;0.429616;-0.8087;-0.3171;0.4954;0.059593;6.407047;1.52027;0.8064;-0.5913;0.0118;-0.596122;5.491076;0.429616;0.8064;-0.5913;0.0118;-0.442242;5.694482;0.107948;0.8064;-0.5913;0.0118;0.059593;6.407047;1.52027;-0.4582;0.3828;-0.8022;-0.139069;6.56334;1.708327;-0.4582;0.3828;-0.8022;1.421862;9.087056;2.020815;-0.4582;0.3828;-0.8022;-0.086609;6.294817;1.775787;0.8371;-0.4759;0.2699;0.059593;6.407047;1.52027;0.8371;-0.4759;0.2699;1.421862;9.087056;2.020815;0.8371;-0.4759;0.2699;-0.139069;6.56334;1.708327;-0.4141;0.1449;0.8986;-0.086609;6.294817;1.775787;-0.4141;0.1449;0.8986;1.421862;9.087056;2.020815;-0.4141;0.1449;0.8986;0.017335;1.138964;-0.615932;0.9651;-0.2016;-0.1669;0.851879;5.481316;-1.036431;0.9651;-0.2016;-0.1669;0.914048;5.316221;-0.477442;0.9651;-0.2016;-0.1669;0.5311;0.81315;0.038472;0.6346;0.3912;0.6665;-0.158516;1.138964;0.503906;0.6346;0.3912;0.6665;0.020342;-0.963165;1.567455;0.6346;0.3912;0.6665;-0.158516;1.138964;0.503906;-0.7529;0.5861;0.2993;-0.672281;0.81315;-0.150498;-0.7529;0.5861;0.2993;-1.760967;-0.615449;-0.091975;-0.7529;0.5861;0.2993;-0.672281;0.81315;-0.150498;-0.6146;0.2177;-0.7582;0.017335;1.138964;-0.615932;-0.6146;0.2177;-0.7582;0.245985;-1.02352;-1.422144;-0.6146;0.2177;-0.7582;1.585572;-0.615449;-0.041657;0.6271;0.3295;-0.7059;0.245985;-1.02352;-1.422144;0.6271;0.3295;-0.7059;0.017335;1.138964;-0.615932;0.6271;0.3295;-0.7059;0.205881;5.226549;-0.860272;-0.7068;0.7046;0.0629;0.368942;5.347492;-0.382765;-0.7068;0.7046;0.0629;2.025064;7.108027;-1.497037;-0.7068;0.7046;0.0629;-0.672281;0.81315;-0.150498;-0.8173;0.2151;0.5346;-0.158516;1.138964;0.503906;-0.8173;0.2151;0.5346;0.368942;5.347492;-0.382765;-0.8173;0.2151;0.5346;0.5311;0.81315;0.038472;0.1757;0.0973;0.9796;0.914048;5.316221;-0.477442;0.1757;0.0973;0.9796;0.368942;5.347492;-0.382765;0.1757;0.0973;0.9796;0.017335;1.138964;-0.615932;-0.5513;-0.0244;-0.8339;-0.672281;0.81315;-0.150498;-0.5513;-0.0244;-0.8339;0.205881;5.226549;-0.860272;-0.5513;-0.0244;-0.8339;2.025064;7.108027;-1.497037;-0.3179;0.6456;0.6944;3.945214;8.461335;-1.876037;-0.3179;0.6456;0.6944;3.637249;8.451729;-2.008124;-0.3179;0.6456;0.6944;0.851879;5.481316;-1.036431;-0.0335;-0.5095;-0.8598;0.205881;5.226549;-0.860272;-0.0335;-0.5095;-0.8598;1.564388;6.968212;-1.945317;-0.0335;-0.5095;-0.8598;0.851879;5.481316;-1.036431;0.7817;-0.438;0.444;2.113498;6.756523;-1.999509;0.7817;-0.438;0.444;2.025064;7.108027;-1.497037;0.7817;-0.438;0.444;2.113498;6.756523;-1.999509;-0.0744;0.0618;-0.9953;1.564388;6.968212;-1.945317;-0.0744;0.0618;-0.9953;3.637249;8.451729;-2.008124;-0.0744;0.0618;-0.9953;2.025064;7.108027;-1.497037;0.6151;-0.5911;0.5218;2.113498;6.756523;-1.999509;0.6151;-0.5911;0.5218;3.865602;8.405405;-2.196841;0.6151;-0.5911;0.5218;1.030945;8.904888;-2.064686;-0.6041;-0.1178;0.7881;0.762946;8.687067;-2.302681;-0.6041;-0.1178;0.7881;1.564388;6.968212;-1.945317;-0.6041;-0.1178;0.7881;1.564388;6.968212;-1.945317;-0.3401;-0.3408;-0.8764;0.762946;8.687067;-2.302681;-0.3401;-0.3408;-0.8764;1.071378;8.81633;-2.472649;-0.3401;-0.3408;-0.8764;1.071378;8.81633;-2.472649;0.8772;0.4799;-0.0172;1.030945;8.904888;-2.064686;0.8772;0.4799;-0.0172;2.025064;7.108027;-1.497037;0.8772;0.4799;-0.0172;0.307863;4.465998;-0.470004;-0.5722;-0.7947;0.2024;-1.052536;5.766586;0.79032;-0.5722;-0.7947;0.2024;-1.179839;5.724438;0.265031;-0.5722;-0.7947;0.2024;0.322817;4.719068;-0.838054;-0.2245;0.5483;-0.8056;-1.179839;5.724438;0.265031;-0.2245;0.5483;-0.8056;-0.825457;6.035534;0.377994;-0.2245;0.5483;-0.8056;0.66893;4.59084;-0.416368;0.7406;0.5734;0.3504;0.659205;4.84391;-0.809852;0.7406;0.5734;0.3504;-0.825457;6.035534;0.377994;0.7406;0.5734;0.3504;-1.179839;5.724438;0.265031;-0.7001;-0.678;0.2241;-1.052536;5.766586;0.79032;-0.7001;-0.678;0.2241;-3.930714;8.282984;-0.588429;-0.7001;-0.678;0.2241;-1.052536;5.766586;0.79032;0.3142;0.7067;0.634;-0.825457;6.035534;0.377994;0.3142;0.7067;0.634;-3.930714;8.282984;-0.588429;0.3142;0.7067;0.634;-0.77969;5.790056;0.321297;0.15;0.8325;-0.5334;-0.139069;6.56334;1.708327;0.15;0.8325;-0.5334;0.059593;6.407047;1.52027;0.15;0.8325;-0.5334;-0.086609;6.294817;1.775787;-0.8925;-0.0621;0.4468;-0.139069;6.56334;1.708327;-0.8925;-0.0621;0.4468;-0.77969;5.790056;0.321297;-0.8925;-0.0621;0.4468;0.059593;6.407047;1.52027;0.7312;-0.6708;0.1238;-0.086609;6.294817;1.775787;0.7312;-0.6708;0.1238;-0.596122;5.491076;0.429616;0.7312;-0.6708;0.1238
270;-1.0;0.0;0.0;0.04
-4.588503;9.367442;4.377369;-0.7668;0.4617;0.4461;-4.107986;11.358858;3.142273;-0.7668;0.4617;0.4461;-7.026318;9.413325;0.13937;-0.7668;0.4617;0.4461;-4.107986;11.358858;3.142273;0.2597;0.4629;0.8475;-4.588503;9.367442;4.377369;0.2597;0.4629;0.8475;-1.534114;8.407469;3.965634;0.2597;0.4629;0.8475;-4.588503;9.367442;4.377369;-0.8315;-0.2877;0.4752;-7.026318;9.413325;0.13937;-0.8315;-0.2877;0.4752;-4.959296;7.038054;2.31842;-0.8315;-0.2877;0.4752;-4.588503;9.367442;4.377369;-0.1026;-0.6496;0.7534;-4.959296;7.038054;2.31842;-0.1026;-0.6496;0.7534;-1.534114;8.407469;3.965634;-0.1026;-0.6496;0.7534;-4.107986;11.358858;3.142273;0.3688;0.5339;0.7609;-1.534114;8.407469;3.965634;0.3688;0.5339;0.7609;-0.876741;11.396536;1.54952;0.3688;0.5339;0.7609;-7.026318;9.413325;0.13937;-0.6487;0.7468;0.1467;-4.107986;11.358858;3.142273;-0.6487;0.7468;0.1467;-4.303926;11.853584;-0.243664;-0.6487;0.7468;0.1467;-1.534114;8.407469;3.965634;0.1551;-0.8939;0.4206;-4.959296;7.038054;2.31842;0.1551;-0.8939;0.4206;-3.1315;6.490545;0.480784;0.1551;-0.8939;0.4206;-4.107986;11.358858;3.142273;0.058;0.9883;0.141;-0.876741;11.396536;1.54952;0.058;0.9883;0.141;-4.303926;11.853584;-0.243664;0.058;0.9883;0.141;-4.959296;7.038054;2.31842;-0.551;-0.7714;-0.3182;-7.026318;9.413325;0.13937;-0.551;-0.7714;-0.3182;-3.1315;6.490545;0.480784;-0.551;-0.7714;-0.3182;-1.534114;8.407469;3.965634;0.4568;-0.8511;0.2588;-3.1315;6.490545;0.480784;0.4568;-0.8511;0.2588;0.542739;8.432836;0.383584;0.4568;-0.8511;0.2588;-1.534114;8.407469;3.965634;0.8449;0.2114;0.4914;0.542739;8.432836;0.383584;0.8449;0.2114;0.4914;-0.876741;11.396536;1.54952;0.8449;0.2114;0.4914;-3.1315;6.490545;0.480784;-0.6013;-0.7988;0.0213;-7.026318;9.413325;0.13937;-0.6013;-0.7988;0.0213;-4.62317;7.526283;-2.780112;-0.6013;-0.7988;0.0213;-7.026318;9.413325;0.13937;-0.6718;0.7283;-0.1353;-4.303926;11.853584;-0.243664;-0.6718;0.7283;-0.1353;-5.702171;10.125032;-2.605365;-0.6718;0.7283;-0.1353;-4.303926;11.853584;-0.243664;0.2146;0.9627;-0.1648;-0.876741;11.396536;1.54952;0.2146;0.9627;-0.1648;-2.074057;11.124496;-1.598656;0.2146;0.9627;-0.1648;-0.876741;11.396536;1.54952;0.7783;0.5144;-0.36;0.542739;8.432836;0.383584;0.7783;0.5144;-0.36;-0.166258;7.573377;-2.377281;0.7783;0.5144;-0.36;0.542739;8.432836;0.383584;0.465;-0.8721;0.1521;-3.1315;6.490545;0.480784;0.465;-0.8721;0.1521;-0.166258;7.573377;-2.377281;0.465;-0.8721;0.1521;-4.303926;11.853584;-0.243664;-0.0714;0.8246;-0.5612;-2.074057;11.124496;-1.598656;-0.0714;0.8246;-0.5612;-5.702171;10.125032;-2.605365;-0.0714;0.8246;-0.5612;-2.074057;11.124496;-1.598656;0.7932;0.5018;-0.345;-0.876741;11.396536;1.54952;0.7932;0.5018;-0.345;-0.166258;7.573377;-2.377281;0.7932;0.5018;-0.345;-3.1315;6.490545;0.480784;0.0388;-0.9471;-0.3186;-4.62317;7.526283;-2.780112;0.0388;-0.9471;-0.3186;-0.166258;7.573377;-2.377281;0.0388;-0.9471;-0.3186;-7.026318;9.413325;0.13937;-0.8226;-0.3095;-0.4771;-5.702171;10.125032;-2.605365;-0.8226;-0.3095;-0.4771;-4.62317;7.526283;-2.780112;-0.8226;-0.3095;-0.4771;-5.702171;10.125032;-2.605365;-0.0335;0.767;-0.6408;-2.074057;11.124496;-1.598656;-0.0335;0.767;-0.6408;-2.770604;9.032441;-4.066423;-0.0335;0.767;-0.6408;-0.166258;7.573377;-2.377281;0.0718;-0.6974;-0.7131;-4.62317;7.526283;-2.780112;0.0718;-0.6974;-0.7131;-2.770604;9.032441;-4.066423;0.0718;-0.6974;-0.7131;-2.074057;11.124496;-1.598656;0.6506;0.4788;-0.5895;-0.166258;7.573377;-2.377281;0.6506;0.4788;-0.5895;-2.770604;9.032441;-4.066423;0.6506;0.4788;-0.5895;-4.62317;7.526283;-2.780112;-0.4836;-0.1427;-0.8636;-5.702171;10.125032;-2.605365;-0.4836;-0.1427;-0.8636;-2.770604;9.032441;-4.066423;-0.4836;-0.1427;-0.8636;2.604712;9.985033;-5.540353;0.0498;0.1745;-0.9834;2.799544;12.544851;-5.076235;0.0498;0.1745;-0.9834;7.198545;11.145093;-5.101848;0.0498;0.1745;-0.9834;2.799544;12.544851;-5.076235;-0.915;0.1384;-0.379;2.604712;9.985033;-5.540353;-0.915;0.1384;-0.379;1.036763;9.801665;-1.821334;-0.915;0.1384;-0.379;2.604712;9.985033;-5.540353;0.2341;-0.6559;-0.7176;7.198545;11.145093;-5.101848;0.2341;-0.6559;-0.7176;5.052079;8.985209;-3.828031;0.2341;-0.6559;-0.7176;2.604712;9.985033;-5.540353;-0.2738;-0.948;-0.1622;5.052079;8.985209;-3.828031;-0.2738;-0.948;-0.1622;1.036763;9.801665;-1.821334;-0.2738;-0.948;-0.1622;2.799544;12.544851;-5.076235;-0.8751;-0.0118;-0.4838;1.036763;9.801665;-1.821334;-0.8751;-0.0118;-0.4838;0.644776;13.009879;-1.190381;-0.8751;-0.0118;-0.4838;7.198545;11.145093;-5.101848;0.2016;0.6471;-0.7353;2.799544;12.544851;-5.076235;0.2016;0.6471;-0.7353;5.501297;13.899349;-3.143443;0.2016;0.6471;-0.7353;1.036763;9.801665;-1.821334;-0.1934;-0.981;0.0122;5.052079;8.985209;-3.828031;-0.1934;-0.981;0.0122;5.471395;8.934525;-1.255485;-0.1934;-0.981;0.0122;2.799544;12.544851;-5.076235;-0.2752;0.9246;-0.2633;0.644776;13.009879;-1.190381;-0.2752;0.9246;-0.2633;5.501297;13.899349;-3.143443;-0.2752;0.9246;-0.2633;5.052079;8.985209;-3.828031;0.6666;-0.7351;-0.1231;7.198545;11.145093;-5.101848;0.6666;-0.7351;-0.1231;5.471395;8.934525;-1.255485;0.6666;-0.7351;-0.1231;1.036763;9.801665;-1.821334;-0.1979;-0.9789;0.051;5.471395;8.934525;-1.255485;-0.1979;-0.9789;0.051;2.146795;9.707253;0.672365;-0.1979;-0.9789;0.051;1.036763;9.801665;-1.821334;-0.9;-0.1874;0.3935;2.146795;9.707253;0.672365;-0.9;-0.1874;0.3935;0.644776;13.009879;-1.190381;-0.9;-0.1874;0.3935;5.471395;8.934525;-1.255485;0.4604;-0.8431;-0.2778;7.198545;11.145093;-5.101848;0.4604;-0.8431;-0.2778;8.27922;10.223372;-0.513196;0.4604;-0.8431;-0.2778;7.198545;11.145093;-5.101848;0.5359;0.6831;-0.4963;5.501297;13.899349;-3.143443;0.5359;0.6831;-0.4963;8.762476;12.230809;-1.918674;0.5359;0.6831;-0.4963;5.501297;13.899349;-3.143443;-0.2029;0.9774;-0.0594;0.644776;13.009879;-1.190381;-0.2029;0.9774;-0.0594;3.789778;13.789851;0.899294;-0.2029;0.9774;-0.0594;0.644776;13.009879;-1.190381;-0.5623;0.1972;0.8031;2.146795;9.707253;0.672365;-0.5623;0.1972;0.8031;4.225503;9.913848;2.077011;-0.5623;0.1972;0.8031;2.146795;9.707253;0.672365;-0.0763;-0.964;0.2547;5.471395;8.934525;-1.255485;-0.0763;-0.964;0.2547;4.225503;9.913848;2.077011;-0.0763;-0.964;0.2547;5.501297;13.899349;-3.143443;0.3899;0.9012;0.1895;3.789778;13.789851;0.899294;0.3899;0.9012;0.1895;8.762476;12.230809;-1.918674;0.3899;0.9012;0.1895;3.789778;13.789851;0.899294;-0.5748;0.1781;0.7987;0.644776;13.009879;-1.190381;-0.5748;0.1781;0.7987;4.225503;9.913848;2.077011;-0.5748;0.1781;0.7987;5.471395;8.934525;-1.255485;0.3044;-0.8771;0.3716;8.27922;10.223372;-0.513196;0.3044;-0.8771;0.3716;4.225503;9.913848;2.077011;0.3044;-0.8771;0.3716;7.198545;11.145093;-5.101848;0.8665;-0.409;-0.2862;8.762476;12.230809;-1.918674;0.8665;-0.409;-0.2862;8.27922;10.223372;-0.513196;0.8665;-0.409;-0.2862;8.762476;12.230809;-1.918674;0.4147;0.8758;0.2472;3.789778;13.789851;0.899294;0.4147;0.8758;0.2472;7.168735;11.932563;1.811187;0.4147;0.8758;0.2472;4.225503;9.913848;2.077011;0.4655;-0.5921;0.6578;8.27922;10.223372;-0.513196;0.4655;-0.5921;0.6578;7.168735;11.932563;1.811187;0.4655;-0.5921;0.6578;3.789778;13.789851;0.899294;-0.1047;0.2783;0.9548;4.225503;9.913848;2.077011;-0.1047;0.2783;0.9548;7.168735;11.932563;1.811187;-0.1047;0.2783;0.9548;8.27922;10.223372;-0.513196;0.9164;0.0567;0.3961;8.762476;12.230809;-1.918674;0.9164;0.0567;0.3961;7.168735;11.932563;1.811187;0.9164;0.0567;0.3961;1.958208;7.298688;1.597746;0.8881;-0.3028;-0.3458;1.522778;7.631595;0.187957;0.8881;-0.3028;-0.3458;1.991694;9.867475;-0.565471;0.8881;-0.3028;-0.3458;1.522778;7.631595;0.187957;-0.015;-0.9741;-0.2254;1.958208;7.298688;1.597746;-0.015;-0.9741;-0.2254;-0.463461;7.399221;1.3243;-0.015;-0.9741;-0.2254;1.522778;7.631595;0.187957;-0.3813;-0.5102;-0.7709;-0.463461;7.399221;1.3243;-0.3813;-0.5102;-0.7709;-0.071343;9.697563;-0.390926;-0.3813;-0.5102;-0.7709;1.522778;7.631595;0.187957;-0.0549;-0.3085;-0.9496;-0.071343;9.697563;-0.390926;-0.0549;-0.3085;-0.9496;1.991694;9.867475;-0.565471;-0.0549;-0.3085;-0.9496;1.958208;7.298688;1.597746;0.7958;-0.3961;-0.458;1.991694;9.867475;-0.565471;0.7958;-0.3961;-0.458;3.446104;9.809897;2.011567;0.7958;-0.3961;-0.458;-0.463461;7.399221;1.3243;-0.0798;-0.9274;0.3655;1.958208;7.298688;1.597746;-0.0798;-0.9274;0.3655;-0.05894;8.449263;4.077122;-0.0798;-0.9274;0.3655;-0.071343;9.697563;-0.390926;-0.9754;0.002;-0.2203;-0.463461;7.399221;1.3243;-0.9754;0.002;-0.2203;-0.600313;10.200508;1.95527;-0.9754;0.002;-0.2203;1.991694;9.867475;-0.565471;-0.1086;0.9122;-0.3951;-0.071343;9.697563;-0.390926;-0.1086;0.9122;-0.3951;1.543231;10.600247;1.249674;-0.1086;0.9122;-0.3951;1.958208;7.298688;1.597746;0.8598;-0.5106;0.0073;3.446104;9.809897;2.011567;0.8598;-0.5106;0.0073;2.513192;8.269647;4.142534;0.8598;-0.5106;0.0073;1.958208;7.298688;1.597746;-0.0741;-0.9262;0.3696;2.513192;8.269647;4.142534;-0.0741;-0.9262;0.3696;-0.05894;8.449263;4.077122;-0.0741;-0.9262;0.3696;-0.463461;7.399221;1.3243;-0.9802;-0.0879;0.1776;-0.05894;8.449263;4.077122;-0.9802;-0.0879;0.1776;-0.600313;10.200508;1.95527;-0.9802;-0.0879;0.1776;-0.071343;9.697563;-0.390926;-0.2585;0.931;-0.2578;-0.600313;10.200508;1.95527;-0.2585;0.931;-0.2578;1.543231;10.600247;1.249674;-0.2585;0.931;-0.2578;1.991694;9.867475;-0.565471;0.4518;0.8604;-0.2357;1.543231;10.600247;1.249674;0.4518;0.8604;-0.2357;3.446104;9.809897;2.011567;0.4518;0.8604;-0.2357;2.513192;8.269647;4.142534;0.7133;0.3814;0.588;3.446104;9.809897;2.011567;0.7133;0.3814;0.588;1.482954;10.256075;4.103932;0.7133;0.3814;0.588;-0.05894;8.449263;4.077122;-0.025;0.0065;0.9997;2.513192;8.269647;4.142534;-0.025;0.0065;0.9997;1.482954;10.256075;4.103932;-0.025;0.0065;0.9997;-0.600313;10.200508;1.95527;-0.6198;0.5202;0.5875;-0.05894;8.449263;4.077122;-0.6198;0.5202;0.5875;1.482954;10.256075;4.103932;-0.6198;0.5202;0.5875;1.543231;10.600247;1.249674;-0.1453;0.9826;0.1154;-0.600313;10.200508;1.95527;-0.1453;0.9826;0.1154;1.482954;10.256075;4.103932;-0.1453;0.9826;0.1154;3.446104;9.809897;2.011567;0.3396;0.9329;0.1197;1.543231;10.600247;1.249674;0.3396;0.9329;0.1197;1.482954;10.256075;4.103932;0.3396;0.9329;0.1197;2.709039;11.010774;-2.860425;0.5355;-0.7332;0.4192;0.96068;10.797125;-1.000659;0.5355;-0.7332;0.4192;-0.00352;8.596251;-3.61815;0.5355;-0.7332;0.4192;0.96068;10.797125;-1.000659;0.4106;0.7781;0.4754;2.709039;11.010774;-2.860425;0.4106;0.7781;0.4754;1.50262;12.740035;-4.648722;0.4106;0.7781;0.4754;2.709039;11.010774;-2.860425;0.6134;-0.7583;0.2206;-0.00352;8.596251;-3.61815;0.6134;-0.7583;0.2206;2.065318;9.740232;-5.438453;0.6134;-0.7583;0.2206;2.709039;11.010774;-2.860425;0.8983;0.2615;-0.3532;2.065318;9.740232;-5.438453;0.8983;0.2615;-0.3532;1.50262;12.740035;-4.648722;0.8983;0.2615;-0.3532;0.96068;10.797125;-1.000659;0.5742;0.6841;0.4497;1.50262;12.740035;-4.648722;0.5742;0.6841;0.4497;-0.508759;13.207099;-2.790697;0.5742;0.6841;0.4497;-0.00352;8.596251;-3.61815;0.1515;-0.7833;0.6028;0.96068;10.797125;-1.000659;0.1515;-0.7833;0.6028;-1.40351;10.035099;-1.396567;0.1515;-0.7833;0.6028;1.50262;12.740035;-4.648722;0.5213;0.3074;-0.7961;2.065318;9.740232;-5.438453;0.5213;0.3074;-0.7961;-0.067563;9.824822;-6.80251;0.5213;0.3074;-0.7961;0.96068;10.797125;-1.000659;-0.2871;0.4521;0.8445;-0.508759;13.207099;-2.790697;-0.2871;0.4521;0.8445;-1.40351;10.035099;-1.396567;-0.2871;0.4521;0.8445;2.065318;9.740232;-5.438453;0.1918;-0.9143;-0.3566;-0.00352;8.596251;-3.61815;0.1918;-0.9143;-0.3566;-0.067563;9.824822;-6.80251;0.1918;-0.9143;-0.3566;1.50262;12.740035;-4.648722;0.798;0.0152;-0.6024;-0.067563;9.824822;-6.80251;0.798;0.0152;-0.6024;0.115208;12.676071;-6.488299;0.798;0.0152;-0.6024;1.50262;12.740035;-4.648722;0.1162;0.9857;-0.1219;0.115208;12.676071;-6.488299;0.1162;0.9857;-0.1219;-0.508759;13.207099;-2.790697;0.1162;0.9857;-0.1219;-0.067563;9.824822;-6.80251;0.344;-0.8737;-0.344;-0.00352;8.596251;-3.61815;0.344;-0.8737;-0.344;-1.835579;9.023081;-6.534027;0.344;-0.8737;-0.344;-0.00352;8.596251;-3.61815;-0.1311;-0.8677;0.4794;-1.40351;10.035099;-1.396567;-0.1311;-0.8677;0.4794;-3.479918;8.532626;-4.683719;-0.1311;-0.8677;0.4794;-1.40351;10.035099;-1.396567;-0.371;0.4594;0.8071;-0.508759;13.207099;-2.790697;-0.371;0.4594;0.8071;-3.313475;12.007668;-3.397282;-0.371;0.4594;0.8071;-0.508759;13.207099;-2.790697;-0.2271;0.9579;-0.1759;0.115208;12.676071;-6.488299;-0.2271;0.9579;-0.1759;-2.561166;12.058131;-6.398526;-0.2271;0.9579;-0.1759;0.115208;12.676071;-6.488299;-0.0594;0.1131;-0.9918;-0.067563;9.824822;-6.80251;-0.0594;0.1131;-0.9918;-2.561166;12.058131;-6.398526;-0.0594;0.1131;-0.9918;-1.40351;10.035099;-1.396567;-0.7933;-0.1776;0.5823;-3.313475;12.007668;-3.397282;-0.7933;-0.1776;0.5823;-3.479918;8.532626;-4.683719;-0.7933;-0.1776;0.5823;-3.313475;12.007668;-3.397282;-0.3775;0.9226;-0.0791;-0.508759;13.207099;-2.790697;-0.3775;0.9226;-0.0791;-2.561166;12.058131;-6.398526;-0.3775;0.9226;-0.0791;-0.067563;9.824822;-6.80251;-0.1534;0.0074;-0.9881;-1.835579;9.023081;-6.534027;-0.1534;0.0074;-0.9881;-2.561166;12.058131;-6.398526;-0.1534;0.0074;-0.9881;-0.00352;8.596251;-3.61815;0.0766;-0.9785;-0.1913;-3.479918;8.532626;-4.683719;0.0766;-0.9785;-0.1913;-1.835579;9.023081;-6.534027;0.0766;-0.9785;-0.1913;-3.479918;8.532626;-4.683719;-0.9473;-0.0704;0.3126;-3.313475;12.007668;-3.397282;-0.9473;-0.0704;0.3126;-3.956727;9.746444;-5.855361;-0.9473;-0.0704;0.3126;-2.561166;12.058131;-6.398526;-0.3147;-0.0329;-0.9486;-1.835579;9.023081;-6.534027;-0.3147;-0.0329;-0.9486;-3.956727;9.746444;-5.855361;-0.3147;-0.0329;-0.9486;-3.313475;12.007668;-3.397282;-0.8583;0.4695;-0.2073;-2.561166;12.058131;-6.398526;-0.8583;0.4695;-0.2073;-3.956727;9.746444;-5.855361;-0.8583;0.4695;-0.2073;-1.835579;9.023081;-6.534027;-0.4224;-0.7099;-0.5636;-3.479918;8.532626;-4.683719;-0.4224;-0.7099;-0.5636;-3.956727;9.746444;-5.855361;-0.4224;-0.7099;-0.5636
7
MATERIAL;second;0;count;5;CUSTOM;0.689;0.919;0.5554;40000;MUD_GREEN;80000;PALE_GREEN;100000;DARK_GREEN;220000;PINK;2000000
INFO;NameId;706;DescId;707;price;22050;dpPerMin;0;range;3;placeSound;thud
LIFE;averagePop;5.8;averageLife;73.0;popFactors;2;0;0.25;breedMat;36.5;breedTime;26.411459;parentId;112;count;150;reqCount;2;LIFE;type;2;enviroType;0;classification;pnf;count;3;LIFE;type;2;enviroType;1;biome;WOODLAND;amount;0.8;FALL_DEATH;fallTime;3;totalTime;5;fallenAngle;60;particleEffect;1;ExplodeTime;0.975;UseMaterial;1;Colour;1;Spawn;2;5;0;1;0;PPS;30;Speed;1.5;Gravity;0.3;Life;3;Scale;0.1;Colour;1;0;0;Additive;0;Alpha;1;FadeIn;0.1;FadeOut;0.8;HasDir;1;Dir;0;1;0;Varience;0.25;Offset;0;5;0;LifeError;0.4;ScaleError;0.3;SpeedError;0.4;RandRot;1;HasXRot;1;XRotSpeed;180;Stages;1;2;enviroReqCount;4;reqId;1;minAltitude;20;maxAltitude;60;influence;0.75;reqId;2;barren;0;goodBiomes;3;0;1;8;idealFactor;60;influence;0.65;reqId;3;badBiomes;1;9;influence;0.8;reqId;5;likedSpecies;2;erl;pnf;influence;0.7
GROWTH;dynamic;0;growthTime;24.333334;modelStages;3;subStages;2
WOOD;cut time;4.5;bark factor;0.3;colour;0.6697248;0.61550105;0.48332787
PERCH;2;-0.2129;4.9845;-0.083943;1.7853;6.49156;-1.5528
PARTICLES;isColour;1;spawn;3;5.5;0;1;0;PPS;1.3;Speed;0;Gravity;0.012;Life;30;Scale;0.65;Colour;1;0;0;Additive;0;Alpha;1;FadeIn;0.2;FadeOut;0.9;HasDir;0;Offset;0;6;0;LifeError;0.0;ScaleError;0.2;SpeedError;0;RandRot;1;HasXRot;1;XRotSpeed;190;range;20;stages;1;2;takesMaterial;1
