0.32
pnf
0;1
3
-0.253973;-0.038012;-0.330915;1.03162;2.419575;0.513509;1
39;2
18;-1.0;0.0;0.0;0.2
0.025371;2.174179;0.037035;0.8283;-0.2043;-0.5217;0.304716;2.090082;0.513509;0.8283;-0.2043;-0.5217;0.025371;1.597657;0.262825;0.8283;-0.2043;-0.5217;0.025371;2.174179;0.037035;0.7737;0.5201;-0.3618;0.025371;2.419575;0.389821;0.7737;0.5201;-0.3618;0.304716;2.090082;0.513509;0.7737;0.5201;-0.3618;0.304716;2.090082;0.513509;-0.0;-0.4537;0.8912;-0.253973;2.090082;0.513509;-0.0;-0.4537;0.8912;0.025371;1.597657;0.262825;-0.0;-0.4537;0.8912;0.304716;2.090082;0.513509;-0.0;0.3514;0.9362;0.025371;2.419575;0.389821;-0.0;0.3514;0.9362;-0.253973;2.090082;0.513509;-0.0;0.3514;0.9362;-0.253973;2.090082;0.513509;-0.7737;0.5201;-0.3618;0.025371;2.419575;0.389821;-0.7737;0.5201;-0.3618;0.025371;2.174179;0.037035;-0.7737;0.5201;-0.3618;-0.253973;2.090082;0.513509;-0.8283;-0.2043;-0.5217;0.025371;2.174179;0.037035;-0.8283;-0.2043;-0.5217;0.025371;1.597657;0.262825;-0.8283;-0.2043;-0.5217
21;0.5321428;0.6931977;0.48256254;0.2
1.03162;2.192211;-0.176233;0.5662;-0.4827;-0.6681;6.75E-4;0.57097;0.121444;0.5662;-0.4827;-0.6681;0.444279;1.717345;-0.330915;0.5662;-0.4827;-0.6681;0.444279;1.717345;-0.330915;-0.7847;0.4653;0.4095;6.75E-4;0.57097;0.121444;-0.7847;0.4653;0.4095;0.72826;1.652032;0.287447;-0.7847;0.4653;0.4095;0.72826;1.652032;0.287447;0.8326;-0.5463;-0.0917;6.75E-4;0.57097;0.121444;0.8326;-0.5463;-0.0917;1.03162;2.192211;-0.176233;0.8326;-0.5463;-0.0917;1.03162;2.192211;-0.176233;-0.6415;0.6743;0.3658;0.444279;1.717345;-0.330915;-0.6415;0.6743;0.3658;0.72826;1.652032;0.287447;-0.6415;0.6743;0.3658;-0.038459;-0.038012;-0.066071;0.6354;0.1134;-0.7638;0.024946;2.336681;0.339339;0.6354;0.1134;-0.7638;0.083839;-0.038012;0.035678;0.6354;0.1134;-0.7638;0.083839;-0.038012;0.035678;0.3438;-0.1107;0.9325;0.024946;2.336681;0.339339;0.3438;-0.1107;0.9325;-0.065427;-0.038012;0.090716;0.3438;-0.1107;0.9325;-0.065427;-0.038012;0.090716;-0.984;0.0552;-0.1693;0.024946;2.336681;0.339339;-0.984;0.0552;-0.1693;-0.038459;-0.038012;-0.066071;-0.984;0.0552;-0.1693
-1.32877;-0.073766;-1.01451;1.436526;3.971218;1.101601;1
81;2
48;-1.0;0.0;0.0;0.2
0.518003;3.422324;1.011958;0.9126;-0.3956;-0.1033;0.004782;2.43622;0.254302;0.9126;-0.3956;-0.1033;0.504761;3.644876;0.042876;0.9126;-0.3956;-0.1033;-0.475103;3.466992;1.035786;-0.0082;-0.6066;0.795;0.004782;2.43622;0.254302;-0.0082;-0.6066;0.795;0.518003;3.422324;1.011958;-0.0082;-0.6066;0.795;-0.488345;3.689545;0.066705;-0.9243;-0.3746;-0.0734;0.004782;2.43622;0.254302;-0.9243;-0.3746;-0.0734;-0.475103;3.466992;1.035786;-0.9243;-0.3746;-0.0734;0.504761;3.644876;0.042876;-0.0309;-0.1598;-0.9867;0.004782;2.43622;0.254302;-0.0309;-0.1598;-0.9867;-0.488345;3.689545;0.066705;-0.0309;-0.1598;-0.9867;-0.488345;3.689545;0.066705;0.868;0.4864;0.0999;-0.475103;3.466992;1.035786;0.868;0.4864;0.0999;-0.02134;2.795821;0.361122;0.868;0.4864;0.0999;-0.475103;3.466992;1.035786;0.0153;0.714;-0.7;0.518003;3.422324;1.011958;0.0153;0.714;-0.7;-0.02134;2.795821;0.361122;0.0153;0.714;-0.7;0.518003;3.422324;1.011958;-0.8175;0.5588;0.1395;0.504761;3.644876;0.042876;-0.8175;0.5588;0.1395;-0.02134;2.795821;0.361122;-0.8175;0.5588;0.1395;0.504761;3.644876;0.042876;0.0375;0.3303;0.9431;-0.488345;3.689545;0.066705;0.0375;0.3303;0.9431;-0.02134;2.795821;0.361122;0.0375;0.3303;0.9431;0.234311;3.721541;1.101601;0.8649;-0.4107;0.2886;-0.003004;2.6745;0.3227;0.8649;-0.4107;0.2886;0.536316;3.866297;0.402558;0.8649;-0.4107;0.2886;-0.478375;3.826461;0.815429;-0.3857;-0.4928;0.78;-0.003004;2.6745;0.3227;-0.3857;-0.4928;0.78;0.234311;3.721541;1.101601;-0.3857;-0.4928;0.78;-0.17637;3.971218;0.116386;-0.8874;-0.1858;-0.4219;-0.003004;2.6745;0.3227;-0.8874;-0.1858;-0.4219;-0.478375;3.826461;0.815429;-0.8874;-0.1858;-0.4219;0.536316;3.866297;0.402558;0.3581;-0.0998;-0.9283;-0.003004;2.6745;0.3227;0.3581;-0.0998;-0.9283;-0.17637;3.971218;0.116386;0.3581;-0.0998;-0.9283;-0.17637;3.971218;0.116386;0.8596;0.2777;0.4289;-0.478375;3.826461;0.815429;0.8596;0.2777;0.4289;-0.012604;3.008273;0.411738;0.8596;0.2777;0.4289;-0.478375;3.826461;0.815429;0.3766;0.5734;-0.7276;0.234311;3.721541;1.101601;0.3766;0.5734;-0.7276;-0.012604;3.008273;0.411738;0.3766;0.5734;-0.7276;0.234311;3.721541;1.101601;-0.8178;0.5205;-0.2455;0.536316;3.866297;0.402558;-0.8178;0.5205;-0.2455;-0.012604;3.008273;0.411738;-0.8178;0.5205;-0.2455;0.536316;3.866297;0.402558;-0.3346;0.2239;0.9154;-0.17637;3.971218;0.116386;-0.3346;0.2239;0.9154;-0.012604;3.008273;0.411738;-0.3346;0.2239;0.9154
33;0.5321428;0.6931977;0.48256254;0.2
1.436526;2.430533;-0.28915;0.5519;-0.6037;-0.5752;0.01223;0.750349;0.10772;0.5519;-0.6037;-0.5752;0.570256;1.932714;-0.597844;0.5519;-0.6037;-0.5752;0.570256;1.932714;-0.597844;-0.7306;0.5696;0.3766;0.01223;0.750349;0.10772;-0.7306;0.5696;0.3766;1.012522;1.811306;0.443606;-0.7306;0.5696;0.3766;1.012522;1.811306;0.443606;0.7415;-0.6587;-0.1276;0.01223;0.750349;0.10772;0.7415;-0.6587;-0.1276;1.436526;2.430533;-0.28915;0.7415;-0.6587;-0.1276;1.436526;2.430533;-0.28915;-0.5556;0.7652;0.3252;0.570256;1.932714;-0.597844;-0.5556;0.7652;0.3252;1.012522;1.811306;0.443606;-0.5556;0.7652;0.3252;-0.060507;-0.073766;-0.062283;0.6379;0.0726;-0.7667;-0.001481;3.027201;0.280551;0.6379;0.0726;-0.7667;0.083421;-0.073766;0.057463;0.6379;0.0726;-0.7667;0.083421;-0.073766;0.057463;0.3454;-0.0579;0.9367;-0.001481;3.027201;0.280551;0.3454;-0.0579;0.9367;-0.092246;-0.073766;0.122236;0.3454;-0.0579;0.9367;-0.092246;-0.073766;0.122236;-0.9848;0.0384;-0.1694;-0.001481;3.108684;0.316766;-0.9848;0.0384;-0.1694;-0.060507;-0.073766;-0.062283;-0.9848;0.0384;-0.1694;-1.32877;2.931759;-0.894283;-0.7323;-0.6718;0.1111;0.002908;1.654984;0.162898;-0.7323;-0.6718;0.1111;-1.008147;2.719401;-0.064823;-0.7323;-0.6718;0.1111;-1.008147;2.719401;-0.064823;0.7027;0.6975;0.1406;0.002908;1.654984;0.162898;0.7027;0.6975;0.1406;-0.560016;2.459358;-1.01451;0.7027;0.6975;0.1406;-0.560016;2.459358;-1.01451;-0.5337;-0.7951;-0.2881;0.002908;1.654984;0.162898;-0.5337;-0.7951;-0.2881;-1.32877;2.931759;-0.894283;-0.5337;-0.7951;-0.2881;-1.32877;2.931759;-0.894283;0.5252;0.8509;0.0148;-1.008147;2.719401;-0.064823;0.5252;0.8509;0.0148;-0.560016;2.459358;-1.01451;0.5252;0.8509;0.0148
-2.375582;-0.074472;-1.376868;2.442437;5.722898;1.779318;1
129;2
66;-1.0;0.0;0.0;0.2
0.140225;5.101865;-1.145103;-0.8194;-0.5099;-0.2617;0.3804;4.041392;0.169158;-0.8194;-0.5099;-0.2617;-0.600027;5.431373;0.530665;-0.8194;-0.5099;-0.2617;-0.600027;5.431373;0.530665;-0.4534;-0.5099;0.731;0.3804;4.041392;0.169158;-0.4534;-0.5099;0.731;1.050916;5.101865;1.324743;-0.4534;-0.5099;0.731;1.050916;5.101865;1.324743;0.5324;-0.7546;0.3836;0.3804;4.041392;0.169158;0.5324;-0.7546;0.3836;1.791169;4.772357;-0.351026;0.5324;-0.7546;0.3836;1.791169;4.772357;-0.351026;0.156;-0.7546;-0.6374;0.3804;4.041392;0.169158;0.156;-0.7546;-0.6374;0.140225;5.101865;-1.145103;0.156;-0.7546;-0.6374;-0.36449;5.635443;-0.250179;0.6134;0.7283;-0.3055;0.387899;5.575195;1.116879;0.6134;0.7283;-0.3055;0.569697;4.995222;0.09936;0.6134;0.7283;-0.3055;-0.36449;5.635443;-0.250179;-0.847;-0.2764;0.454;0.3804;4.041392;0.169158;-0.847;-0.2764;0.454;0.387899;5.575195;1.116879;-0.847;-0.2764;0.454;0.387899;5.575195;1.116879;0.3086;-0.5011;0.8085;0.3804;4.041392;0.169158;0.3086;-0.5011;0.8085;1.706207;5.188924;0.374297;0.3086;-0.5011;0.8085;1.706207;5.188924;0.374297;0.6381;-0.6692;-0.3807;0.3804;4.041392;0.169158;0.6381;-0.6692;-0.3807;0.953817;5.24917;-0.992761;0.6381;-0.6692;-0.3807;0.953817;5.24917;-0.992761;-0.5351;-0.4398;-0.7213;0.3804;4.041392;0.169158;-0.5351;-0.4398;-0.7213;-0.36449;5.635443;-0.250179;-0.5351;-0.4398;-0.7213;0.345967;5.722898;0.719135;0.4425;-0.3199;0.8378;0.41151;4.343215;0.157687;0.4425;-0.3199;0.8378;1.635863;5.47063;-0.058565;0.4425;-0.3199;0.8378;1.635863;5.47063;-0.058565;0.352;-0.5302;-0.7713;0.41151;4.343215;0.157687;0.352;-0.5302;-0.7713;0.421059;5.664855;-0.746445;0.352;-0.5302;-0.7713;0.421059;5.664855;-0.746445;-0.9984;-0.027;-0.0501;0.41151;4.343215;0.157687;-0.9984;-0.027;-0.0501;0.345967;5.722898;0.719135;-0.9984;-0.027;-0.0501;0.140225;5.101865;-1.145103;0.6166;0.7781;0.1194;-0.600027;5.431373;0.530665;0.6166;0.7781;0.1194;0.482282;4.634917;0.131592;0.6166;0.7781;0.1194;-0.600027;5.431373;0.530665;0.3915;0.7781;-0.4911;1.050916;5.101865;1.324743;0.3915;0.7781;-0.4911;0.482282;4.634917;0.131592;0.3915;0.7781;-0.4911;1.050916;5.101865;1.324743;-0.1995;0.941;-0.2732;1.791169;4.772357;-0.351026;-0.1995;0.941;-0.2732;0.482282;4.634917;0.131592;-0.1995;0.941;-0.2732;1.791169;4.772357;-0.351026;0.0256;0.941;0.3373;0.140225;5.101865;-1.145103;0.0256;0.941;0.3373;0.482282;4.634917;0.131592;0.0256;0.941;0.3373;0.387899;5.575195;1.116879;-0.027;0.8664;-0.4987;1.706207;5.188924;0.374297;-0.027;0.8664;-0.4987;0.569697;4.995222;0.09936;-0.027;0.8664;-0.4987;1.706207;5.188924;0.374297;-0.2021;0.9672;0.1538;0.953817;5.24917;-0.992761;-0.2021;0.9672;0.1538;0.569697;4.995222;0.09936;-0.2021;0.9672;0.1538;0.953817;5.24917;-0.992761;0.4384;0.8291;0.347;-0.36449;5.635443;-0.250179;0.4384;0.8291;0.347;0.569697;4.995222;0.09936;0.4384;0.8291;0.347;0.345967;5.722898;0.719135;-0.1854;0.8021;-0.5677;1.635863;5.47063;-0.058565;-0.1854;0.8021;-0.5677;0.651775;5.333524;0.069096;-0.1854;0.8021;-0.5677;1.635863;5.47063;-0.058565;-0.0765;0.916;0.3938;0.421059;5.664855;-0.746445;-0.0765;0.916;0.3938;0.651775;5.333524;0.069096;-0.0765;0.916;0.3938;0.421059;5.664855;-0.746445;0.8001;0.5996;0.0172;0.345967;5.722898;0.719135;0.8001;0.5996;0.0172;0.651775;5.333524;0.069096;0.8001;0.5996;0.0172
63;0.5321428;0.6931977;0.48256254;0.2
2.442437;2.329214;-0.205418;0.3134;-0.7401;-0.595;-0.016792;1.013198;0.136386;0.3134;-0.7401;-0.595;1.182521;2.193684;-0.700345;0.3134;-0.7401;-0.595;1.182521;2.193684;-0.700345;-0.5844;0.7717;0.251;-0.016792;1.013198;0.136386;-0.5844;0.7717;0.251;1.495417;1.973794;0.704274;-0.5844;0.7717;0.251;1.495417;1.973794;0.704274;0.4831;-0.8594;0.1672;-0.016792;1.013198;0.136386;0.4831;-0.8594;0.1672;2.442437;2.329214;-0.205418;0.4831;-0.8594;0.1672;2.442437;2.329214;-0.205418;-0.1788;0.9652;0.1909;1.182521;2.193684;-0.700345;-0.1788;0.9652;0.1909;1.495417;1.973794;0.704274;-0.1788;0.9652;0.1909;-0.036179;2.342612;0.177594;0.638;0.07;-0.7668;0.100202;-0.074472;0.07035;0.638;0.07;-0.7668;-0.059308;-0.074472;-0.06236;0.638;0.07;-0.7668;0.096104;2.33459;0.282158;0.3448;-0.0816;0.9351;-0.094483;-0.074472;0.142135;0.3448;-0.0816;0.9351;0.100202;-0.074472;0.07035;0.3448;-0.0816;0.9351;-0.036179;2.342612;0.177594;-0.9641;0.2162;-0.1544;-0.058913;2.360038;0.343956;-0.9641;0.2162;-0.1544;0.651775;5.333524;0.069096;-0.9641;0.2162;-0.1544;-0.094483;-0.074472;0.142135;-0.9852;0.0263;-0.1695;-0.036179;2.342612;0.177594;-0.9852;0.0263;-0.1695;-0.059308;-0.074472;-0.06236;-0.9852;0.0263;-0.1695;-0.058913;2.360038;0.343956;0.3699;-0.0025;0.929;0.096104;2.33459;0.282158;0.3699;-0.0025;0.929;0.651775;5.333524;0.069096;0.3699;-0.0025;0.929;0.096104;2.33459;0.282158;0.6051;-0.1674;-0.7783;-0.036179;2.342612;0.177594;0.6051;-0.1674;-0.7783;0.651775;5.333524;0.069096;0.6051;-0.1674;-0.7783;-2.375582;3.503673;-1.195009;-0.5745;-0.811;0.1102;-0.052424;2.054037;0.248238;-0.5745;-0.811;0.1102;-1.842429;3.292797;0.032937;-0.5745;-0.811;0.1102;-1.842429;3.292797;0.032937;0.5516;0.8218;0.1424;-0.052424;2.054037;0.248238;0.5516;0.8218;0.1424;-1.117737;3.050581;-1.376868;0.5516;0.8218;0.1424;-1.117737;3.050581;-1.376868;-0.3615;-0.8816;-0.3036;-0.052424;2.054037;0.248238;-0.3615;-0.8816;-0.3036;-2.375582;3.503673;-1.195009;-0.3615;-0.8816;-0.3036;-2.375582;3.503673;-1.195009;0.3406;0.9401;0.0136;-1.842429;3.292797;0.032937;0.3406;0.9401;0.0136;-1.117737;3.050581;-1.376868;0.3406;0.9401;0.0136;-1.088923;4.673756;1.779318;-0.0062;-0.7414;0.671;0.143705;3.214524;0.178508;-0.0062;-0.7414;0.671;-0.151822;4.361226;1.442719;-0.0062;-0.7414;0.671;-0.151822;4.361226;1.442719;0.2835;0.7424;-0.6071;0.143705;3.214524;0.178508;0.2835;0.7424;-0.6071;-1.091755;4.22779;0.840603;0.2835;0.7424;-0.6071;-1.091755;4.22779;0.840603;-0.4541;-0.8042;0.3834;0.143705;3.214524;0.178508;-0.4541;-0.8042;0.3834;-1.088923;4.673756;1.779318;-0.4541;-0.8042;0.3834;-1.088923;4.673756;1.779318;0.1454;0.8935;-0.4249;-0.151822;4.361226;1.442719;0.1454;0.8935;-0.4249;-1.091755;4.22779;0.840603;0.1454;0.8935;-0.4249;-0.036179;2.342612;0.177594;0.6212;0.0697;-0.7805;0.096104;2.33459;0.282158;0.6212;0.0697;-0.7805;0.100202;-0.074472;0.07035;0.6212;0.0697;-0.7805;0.096104;2.33459;0.282158;0.3574;-0.0823;0.9303;-0.058913;2.360038;0.343956;0.3574;-0.0823;0.9303;-0.094483;-0.074472;0.142135;0.3574;-0.0823;0.9303;-0.094483;-0.074472;0.142135;-0.9901;0.0259;-0.138;-0.058913;2.360038;0.343956;-0.9901;0.0259;-0.138;-0.036179;2.342612;0.177594;-0.9901;0.0259;-0.138
5
INFO;NameId;786;DescId;787;price;10000;dpPerMin;0;range;2;placeSound;grassPlace
LIFE;averagePop;5.5;averageLife;11.0;popFactors;1;0.15;breedMat;5.5;breedTime;3.9785872;parentId;80;count;350;reqs;2;MATERIAL;colour;RED;LIFE;type;2;enviroType;1;biome;WOODLAND;amount;0.4;FADE_DEATH;0.5;enviroReqCount;3;reqId;2;growsBarren;0;biomes;4;0;1;8;7;idealFactor;65;influence;0.6;reqId;3;badBiomes;3;3;5;6;influence;0.8;reqId;5;likedSpecies;1;pt;influence;0.4
MATERIAL;second;0;count;6;CUSTOM;0.85633;0.42844;0.52386;1000;YELLOW;5000;ORANGE;15000;PINK;80000;WHITE;800000;BLACK;850000
GROWTH;dynamic;0;growthTime;3.6666667;modelStages;3;subStages;1
FOOD;2;901;4;SAMPLE;902;7;WHOLE;PARTICLE_DEATH;isColour;1;Spawn;0;PPS;8;Speed;0.6;Gravity;0.2;Life;0.5;Scale;0.05;Colour;1;1;1;Additive;0;Alpha;1;FadeIn;0.1;FadeOut;0.8;HasDir;1;Dir;0;1;0;Deviation;0.3;Offset;0;0;0;LifeError;0.4;ScaleError;0.1;SpeedError;0.1;RandomRot;1;HasXRot;0

