0.3
pnf
0;1
3
-0.917164;-0.175392;-0.828812;1.367738;1.942869;1.417196;1
60;2
36;-1.0;0.0;0.0;0.2
-0.069089;0.405791;-0.46384;0.9651;0.0276;-0.2604;0.034053;0.576593;-0.06346;0.9651;0.0276;-0.2604;0.054802;-0.163899;-0.064968;0.9651;0.0276;-0.2604;-0.069089;0.405791;-0.46384;0.8491;0.3702;-0.3767;-0.381086;1.195824;-0.390622;0.8491;0.3702;-0.3767;0.034053;0.576593;-0.06346;0.8491;0.3702;-0.3767;0.034053;0.576593;-0.06346;-0.1894;-0.0073;0.9819;-0.367689;0.409924;-0.14219;-0.1894;-0.0073;0.9819;0.054802;-0.163899;-0.064968;-0.1894;-0.0073;0.9819;0.034053;0.576593;-0.06346;-0.2963;0.2833;0.9121;-0.381086;1.195824;-0.390622;-0.2963;0.2833;0.9121;-0.367689;0.409924;-0.14219;-0.2963;0.2833;0.9121;-0.367689;0.409924;-0.14219;-0.7161;-0.2215;-0.6619;-0.381086;1.195824;-0.390622;-0.7161;-0.2215;-0.6619;-0.069089;0.405791;-0.46384;-0.7161;-0.2215;-0.6619;-0.367689;0.409924;-0.14219;-0.6225;-0.5352;-0.571;-0.069089;0.405791;-0.46384;-0.6225;-0.5352;-0.571;0.054802;-0.163899;-0.064968;-0.6225;-0.5352;-0.571;0.212128;0.39123;0.076458;0.7096;-0.2649;-0.6529;0.411748;0.231429;0.358243;0.7096;-0.2649;-0.6529;0.012622;-0.175392;0.089478;0.7096;-0.2649;-0.6529;0.212128;0.39123;0.076458;0.8339;0.0781;-0.5464;0.460638;0.900884;0.528552;0.8339;0.0781;-0.5464;0.411748;0.231429;0.358243;0.8339;0.0781;-0.5464;0.411748;0.231429;0.358243;-0.034;-0.5275;0.8489;0.055892;0.340365;0.41169;-0.034;-0.5275;0.8489;0.012622;-0.175392;0.089478;-0.034;-0.5275;0.8489;0.411748;0.231429;0.358243;0.0683;-0.2507;0.9657;0.460638;0.900884;0.528552;0.0683;-0.2507;0.9657;0.055892;0.340365;0.41169;0.0683;-0.2507;0.9657;0.055892;0.340365;0.41169;-0.7559;0.6003;-0.2612;0.460638;0.900884;0.528552;-0.7559;0.6003;-0.2612;0.212128;0.39123;0.076458;-0.7559;0.6003;-0.2612;0.055892;0.340365;0.41169;-0.8809;0.3018;-0.3647;0.212128;0.39123;0.076458;-0.8809;0.3018;-0.3647;0.012622;-0.175392;0.089478;-0.8809;0.3018;-0.3647
24;0.47201768;0.5855657;0.39331105;0.2
1.367738;1.942869;-0.73055;0.4663;-0.5288;-0.7092;0.016765;-0.171477;-0.042385;0.4663;-0.5288;-0.7092;0.256595;1.094723;-0.828812;0.4663;-0.5288;-0.7092;-0.053898;0.921707;0.799488;0.0637;0.662;-0.7468;-0.917164;0.769861;0.591196;0.0637;0.662;-0.7468;-0.781949;1.688637;1.417196;0.0637;0.662;-0.7468;-0.053898;0.921707;0.799488;0.0873;0.5973;-0.7972;-0.188439;-0.164949;-0.029451;0.0873;0.5973;-0.7972;-0.917164;0.769861;0.591196;0.0873;0.5973;-0.7972;0.256595;1.094723;-0.828812;-0.5649;0.6871;0.4569;0.795094;0.911441;0.112498;-0.5649;0.6871;0.4569;1.367738;1.942869;-0.73055;-0.5649;0.6871;0.4569;0.256595;1.094723;-0.828812;-0.7325;0.4539;0.5074;0.016765;-0.171477;-0.042385;-0.7325;0.4539;0.5074;0.795094;0.911441;0.112498;-0.7325;0.4539;0.5074;-0.781949;1.688637;1.417196;0.0315;-0.6087;0.7928;-0.188439;-0.164949;-0.029451;0.0315;-0.6087;0.7928;-0.053898;0.921707;0.799488;0.0315;-0.6087;0.7928;0.795094;0.911441;0.112498;0.8135;-0.5649;-0.1385;0.016765;-0.171477;-0.042385;0.8135;-0.5649;-0.1385;1.367738;1.942869;-0.73055;0.8135;-0.5649;-0.1385;-0.917164;0.769861;0.591196;-0.1887;-0.641;0.7439;-0.188439;-0.164949;-0.029451;-0.1887;-0.641;0.7439;-0.781949;1.688637;1.417196;-0.1887;-0.641;0.7439
-2.988348;-0.588672;-1.49197;2.343204;3.427032;2.245714;1
90;3
36;-1.0;0.0;0.0;0.2
-0.653982;2.503924;0.228924;0.8128;0.0657;-0.5788;-0.320357;2.524677;0.69977;0.8128;0.0657;-0.5788;-0.432826;1.603521;0.437201;0.8128;0.0657;-0.5788;-0.653982;2.503924;0.228924;0.7208;0.4463;-0.5304;-0.862227;3.427032;0.722761;0.7208;0.4463;-0.5304;-0.320357;2.524677;0.69977;0.7208;0.4463;-0.5304;-0.320357;2.524677;0.69977;0.1623;-0.2888;0.9435;-0.883607;2.323319;0.735044;0.1623;-0.2888;0.9435;-0.432826;1.603521;0.437201;0.1623;-0.2888;0.9435;-0.320357;2.524677;0.69977;0.059;0.01;0.9982;-0.862227;3.427032;0.722761;0.059;0.01;0.9982;-0.883607;2.323319;0.735044;0.059;0.01;0.9982;-0.883607;2.323319;0.735044;-0.9123;0.0131;-0.4092;-0.862227;3.427032;0.722761;-0.9123;0.0131;-0.4092;-0.653982;2.503924;0.228924;-0.9123;0.0131;-0.4092;-0.883607;2.323319;0.735044;-0.8181;-0.3126;-0.4827;-0.653982;2.503924;0.228924;-0.8181;-0.3126;-0.4827;-0.432826;1.603521;0.437201;-0.8181;-0.3126;-0.4827;0.348803;2.175374;-1.4566;0.7931;-0.4481;-0.4125;0.603147;2.318557;-1.123113;0.7931;-0.4481;-0.4125;0.30577;1.662551;-0.982357;0.7931;-0.4481;-0.4125;0.348803;2.175374;-1.4566;0.8119;-0.1047;-0.5743;0.432082;3.015132;-1.49197;0.8119;-0.1047;-0.5743;0.603147;2.318557;-1.123113;0.8119;-0.1047;-0.5743;0.603147;2.318557;-1.123113;0.0607;0.183;0.9812;0.166806;2.348593;-1.101721;0.0607;0.183;0.9812;0.30577;1.662551;-0.982357;0.0607;0.183;0.9812;0.603147;2.318557;-1.123113;0.0759;0.4811;0.8734;0.432082;3.015132;-1.49197;0.0759;0.4811;0.8734;0.166806;2.348593;-1.101721;0.0759;0.4811;0.8734;0.166806;2.348593;-1.101721;-0.8743;0.0665;-0.4808;0.432082;3.015132;-1.49197;-0.8743;0.0665;-0.4808;0.348803;2.175374;-1.4566;-0.8743;0.0665;-0.4808;0.166806;2.348593;-1.101721;-0.9061;-0.2437;-0.3457;0.348803;2.175374;-1.4566;-0.9061;-0.2437;-0.3457;0.30577;1.662551;-0.982357;-0.9061;-0.2437;-0.3457
36;0.47201768;0.5855657;0.39331105;0.2
2.343204;2.707451;-1.136119;0.4444;-0.5631;-0.6967;0.10379;-0.588672;0.099819;0.4444;-0.5631;-0.6967;1.172414;1.86752;-1.203943;0.4444;-0.5631;-0.6967;0.221252;1.8262;1.488936;-0.0768;0.662;-0.7456;-0.819611;1.648009;1.437993;-0.0768;0.662;-0.7456;-0.459205;2.599512;2.245714;-0.0768;0.662;-0.7456;0.221252;1.8262;1.488936;-0.0514;0.5402;-0.8399;-0.159931;-0.257549;0.171995;-0.0514;0.5402;-0.8399;-0.819611;1.648009;1.437993;-0.0514;0.5402;-0.8399;1.172414;1.86752;-1.203943;-0.4998;0.6504;0.572;1.929714;1.67059;-0.318387;-0.4998;0.6504;0.572;2.343204;2.707451;-1.136119;-0.4998;0.6504;0.572;1.172414;1.86752;-1.203943;-0.5607;0.5652;0.6052;0.10379;-0.588672;0.099819;-0.5607;0.5652;0.6052;1.929714;1.67059;-0.318387;-0.5607;0.5652;0.6052;-0.459205;2.599512;2.245714;0.2591;-0.5494;0.7944;-0.159931;-0.257549;0.171995;0.2591;-0.5494;0.7944;0.221252;1.8262;1.488936;0.2591;-0.5494;0.7944;1.929714;1.67059;-0.318387;0.6548;-0.6115;-0.4442;0.10379;-0.588672;0.099819;0.6548;-0.6115;-0.4442;2.343204;2.707451;-1.136119;0.6548;-0.6115;-0.4442;-0.819611;1.648009;1.437993;-0.1993;-0.5892;0.783;-0.159931;-0.257549;0.171995;-0.1993;-0.5892;0.783;-0.459205;2.599512;2.245714;-0.1993;-0.5892;0.783;-2.060833;1.67235;-0.076473;0.5972;0.8005;-0.0506;-1.850502;1.441978;-1.240063;0.5972;0.8005;-0.0506;-2.988348;2.29911;-1.107572;0.5972;0.8005;-0.0506;-2.060833;1.67235;-0.076473;0.7263;0.6874;-0.0048;-0.150664;-0.344884;0.070815;0.7263;0.6874;-0.0048;-1.850502;1.441978;-1.240063;0.7263;0.6874;-0.0048;-2.988348;2.29911;-1.107572;-0.7133;-0.6578;0.2418;-0.150664;-0.344884;0.070815;-0.7133;-0.6578;0.2418;-2.060833;1.67235;-0.076473;-0.7133;-0.6578;0.2418;-1.850502;1.441978;-1.240063;-0.6006;-0.758;-0.2544;-0.150664;-0.344884;0.070815;-0.6006;-0.758;-0.2544;-2.988348;2.29911;-1.107572;-0.6006;-0.758;-0.2544
18;0.6244157;0.8249675;0.5081546;0.2
0.077223;-0.168552;0.155547;-0.5717;-0.2694;0.7749;-0.76176;2.898685;0.602905;-0.5717;-0.2694;0.7749;-0.117069;-0.207379;-0.001298;-0.5717;-0.2694;0.7749;0.110344;-0.118613;-0.086628;0.9553;0.2352;0.1791;-0.76176;2.898685;0.602905;0.9553;0.2352;0.1791;0.077223;-0.168552;0.155547;0.9553;0.2352;0.1791;0.09626;-0.10197;-0.246786;-0.5239;0.372;0.7662;0.388368;2.55202;-1.33556;-0.5239;0.372;0.7662;-0.136523;-0.108735;-0.40268;-0.5239;0.372;0.7662;-0.136523;-0.108735;-0.40268;-0.4092;-0.2289;-0.8832;0.388368;2.55202;-1.33556;-0.4092;-0.2289;-0.8832;0.117002;-0.100239;-0.522341;-0.4092;-0.2289;-0.8832;-0.117069;-0.207379;-0.001298;-0.3833;0.0991;-0.9183;-0.76176;2.898685;0.602905;-0.3833;0.0991;-0.9183;0.110344;-0.118613;-0.086628;-0.3833;0.0991;-0.9183;0.117002;-0.100239;-0.522341;0.9941;-0.0789;0.0743;0.388368;2.55202;-1.33556;0.9941;-0.0789;0.0743;0.09626;-0.10197;-0.246786;0.9941;-0.0789;0.0743
-3.034854;-0.647705;-3.065307;2.880113;6.20248;3.110081;1
162;3
72;-1.0;0.0;0.0;0.15
0.310906;3.842143;-0.24349;-0.5454;0.2498;0.8001;0.041683;5.044662;-0.802462;-0.5454;0.2498;0.8001;-0.577011;3.842144;-0.848793;-0.5454;0.2498;0.8001;-0.577011;3.842144;-0.848793;-0.4202;0.2498;-0.8724;0.041683;5.044662;-0.802462;-0.4202;0.2498;-0.8724;0.391156;3.842144;-1.3151;-0.4202;0.2498;-0.8724;0.391156;3.842144;-1.3151;0.9656;0.2498;0.0723;0.041683;5.044662;-0.802462;0.9656;0.2498;0.0723;0.310906;3.842143;-0.24349;0.9656;0.2498;0.0723;0.391156;3.842144;-1.3151;0.9608;-0.2679;0.0719;0.310906;3.842143;-0.24349;0.9608;-0.2679;0.0719;0.037473;2.726913;-0.744637;0.9608;-0.2679;0.0719;1.423662;4.709793;-2.343493;0.3796;0.6316;0.676;0.903726;5.794847;-3.065307;0.3796;0.6316;0.676;0.392785;4.995492;-2.031547;0.3796;0.6316;0.676;-0.577011;3.842144;-0.848793;-0.4129;-0.3076;-0.8573;0.391156;3.842144;-1.3151;-0.4129;-0.3076;-0.8573;0.037473;2.726913;-0.744637;-0.4129;-0.3076;-0.8573;0.310906;3.842143;-0.24349;-0.5486;-0.2271;0.8047;-0.577011;3.842144;-0.848793;-0.5486;-0.2271;0.8047;0.037473;2.726913;-0.744637;-0.5486;-0.2271;0.8047;0.392785;4.995492;-2.031547;-0.9313;0.2238;-0.2873;0.903726;5.794847;-3.065307;-0.9313;0.2238;-0.2873;0.552676;4.438836;-2.983498;-0.9313;0.2238;-0.2873;0.552676;4.438836;-2.983498;0.6203;-0.2062;-0.7568;0.903726;5.794847;-3.065307;0.6203;-0.2062;-0.7568;1.423662;4.709793;-2.343493;0.6203;-0.2062;-0.7568;0.552676;4.438836;-2.983498;0.5941;-0.5706;-0.567;1.423662;4.709793;-2.343493;0.5941;-0.5706;-0.567;0.678018;3.633902;-2.042034;0.5941;-0.5706;-0.567;0.392785;4.995492;-2.031547;-0.9778;-0.2045;-0.0447;0.552676;4.438836;-2.983498;-0.9778;-0.2045;-0.0447;0.678018;3.633902;-2.042034;-0.9778;-0.2045;-0.0447;1.423662;4.709793;-2.343493;0.3034;0.0562;0.9512;0.392785;4.995492;-2.031547;0.3034;0.0562;0.9512;0.678018;3.633902;-2.042034;0.3034;0.0562;0.9512;2.286873;4.721166;0.984063;-0.36;0.3404;0.8686;2.505646;6.20248;0.494249;-0.36;0.3404;0.8686;1.411058;5.085262;0.478424;-0.36;0.3404;0.8686;1.411058;5.085262;0.478424;-0.3968;0.4004;-0.826;2.505646;6.20248;0.494249;-0.3968;0.4004;-0.826;2.262569;4.757106;-0.089681;-0.3968;0.4004;-0.826;2.262569;4.757106;-0.089681;0.9875;-0.155;-0.0275;2.505646;6.20248;0.494249;0.9875;-0.155;-0.0275;2.286873;4.721166;0.984063;0.9875;-0.155;-0.0275;2.262569;4.757106;-0.089681;0.8208;-0.57;-0.0377;2.286873;4.721166;0.984063;0.8208;-0.57;-0.0377;1.487795;3.610527;0.377749;0.8208;-0.57;-0.0377;1.411058;5.085262;0.478424;-0.5471;0.0286;-0.8366;2.262569;4.757106;-0.089681;-0.5471;0.0286;-0.8366;1.487795;3.610527;0.377749;-0.5471;0.0286;-0.8366;2.286873;4.721166;0.984063;-0.5245;-0.0851;0.8472;1.411058;5.085262;0.478424;-0.5245;-0.0851;0.8472;1.487795;3.610527;0.377749;-0.5245;-0.0851;0.8472;-1.61542;2.585701;-0.3536;0.6728;0.7392;0.0305;-2.406242;3.277167;0.331124;0.6728;0.7392;0.0305;-1.537256;2.474963;0.606777;0.6728;0.7392;0.0305;-1.537256;2.474963;0.606777;-0.4556;-0.1951;0.8685;-2.406242;3.277167;0.331124;-0.4556;-0.1951;0.8685;-2.270068;2.056772;0.128444;-0.4556;-0.1951;0.8685;-2.270068;2.056772;0.128444;-0.6229;0.06;-0.78;-2.406242;3.277167;0.331124;-0.6229;0.06;-0.78;-1.61542;2.585701;-0.3536;-0.6229;0.06;-0.78;-2.270068;2.056772;0.128444;-0.3379;-0.3704;-0.8653;-1.61542;2.585701;-0.3536;-0.3379;-0.3704;-0.8653;-1.162297;1.42655;-0.034385;-0.3379;-0.3704;-0.8653;-1.537256;2.474963;0.606777;-0.2022;-0.5626;0.8016;-2.270068;2.056772;0.128444;-0.2022;-0.5626;0.8016;-1.162297;1.42655;-0.034385;-0.2022;-0.5626;0.8016;-1.61542;2.585701;-0.3536;0.934;0.3555;-0.035;-1.537256;2.474963;0.606777;0.934;0.3555;-0.035;-1.162297;1.42655;-0.034385;0.934;0.3555;-0.035
54;0.47201768;0.5855657;0.39331105;0.15
1.249666;1.13818;-0.950911;0.3242;-0.5266;-0.7859;0.100036;-0.647705;-0.228538;0.3242;-0.5266;-0.7859;0.600757;1.371681;-1.375031;0.3242;-0.5266;-0.7859;0.054997;2.077236;1.585305;-0.1118;0.9648;-0.238;-0.962202;1.9469;1.534916;-0.1118;0.9648;-0.238;-0.653182;2.371243;3.110081;-0.1118;0.9648;-0.238;1.249666;1.13818;-0.950911;0.0668;-0.8273;-0.5577;0.600757;1.371681;-1.375031;0.0668;-0.8273;-0.5577;2.880113;2.011332;-2.05067;0.0668;-0.8273;-0.5577;0.054997;2.077236;1.585305;-0.0345;0.583;-0.8118;-0.201833;-0.309059;-0.117514;-0.0345;0.583;-0.8118;-0.962202;1.9469;1.534916;-0.0345;0.583;-0.8118;0.600757;1.371681;-1.375031;-0.1814;0.9426;0.2805;1.59588;1.228212;-0.24933;-0.1814;0.9426;0.2805;2.880113;2.011332;-2.05067;-0.1814;0.9426;0.2805;0.600757;1.371681;-1.375031;-0.6169;0.4987;0.6089;0.100036;-0.647705;-0.228538;-0.6169;0.4987;0.6089;1.59588;1.228212;-0.24933;-0.6169;0.4987;0.6089;-0.451491;1.830707;1.748326;0.4848;-0.542;0.6865;-0.201833;-0.309059;-0.117514;0.4848;-0.542;0.6865;0.054997;2.077236;1.585305;0.4848;-0.542;0.6865;-0.451491;1.830707;1.748326;0.501;-0.7764;0.3824;0.054997;2.077236;1.585305;0.501;-0.7764;0.3824;-0.653182;2.371243;3.110081;0.501;-0.7764;0.3824;1.59588;1.228212;-0.24933;0.7463;-0.5983;-0.2915;0.100036;-0.647705;-0.228538;0.7463;-0.5983;-0.2915;1.249666;1.13818;-0.950911;0.7463;-0.5983;-0.2915;1.59588;1.228212;-0.24933;0.4211;-0.9023;-0.092;1.249666;1.13818;-0.950911;0.4211;-0.9023;-0.092;2.880113;2.011332;-2.05067;0.4211;-0.9023;-0.092;-0.962202;1.9469;1.534916;-0.4178;-0.6243;0.66;-0.201833;-0.309059;-0.117514;-0.4178;-0.6243;0.66;-0.451491;1.830707;1.748326;-0.4178;-0.6243;0.66;-0.962202;1.9469;1.534916;-0.3308;-0.8929;0.3054;-0.451491;1.830707;1.748326;-0.3308;-0.8929;0.3054;-0.653182;2.371243;3.110081;-0.3308;-0.8929;0.3054;-1.630413;1.093232;-0.354647;0.3139;0.9422;-0.1174;-1.447483;0.908522;-1.347944;0.3139;0.9422;-0.1174;-3.034854;1.43065;-1.401417;0.3139;0.9422;-0.1174;-1.630413;1.093232;-0.354647;0.7122;0.7019;6.0E-4;-0.19293;-0.36537;-0.278359;0.7122;0.7019;6.0E-4;-1.447483;0.908522;-1.347944;0.7122;0.7019;6.0E-4;-1.700042;0.795069;-0.854779;-0.6459;-0.6128;0.4553;-0.19293;-0.36537;-0.278359;-0.6459;-0.6128;0.4553;-1.630413;1.093232;-0.354647;-0.6459;-0.6128;0.4553;-1.700042;0.795069;-0.854779;-0.53;-0.6939;0.4875;-1.630413;1.093232;-0.354647;-0.53;-0.6939;0.4875;-3.034854;1.43065;-1.401417;-0.53;-0.6939;0.4875;-1.447483;0.908522;-1.347944;-0.4512;-0.7911;-0.413;-0.19293;-0.36537;-0.278359;-0.4512;-0.7911;-0.413;-1.700042;0.795069;-0.854779;-0.4512;-0.7911;-0.413;-1.447483;0.908522;-1.347944;-0.282;-0.8933;-0.3499;-1.700042;0.795069;-0.854779;-0.282;-0.8933;-0.3499;-3.034854;1.43065;-1.401417;-0.282;-0.8933;-0.3499
36;0.6244157;0.8249675;0.5081546;0.15
-0.006327;-0.235808;-0.205784;-0.5197;-0.4646;0.717;-2.406242;3.277167;0.331124;-0.5197;-0.4646;0.717;-0.16804;-0.261258;-0.339485;-0.5197;-0.4646;0.717;0.020448;-0.199147;-0.412215;0.8229;0.5314;0.2011;-2.406242;3.277167;0.331124;0.8229;0.5314;0.2011;-0.006327;-0.235808;-0.205784;0.8229;0.5314;0.2011;0.008396;-0.186558;-0.548748;-0.5627;0.0436;0.8255;0.041683;5.044662;-0.802462;-0.5627;0.0436;0.8255;-0.186348;-0.186558;-0.681506;-0.5627;0.0436;0.8255;6.65E-4;-0.212497;0.093071;0.8793;-0.3627;0.3088;2.505646;6.20248;0.494249;0.8793;-0.3627;0.3088;-0.091718;-0.267851;0.291107;0.8793;-0.3627;0.3088;-0.186348;-0.186558;-0.681506;-0.4339;-0.0019;-0.9009;0.041683;5.044662;-0.802462;-0.4339;-0.0019;-0.9009;0.025996;-0.186558;-0.78378;-0.4339;-0.0019;-0.9009;-0.22167;-0.191242;0.123595;-0.1248;0.1104;-0.986;2.505646;6.20248;0.494249;-0.1248;0.1104;-0.986;6.65E-4;-0.212497;0.093071;-0.1248;0.1104;-0.986;-0.16804;-0.261258;-0.339485;-0.3475;-0.0423;-0.9367;-2.406242;3.277167;0.331124;-0.3475;-0.0423;-0.9367;0.020448;-0.199147;-0.412215;-0.3475;-0.0423;-0.9367;0.025996;-0.186558;-0.78378;0.9972;-0.0027;0.0747;0.041683;5.044662;-0.802462;0.9972;-0.0027;0.0747;0.008396;-0.186558;-0.548748;0.9972;-0.0027;0.0747;-0.091718;-0.267851;0.291107;-0.7014;0.2607;0.6634;2.505646;6.20248;0.494249;-0.7014;0.2607;0.6634;-0.22167;-0.191242;0.123595;-0.7014;0.2607;0.6634;0.337766;-0.349586;-0.052773;-0.3399;0.4391;0.8317;0.903726;5.794847;-3.065307;-0.3399;0.4391;0.8317;0.099228;-0.340111;-0.155267;-0.3399;0.4391;0.8317;0.099228;-0.340111;-0.155267;-0.6341;-0.2619;-0.7275;0.903726;5.794847;-3.065307;-0.6341;-0.2619;-0.7275;0.298445;-0.42688;-0.29767;-0.6341;-0.2619;-0.7275;0.298445;-0.42688;-0.29767;0.983;-0.1454;-0.1119;0.903726;5.794847;-3.065307;0.983;-0.1454;-0.1119;0.337766;-0.349586;-0.052773;0.983;-0.1454;-0.1119
5
INFO;NameId;792;DescId;793;price;5600;dpPerMin;0;range;2;placeSound;grassPlace
LIFE;averagePop;6.2;averageLife;8.0;popFactors;1;0.15;breedMat;4.0;breedTime;2.894237;parentId;154;count;350;reqs;1;MATERIAL;colour;WHITE;FADE_DEATH;0.5;enviroReqCount;3;reqId;2;growsBarren;0;biomes;4;0;1;8;7;idealFactor;55;influence;0.6;reqId;3;badBiomes;3;3;5;6;influence;0.8;reqId;5;likedSpecies;1;ers;influence;0.35
MATERIAL;second;0;count;5;CUSTOM;0.904;0.904;0.904;1000;YELLOW;5000;ORANGE;30000;RED;100000;WHITE;300000
GROWTH;dynamic;0;growthTime;2.6666667;modelStages;3;subStages;1
FOOD;2;901;2;SAMPLE;902;10;WHOLE;PARTICLE_DEATH;isColour;1;Spawn;0;PPS;8;Speed;0.6;Gravity;0.2;Life;0.5;Scale;0.05;Colour;1;1;1;Additive;0;Alpha;1;FadeIn;0.1;FadeOut;0.8;HasDir;1;Dir;0;1;0;Deviation;0.3;Offset;0;0;0;LifeError;0.4;ScaleError;0.1;SpeedError;0.1;RandomRot;1;HasXRot;0;effect;0;time;35

