0.36
pnf
0;1
3
-0.38312;-0.252944;-1.034833;0.685648;2.510043;1.325064;1
66;3
24;0.5218564;0.63901263;0.42303455;0.2
0.190204;1.749782;1.325064;-0.1334;-0.7849;0.6051;0.023814;0.769116;0.016177;-0.1334;-0.7849;0.6051;0.533148;1.218223;0.711128;-0.1334;-0.7849;0.6051;0.533148;1.218223;0.711128;0.3239;0.6685;-0.6694;0.023814;0.769116;0.016177;0.3239;0.6685;-0.6694;-0.233964;1.484003;0.605392;0.3239;0.6685;-0.6694;-0.233964;1.484003;0.605392;-0.53;-0.6449;0.5506;0.023814;0.769116;0.016177;-0.53;-0.6449;0.5506;0.190204;1.749782;1.325064;-0.53;-0.6449;0.5506;0.190204;1.749782;1.325064;0.3444;0.7964;-0.4971;0.533148;1.218223;0.711128;0.3444;0.7964;-0.4971;-0.233964;1.484003;0.605392;0.3444;0.7964;-0.4971;0.685648;1.377596;-0.486428;0.1561;-0.8532;-0.4977;-0.056231;0.948832;0.015921;0.1561;-0.8532;-0.4977;0.489288;1.661545;-1.034833;0.1561;-0.8532;-0.4977;0.041085;1.550414;-0.599591;0.0665;0.7083;0.7028;-0.056231;0.948832;0.015921;0.0665;0.7083;0.7028;0.685648;1.377596;-0.486428;0.0665;0.7083;0.7028;0.489288;1.661545;-1.034833;-0.4852;-0.5858;-0.6492;-0.056231;0.948832;0.015921;-0.4852;-0.5858;-0.6492;0.041085;1.550414;-0.599591;-0.4852;-0.5858;-0.6492;0.489288;1.661545;-1.034833;0.1699;0.8986;0.4044;0.041085;1.550414;-0.599591;0.1699;0.8986;0.4044;0.685648;1.377596;-0.486428;0.1699;0.8986;0.4044
30;0.6218322;0.6258973;0.41465104;0.2
0.036938;-0.252807;0.053291;-0.5094;0.0054;0.8605;-0.023823;1.866644;0.003953;-0.5094;0.0054;0.8605;-0.052138;-0.252944;5.67E-4;-0.5094;0.0054;0.8605;-0.023823;1.866644;0.003953;-0.4902;0.0079;-0.8716;0.03815;-0.252944;-0.050212;-0.4902;0.0079;-0.8716;-0.052138;-0.252944;5.67E-4;-0.4902;0.0079;-0.8716;0.026337;1.866644;-0.024257;0.9999;0.0054;0.0117;0.036938;-0.252807;0.053291;0.9999;0.0054;0.0117;0.03815;-0.252944;-0.050212;0.9999;0.0054;0.0117;0.010539;2.123928;0.371376;-0.6499;-0.3939;0.6499;-0.38312;2.123928;-0.022283;-0.6499;-0.3939;0.6499;0.010539;1.524882;0.008358;-0.6499;-0.3939;0.6499;-0.38312;2.123928;-0.022283;-0.6322;-0.4478;-0.6322;0.010539;2.123928;-0.415943;-0.6322;-0.4478;-0.6322;0.010539;1.524882;0.008358;-0.6322;-0.4478;-0.6322;0.404199;2.123928;-0.022284;0.6499;-0.3939;0.65;0.010539;2.123928;0.371376;0.6499;-0.3939;0.65;0.010539;1.524882;0.008358;0.6499;-0.3939;0.65;0.010539;2.123928;-0.415943;0.6322;-0.4478;-0.6322;0.404199;2.123928;-0.022284;0.6322;-0.4478;-0.6322;0.010539;1.524882;0.008358;0.6322;-0.4478;-0.6322;0.036938;-0.252807;0.053291;-0.5398;0.0041;0.8418;0.027545;1.929502;0.03659;-0.5398;0.0041;0.8418;-0.023823;1.866644;0.003953;-0.5398;0.0041;0.8418;-0.023823;1.866644;0.003953;-0.4902;0.0079;-0.8716;0.026337;1.866644;-0.024257;-0.4902;0.0079;-0.8716;0.03815;-0.252944;-0.050212;-0.4902;0.0079;-0.8716;0.026337;1.866644;-0.024257;0.9997;0.0041;-0.0241;0.027545;1.929502;0.03659;0.9997;0.0041;-0.0241;0.036938;-0.252807;0.053291;0.9997;0.0041;-0.0241
12;-1.0;0.0;0.0;0.2
0.010539;2.123928;-0.415943;0.5736;0.5848;-0.5736;0.01054;2.510043;-0.022283;0.5736;0.5848;-0.5736;0.404199;2.123928;-0.022284;0.5736;0.5848;-0.5736;0.404199;2.123928;-0.022284;0.5736;0.5848;0.5736;0.01054;2.510043;-0.022283;0.5736;0.5848;0.5736;0.010539;2.123928;0.371376;0.5736;0.5848;0.5736;0.010539;2.123928;0.371376;-0.5736;0.5848;0.5736;0.01054;2.510043;-0.022283;-0.5736;0.5848;0.5736;-0.38312;2.123928;-0.022283;-0.5736;0.5848;0.5736;-0.38312;2.123928;-0.022283;-0.5736;0.5848;-0.5736;0.01054;2.510043;-0.022283;-0.5736;0.5848;-0.5736;0.010539;2.123928;-0.415943;-0.5736;0.5848;-0.5736
-0.743536;-0.286287;-1.673362;0.81877;6.607439;1.542731;2
138;4
24;0.5218564;0.63901263;0.42303455;0.1
0.208642;3.106693;1.542731;-0.1343;-0.7882;0.6006;0.038594;1.97378;0.018007;-0.1343;-0.7882;0.6006;0.595941;2.47928;0.805973;-0.1343;-0.7882;0.6006;0.595941;2.47928;0.805973;0.3251;0.6746;-0.6627;0.038594;1.97378;0.018007;0.3251;0.6746;-0.6627;-0.27572;2.781283;0.685825;0.3251;0.6746;-0.6627;-0.27572;2.781283;0.685825;-0.5241;-0.6546;0.5448;0.038594;1.97378;0.018007;-0.5241;-0.6546;0.5448;0.208642;3.106693;1.542731;-0.5241;-0.6546;0.5448;0.208642;3.106693;1.542731;0.3444;0.7964;-0.4971;0.595941;2.47928;0.805973;0.3444;0.7964;-0.4971;-0.27572;2.781283;0.685825;0.3444;0.7964;-0.4971;0.81877;3.713455;-1.004995;0.1153;-0.8874;-0.4464;0.021476;3.074892;0.05844;0.1153;-0.8874;-0.4464;0.496931;4.007894;-1.673362;0.1153;-0.8874;-0.4464;-0.040353;3.934545;-1.111485;0.1342;0.8019;0.5822;0.021476;3.074892;0.05844;0.1342;0.8019;0.5822;0.81877;3.713455;-1.004995;0.1342;0.8019;0.5822;0.496931;4.007894;-1.673362;-0.4399;-0.7346;-0.5165;0.021476;3.074892;0.05844;-0.4399;-0.7346;-0.5165;-0.040353;3.934545;-1.111485;-0.4399;-0.7346;-0.5165;0.496931;4.007894;-1.673362;0.2002;0.9285;0.3126;-0.040353;3.934545;-1.111485;0.2002;0.9285;0.3126;0.81877;3.713455;-1.004995;0.2002;0.9285;0.3126
30;0.6218322;0.6258973;0.41465104;0.1
0.183532;5.184236;-0.143822;-0.6289;-0.7722;-0.0907;-0.023356;5.299991;0.305028;-0.6289;-0.7722;-0.0907;-0.141314;5.43802;-0.052028;-0.6289;-0.7722;-0.0907;-0.023356;5.299991;0.305028;-0.951;-0.198;0.2376;-0.167975;5.819526;0.159109;-0.951;-0.198;0.2376;-0.141314;5.43802;-0.052028;-0.951;-0.198;0.2376;0.059233;5.726253;-0.275873;-0.4747;-0.3096;-0.8239;0.183532;5.184236;-0.143822;-0.4747;-0.3096;-0.8239;-0.141314;5.43802;-0.052028;-0.4747;-0.3096;-0.8239;-0.167975;5.819526;0.159109;-0.8472;0.2107;-0.4877;0.059233;5.726253;-0.275873;-0.8472;0.2107;-0.4877;-0.141314;5.43802;-0.052028;-0.8472;0.2107;-0.4877;0.065536;-0.286143;0.082378;-0.5095;0.0033;0.8604;-0.02722;5.360905;0.006103;-0.5095;0.0033;0.8604;-0.081948;-0.286287;-0.004959;-0.5095;0.0033;0.8604;-0.02722;5.360905;0.006103;-0.4902;0.0065;-0.8716;0.06751;-0.286287;-0.089015;-0.4902;0.0065;-0.8716;-0.081948;-0.286287;-0.004959;-0.4902;0.0065;-0.8716;0.048536;5.360905;-0.036502;0.9999;0.0033;0.0115;0.065536;-0.286143;0.082378;0.9999;0.0033;0.0115;0.06751;-0.286287;-0.089015;0.9999;0.0033;0.0115;0.065536;-0.286143;0.082378;-0.5126;0.0032;0.8586;0.047607;5.43597;0.050498;-0.5126;0.0032;0.8586;-0.02722;5.360905;0.006103;-0.5126;0.0032;0.8586;-0.02722;5.360905;0.006103;-0.4902;0.0065;-0.8716;0.048536;5.360905;-0.036502;-0.4902;0.0065;-0.8716;0.06751;-0.286287;-0.089015;-0.4902;0.0065;-0.8716;0.048536;5.360905;-0.036502;1.0;0.0032;0.0079;0.047607;5.43597;0.050498;1.0;0.0032;0.0079;0.065536;-0.286143;0.082378;1.0;0.0032;0.0079
12;0.31792903;0.28289863;0.2983672;0.1
-0.167975;5.819526;0.159109;0.6613;0.7257;0.1898;0.124332;5.572149;0.086525;0.6613;0.7257;0.1898;0.059233;5.726253;-0.275873;0.6613;0.7257;0.1898;0.059233;5.726253;-0.275873;0.9753;0.2019;-0.0893;0.124332;5.572149;0.086525;0.9753;0.2019;-0.0893;0.183532;5.184236;-0.143822;0.9753;0.2019;-0.0893;0.183532;5.184236;-0.143822;0.888;-0.127;0.442;0.124332;5.572149;0.086525;0.888;-0.127;0.442;-0.023356;5.299991;0.305028;0.888;-0.127;0.442;-0.023356;5.299991;0.305028;0.5005;0.3604;0.7872;0.124332;5.572149;0.086525;0.5005;0.3604;0.7872;-0.167975;5.819526;0.159109;0.5005;0.3604;0.7872
72;-1.0;0.0;0.0;0.1
-0.284288;5.432612;0.934673;-0.9522;0.0279;-0.3042;-0.009181;5.481513;0.078024;-0.9522;0.0279;-0.3042;-0.336838;4.858468;1.046489;-0.9522;0.0279;-0.3042;-0.002689;4.741427;0.592861;0.9242;0.2235;0.3096;-0.009181;5.481513;0.078024;0.9242;0.2235;0.3096;-0.284288;5.432612;0.934673;0.9242;0.2235;0.3096;-0.336838;4.858468;1.046489;-0.7948;-0.3512;-0.4949;-0.009181;5.481513;0.078024;-0.7948;-0.3512;-0.4949;-0.002689;4.741427;0.592861;-0.7948;-0.3512;-0.4949;-0.336838;4.858468;1.046489;0.8094;0.04;0.5859;-0.002689;4.741427;0.592861;0.8094;0.04;0.5859;-0.284288;5.432612;0.934673;0.8094;0.04;0.5859;-0.401184;6.199265;0.439148;-0.7581;-0.0664;-0.6487;-0.011887;5.499312;0.055869;-0.7581;-0.0664;-0.6487;-0.743536;6.018248;0.857761;-0.7581;-0.0664;-0.6487;-0.441874;5.54824;0.831718;0.8582;0.2246;0.4615;-0.011887;5.499312;0.055869;0.8582;0.2246;0.4615;-0.401184;6.199265;0.439148;0.8582;0.2246;0.4615;-0.743536;6.018248;0.857761;-0.7804;-0.4786;-0.4023;-0.011887;5.499312;0.055869;-0.7804;-0.4786;-0.4023;-0.441874;5.54824;0.831718;-0.7804;-0.4786;-0.4023;-0.743536;6.018248;0.857761;0.6345;0.3696;0.6788;-0.441874;5.54824;0.831718;0.6345;0.3696;0.6788;-0.401184;6.199265;0.439148;0.6345;0.3696;0.6788;0.28891;5.587604;-0.773429;-0.7328;-0.599;-0.3227;-0.007909;5.502497;0.058654;-0.7328;-0.599;-0.3227;0.032981;6.04212;-1.035968;-0.7328;-0.599;-0.3227;-0.073238;6.194134;-0.494439;0.867;0.3586;0.346;-0.007909;5.502497;0.058654;0.867;0.3586;0.346;0.28891;5.587604;-0.773429;0.867;0.3586;0.346;0.032981;6.04212;-1.035968;-0.9707;-0.1992;-0.1345;-0.007909;5.502497;0.058654;-0.9707;-0.1992;-0.1345;-0.073238;6.194134;-0.494439;-0.9707;-0.1992;-0.1345;0.032981;6.04212;-1.035968;0.8639;0.5028;0.0283;-0.073238;6.194134;-0.494439;0.8639;0.5028;0.0283;0.28891;5.587604;-0.773429;0.8639;0.5028;0.0283;-0.069222;6.23297;-0.43426;-0.7;-0.4374;-0.5645;-0.009084;5.502251;0.057341;-0.7;-0.4374;-0.5645;-0.464161;6.607439;-0.234627;-0.7;-0.4374;-0.5645;-0.396496;6.278178;0.224364;0.8515;0.3391;0.3999;-0.009084;5.502251;0.057341;0.8515;0.3391;0.3999;-0.069222;6.23297;-0.43426;0.8515;0.3391;0.3999;-0.464161;6.607439;-0.234627;-0.8963;-0.4123;-0.1636;-0.009084;5.502251;0.057341;-0.8963;-0.4123;-0.1636;-0.396496;6.278178;0.224364;-0.8963;-0.4123;-0.1636;-0.464161;6.607439;-0.234627;0.732;0.6001;0.3226;-0.396496;6.278178;0.224364;0.732;0.6001;0.3226;-0.069222;6.23297;-0.43426;0.732;0.6001;0.3226;0.382477;4.772695;-0.372422;-0.8975;-0.436;-0.0669;0.001335;5.499287;0.005804;-0.8975;-0.436;-0.0669;0.401485;4.823442;-0.958153;-0.8975;-0.436;-0.0669;0.322415;5.381117;-0.830892;0.9;0.3155;0.3008;0.001335;5.499287;0.005804;0.9;0.3155;0.3008;0.382477;4.772695;-0.372422;0.9;0.3155;0.3008;0.401485;4.823442;-0.958153;-0.9348;-0.0524;-0.3513;0.001335;5.499287;0.005804;-0.9348;-0.0524;-0.3513;0.322415;5.381117;-0.830892;-0.9348;-0.0524;-0.3513;0.401485;4.823442;-0.958153;0.9905;0.1305;0.0435;0.322415;5.381117;-0.830892;0.9905;0.1305;0.0435;0.382477;4.772695;-0.372422;0.9905;0.1305;0.0435;0.11668;4.66841;0.493786;-0.9805;-0.1838;-0.0691;-0.002878;5.463446;0.075418;-0.9805;-0.1838;-0.0691;0.22145;4.276737;0.049453;-0.9805;-0.1838;-0.0691;0.340983;4.722175;-0.317783;0.9198;0.2819;0.2729;-0.002878;5.463446;0.075418;0.9198;0.2819;0.2729;0.11668;4.66841;0.493786;0.9198;0.2819;0.2729;0.22145;4.276737;0.049453;-0.8692;-0.154;-0.4698;-0.002878;5.463446;0.075418;-0.8692;-0.154;-0.4698;0.340983;4.722175;-0.317783;-0.8692;-0.154;-0.4698;0.22145;4.276737;0.049453;0.9637;-0.0413;0.2636;0.340983;4.722175;-0.317783;0.9637;-0.0413;0.2636;0.11668;4.66841;0.493786;0.9637;-0.0413;0.2636
-3.109395;-0.291271;-2.422741;2.393756;11.610965;3.232427;1.6
174;4
48;0.5218564;0.63901263;0.42303455;0.07
-0.866415;5.46571;2.138663;-0.4012;-0.897;0.1854;0.002562;4.649758;0.070997;-0.4012;-0.897;0.1854;-0.241868;5.412355;3.232427;-0.4012;-0.897;0.1854;2.095526;6.001567;-0.967932;0.4092;-0.9084;0.0855;0.033153;5.161417;-0.023114;0.4092;-0.9084;0.0855;2.212525;5.917706;-2.418546;0.4092;-0.9084;0.0855;-3.109395;3.079411;0.440264;-0.2364;-0.9224;0.3053;0.003469;2.14347;0.023115;-0.2364;-0.9224;0.3053;-1.953079;3.044249;1.229614;-0.2364;-0.9224;0.3053;0.55332;5.319948;2.29443;0.1311;0.9397;-0.3157;0.002562;4.649758;0.070997;0.1311;0.9397;-0.3157;-0.866415;5.46571;2.138663;0.1311;0.9397;-0.3157;0.869595;5.807409;-2.422741;-0.317;0.9377;0.142;0.033153;5.161417;-0.023114;-0.317;0.9377;0.142;2.095526;6.001567;-0.967932;-0.317;0.9377;0.142;-1.953079;3.044249;1.229614;0.3444;0.929;-0.1351;0.003469;2.14347;0.023115;0.3444;0.929;-0.1351;-2.253522;2.88194;-0.651998;0.3444;0.929;-0.1351;2.212525;5.917706;-2.418546;0.0803;-0.9692;-0.2329;0.033153;5.161417;-0.023114;0.0803;-0.9692;-0.2329;0.869595;5.807409;-2.422741;0.0803;-0.9692;-0.2329;2.212525;5.917706;-2.418546;-0.0815;0.9946;-0.0641;0.869595;5.807409;-2.422741;-0.0815;0.9946;-0.0641;2.095526;6.001567;-0.967932;-0.0815;0.9946;-0.0641;-2.253522;2.88194;-0.651998;-0.2946;-0.9538;-0.0584;0.003469;2.14347;0.023115;-0.2946;-0.9538;-0.0584;-3.109395;3.079411;0.440264;-0.2946;-0.9538;-0.0584;-3.109395;3.079411;0.440264;0.0992;0.9899;-0.1012;-1.953079;3.044249;1.229614;0.0992;0.9899;-0.1012;-2.253522;2.88194;-0.651998;0.0992;0.9899;-0.1012;-0.241868;5.412355;3.232427;0.1766;-0.9536;0.2437;0.002562;4.649758;0.070997;0.1766;-0.9536;0.2437;0.55332;5.319948;2.29443;0.1766;-0.9536;0.2437;-0.241868;5.412355;3.232427;0.1033;0.9946;-0.0104;0.55332;5.319948;2.29443;0.1033;0.9946;-0.0104;-0.866415;5.46571;2.138663;0.1033;0.9946;-0.0104;1.462738;4.155023;0.983734;0.3054;-0.8432;0.4424;0.096428;3.178493;0.065681;0.3054;-0.8432;0.4424;2.393756;4.300083;0.61739;0.3054;-0.8432;0.4424;1.775268;4.078284;-0.121699;-0.4801;0.8552;-0.1951;0.096428;3.178493;0.065681;-0.4801;0.8552;-0.1951;1.462738;4.155023;0.983734;-0.4801;0.8552;-0.1951;2.393756;4.300083;0.61739;0.4586;-0.8806;-0.1195;0.096428;3.178493;0.065681;0.4586;-0.8806;-0.1195;1.775268;4.078284;-0.121699;0.4586;-0.8806;-0.1195;2.393756;4.300083;0.61739;-0.2002;0.9719;-0.1241;1.775268;4.078284;-0.121699;-0.2002;0.9719;-0.1241;1.462738;4.155023;0.983734;-0.2002;0.9719;-0.1241
30;0.6218322;0.6258973;0.41465104;0.07
0.11975;-0.291271;0.149209;-0.5097;0.0033;0.8603;-0.046651;9.060943;0.014364;-0.5097;0.0033;0.8603;-0.140013;-0.291271;-0.004698;-0.5097;0.0033;0.8603;-0.046651;9.060943;0.014364;-0.4902;0.0067;-0.8716;0.123156;-0.291271;-0.152706;-0.4902;0.0067;-0.8716;-0.140013;-0.291271;-0.004698;-0.4902;0.0067;-0.8716;0.090951;9.060943;-0.063024;0.9999;0.0033;0.0113;0.11975;-0.291271;0.149209;0.9999;0.0033;0.0113;0.123156;-0.291271;-0.152706;0.9999;0.0033;0.0113;0.350872;8.435987;0.081927;-0.8005;-0.5991;-0.0143;-0.154382;9.094463;0.778084;-0.8005;-0.5991;-0.0143;-0.179123;9.147931;-0.074733;-0.8005;-0.5991;-0.0143;-0.154382;9.094463;0.778084;-0.9934;0.1091;0.0357;-0.073187;10.060465;0.083991;-0.9934;0.1091;0.0357;-0.179123;9.147931;-0.074733;-0.9934;0.1091;0.0357;0.481843;9.446747;-0.588133;-0.3989;-0.4702;-0.7873;0.350872;8.435987;0.081927;-0.3989;-0.4702;-0.7873;-0.179123;9.147931;-0.074733;-0.3989;-0.4702;-0.7873;-0.073187;10.060465;0.083991;-0.6562;0.2026;-0.7269;0.481843;9.446747;-0.588133;-0.6562;0.2026;-0.7269;-0.179123;9.147931;-0.074733;-0.6562;0.2026;-0.7269;0.11975;-0.291271;0.149209;-0.5097;0.0033;0.8603;0.08917;9.060943;0.094837;-0.5097;0.0033;0.8603;-0.046651;9.060943;0.014364;-0.5097;0.0033;0.8603;-0.046651;9.060943;0.014364;-0.4902;0.0067;-0.8716;0.090951;9.060943;-0.063024;-0.4902;0.0067;-0.8716;0.123156;-0.291271;-0.152706;-0.4902;0.0067;-0.8716;0.090951;9.060943;-0.063024;0.9999;0.0033;0.0113;0.08917;9.060943;0.094837;0.9999;0.0033;0.0113;0.11975;-0.291271;0.149209;0.9999;0.0033;0.0113
12;0.31792903;0.28289863;0.2983672;0.07
-0.073187;10.060465;0.083991;0.8011;0.5848;0.1276;0.388428;9.390446;0.256671;0.8011;0.5848;0.1276;0.481843;9.446747;-0.588133;0.8011;0.5848;0.1276;0.481843;9.446747;-0.588133;0.9927;-0.0584;0.1059;0.388428;9.390446;0.256671;0.9927;-0.0584;0.1059;0.350872;8.435987;0.081927;0.9927;-0.0584;0.1059;0.350872;8.435987;0.081927;0.7264;-0.1513;0.6704;0.388428;9.390446;0.256671;0.7264;-0.1513;0.6704;-0.154382;9.094463;0.778084;0.7264;-0.1513;0.6704;-0.154382;9.094463;0.778084;0.444;0.4979;0.7449;0.388428;9.390446;0.256671;0.444;0.4979;0.7449;-0.073187;10.060465;0.083991;0.444;0.4979;0.7449
84;-1.0;0.0;0.0;0.07
-0.744188;10.360778;1.469772;-0.802;0.0898;-0.5905;0.069767;9.311899;0.204762;-0.802;0.0898;-0.5905;-1.398552;9.897825;2.288218;-0.802;0.0898;-0.5905;-0.757552;9.096266;1.828044;0.8776;0.1221;0.4635;0.069767;9.311899;0.204762;0.8776;0.1221;0.4635;-0.744188;10.360778;1.469772;0.8776;0.1221;0.4635;-1.398552;9.897825;2.288218;-0.8034;-0.3785;-0.4597;0.069767;9.311899;0.204762;-0.8034;-0.3785;-0.4597;-0.757552;9.096266;1.828044;-0.8034;-0.3785;-0.4597;-1.398552;9.897825;2.288218;0.7144;0.1837;0.6751;-0.757552;9.096266;1.828044;0.7144;0.1837;0.6751;-0.744188;10.360778;1.469772;0.7144;0.1837;0.6751;-0.318559;11.078096;0.307919;-0.6877;-0.106;-0.7183;0.077887;9.31105;0.189024;-0.6877;-0.106;-0.7183;-1.091033;11.511604;0.983537;-0.6877;-0.106;-0.7183;-0.773312;10.502221;1.262873;0.8514;0.1574;0.5003;0.077887;9.31105;0.189024;0.8514;0.1574;0.5003;-0.318559;11.078096;0.307919;0.8514;0.1574;0.5003;-1.091033;11.511604;0.983537;-0.8831;-0.3609;-0.2997;0.077887;9.31105;0.189024;-0.8831;-0.3609;-0.2997;-0.773312;10.502221;1.262873;-0.8831;-0.3609;-0.2997;-1.091033;11.511604;0.983537;0.7205;0.3862;0.576;-0.773312;10.502221;1.262873;0.7205;0.3862;0.576;-0.318559;11.078096;0.307919;0.7205;0.3862;0.576;0.956289;9.229891;-1.419625;-0.7665;-0.5026;-0.4;0.08706;9.278747;0.184741;-0.7665;-0.5026;-0.4;0.836125;10.037038;-2.203555;-0.7665;-0.5026;-0.4;0.493905;10.389302;-1.206679;0.853;0.2567;0.4543;0.08706;9.278747;0.184741;0.853;0.2567;0.4543;0.956289;9.229891;-1.419625;0.853;0.2567;0.4543;0.836125;10.037038;-2.203555;-0.9494;-0.042;-0.3111;0.08706;9.278747;0.184741;-0.9494;-0.042;-0.3111;0.493905;10.389302;-1.206679;-0.9494;-0.042;-0.3111;0.836125;10.037038;-2.203555;0.9222;0.3311;0.1996;0.493905;10.389302;-1.206679;0.9222;0.3311;0.1996;0.956289;9.229891;-1.419625;0.9222;0.3311;0.1996;0.407389;10.652747;-0.956886;-0.6514;-0.3906;-0.6504;0.085688;9.296441;0.179844;-0.6514;-0.3906;-0.6504;-0.100518;11.610965;-1.023641;-0.6514;-0.3906;-0.6504;-0.190738;11.049056;-0.119702;0.84;0.2175;0.4972;0.085688;9.296441;0.179844;0.84;0.2175;0.4972;0.407389;10.652747;-0.956886;0.84;0.2175;0.4972;-0.100518;11.610965;-1.023641;-0.959;-0.1875;-0.2123;0.085688;9.296441;0.179844;-0.959;-0.1875;-0.2123;-0.190738;11.049056;-0.119702;-0.959;-0.1875;-0.2123;-0.100518;11.610965;-1.023641;0.8121;0.4558;0.3644;-0.190738;11.049056;-0.119702;0.8121;0.4558;0.3644;0.407389;10.652747;-0.956886;0.8121;0.4558;0.3644;0.893059;7.872839;-0.716141;-0.896;-0.4117;-0.1663;0.08129;9.269361;0.200223;-0.896;-0.4117;-0.1663;1.114922;7.838151;-1.825558;-0.896;-0.4117;-0.1663;0.928357;8.848279;-1.398841;0.8814;0.249;0.4013;0.08129;9.269361;0.200223;0.8814;0.249;0.4013;0.893059;7.872839;-0.716141;0.8814;0.249;0.4013;1.114922;7.838151;-1.825558;-0.8788;0.0386;-0.4757;0.08129;9.269361;0.200223;-0.8788;0.0386;-0.4757;0.928357;8.848279;-1.398841;-0.8788;0.0386;-0.4757;1.114922;7.838151;-1.825558;0.9763;0.0992;0.1922;0.928357;8.848279;-1.398841;0.9763;0.0992;0.1922;0.893059;7.872839;-0.716141;0.9763;0.0992;0.1922;0.244635;7.471268;0.629194;-0.9852;-0.1076;-0.1335;0.127298;9.229577;0.077884;-0.9852;-0.1076;-0.1335;0.43202;6.580248;-0.035332;-0.9852;-0.1076;-0.1335;0.705949;7.562412;-0.467955;0.9006;0.1836;0.3939;0.127298;9.229577;0.077884;0.9006;0.1836;0.3939;0.244635;7.471268;0.629194;0.9006;0.1836;0.3939;0.43202;6.580248;-0.035332;-0.7736;-0.062;-0.6306;0.127298;9.229577;0.077884;-0.7736;-0.062;-0.6306;0.705949;7.562412;-0.467955;-0.7736;-0.062;-0.6306;0.43202;6.580248;-0.035332;0.9208;-0.0895;0.3797;0.705949;7.562412;-0.467955;0.9208;-0.0895;0.3797;0.244635;7.471268;0.629194;0.9208;-0.0895;0.3797;-0.569523;8.705051;1.838185;-0.9382;0.1049;-0.3299;0.066252;9.296887;0.218197;-0.9382;0.1049;-0.3299;-0.756476;7.581009;2.01234;-0.9382;0.1049;-0.3299;-0.089445;7.693409;1.105094;0.9043;0.136;0.4046;0.066252;9.296887;0.218197;0.9043;0.136;0.4046;-0.569523;8.705051;1.838185;0.9043;0.136;0.4046;-0.756476;7.581009;2.01234;-0.764;-0.2539;-0.5932;0.066252;9.296887;0.218197;-0.764;-0.2539;-0.5932;-0.089445;7.693409;1.105094;-0.764;-0.2539;-0.5932;-0.756476;7.581009;2.01234;0.8075;-0.0431;0.5883;-0.089445;7.693409;1.105094;0.8075;-0.0431;0.5883;-0.569523;8.705051;1.838185;0.8075;-0.0431;0.5883
6
INFO;NameId;788;DescId;789;price;14800;dpPerMin;0;range;2;placeSound;grassPlace
LIFE;averagePop;5.0;averageLife;15.0;popFactors;1;0.1;breedMat;7.5;breedTime;5.4256516;parentId;116;count;400;reqs;2;MATERIAL;colour;YELLOW;TRANSFORM;size;1.1;FADE_DEATH;0.5;enviroReqCount;4;reqId;2;growsBarren;0;biomes;2;0;8;idealFactor;78;influence;0.65;reqId;3;badBiomes;3;3;5;6;influence;0.8;reqId;1;minAltitude;0;maxAltitude;25;influence;0.7;reqId;6;dislikedSpecies;1;pt;influence;0.4
MATERIAL;second;0;count;5;CUSTOM;0.943;0.8328;0.5494;1000;YELLOW;5000;ORANGE;15000;RED;100000;WHITE;300000
GROWTH;dynamic;0;growthTime;5.0;modelStages;3;subStages;2
FOOD;2;901;5;SAMPLE;902;22;WHOLE;PARTICLE_DEATH;isColour;1;Spawn;0;PPS;8;Speed;0.6;Gravity;0.2;Life;0.5;Scale;0.05;Colour;1;1;1;Additive;0;Alpha;1;FadeIn;0.1;FadeOut;0.8;HasDir;1;Dir;0;1;0;Deviation;0.3;Offset;0;0;0;LifeError;0.4;ScaleError;0.1;SpeedError;0.1;RandomRot;1;HasXRot;0
SUN_FACER
