0.4
pnf
0;1
3
-0.7451;-0.187784;-0.87759;0.769639;1.055578;0.98564;1
90;3
48;-1.0;0.0;0.0;0.2
0.550979;0.410542;-0.291006;-0.5554;-0.0024;-0.8316;0.058648;-0.136136;0.039334;-0.5554;-0.0024;-0.8316;0.256213;0.586689;-0.094652;-0.5554;-0.0024;-0.8316;0.256213;0.586689;-0.094652;-0.8099;0.3133;0.4959;0.058648;-0.136136;0.039334;-0.8099;0.3133;0.4959;0.432395;0.499014;0.248484;-0.8099;0.3133;0.4959;0.432395;0.499014;0.248484;0.2899;-0.4489;0.8453;0.058648;-0.136136;0.039334;0.2899;-0.4489;0.8453;0.696798;0.300381;0.052315;0.2899;-0.4489;0.8453;0.696798;0.300381;0.052315;0.51;-0.7321;-0.4515;0.058648;-0.136136;0.039334;0.51;-0.7321;-0.4515;0.550979;0.410542;-0.291006;0.51;-0.7321;-0.4515;0.550979;0.410542;-0.291006;-0.3282;0.4031;-0.8543;0.256213;0.586689;-0.094652;-0.3282;0.4031;-0.8543;0.769639;0.782109;-0.199682;-0.3282;0.4031;-0.8543;0.256213;0.586689;-0.094652;-0.2653;0.8927;0.3643;0.432395;0.499014;0.248484;-0.2653;0.8927;0.3643;0.769639;0.782109;-0.199682;-0.2653;0.8927;0.3643;0.432395;0.499014;0.248484;0.6911;0.2502;0.6781;0.696798;0.300381;0.052315;0.6911;0.2502;0.6781;0.769639;0.782109;-0.199682;0.6911;0.2502;0.6781;0.696798;0.300381;0.052315;0.8098;-0.3634;-0.4606;0.550979;0.410542;-0.291006;0.8098;-0.3634;-0.4606;0.769639;0.782109;-0.199682;0.8098;-0.3634;-0.4606;-0.300852;0.526904;-0.609685;-0.2498;-0.6931;-0.6761;0.011579;-0.1583;-0.022689;-0.2498;-0.6931;-0.6761;-0.645019;0.377516;-0.329382;-0.2498;-0.6931;-0.6761;-0.645019;0.377516;-0.329382;-0.6466;-0.4327;0.6282;0.011579;-0.1583;-0.022689;-0.6466;-0.4327;0.6282;-0.45789;0.616109;0.027541;-0.6466;-0.4327;0.6282;-0.45789;0.616109;0.027541;0.5316;0.2702;0.8028;0.011579;-0.1583;-0.022689;0.5316;0.2702;0.8028;-0.106303;0.722921;-0.241211;0.5316;0.2702;0.8028;-0.106303;0.722921;-0.241211;0.8838;0.0022;-0.4678;0.011579;-0.1583;-0.022689;0.8838;0.0022;-0.4678;-0.300852;0.526904;-0.609685;0.8838;0.0022;-0.4678;-0.300852;0.526904;-0.609685;-0.6381;0.0264;-0.7695;-0.645019;0.377516;-0.329382;-0.6381;0.0264;-0.7695;-0.602759;0.862305;-0.347809;-0.6381;0.0264;-0.7695;-0.645019;0.377516;-0.329382;-0.9063;0.0947;0.4119;-0.45789;0.616109;0.027541;-0.9063;0.0947;0.4119;-0.602759;0.862305;-0.347809;-0.9063;0.0947;0.4119;-0.45789;0.616109;0.027541;0.1299;0.8513;0.5083;-0.106303;0.722921;-0.241211;0.1299;0.8513;0.5083;-0.602759;0.862305;-0.347809;0.1299;0.8513;0.5083;-0.106303;0.722921;-0.241211;0.3332;0.7481;-0.5739;-0.300852;0.526904;-0.609685;0.3332;0.7481;-0.5739;-0.602759;0.862305;-0.347809;0.3332;0.7481;-0.5739
24;0.90354544;0.90354544;0.90354544;0.2
0.119467;0.822827;0.581402;0.1214;0.4649;-0.877;0.011449;-0.158867;0.04601;0.1214;0.4649;-0.877;-0.311479;0.826132;0.523515;0.1214;0.4649;-0.877;-0.311479;0.826132;0.523515;-0.942;-0.1679;-0.2906;0.011449;-0.158867;0.04601;-0.942;-0.1679;-0.2906;-0.355668;0.529509;0.838119;-0.942;-0.1679;-0.2906;-0.355668;0.529509;0.838119;-0.0858;-0.7714;0.6306;0.011449;-0.158867;0.04601;-0.0858;-0.7714;0.6306;0.067698;0.495801;0.854498;-0.0858;-0.7714;0.6306;0.067698;0.495801;0.854498;0.9912;-0.128;0.0347;0.011449;-0.158867;0.04601;0.9912;-0.128;0.0347;0.119467;0.822827;0.581402;0.9912;-0.128;0.0347;0.119467;0.822827;0.581402;0.0538;0.9363;-0.3471;-0.311479;0.826132;0.523515;0.0538;0.9363;-0.3471;-0.176514;0.98969;0.98564;0.0538;0.9363;-0.3471;-0.311479;0.826132;0.523515;-0.936;0.3122;0.1629;-0.355668;0.529509;0.838119;-0.936;0.3122;0.1629;-0.176514;0.98969;0.98564;-0.936;0.3122;0.1629;-0.355668;0.529509;0.838119;-0.0596;-0.2836;0.9571;0.067698;0.495801;0.854498;-0.0596;-0.2836;0.9571;-0.176514;0.98969;0.98564;-0.0596;-0.2836;0.9571;0.067698;0.495801;0.854498;0.8261;0.2784;0.49;0.119467;0.822827;0.581402;0.8261;0.2784;0.49;-0.176514;0.98969;0.98564;0.8261;0.2784;0.49
18;0.47201768;0.5855657;0.39331105;0.2
0.13495;-0.150889;0.288047;-0.0458;-0.3516;0.935;-0.7451;0.834363;0.615373;-0.0458;-0.3516;0.935;-0.188433;-0.150889;0.272209;-0.0458;-0.3516;0.935;-0.188433;-0.150889;0.272209;-0.7958;-0.543;0.268;-0.7451;0.834363;0.615373;-0.7958;-0.543;0.268;-0.291757;-0.150889;-0.034632;-0.7958;-0.543;0.268;-0.291757;-0.150889;-0.034632;0.4701;0.6265;-0.6217;-0.7451;0.834363;0.615373;0.4701;0.6265;-0.6217;0.13495;-0.150889;0.288047;0.4701;0.6265;-0.6217;0.079627;-0.187784;-0.306782;0.5156;-0.4033;-0.756;0.215099;1.055578;-0.87759;0.5156;-0.4033;-0.756;0.347116;-0.187784;-0.124361;0.5156;-0.4033;-0.756;0.347116;-0.187784;-0.124361;0.0;0.5181;0.8553;0.215099;1.055578;-0.87759;0.0;0.5181;0.8553;-0.187861;-0.187784;-0.124361;0.0;0.5181;0.8553;-0.187861;-0.187784;-0.124361;-0.5369;-0.303;-0.7873;0.215099;1.055578;-0.87759;-0.5369;-0.303;-0.7873;0.079627;-0.187784;-0.306782;-0.5369;-0.303;-0.7873
-1.819451;-0.44165;-1.615415;1.258501;2.193591;1.625605;1
96;3
48;-1.0;0.0;0.0;0.2
0.979804;0.899716;-0.56375;-0.5554;-0.0024;-0.8316;0.038832;-0.145127;0.067616;-0.5554;-0.0024;-0.8316;0.416429;1.236379;-0.188467;-0.5554;-0.0024;-0.8316;0.416429;1.236379;-0.188467;-0.8099;0.3133;0.4959;0.038832;-0.145127;0.067616;-0.8099;0.3133;0.4959;0.753159;1.068809;0.467356;-0.8099;0.3133;0.4959;0.753159;1.068809;0.467356;0.2899;-0.4489;0.8453;0.038832;-0.145127;0.067616;0.2899;-0.4489;0.8453;1.258501;0.68917;0.092425;0.2899;-0.4489;0.8453;1.258501;0.68917;0.092425;0.51;-0.7321;-0.4515;0.038832;-0.145127;0.067616;0.51;-0.7321;-0.4515;0.979804;0.899716;-0.56375;0.51;-0.7321;-0.4515;0.979804;0.899716;-0.56375;0.6362;0.2515;0.7294;0.416429;1.236379;-0.188467;0.6362;0.2515;0.7294;0.483696;0.350337;0.058414;0.6362;0.2515;0.7294;0.416429;1.236379;-0.188467;0.8811;-0.0637;-0.4687;0.753159;1.068809;0.467356;0.8811;-0.0637;-0.4687;0.483696;0.350337;0.058414;0.8811;-0.0637;-0.4687;0.753159;1.068809;0.467356;-0.2004;0.5403;-0.8172;1.258501;0.68917;0.092425;-0.2004;0.5403;-0.8172;0.483696;0.350337;0.058414;-0.2004;0.5403;-0.8172;1.258501;0.68917;0.092425;-0.3783;0.8225;0.4246;0.979804;0.899716;-0.56375;-0.3783;0.8225;0.4246;0.483696;0.350337;0.058414;-0.3783;0.8225;0.4246;-0.648266;1.122114;-1.172828;-0.2498;-0.6931;-0.6761;-0.051129;-0.187489;-0.050927;-0.2498;-0.6931;-0.6761;-1.306058;0.836595;-0.637096;-0.2498;-0.6931;-0.6761;-1.306058;0.836595;-0.637096;-0.6466;-0.4327;0.6282;-0.051129;-0.187489;-0.050927;-0.6466;-0.4327;0.6282;-0.948406;1.292607;0.045076;-0.6466;-0.4327;0.6282;-0.948406;1.292607;0.045076;0.5316;0.2702;0.8028;-0.051129;-0.187489;-0.050927;0.5316;0.2702;0.8028;-0.276433;1.496754;-0.468578;0.5316;0.2702;0.8028;-0.276433;1.496754;-0.468578;0.8838;0.0022;-0.4678;-0.051129;-0.187489;-0.050927;0.8838;0.0022;-0.4678;-0.648266;1.122114;-1.172828;0.8838;0.0022;-0.4678;-0.648266;1.122114;-1.172828;0.0644;0.8457;0.5298;-1.306058;0.836595;-0.637096;0.0644;0.8457;0.5298;-0.335013;0.52048;-0.250537;0.0644;0.8457;0.5298;-1.306058;0.836595;-0.637096;0.4564;0.6104;-0.6473;-0.948406;1.292607;0.045076;0.4564;0.6104;-0.6473;-0.335013;0.52048;-0.250537;0.4564;0.6104;-0.6473;-0.948406;1.292607;0.045076;-0.5725;-0.1459;-0.8069;-0.276433;1.496754;-0.468578;-0.5725;-0.1459;-0.8069;-0.335013;0.52048;-0.250537;-0.5725;-0.1459;-0.8069;-0.276433;1.496754;-0.468578;-0.9047;0.1439;0.4011;-0.648266;1.122114;-1.172828;-0.9047;0.1439;0.4011;-0.335013;0.52048;-0.250537;-0.9047;0.1439;0.4011
24;0.90354544;0.90354544;0.90354544;0.2
0.155073;1.687699;1.103648;0.1214;0.4649;-0.877;-0.051379;-0.188573;0.080375;0.1214;0.4649;-0.877;-0.668576;1.694016;0.99301;0.1214;0.4649;-0.877;-0.668576;1.694016;0.99301;-0.942;-0.1679;-0.2906;-0.051379;-0.188573;0.080375;-0.942;-0.1679;-0.2906;-0.753034;1.127092;1.594301;-0.942;-0.1679;-0.2906;-0.753034;1.127092;1.594301;-0.0858;-0.7714;0.6306;-0.051379;-0.188573;0.080375;-0.0858;-0.7714;0.6306;0.056129;1.062668;1.625605;-0.0858;-0.7714;0.6306;0.056129;1.062668;1.625605;0.9912;-0.128;0.0347;-0.051379;-0.188573;0.080375;0.9912;-0.128;0.0347;0.155073;1.687699;1.103648;0.9912;-0.128;0.0347;0.155073;1.687699;1.103648;-0.124;-0.4193;0.8994;-0.668576;1.694016;0.99301;-0.124;-0.4193;0.8994;-0.10978;0.126863;0.339485;-0.124;-0.4193;0.8994;-0.668576;1.694016;0.99301;0.9274;0.1984;0.3173;-0.753034;1.127092;1.594301;0.9274;0.1984;0.3173;-0.10978;0.126863;0.339485;0.9274;0.1984;0.3173;-0.753034;1.127092;1.594301;0.0867;0.8002;-0.5934;0.056129;1.062668;1.625605;0.0867;0.8002;-0.5934;-0.10978;0.126863;0.339485;0.0867;0.8002;-0.5934;0.056129;1.062668;1.625605;-0.9865;0.1633;0.0085;0.155073;1.687699;1.103648;-0.9865;0.1633;0.0085;-0.10978;0.126863;0.339485;-0.9865;0.1633;0.0085
24;0.47201768;0.5855657;0.39331105;0.2
-1.819451;1.915697;1.121;-0.542;-0.7096;0.4502;0.014633;-0.18906;0.01128;-0.542;-0.7096;0.4502;-0.986551;1.308344;1.166358;-0.542;-0.7096;0.4502;-0.986551;1.308344;1.166358;0.714;0.6593;-0.2358;0.014633;-0.18906;0.01128;0.714;0.6593;-0.2358;-1.366958;1.424821;0.340139;0.714;0.6593;-0.2358;-1.366958;1.424821;0.340139;-0.7628;-0.6456;-0.0362;0.014633;-0.18906;0.01128;-0.7628;-0.6456;-0.0362;-1.819451;1.915697;1.121;-0.7628;-0.6456;-0.0362;-1.819451;1.915697;1.121;0.5874;0.7936;-0.1585;-0.986551;1.308344;1.166358;0.5874;0.7936;-0.1585;-1.366958;1.424821;0.340139;0.5874;0.7936;-0.1585;0.971908;2.193591;-1.615415;0.0404;-0.5736;-0.8181;0.057776;-0.44165;0.187013;0.0404;-0.5736;-0.8181;0.079719;1.432637;-1.125939;0.0404;-0.5736;-0.8181;0.079719;1.432637;-1.125939;-0.246;0.558;0.7925;0.057776;-0.44165;0.187013;-0.246;0.558;0.7925;0.871031;1.418116;-0.870059;-0.246;0.558;0.7925;0.871031;1.418116;-0.870059;0.6469;-0.5705;-0.506;0.057776;-0.44165;0.187013;0.6469;-0.5705;-0.506;0.971908;2.193591;-1.615415;0.6469;-0.5705;-0.506;0.971908;2.193591;-1.615415;-0.2107;0.6915;0.6909;0.079719;1.432637;-1.125939;-0.2107;0.6915;0.6909;0.871031;1.418116;-0.870059;-0.2107;0.6915;0.6909
-2.268432;-0.178916;-2.831402;1.818141;2.177198;1.99544;1
114;4
48;-1.0;0.0;0.0;0.15
1.374485;1.297864;-1.018923;-0.5663;-0.0184;-0.824;0.042454;-0.136348;-0.071368;-0.5663;-0.0184;-0.824;0.443836;1.950837;-0.393908;-0.5663;-0.0184;-0.824;0.443836;1.950837;-0.393908;-0.8486;0.2363;0.4732;0.042454;-0.136348;-0.071368;-0.8486;0.2363;0.4732;0.991837;1.645018;0.741564;-0.8486;0.2363;0.4732;0.991837;1.645018;0.741564;0.2062;-0.4951;0.844;0.042454;-0.136348;-0.071368;0.2062;-0.4951;0.844;1.818141;0.925205;0.1175;0.2062;-0.4951;0.844;1.818141;0.925205;0.1175;0.495;-0.7498;-0.4391;0.042454;-0.136348;-0.071368;0.495;-0.7498;-0.4391;1.374485;1.297864;-1.018923;0.495;-0.7498;-0.4391;1.374485;1.297864;-1.018923;0.6457;0.2207;0.731;0.443836;1.950837;-0.393908;0.6457;0.2207;0.731;0.576084;0.560583;-0.091016;0.6457;0.2207;0.731;0.443836;1.950837;-0.393908;0.8995;-0.0096;-0.4367;0.991837;1.645018;0.741564;0.8995;-0.0096;-0.4367;0.576084;0.560583;-0.091016;0.8995;-0.0096;-0.4367;0.991837;1.645018;0.741564;-0.0507;0.6204;-0.7827;1.818141;0.925205;0.1175;-0.0507;0.6204;-0.7827;0.576084;0.560583;-0.091016;-0.0507;0.6204;-0.7827;1.818141;0.925205;0.1175;-0.3195;0.8564;0.4056;1.374485;1.297864;-1.018923;-0.3195;0.8564;0.4056;0.576084;0.560583;-0.091016;-0.3195;0.8564;0.4056;-0.29223;2.17297;-1.306136;0.3283;-0.3328;-0.884;-0.162835;-0.039358;-0.425329;0.3283;-0.3328;-0.884;-1.455624;1.601551;-1.523091;0.3283;-0.3328;-0.884;-1.455624;1.601551;-1.523091;-0.744;-0.6592;-0.1092;-0.162835;-0.039358;-0.425329;-0.744;-0.6592;-0.1092;-1.755958;1.729702;-0.250122;-0.744;-0.6592;-0.1092;-1.755958;1.729702;-0.250122;-0.0989;-0.1859;0.9776;-0.162835;-0.039358;-0.425329;-0.0989;-0.1859;0.9776;-0.577025;2.177198;-0.045768;-0.0989;-0.1859;0.9776;-0.577025;2.177198;-0.045768;0.9655;0.1431;0.2177;-0.162835;-0.039358;-0.425329;0.9655;0.1431;0.2177;-0.29223;2.17297;-1.306136;0.9655;0.1431;0.2177;-0.29223;2.17297;-1.306136;-0.403;0.54;0.7389;-1.455624;1.601551;-1.523091;-0.403;0.54;0.7389;-0.57451;0.957746;-0.572031;-0.403;0.54;0.7389;-1.455624;1.601551;-1.523091;0.5554;0.8302;0.0475;-1.755958;1.729702;-0.250122;0.5554;0.8302;0.0475;-0.57451;0.957746;-0.572031;0.5554;0.8302;0.0475;-1.755958;1.729702;-0.250122;0.0087;0.3962;-0.9181;-0.577025;2.177198;-0.045768;0.0087;0.3962;-0.9181;-0.57451;0.957746;-0.572031;0.0087;0.3962;-0.9181;-0.577025;2.177198;-0.045768;-0.9711;0.0928;-0.2197;-0.29223;2.17297;-1.306136;-0.9711;0.0928;-0.2197;-0.57451;0.957746;-0.572031;-0.9711;0.0928;-0.2197
18;0.8327985;0.7043677;0.47316968;0.15
0.763621;1.099315;0.372367;0.5643;0.8253;-0.022;0.936303;0.955787;-0.583857;0.5643;0.8253;-0.022;0.456206;1.292639;-0.261428;0.5643;0.8253;-0.022;-1.198178;1.316677;-0.381147;-0.4106;0.8974;-0.1618;-0.447555;1.55012;-0.991104;-0.4106;0.8974;-0.1618;-1.047719;1.255339;-1.103026;-0.4106;0.8974;-0.1618;-0.373112;0.798729;1.438834;-0.0886;0.7086;0.7;0.193151;1.198746;1.105593;-0.0886;0.7086;0.7;-0.326635;1.202732;1.035772;-0.0886;0.7086;0.7;0.763621;1.099315;0.372367;0.5643;0.8253;-0.022;1.243719;0.762463;0.049938;0.5643;0.8253;-0.022;0.936303;0.955787;-0.583857;0.5643;0.8253;-0.022;-1.198178;1.316677;-0.381147;-0.4106;0.8974;-0.1618;-0.598014;1.611457;-0.269226;-0.4106;0.8974;-0.1618;-0.447555;1.55012;-0.991104;-0.4106;0.8974;-0.1618;-0.373112;0.798729;1.438834;-0.0886;0.7086;0.7;0.146674;0.794743;1.508655;-0.0886;0.7086;0.7;0.193151;1.198746;1.105593;-0.0886;0.7086;0.7
24;0.90354544;0.90354544;0.90354544;0.15
0.428403;1.758543;1.356921;0.119;0.5003;-0.8576;0.075332;-0.164956;0.185691;0.119;0.5003;-0.8576;-0.57918;1.766271;1.221576;0.119;0.5003;-0.8576;-0.57918;1.766271;1.221576;-0.9432;-0.1651;-0.2882;0.075332;-0.164956;0.185691;-0.9432;-0.1651;-0.2882;-0.682498;1.072743;1.957145;-0.9432;-0.1651;-0.2882;-0.682498;1.072743;1.957145;-0.0875;-0.8338;0.5451;0.075332;-0.164956;0.185691;-0.0875;-0.8338;0.5451;0.307363;0.993933;1.99544;-0.0875;-0.8338;0.5451;0.307363;0.993933;1.99544;0.9852;-0.1704;-0.0172;0.075332;-0.164956;0.185691;0.9852;-0.1704;-0.0172;0.428403;1.758543;1.356921;0.9852;-0.1704;-0.0172;0.428403;1.758543;1.356921;-0.1289;-0.3093;0.9422;-0.57918;1.766271;1.221576;-0.1289;-0.3093;0.9422;-0.00678;0.58465;0.912058;-0.1289;-0.3093;0.9422;-0.57918;1.766271;1.221576;0.8581;0.308;0.4109;-0.682498;1.072743;1.957145;0.8581;0.308;0.4109;-0.00678;0.58465;0.912058;0.8581;0.308;0.4109;-0.682498;1.072743;1.957145;0.088;0.9231;-0.3743;0.307363;0.993933;1.99544;0.088;0.9231;-0.3743;-0.00678;0.58465;0.912058;0.088;0.9231;-0.3743;0.307363;0.993933;1.99544;-0.9435;0.2872;0.1651;0.428403;1.758543;1.356921;-0.9435;0.2872;0.1651;-0.00678;0.58465;0.912058;-0.9435;0.2872;0.1651
24;0.47201768;0.5855657;0.39331105;0.15
-2.268432;1.676302;1.414025;-0.3037;-0.7701;0.561;-0.035496;-0.063708;0.234008;-0.3037;-0.7701;0.561;-0.839262;1.222053;1.564054;-0.3037;-0.7701;0.561;-0.839262;1.222053;1.564054;0.6369;0.7097;-0.3012;-0.035496;-0.063708;0.234008;0.6369;0.7097;-0.3012;-1.552256;1.263417;0.153867;0.6369;0.7097;-0.3012;-1.552256;1.263417;0.153867;-0.6497;-0.75;-0.1235;-0.035496;-0.063708;0.234008;-0.6497;-0.75;-0.1235;-2.268432;1.676302;1.414025;-0.6497;-0.75;-0.1235;-2.268432;1.676302;1.414025;0.3127;0.9408;-0.1305;-0.839262;1.222053;1.564054;0.3127;0.9408;-0.1305;-1.552256;1.263417;0.153867;0.3127;0.9408;-0.1305;1.059607;1.521724;-2.831402;-0.3019;-0.7693;-0.563;0.122918;-0.178916;-0.005058;-0.3019;-0.7693;-0.563;-0.048108;1.155151;-1.736404;-0.3019;-0.7693;-0.563;-0.048108;1.155151;-1.736404;-0.198;0.7669;0.6105;0.122918;-0.178916;-0.005058;-0.198;0.7669;0.6105;1.297913;1.150048;-1.293384;-0.198;0.7669;0.6105;1.297913;1.150048;-1.293384;0.572;-0.7727;-0.2753;0.122918;-0.178916;-0.005058;0.572;-0.7727;-0.2753;1.059607;1.521724;-2.831402;0.572;-0.7727;-0.2753;1.059607;1.521724;-2.831402;-0.0771;0.9663;0.2455;-0.048108;1.155151;-1.736404;-0.0771;0.9663;0.2455;1.297913;1.150048;-1.293384;-0.0771;0.9663;0.2455
5
INFO;NameId;790;DescId;791;price;3800;dpPerMin;0;range;2;placeSound;grassPlace
LIFE;averagePop;6.4;averageLife;7.5;popFactors;1;0.15;breedMat;3.75;breedTime;2.713663;parentId;114;count;250;reqs;1;LIFE;type;2;enviroType;1;biome;FOREST;amount;0.35;FADE_DEATH;0.5;enviroReqCount;3;reqId;2;growsBarren;0;biomes;3;0;1;8;idealFactor;55;influence;0.6;reqId;3;badBiomes;3;3;5;6;influence;0.8;reqId;5;likedSpecies;1;png;influence;0.2
MATERIAL;second;0;count;6;CUSTOM;0.9035;0.5724;0.6655;1000;YELLOW;5000;ORANGE;15000;RED;100000;WHITE;300000;PURPLE;400000
GROWTH;dynamic;0;growthTime;2.5;modelStages;3;subStages;1
FOOD;2;901;2;SAMPLE;902;13;WHOLE;PARTICLE_DEATH;isColour;1;Spawn;0;PPS;8;Speed;0.6;Gravity;0.2;Life;0.5;Scale;0.05;Colour;1;1;1;Additive;0;Alpha;1;FadeIn;0.1;FadeOut;0.8;HasDir;1;Dir;0;1;0;Deviation;0.3;Offset;0;0;0;LifeError;0.4;ScaleError;0.1;SpeedError;0.1;RandomRot;1;HasXRot;0

