1.0
ptg
0;1
3
-0.872194;-0.02281;-0.588528;0.667815;2.214236;0.339021;1
90;2
54;-1.0;0.0;0.0;0.1
-0.387527;2.214236;0.001368;0.9561;0.2391;0.1694;-0.223103;1.416063;0.199809;0.9561;0.2391;0.1694;-0.254757;1.954562;-0.381563;0.9561;0.2391;0.1694;-0.560487;1.815908;0.339021;-0.1451;-0.4323;0.89;-0.820579;0.717247;-0.236977;-0.1451;-0.4323;0.89;-0.223103;1.416063;0.199809;-0.1451;-0.4323;0.89;-0.872194;1.808522;0.170954;-0.9583;0.0591;-0.2794;-0.653761;1.759695;-0.588528;-0.9583;0.0591;-0.2794;-0.820579;0.717247;-0.236977;-0.9583;0.0591;-0.2794;-0.63611;2.165148;-0.184595;0.0233;0.7051;-0.7087;-0.254757;1.954562;-0.381563;0.0233;0.7051;-0.7087;-0.653761;1.759695;-0.588528;0.0233;0.7051;-0.7087;-0.223103;1.416063;0.199809;0.5799;-0.5817;-0.5704;-0.653761;1.759695;-0.588528;0.5799;-0.5817;-0.5704;-0.254757;1.954562;-0.381563;0.5799;-0.5817;-0.5704;-0.560487;1.815908;0.339021;-0.3187;0.7667;0.5574;-0.63611;2.165148;-0.184595;-0.3187;0.7667;0.5574;-0.872194;1.808522;0.170954;-0.3187;0.7667;0.5574;-0.387527;2.214236;0.001368;0.6503;0.3068;0.695;-0.560487;1.815908;0.339021;0.6503;0.3068;0.695;-0.223103;1.416063;0.199809;0.6503;0.3068;0.695;-0.560487;1.815908;0.339021;-0.4415;-0.3324;0.8334;-0.872194;1.808522;0.170954;-0.4415;-0.3324;0.8334;-0.820579;0.717247;-0.236977;-0.4415;-0.3324;0.8334;-0.872194;1.808522;0.170954;-0.9051;0.3192;-0.2808;-0.63611;2.165148;-0.184595;-0.9051;0.3192;-0.2808;-0.653761;1.759695;-0.588528;-0.9051;0.3192;-0.2808;-0.63611;2.165148;-0.184595;0.207;0.8416;-0.4989;-0.387527;2.214236;0.001368;0.207;0.8416;-0.4989;-0.254757;1.954562;-0.381563;0.207;0.8416;-0.4989;-0.223103;1.416063;0.199809;0.7705;-0.311;-0.5565;-0.820579;0.717247;-0.236977;0.7705;-0.311;-0.5565;-0.653761;1.759695;-0.588528;0.7705;-0.311;-0.5565;-0.560487;1.815908;0.339021;-0.5243;0.6715;0.5236;-0.387527;2.214236;0.001368;-0.5243;0.6715;0.5236;-0.63611;2.165148;-0.184595;-0.5243;0.6715;0.5236;0.185658;1.518778;-0.507308;-0.9735;0.2272;-0.0278;0.185913;1.579348;-0.022012;-0.9735;0.2272;-0.0278;0.26845;1.899441;-0.296016;-0.9735;0.2272;-0.0278;0.185658;1.518778;-0.507308;-0.9702;-0.2404;0.0305;0.368633;0.820808;-0.187741;-0.9702;-0.2404;0.0305;0.185913;1.579348;-0.022012;-0.9702;-0.2404;0.0305;0.185913;1.579348;-0.022012;0.249;0.592;0.7665;0.667815;1.606303;-0.199378;0.249;0.592;0.7665;0.26845;1.899441;-0.296016;0.249;0.592;0.7665;0.185913;1.579348;-0.022012;0.3488;-0.1191;0.9296;0.368633;0.820808;-0.187741;0.3488;-0.1191;0.9296;0.667815;1.606303;-0.199378;0.3488;-0.1191;0.9296;0.667815;1.606303;-0.199378;0.5531;-0.2226;-0.8028;0.368633;0.820808;-0.187741;0.5531;-0.2226;-0.8028;0.185658;1.518778;-0.507308;0.5531;-0.2226;-0.8028;0.667815;1.606303;-0.199378;0.457;0.3536;-0.8161;0.185658;1.518778;-0.507308;0.457;0.3536;-0.8161;0.26845;1.899441;-0.296016;0.457;0.3536;-0.8161
36;0.7781152;0.7781152;0.7781152;0.08
0.003535;-0.02281;-0.133722;0.8652;-0.0449;-0.4995;0.12088;0.666984;0.007464;0.8652;-0.0449;-0.4995;0.119342;-0.02281;0.066861;0.8652;-0.0449;-0.4995;0.119342;-0.02281;0.066861;-0.0;-0.0451;0.999;-0.06161;0.662465;0.097765;-0.0;-0.0451;0.999;-0.112272;-0.02281;0.066861;-0.0;-0.0451;0.999;-0.048666;0.672623;-0.105229;-0.9318;-0.3546;-0.0772;-0.06161;0.662465;0.097765;-0.9318;-0.3546;-0.0772;-0.56492;1.987031;0.08849;-0.9318;-0.3546;-0.0772;-0.112272;-0.02281;0.066861;-0.8652;-0.0445;-0.4995;-0.048666;0.672623;-0.105229;-0.8652;-0.0445;-0.4995;0.003535;-0.02281;-0.133722;-0.8652;-0.0445;-0.4995;-0.06161;0.662465;0.097765;0.4336;0.1709;0.8848;0.12088;0.666984;0.007464;0.4336;0.1709;0.8848;-0.56492;1.987031;0.08849;0.4336;0.1709;0.8848;0.12088;0.666984;0.007464;0.5311;0.324;-0.7829;-0.048666;0.672623;-0.105229;0.5311;0.324;-0.7829;-0.56492;1.987031;0.08849;0.5311;0.324;-0.7829;-0.116479;0.921872;-0.064424;-0.8533;0.5159;-0.0764;-0.10188;0.963066;0.050608;-0.8533;0.5159;-0.0764;0.361539;1.670239;-0.349834;-0.8533;0.5159;-0.0764;-0.10188;0.963066;0.050608;0.4932;0.1609;0.8549;-0.012281;0.864454;0.017477;0.4932;0.1609;0.8549;0.361539;1.670239;-0.349834;0.4932;0.1609;0.8549;-0.012281;0.864454;0.017477;0.3358;-0.5152;-0.7885;-0.116479;0.921872;-0.064424;0.3358;-0.5152;-0.7885;0.361539;1.670239;-0.349834;0.3358;-0.5152;-0.7885;0.003535;-0.02281;-0.133722;0.5537;0.0755;-0.8293;-0.048666;0.672623;-0.105229;0.5537;0.0755;-0.8293;0.12088;0.666984;0.007464;0.5537;0.0755;-0.8293;0.119342;-0.02281;0.066861;0.4407;0.076;0.8944;0.12088;0.666984;0.007464;0.4407;0.076;0.8944;-0.06161;0.662465;0.097765;0.4407;0.076;0.8944;-0.112272;-0.02281;0.066861;-0.9953;0.0763;-0.0596;-0.06161;0.662465;0.097765;-0.9953;0.0763;-0.0596;-0.048666;0.672623;-0.105229;-0.9953;0.0763;-0.0596
-2.393556;-0.123321;-2.026543;2.65565;7.63021;2.081227;3.333333;0;extraBounds;2;-2.010276;3.7496;-1.767755;2.252798;7.557947;1.934489;-0.259781;0.015683;-0.259781;0.259781;3.756007;0.259781
195;2
63;0.7781152;0.7781152;0.7781152;0.02
0.056827;2.300474;0.203629;-0.4045;0.077;0.9113;0.126907;4.642997;0.036774;-0.4045;0.077;0.9113;-0.225699;2.256016;0.08198;-0.4045;0.077;0.9113;-0.107457;2.281527;-0.203629;0.9207;-0.1384;-0.365;0.394762;4.642937;0.1681;0.9207;-0.1384;-0.365;0.056827;2.300474;0.203629;0.9207;-0.1384;-0.365;-0.107457;2.281527;-0.203629;-0.8015;0.1388;-0.5817;0.126907;4.642997;0.036774;-0.8015;0.1388;-0.5817;0.298356;4.594205;-0.211079;-0.8015;0.1388;-0.5817;0.126907;4.642997;0.036774;-0.3317;0.6573;0.6768;0.394762;4.642937;0.1681;-0.3317;0.6573;0.6768;1.876678;6.97929;-1.37478;-0.3317;0.6573;0.6768;0.394762;4.642937;0.1681;0.7976;-0.5897;-0.127;0.298356;4.594205;-0.211079;0.7976;-0.5897;-0.127;1.876678;6.97929;-1.37478;0.7976;-0.5897;-0.127;-0.157414;-0.123321;-0.04693;-0.5869;-0.0405;-0.8087;-0.107457;2.281527;-0.203629;-0.5869;-0.0405;-0.8087;0.138588;-0.109419;-0.262447;-0.5869;-0.0405;-0.8087;-0.157414;-0.123321;-0.04693;-0.3866;-0.061;0.9202;0.056827;2.300474;0.203629;-0.3866;-0.061;0.9202;-0.225699;2.256016;0.08198;-0.3866;-0.061;0.9202;-0.225699;2.256016;0.08198;-0.8951;-0.2164;-0.3899;-1.381384;6.474782;0.39321;-0.8951;-0.2164;-0.3899;-0.107457;2.281527;-0.203629;-0.8951;-0.2164;-0.3899;0.126907;4.642997;0.036774;-0.4137;-0.3422;0.8437;0.394762;4.642937;0.1681;-0.4137;-0.3422;0.8437;1.356864;6.679984;1.466102;-0.4137;-0.3422;0.8437;0.403296;4.756065;-0.101742;-0.5318;0.6776;-0.508;0.126907;4.642997;0.036774;-0.5318;0.6776;-0.508;1.356864;6.679984;1.466102;-0.5318;0.6776;-0.508;0.394762;4.642937;0.1681;0.9252;-0.3596;-0.1215;0.403296;4.756065;-0.101742;0.9252;-0.3596;-0.1215;1.356864;6.679984;1.466102;0.9252;-0.3596;-0.1215;0.056827;2.300474;0.203629;-0.4389;0.0769;0.8952;0.394762;4.642937;0.1681;-0.4389;0.0769;0.8952;0.126907;4.642997;0.036774;-0.4389;0.0769;0.8952;-0.107457;2.281527;-0.203629;0.9602;-0.1692;-0.2224;0.298356;4.594205;-0.211079;0.9602;-0.1692;-0.2224;0.394762;4.642937;0.1681;0.9602;-0.1692;-0.2224;-0.107457;2.281527;-0.203629;-0.9203;0.1289;-0.3695;-0.225699;2.256016;0.08198;-0.9203;0.1289;-0.3695;0.126907;4.642997;0.036774;-0.9203;0.1289;-0.3695;0.298356;4.594205;-0.211079;-0.7785;0.2303;-0.5839;0.126907;4.642997;0.036774;-0.7785;0.2303;-0.5839;1.876678;6.97929;-1.37478;-0.7785;0.2303;-0.5839;0.194981;-0.111873;0.126327;0.9843;0.1048;-0.1421;0.138588;-0.109419;-0.262447;0.9843;0.1048;-0.1421;-0.107457;2.281527;-0.203629;0.9843;0.1048;-0.1421;-0.157414;-0.123321;-0.04693;-0.9238;-0.0058;-0.3829;-0.225699;2.256016;0.08198;-0.9238;-0.0058;-0.3829;-0.107457;2.281527;-0.203629;-0.9238;-0.0058;-0.3829;0.194981;-0.111873;0.126327;0.9244;0.065;-0.3759;-0.107457;2.281527;-0.203629;0.9244;0.065;-0.3759;0.056827;2.300474;0.203629;0.9244;0.065;-0.3759;-0.157414;-0.123321;-0.04693;-0.4392;-0.0539;0.8968;0.194981;-0.111873;0.126327;-0.4392;-0.0539;0.8968;0.056827;2.300474;0.203629;-0.4392;-0.0539;0.8968;0.056827;2.300474;0.203629;0.8741;0.3178;-0.3674;-0.107457;2.281527;-0.203629;0.8741;0.3178;-0.3674;-1.381384;6.474782;0.39321;0.8741;0.3178;-0.3674;-0.225699;2.256016;0.08198;-0.3674;-0.1681;0.9147;0.056827;2.300474;0.203629;-0.3674;-0.1681;0.9147;-1.381384;6.474782;0.39321;-0.3674;-0.1681;0.9147
132;-1.0;0.0;0.0;0.035
0.679155;6.351459;0.818423;-0.9137;-0.2875;-0.2874;1.231916;4.473155;0.940062;-0.9137;-0.2875;-0.2874;1.265894;3.589527;1.716009;-0.9137;-0.2875;-0.2874;1.231916;4.473155;0.940062;0.8851;-0.2875;-0.3661;1.700663;6.456983;0.515544;0.8851;-0.2875;-0.3661;1.265894;3.589527;1.716009;0.8851;-0.2875;-0.3661;1.075106;7.325163;1.442924;0.1286;0.5205;0.8441;0.733844;6.374357;2.081227;0.1286;0.5205;0.8441;1.73783;6.165375;2.057123;0.1286;0.5205;0.8441;2.061662;6.87796;1.484481;0.2155;0.5503;0.8067;1.075106;7.325163;1.442924;0.2155;0.5503;0.8067;1.73783;6.165375;2.057123;0.2155;0.5503;0.8067;0.403817;6.895218;1.636889;-0.8892;-0.2223;0.3998;1.265894;3.589527;1.716009;-0.8892;-0.2223;0.3998;0.733844;6.374357;2.081227;-0.8892;-0.2223;0.3998;1.73783;6.165375;2.057123;-0.0034;-0.1307;0.9914;0.733844;6.374357;2.081227;-0.0034;-0.1307;0.9914;1.265894;3.589527;1.716009;-0.0034;-0.1307;0.9914;0.403817;6.895218;1.636889;-0.9553;-0.2528;-0.1534;0.679155;6.351459;0.818423;-0.9553;-0.2528;-0.1534;1.265894;3.589527;1.716009;-0.9553;-0.2528;-0.1534;2.061662;6.87796;1.484481;0.9394;-0.2082;0.2722;1.73783;6.165375;2.057123;0.9394;-0.2082;0.2722;1.265894;3.589527;1.716009;0.9394;-0.2082;0.2722;1.075106;7.325163;1.442924;-0.1458;0.587;0.7964;0.403817;6.895218;1.636889;-0.1458;0.587;0.7964;0.733844;6.374357;2.081227;-0.1458;0.587;0.7964;1.700663;6.456983;0.515544;0.9386;-0.2443;-0.2436;2.061662;6.87796;1.484481;0.9386;-0.2443;-0.2436;1.265894;3.589527;1.716009;0.9386;-0.2443;-0.2436;-1.742589;7.506207;0.074563;0.2157;0.5466;-0.8092;-0.597915;7.365776;0.284798;0.2157;0.5466;-0.8092;-0.409503;6.374127;-0.334845;0.2157;0.5466;-0.8092;-1.742589;7.506207;0.074563;0.1687;0.5048;-0.8466;-0.409503;6.374127;-0.334845;0.1687;0.5048;-0.8466;-1.910178;6.305684;-0.674662;0.1687;0.5048;-0.8466;-1.742589;7.506207;0.074563;-0.8845;0.3295;-0.3302;-1.910178;6.305684;-0.674662;-0.8845;0.3295;-0.3302;-2.182513;6.870862;0.618994;-0.8845;0.3295;-0.3302;-0.597915;7.365776;0.284798;-0.0758;0.588;0.8053;-1.742589;7.506207;0.074563;-0.0758;0.588;0.8053;-0.413228;6.197804;1.154966;-0.0758;0.588;0.8053;0.679155;6.351459;0.818423;-0.2681;-0.1406;-0.9531;1.700663;6.456983;0.515544;-0.2681;-0.1406;-0.9531;1.231916;4.473155;0.940062;-0.2681;-0.1406;-0.9531;-1.742589;7.506207;0.074563;0.0139;0.645;0.764;-2.182513;6.870862;0.618994;0.0139;0.645;0.764;-0.413228;6.197804;1.154966;0.0139;0.645;0.764;-0.597915;7.365776;0.284798;0.9847;0.1728;0.0229;-0.413228;6.197804;1.154966;0.9847;0.1728;0.0229;-0.409503;6.374127;-0.334845;0.9847;0.1728;0.0229;1.075106;7.325163;1.442924;0.3782;0.7893;-0.4838;2.061662;6.87796;1.484481;0.3782;0.7893;-0.4838;1.700663;6.456983;0.515544;0.3782;0.7893;-0.4838;-0.409503;6.374127;-0.334845;0.9426;-0.332;-0.0369;-0.413228;6.197804;1.154966;0.9426;-0.332;-0.0369;-1.608171;2.888695;0.401878;0.9426;-0.332;-0.0369;-2.182513;6.870862;0.618994;-0.9524;0.1492;-0.2657;-1.910178;6.305684;-0.674662;-0.9524;0.1492;-0.2657;-2.393556;5.10896;0.38624;-0.9524;0.1492;-0.2657;-0.413228;6.197804;1.154966;-0.0551;0.5293;0.8467;-2.182513;6.870862;0.618994;-0.0551;0.5293;0.8467;-1.603927;5.587145;1.459131;-0.0551;0.5293;0.8467;-0.413228;6.197804;1.154966;0.3913;-0.3362;0.8566;-1.603927;5.587145;1.459131;0.3913;-0.3362;0.8566;-1.608171;2.888695;0.401878;0.3913;-0.3362;0.8566;-1.910178;6.305684;-0.674662;0.2243;-0.2748;-0.935;-0.409503;6.374127;-0.334845;0.2243;-0.2748;-0.935;-1.608171;2.888695;0.401878;0.2243;-0.2748;-0.935;1.075106;7.325163;1.442924;-0.551;0.5976;-0.5824;0.679155;6.351459;0.818423;-0.551;0.5976;-0.5824;0.403817;6.895218;1.636889;-0.551;0.5976;-0.5824;-1.910178;6.305684;-0.674662;-0.731;-0.263;-0.6297;-1.608171;2.888695;0.401878;-0.731;-0.263;-0.6297;-2.393556;5.10896;0.38624;-0.731;-0.263;-0.6297;-2.182513;6.870862;0.618994;-0.8093;0.0194;0.587;-2.393556;5.10896;0.38624;-0.8093;0.0194;0.587;-1.603927;5.587145;1.459131;-0.8093;0.0194;0.587;-1.603927;5.587145;1.459131;-0.7228;-0.2511;0.6439;-2.393556;5.10896;0.38624;-0.7228;-0.2511;0.6439;-1.608171;2.888695;0.401878;-0.7228;-0.2511;0.6439;0.679155;6.351459;0.818423;-0.2841;0.5968;-0.7504;1.075106;7.325163;1.442924;-0.2841;0.5968;-0.7504;1.700663;6.456983;0.515544;-0.2841;0.5968;-0.7504;1.734144;7.63021;-1.088886;0.1933;0.5229;0.8302;2.03971;6.227901;-0.27686;0.1933;0.5229;0.8302;2.65565;6.984478;-0.896762;0.1933;0.5229;0.8302;1.734144;7.63021;-1.088886;0.5294;0.8201;0.2171;2.65565;6.984478;-0.896762;0.5294;0.8201;0.2171;2.290489;7.424399;-1.667964;0.5294;0.8201;0.2171;2.03971;6.227901;-0.27686;-0.4327;0.3793;0.8178;1.734144;7.63021;-1.088886;-0.4327;0.3793;0.8178;0.760349;6.464269;-1.063433;-0.4327;0.3793;0.8178;1.734144;7.63021;-1.088886;-0.3361;0.738;-0.5852;2.290489;7.424399;-1.667964;-0.3361;0.738;-0.5852;0.98221;6.904072;-1.572748;-0.3361;0.738;-0.5852;1.734144;7.63021;-1.088886;-0.7468;0.6285;0.2174;0.98221;6.904072;-1.572748;-0.7468;0.6285;0.2174;0.760349;6.464269;-1.063433;-0.7468;0.6285;0.2174;2.03971;6.227901;-0.27686;-0.5369;-0.1344;0.8329;0.760349;6.464269;-1.063433;-0.5369;-0.1344;0.8329;1.618308;4.3593;-0.850127;-0.5369;-0.1344;0.8329;0.760349;6.464269;-1.063433;-0.796;-0.2413;-0.5551;0.98221;6.904072;-1.572748;-0.796;-0.2413;-0.5551;1.92352;3.450462;-1.421585;-0.796;-0.2413;-0.5551;2.290489;7.424399;-1.667964;0.9139;0.0528;-0.4026;2.65565;6.984478;-0.896762;0.9139;0.0528;-0.4026;2.472823;5.812887;-1.465476;0.9139;0.0528;-0.4026;0.98221;6.904072;-1.572748;-0.1839;0.2905;-0.939;2.290489;7.424399;-1.667964;-0.1839;0.2905;-0.939;1.779511;5.942072;-2.026543;-0.1839;0.2905;-0.939;2.65565;6.984478;-0.896762;0.821;-0.2466;0.5149;2.03971;6.227901;-0.27686;0.821;-0.2466;0.5149;1.92352;3.450462;-1.421585;0.821;-0.2466;0.5149;0.98221;6.904072;-1.572748;-0.6642;-0.2124;-0.7167;1.779511;5.942072;-2.026543;-0.6642;-0.2124;-0.7167;1.92352;3.450462;-1.421585;-0.6642;-0.2124;-0.7167;1.618308;4.3593;-0.850127;-0.9254;-0.368;0.091;0.760349;6.464269;-1.063433;-0.9254;-0.368;0.091;1.92352;3.450462;-1.421585;-0.9254;-0.368;0.091;2.03971;6.227901;-0.27686;0.4654;-0.3538;0.8113;1.618308;4.3593;-0.850127;0.4654;-0.3538;0.8113;1.92352;3.450462;-1.421585;0.4654;-0.3538;0.8113;2.65565;6.984478;-0.896762;0.9641;-0.2215;0.1463;1.92352;3.450462;-1.421585;0.9641;-0.2215;0.1463;2.472823;5.812887;-1.465476;0.9641;-0.2215;0.1463;2.290489;7.424399;-1.667964;0.6258;-0.0271;-0.7795;2.472823;5.812887;-1.465476;0.6258;-0.0271;-0.7795;1.779511;5.942072;-2.026543;0.6258;-0.0271;-0.7795;1.779511;5.942072;-2.026543;0.6039;-0.1549;-0.7819;2.472823;5.812887;-1.465476;0.6039;-0.1549;-0.7819;1.92352;3.450462;-1.421585;0.6039;-0.1549;-0.7819
-4.62239;-0.141147;-5.116493;4.261646;13.42271;3.497352;1.6666666;0;extraBounds;2;-3.888621;5.132675;-4.585124;3.762898;12.737097;3.139309;-0.448708;-0.060458;-0.426881;0.405055;5.964192;0.426881
453;2
159;0.7781152;0.7781152;0.7781152;0.01
-0.049625;5.090785;0.275498;-0.4109;0.1515;0.899;0.045188;6.687371;0.049754;-0.4109;0.1515;0.899;-0.431867;5.030636;0.110914;-0.4109;0.1515;0.899;0.622827;-0.141147;0.223162;0.4276;0.3317;0.8409;-0.100044;0.485723;0.343499;0.4276;0.3317;0.8409;-0.219483;-0.141147;0.651523;0.4276;0.3317;0.8409;-0.100044;0.485723;0.343499;-0.8954;0.3218;0.3076;-0.519989;-0.141147;-0.223162;-0.8954;0.3218;0.3076;-0.219483;-0.141147;0.651523;-0.8954;0.3218;0.3076;-0.519989;-0.141147;-0.223162;-0.4571;0.2965;-0.8386;0.107401;0.485723;-0.343499;-0.4571;0.2965;-0.8386;0.226841;-0.141147;-0.630245;-0.4571;0.2965;-0.8386;0.622827;-0.141147;0.223162;0.7977;0.122;-0.5906;0.107401;0.485723;-0.343499;0.7977;0.122;-0.5906;0.347177;1.08284;0.103722;0.7977;0.122;-0.5906;0.616198;6.614796;-0.049753;0.8084;0.1439;0.5708;1.071616;8.467788;-1.161982;0.8084;0.1439;0.5708;0.40758;6.687289;0.22743;0.8084;0.1439;0.5708;0.110349;5.125299;-0.110914;0.9027;-0.2479;0.3516;0.40758;6.687289;0.22743;0.9027;-0.2479;0.3516;-0.049625;5.090785;0.275498;0.9027;-0.2479;0.3516;-0.271893;5.06515;-0.275498;-0.7672;0.2669;-0.5832;0.045188;6.687371;0.049754;-0.7672;0.2669;-0.5832;0.277149;6.621359;-0.285578;-0.7672;0.2669;-0.5832;0.110349;5.125299;-0.110914;0.5618;-0.1575;-0.8121;0.277149;6.621359;-0.285578;0.5618;-0.1575;-0.8121;0.616198;6.614796;-0.049753;0.5618;-0.1575;-0.8121;1.134052;8.405057;-1.615226;-0.7849;0.5898;-0.1898;1.071616;8.467788;-1.161982;-0.7849;0.5898;-0.1898;3.188219;11.114563;-1.690781;-0.7849;0.5898;-0.1898;0.277149;6.621359;-0.285578;-0.9319;0.3191;-0.1725;1.071616;8.467788;-1.161982;-0.9319;0.3191;-0.1725;1.134052;8.405057;-1.615226;-0.9319;0.3191;-0.1725;0.277149;6.621359;-0.285578;0.4186;-0.6634;-0.6202;1.473102;8.398494;-1.379402;0.4186;-0.6634;-0.6202;0.616198;6.614796;-0.049753;0.4186;-0.6634;-0.6202;0.045188;6.687371;0.049754;-0.3329;0.6541;0.6792;0.40758;6.687289;0.22743;-0.3329;0.6541;0.6792;1.071616;8.467788;-1.161982;-0.3329;0.6541;0.6792;1.071616;8.467788;-1.161982;-0.9839;-0.1352;-0.1168;0.87593;11.625439;-3.168142;-0.9839;-0.1352;-0.1168;1.134052;8.405057;-1.615226;-0.9839;-0.1352;-0.1168;1.473102;8.398494;-1.379402;0.5151;-0.4114;-0.752;1.134052;8.405057;-1.615226;0.5151;-0.4114;-0.752;3.188219;11.114563;-1.690781;0.5151;-0.4114;-0.752;1.071616;8.467788;-1.161982;0.4442;-0.1799;0.8777;1.473102;8.398494;-1.379402;0.4442;-0.1799;0.8777;3.188219;11.114563;-1.690781;0.4442;-0.1799;0.8777;1.134052;8.405057;-1.615226;0.5343;-0.332;-0.7774;0.87593;11.625439;-3.168142;0.5343;-0.332;-0.7774;1.473102;8.398494;-1.379402;0.5343;-0.332;-0.7774;1.473102;8.398494;-1.379402;0.4787;0.4918;0.7273;0.87593;11.625439;-3.168142;0.4787;0.4918;0.7273;1.071616;8.467788;-1.161982;0.4787;0.4918;0.7273;0.347177;1.08284;0.103722;0.3987;-0.0253;-0.9167;-0.271893;5.06515;-0.275498;0.3987;-0.0253;-0.9167;0.110349;5.125299;-0.110914;0.3987;-0.0253;-0.9167;-0.33982;1.08284;-0.103722;-0.5018;-0.0287;-0.8645;-0.271893;5.06515;-0.275498;-0.5018;-0.0287;-0.8645;0.107401;0.485723;-0.343499;-0.5018;-0.0287;-0.8645;0.347177;1.08284;0.103722;0.4642;0.008;0.8857;-0.049625;5.090785;0.275498;0.4642;0.008;0.8857;-0.100044;0.485723;0.343499;0.4642;0.008;0.8857;-0.33982;1.08284;-0.103722;-0.3869;-0.0591;0.9202;-0.049625;5.090785;0.275498;-0.3869;-0.0591;0.9202;-0.431867;5.030636;0.110914;-0.3869;-0.0591;0.9202;-0.049625;5.090785;0.275498;0.8783;0.475;-0.0539;-1.310516;7.435451;0.393945;0.8783;0.475;-0.0539;-1.287922;7.43223;0.733942;0.8783;0.475;-0.0539;0.110349;5.125299;-0.110914;0.3138;0.3829;-0.8688;-0.271893;5.06515;-0.275498;0.3138;0.3829;-0.8688;-1.310516;7.435451;0.393945;0.3138;0.3829;-0.8688;-0.431867;5.030636;0.110914;-0.3251;-0.3444;0.8808;-1.287922;7.43223;0.733942;-0.3251;-0.3444;0.8808;-1.565198;7.388598;0.614553;-0.3251;-0.3444;0.8808;-0.431867;5.030636;0.110914;-0.8792;-0.2755;-0.3886;-1.310516;7.435451;0.393945;-0.8792;-0.2755;-0.3886;-0.271893;5.06515;-0.275498;-0.8792;-0.2755;-0.3886;-1.310516;7.435451;0.393945;-0.5501;-0.4169;-0.7236;-1.565198;7.388598;0.614553;-0.5501;-0.4169;-0.7236;-3.206053;11.531471;-0.525164;-0.5501;-0.4169;-0.7236;-1.565198;7.388598;0.614553;-0.4057;0.0895;0.9096;-1.287922;7.43223;0.733942;-0.4057;0.0895;0.9096;-3.206053;11.531471;-0.525164;-0.4057;0.0895;0.9096;-1.287922;7.43223;0.733942;0.9109;0.4088;-0.0567;-1.310516;7.435451;0.393945;0.9109;0.4088;-0.0567;-3.206053;11.531471;-0.525164;0.9109;0.4088;-0.0567;-1.310516;7.435451;0.393945;-0.8492;0.4107;-0.332;-1.426345;7.403343;0.650527;-0.8492;0.4107;-0.332;-1.06644;9.947936;2.877967;-0.8492;0.4107;-0.332;-1.426345;7.403343;0.650527;-0.4749;-0.5406;0.6944;-1.175504;7.158982;0.631837;-0.4749;-0.5406;0.6944;-1.06644;9.947936;2.877967;-0.4749;-0.5406;0.6944;-1.175504;7.158982;0.631837;0.9338;0.2016;-0.2957;-1.310516;7.435451;0.393945;0.9338;0.2016;-0.2957;-1.06644;9.947936;2.877967;0.9338;0.2016;-0.2957;0.180144;6.752019;-0.058901;-0.76;0.1384;0.635;0.40758;6.687289;0.22743;-0.76;0.1384;0.635;1.973539;9.489248;1.490976;-0.76;0.1384;0.635;0.519149;6.641958;-0.118038;0.0068;0.4894;-0.8721;0.180144;6.752019;-0.058901;0.0068;0.4894;-0.8721;1.973539;9.489248;1.490976;0.0068;0.4894;-0.8721;0.40758;6.687289;0.22743;0.7585;-0.568;0.3195;0.519149;6.641958;-0.118038;0.7585;-0.568;0.3195;1.973539;9.489248;1.490976;0.7585;-0.568;0.3195;-0.049625;5.090785;0.275498;-0.4351;0.1513;0.8876;0.40758;6.687289;0.22743;-0.4351;0.1513;0.8876;0.045188;6.687371;0.049754;-0.4351;0.1513;0.8876;0.622827;-0.141147;0.223162;0.2941;0.1582;0.9426;0.347177;1.08284;0.103722;0.2941;0.1582;0.9426;-0.100044;0.485723;0.343499;0.2941;0.1582;0.9426;-0.100044;0.485723;0.343499;-0.837;0.0703;0.5426;-0.33982;1.08284;-0.103722;-0.837;0.0703;0.5426;-0.519989;-0.141147;-0.223162;-0.837;0.0703;0.5426;-0.519989;-0.141147;-0.223162;-0.3181;0.1384;-0.9379;-0.33982;1.08284;-0.103722;-0.3181;0.1384;-0.9379;0.107401;0.485723;-0.343499;-0.3181;0.1384;-0.9379;0.622827;-0.141147;0.223162;0.852;0.3432;-0.3953;0.226841;-0.141147;-0.630245;0.852;0.3432;-0.3953;0.107401;0.485723;-0.343499;0.852;0.3432;-0.3953;0.616198;6.614796;-0.049753;0.4918;0.3561;0.7946;1.473102;8.398494;-1.379402;0.4918;0.3561;0.7946;1.071616;8.467788;-1.161982;0.4918;0.3561;0.7946;0.110349;5.125299;-0.110914;0.7325;-0.2743;0.623;0.616198;6.614796;-0.049753;0.7325;-0.2743;0.623;0.40758;6.687289;0.22743;0.7325;-0.2743;0.623;-0.271893;5.06515;-0.275498;-0.9029;0.247;-0.3517;-0.431867;5.030636;0.110914;-0.9029;0.247;-0.3517;0.045188;6.687371;0.049754;-0.9029;0.247;-0.3517;0.110349;5.125299;-0.110914;0.4109;-0.1508;-0.8991;-0.271893;5.06515;-0.275498;0.4109;-0.1508;-0.8991;0.277149;6.621359;-0.285578;0.4109;-0.1508;-0.8991;0.277149;6.621359;-0.285578;-0.813;0.0758;-0.5773;0.045188;6.687371;0.049754;-0.813;0.0758;-0.5773;1.071616;8.467788;-1.161982;-0.813;0.0758;-0.5773;0.277149;6.621359;-0.285578;0.4186;-0.6634;-0.6202;1.134052;8.405057;-1.615226;0.4186;-0.6634;-0.6202;1.473102;8.398494;-1.379402;0.4186;-0.6634;-0.6202;0.347177;1.08284;0.103722;0.8322;0.0771;-0.5491;0.107401;0.485723;-0.343499;0.8322;0.0771;-0.5491;-0.271893;5.06515;-0.275498;0.8322;0.0771;-0.5491;-0.33982;1.08284;-0.103722;-0.9239;-7.0E-4;-0.3826;-0.431867;5.030636;0.110914;-0.9239;-7.0E-4;-0.3826;-0.271893;5.06515;-0.275498;-0.9239;-7.0E-4;-0.3826;0.347177;1.08284;0.103722;0.919;0.0744;0.3871;0.110349;5.125299;-0.110914;0.919;0.0744;0.3871;-0.049625;5.090785;0.275498;0.919;0.0744;0.3871;-0.33982;1.08284;-0.103722;-0.8717;0.0168;0.4898;-0.100044;0.485723;0.343499;-0.8717;0.0168;0.4898;-0.049625;5.090785;0.275498;-0.8717;0.0168;0.4898;-0.049625;5.090785;0.275498;0.823;0.4235;0.3786;0.110349;5.125299;-0.110914;0.823;0.4235;0.3786;-1.310516;7.435451;0.393945;0.823;0.4235;0.3786;-0.431867;5.030636;0.110914;-0.3251;-0.3444;0.8808;-0.049625;5.090785;0.275498;-0.3251;-0.3444;0.8808;-1.287922;7.43223;0.733942;-0.3251;-0.3444;0.8808;-0.431867;5.030636;0.110914;-0.6331;-0.1418;-0.761;-1.565198;7.388598;0.614553;-0.6331;-0.1418;-0.761;-1.310516;7.435451;0.393945;-0.6331;-0.1418;-0.761
294;-1.0;0.0;0.0;0.018
1.358775;13.42271;-1.371671;-0.6031;0.7944;-0.0725;1.427778;13.319002;-3.080835;-0.6031;0.7944;-0.0725;-0.609542;11.853461;-2.191344;-0.6031;0.7944;-0.0725;1.427778;13.319002;-3.080835;0.5906;0.8066;-0.0251;1.358775;13.42271;-1.371671;0.5906;0.8066;-0.0251;3.753188;11.60254;-3.527501;0.5906;0.8066;-0.0251;1.358775;13.42271;-1.371671;-0.5959;0.3771;0.709;-0.609542;11.853461;-2.191344;-0.5959;0.3771;0.709;1.442836;11.403462;-0.226847;-0.5959;0.3771;0.709;1.358775;13.42271;-1.371671;0.2657;0.4838;0.8339;1.442836;11.403462;-0.226847;0.2657;0.4838;0.8339;3.619795;11.993811;-1.263088;0.2657;0.4838;0.8339;1.358775;13.42271;-1.371671;0.5347;0.8374;-0.1132;3.619795;11.993811;-1.263088;0.5347;0.8374;-0.1132;3.753188;11.60254;-3.527501;0.5347;0.8374;-0.1132;1.427778;13.319002;-3.080835;0.3068;0.6065;-0.7335;3.753188;11.60254;-3.527501;0.3068;0.6065;-0.7335;2.488393;11.152838;-4.428428;0.3068;0.6065;-0.7335;-0.609542;11.853461;-2.191344;-0.5568;0.3051;-0.7726;1.427778;13.319002;-3.080835;-0.5568;0.3051;-0.7726;0.616596;9.530708;-3.99243;-0.5568;0.3051;-0.7726;1.442836;11.403462;-0.226847;-0.6624;-0.4681;0.5849;-0.609542;11.853461;-2.191344;-0.6624;-0.4681;0.5849;0.621585;9.789322;-2.448918;-0.6624;-0.4681;0.5849;3.619795;11.993811;-1.263088;0.4797;-0.385;0.7884;1.442836;11.403462;-0.226847;0.4797;-0.385;0.7884;2.983364;9.684861;-2.003479;0.4797;-0.385;0.7884;1.427778;13.319002;-3.080835;-0.4547;0.2992;-0.8389;2.488393;11.152838;-4.428428;-0.4547;0.2992;-0.8389;0.616596;9.530708;-3.99243;-0.4547;0.2992;-0.8389;-0.609542;11.853461;-2.191344;-0.8504;-0.5184;0.0896;0.616596;9.530708;-3.99243;-0.8504;-0.5184;0.0896;0.621585;9.789322;-2.448918;-0.8504;-0.5184;0.0896;1.442836;11.403462;-0.226847;-0.1505;-0.7726;0.6168;0.621585;9.789322;-2.448918;-0.1505;-0.7726;0.6168;2.983364;9.684861;-2.003479;-0.1505;-0.7726;0.6168;3.619795;11.993811;-1.263088;0.9492;-0.296;0.1071;2.983364;9.684861;-2.003479;0.9492;-0.296;0.1071;3.753188;11.60254;-3.527501;0.9492;-0.296;0.1071;2.983364;9.684861;-2.003479;-0.189;-0.3293;0.9251;0.621585;9.789322;-2.448918;-0.189;-0.3293;0.9251;2.371894;7.526839;-2.896505;-0.189;-0.3293;0.9251;0.621585;9.789322;-2.448918;-0.9788;-0.2012;0.0369;0.616596;9.530708;-3.99243;-0.9788;-0.2012;0.0369;1.326456;6.178013;-3.446507;-0.9788;-0.2012;0.0369;2.488393;11.152838;-4.428428;0.4285;0.409;-0.8057;3.753188;11.60254;-3.527501;0.4285;0.409;-0.8057;3.479886;9.490984;-4.744637;0.4285;0.409;-0.8057;0.616596;9.530708;-3.99243;-0.4725;0.325;-0.8193;2.488393;11.152838;-4.428428;-0.4725;0.325;-0.8193;1.868864;8.517574;-5.116493;-0.4725;0.325;-0.8193;3.753188;11.60254;-3.527501;0.9387;-0.1199;0.3233;2.983364;9.684861;-2.003479;0.9387;-0.1199;0.3233;3.182777;6.405698;-3.798127;0.9387;-0.1199;0.3233;0.616596;9.530708;-3.99243;-0.7526;-0.258;-0.6059;1.868864;8.517574;-5.116493;-0.7526;-0.258;-0.6059;1.326456;6.178013;-3.446507;-0.7526;-0.258;-0.6059;2.371894;7.526839;-2.896505;-0.1287;-0.2873;0.9492;0.621585;9.789322;-2.448918;-0.1287;-0.2873;0.9492;1.326456;6.178013;-3.446507;-0.1287;-0.2873;0.9492;2.983364;9.684861;-2.003479;0.3249;-0.4388;0.8378;2.371894;7.526839;-2.896505;0.3249;-0.4388;0.8378;3.182777;6.405698;-3.798127;0.3249;-0.4388;0.8378;3.753188;11.60254;-3.527501;0.9935;-0.1071;-0.0373;3.182777;6.405698;-3.798127;0.9935;-0.1071;-0.0373;3.479886;9.490984;-4.744637;0.9935;-0.1071;-0.0373;2.488393;11.152838;-4.428428;0.0825;0.2336;-0.9688;3.479886;9.490984;-4.744637;0.0825;0.2336;-0.9688;1.868864;8.517574;-5.116493;0.0825;0.2336;-0.9688;1.326456;6.178013;-3.446507;-0.6967;-0.3027;-0.6504;1.868864;8.517574;-5.116493;-0.6967;-0.3027;-0.6504;2.525262;4.799402;-4.089104;-0.6967;-0.3027;-0.6504;2.371894;7.526839;-2.896505;0.0325;-0.3989;0.9164;1.326456;6.178013;-3.446507;0.0325;-0.3989;0.9164;2.525262;4.799402;-4.089104;0.0325;-0.3989;0.9164;3.479886;9.490984;-4.744637;0.8172;-0.2395;-0.5243;3.182777;6.405698;-3.798127;0.8172;-0.2395;-0.5243;2.525262;4.799402;-4.089104;0.8172;-0.2395;-0.5243;1.868864;8.517574;-5.116493;0.3317;-0.1964;-0.9227;3.479886;9.490984;-4.744637;0.3317;-0.1964;-0.9227;2.525262;4.799402;-4.089104;0.3317;-0.1964;-0.9227;3.182777;6.405698;-3.798127;0.4541;-0.3354;0.8254;2.371894;7.526839;-2.896505;0.4541;-0.3354;0.8254;2.525262;4.799402;-4.089104;0.4541;-0.3354;0.8254;-1.112959;12.82311;-0.318379;-0.1287;0.8944;0.4282;-3.236015;12.986875;-1.298694;-0.1287;0.8944;0.4282;-1.87343;11.875566;1.432099;-0.1287;0.8944;0.4282;-3.236015;12.986875;-1.298694;0.3153;0.7705;-0.5541;-1.112959;12.82311;-0.318379;0.3153;0.7705;-0.5541;-3.01294;11.402837;-3.374471;0.3153;0.7705;-0.5541;-1.112959;12.82311;-0.318379;0.6028;0.5622;0.5662;-1.87343;11.875566;1.432099;0.6028;0.5622;0.5662;0.532935;10.981256;-0.241618;0.6028;0.5622;0.5662;-1.112959;12.82311;-0.318379;0.7082;0.6187;-0.34;0.532935;10.981256;-0.241618;0.7082;0.6187;-0.34;-0.799789;11.118908;-2.766837;0.7082;0.6187;-0.34;-1.112959;12.82311;-0.318379;0.2498;0.8094;-0.5314;-0.799789;11.118908;-2.766837;0.2498;0.8094;-0.5314;-3.01294;11.402837;-3.374471;0.2498;0.8094;-0.5314;-3.236015;12.986875;-1.298694;-0.8369;0.388;-0.386;-3.01294;11.402837;-3.374471;-0.8369;0.388;-0.386;-4.317029;10.585223;-1.368653;-0.8369;0.388;-0.386;-1.87343;11.875566;1.432099;-0.7559;0.3812;0.5323;-3.236015;12.986875;-1.298694;-0.7559;0.3812;0.5323;-3.504483;9.337597;0.933699;-0.7559;0.3812;0.5323;0.532935;10.981256;-0.241618;0.5342;-0.1269;0.8358;-1.87343;11.875566;1.432099;0.5342;-0.1269;0.8358;-1.718926;9.294718;0.94152;0.5342;-0.1269;0.8358;-0.799789;11.118908;-2.766837;0.8152;-0.3646;-0.4501;0.532935;10.981256;-0.241618;0.8152;-0.3646;-0.4501;-1.24494;8.895244;-1.771679;0.8152;-0.3646;-0.4501;-3.236015;12.986875;-1.298694;-0.8077;0.3497;0.4746;-4.317029;10.585223;-1.368653;-0.8077;0.3497;0.4746;-3.504483;9.337597;0.933699;-0.8077;0.3497;0.4746;-1.87343;11.875566;1.432099;-0.0088;-0.1872;0.9823;-3.504483;9.337597;0.933699;-0.0088;-0.1872;0.9823;-1.718926;9.294718;0.94152;-0.0088;-0.1872;0.9823;0.532935;10.981256;-0.241618;0.6563;-0.7214;0.2209;-1.718926;9.294718;0.94152;0.6563;-0.7214;0.2209;-1.24494;8.895244;-1.771679;0.6563;-0.7214;0.2209;-0.799789;11.118908;-2.766837;0.1868;-0.4322;-0.8822;-1.24494;8.895244;-1.771679;0.1868;-0.4322;-0.8822;-3.01294;11.402837;-3.374471;0.1868;-0.4322;-0.8822;-1.24494;8.895244;-1.771679;0.9455;-0.2549;0.2027;-1.718926;9.294718;0.94152;0.9455;-0.2549;0.2027;-1.928911;7.074622;-0.870485;0.9455;-0.2549;0.2027;-1.718926;9.294718;0.94152;-0.0085;-0.1745;0.9846;-3.504483;9.337597;0.933699;-0.0085;-0.1745;0.9846;-3.276778;6.069477;0.356621;-0.0085;-0.1745;0.9846;-4.317029;10.585223;-1.368653;-0.8554;0.2462;-0.4558;-3.01294;11.402837;-3.374471;-0.8554;0.2462;-0.4558;-4.396503;8.61053;-2.286094;-0.8554;0.2462;-0.4558;-3.504483;9.337597;0.933699;-0.8542;0.2671;0.4462;-4.317029;10.585223;-1.368653;-0.8542;0.2671;0.4462;-4.62239;7.863945;-0.32418;-0.8542;0.2671;0.4462;-3.01294;11.402837;-3.374471;0.3956;-0.2801;-0.8747;-1.24494;8.895244;-1.771679;0.3956;-0.2801;-0.8747;-3.366391;5.7914;-1.737078;0.3956;-0.2801;-0.8747;-3.504483;9.337597;0.933699;-0.6228;-0.1779;0.7619;-4.62239;7.863945;-0.32418;-0.6228;-0.1779;0.7619;-3.276778;6.069477;0.356621;-0.6228;-0.1779;0.7619;-1.928911;7.074622;-0.870485;0.7609;-0.452;0.4656;-1.718926;9.294718;0.94152;0.7609;-0.452;0.4656;-3.276778;6.069477;0.356621;0.7609;-0.452;0.4656;-1.24494;8.895244;-1.771679;0.729;-0.5034;-0.4638;-1.928911;7.074622;-0.870485;0.729;-0.5034;-0.4638;-3.366391;5.7914;-1.737078;0.729;-0.5034;-0.4638;-3.01294;11.402837;-3.374471;-0.2133;-0.2613;-0.9414;-3.366391;5.7914;-1.737078;-0.2133;-0.2613;-0.9414;-4.396503;8.61053;-2.286094;-0.2133;-0.2613;-0.9414;-4.317029;10.585223;-1.368653;-0.9933;0.0791;-0.0843;-4.396503;8.61053;-2.286094;-0.9933;0.0791;-0.0843;-4.62239;7.863945;-0.32418;-0.9933;0.0791;-0.0843;-3.276778;6.069477;0.356621;-0.724;-0.3089;0.6168;-4.62239;7.863945;-0.32418;-0.724;-0.3089;0.6168;-3.434202;4.092927;-0.818195;-0.724;-0.3089;0.6168;-1.928911;7.074622;-0.870485;0.7613;-0.375;0.529;-3.276778;6.069477;0.356621;0.7613;-0.375;0.529;-3.434202;4.092927;-0.818195;0.7613;-0.375;0.529;-4.396503;8.61053;-2.286094;-0.6061;-0.3596;-0.7095;-3.366391;5.7914;-1.737078;-0.6061;-0.3596;-0.7095;-3.434202;4.092927;-0.818195;-0.6061;-0.3596;-0.7095;-4.62239;7.863945;-0.32418;-0.94;-0.2686;-0.2104;-4.396503;8.61053;-2.286094;-0.94;-0.2686;-0.2104;-3.434202;4.092927;-0.818195;-0.94;-0.2686;-0.2104;-3.366391;5.7914;-1.737078;0.6968;-0.3626;-0.6189;-1.928911;7.074622;-0.870485;0.6968;-0.3626;-0.6189;-3.434202;4.092927;-0.818195;0.6968;-0.3626;-0.6189;0.52431;11.256511;0.634348;0.007;0.9512;-0.3085;2.677993;11.407909;1.150258;0.007;0.9512;-0.3085;1.976302;10.774587;-0.818503;0.007;0.9512;-0.3085;2.677993;11.407909;1.150258;-0.1465;0.9293;0.3391;0.52431;11.256511;0.634348;-0.1465;0.9293;0.3391;1.541093;10.372268;3.497352;-0.1465;0.9293;0.3391;0.52431;11.256511;0.634348;-0.5176;0.5106;-0.6866;1.976302;10.774587;-0.818503;-0.5176;0.5106;-0.6866;0.016421;9.829991;-0.043525;-0.5176;0.5106;-0.6866;0.52431;11.256511;0.634348;-0.8224;0.455;-0.3414;0.016421;9.829991;-0.043525;-0.8224;0.455;-0.3414;-0.168877;10.430593;1.203458;-0.8224;0.455;-0.3414;0.52431;11.256511;0.634348;-0.5341;0.7355;0.4168;-0.168877;10.430593;1.203458;-0.5341;0.7355;0.4168;1.541093;10.372268;3.497352;-0.5341;0.7355;0.4168;2.677993;11.407909;1.150258;0.2518;0.8345;0.4902;1.541093;10.372268;3.497352;0.2518;0.8345;0.4902;3.11672;10.192809;2.993533;0.2518;0.8345;0.4902;1.976302;10.774587;-0.818503;0.7728;0.4699;-0.4266;2.677993;11.407909;1.150258;0.7728;0.4699;-0.4266;3.642781;8.99667;0.242074;0.7728;0.4699;-0.4266;0.016421;9.829991;-0.043525;-0.2989;-0.1527;-0.942;1.976302;10.774587;-0.818503;-0.2989;-0.1527;-0.942;2.077825;8.541609;-0.488642;-0.2989;-0.1527;-0.942;-0.168877;10.430593;1.203458;-0.9483;-0.3172;0.0119;0.016421;9.829991;-0.043525;-0.9483;-0.3172;0.0119;0.489194;8.485788;1.795833;-0.9483;-0.3172;0.0119;2.677993;11.407909;1.150258;0.9307;0.3652;0.0192;3.11672;10.192809;2.993533;0.9307;0.3652;0.0192;3.642781;8.99667;0.242074;0.9307;0.3652;0.0192;1.976302;10.774587;-0.818503;0.4467;-0.1108;-0.8878;3.642781;8.99667;0.242074;0.4467;-0.1108;-0.8878;2.077825;8.541609;-0.488642;0.4467;-0.1108;-0.8878;0.016421;9.829991;-0.043525;-0.5465;-0.7368;-0.398;2.077825;8.541609;-0.488642;-0.5465;-0.7368;-0.398;0.489194;8.485788;1.795833;-0.5465;-0.7368;-0.398;-0.168877;10.430593;1.203458;-0.7996;-0.0897;0.5938;0.489194;8.485788;1.795833;-0.7996;-0.0897;0.5938;1.541093;10.372268;3.497352;-0.7996;-0.0897;0.5938;0.489194;8.485788;1.795833;-0.7073;-0.4957;-0.504;2.077825;8.541609;-0.488642;-0.7073;-0.4957;-0.504;1.747862;6.751813;1.734876;-0.7073;-0.4957;-0.504;2.077825;8.541609;-0.488642;0.4815;-0.4276;-0.765;3.642781;8.99667;0.242074;0.4815;-0.4276;-0.765;2.605246;5.223283;1.697924;0.4815;-0.4276;-0.765;3.11672;10.192809;2.993533;0.3069;0.0233;0.9515;1.541093;10.372268;3.497352;0.3069;0.0233;0.9515;2.712121;7.358585;3.193521;0.3069;0.0233;0.9515;3.642781;8.99667;0.242074;0.8749;0.4824;-0.0424;3.11672;10.192809;2.993533;0.8749;0.4824;-0.0424;4.261646;8.043663;2.168834;0.8749;0.4824;-0.0424;1.541093;10.372268;3.497352;-0.7537;-0.1556;0.6385;0.489194;8.485788;1.795833;-0.7537;-0.1556;0.6385;2.331223;4.90813;3.098269;-0.7537;-0.1556;0.6385;3.642781;8.99667;0.242074;0.8001;-0.3944;-0.4521;4.261646;8.043663;2.168834;0.8001;-0.3944;-0.4521;2.605246;5.223283;1.697924;0.8001;-0.3944;-0.4521;1.747862;6.751813;1.734876;-0.7796;-0.4262;-0.4588;2.077825;8.541609;-0.488642;-0.7796;-0.4262;-0.4588;2.605246;5.223283;1.697924;-0.7796;-0.4262;-0.4588;0.489194;8.485788;1.795833;-0.7496;-0.5302;-0.3962;1.747862;6.751813;1.734876;-0.7496;-0.5302;-0.3962;2.331223;4.90813;3.098269;-0.7496;-0.5302;-0.3962;1.541093;10.372268;3.497352;0.113;-0.0561;0.992;2.331223;4.90813;3.098269;0.113;-0.0561;0.992;2.712121;7.358585;3.193521;0.113;-0.0561;0.992;3.11672;10.192809;2.993533;0.5579;-0.0211;0.8296;2.712121;7.358585;3.193521;0.5579;-0.0211;0.8296;4.261646;8.043663;2.168834;0.5579;-0.0211;0.8296;2.712121;7.358585;3.193521;0.9752;-0.1576;0.1554;2.331223;4.90813;3.098269;0.9752;-0.1576;0.1554;2.605246;5.223283;1.697924;0.9752;-0.1576;0.1554;4.261646;8.043663;2.168834;0.622;-0.4699;0.6264;2.712121;7.358585;3.193521;0.622;-0.4699;0.6264;2.605246;5.223283;1.697924;0.622;-0.4699;0.6264;2.331223;4.90813;3.098269;-0.8426;-0.4661;-0.2698;1.747862;6.751813;1.734876;-0.8426;-0.4661;-0.2698;2.605246;5.223283;1.697924;-0.8426;-0.4661;-0.2698;-1.059452;11.089242;2.07788;-0.2492;0.5551;-0.7936;-1.610438;9.148645;0.893344;-0.2492;0.5551;-0.7936;-2.464871;10.195641;1.894032;-0.2492;0.5551;-0.7936;-1.059452;11.089242;2.07788;-0.5134;0.8418;-0.1666;-2.464871;10.195641;1.894032;-0.5134;0.8418;-0.1666;-1.82904;10.80443;3.010508;-0.5134;0.8418;-0.1666;-1.610438;9.148645;0.893344;0.3651;0.4073;-0.8371;-1.059452;11.089242;2.07788;0.3651;0.4073;-0.8371;0.399777;9.475746;1.929106;0.3651;0.4073;-0.8371;-1.059452;11.089242;2.07788;0.3616;0.7655;0.5322;-1.82904;10.80443;3.010508;0.3616;0.7655;0.5322;0.124484;10.08437;2.719012;0.3616;0.7655;0.5322;-1.059452;11.089242;2.07788;0.7032;0.6603;-0.2637;0.124484;10.08437;2.719012;0.7032;0.6603;-0.2637;0.399777;9.475746;1.929106;0.7032;0.6603;-0.2637;-1.610438;9.148645;0.893344;0.4718;-0.146;-0.8695;0.399777;9.475746;1.929106;0.4718;-0.146;-0.8695;-0.912634;6.562769;1.706241;0.4718;-0.146;-0.8695;0.399777;9.475746;1.929106;0.8312;-0.2611;0.4909;0.124484;10.08437;2.719012;0.8312;-0.2611;0.4909;-1.306021;5.305068;2.598916;0.8312;-0.2611;0.4909;-1.82904;10.80443;3.010508;-0.8807;0.0575;0.4702;-2.464871;10.195641;1.894032;-0.8807;0.0575;0.4702;-2.125796;8.574327;2.72718;-0.8807;0.0575;0.4702;0.124484;10.08437;2.719012;0.2522;0.3137;0.9154;-1.82904;10.80443;3.010508;0.2522;0.3137;0.9154;-1.021114;8.7531;3.490889;0.2522;0.3137;0.9154;-2.464871;10.195641;1.894032;-0.8528;-0.2668;-0.449;-1.610438;9.148645;0.893344;-0.8528;-0.2668;-0.449;-1.306021;5.305068;2.598916;-0.8528;-0.2668;-0.449;0.124484;10.08437;2.719012;0.7134;-0.2302;0.6619;-1.021114;8.7531;3.490889;0.7134;-0.2302;0.6619;-1.306021;5.305068;2.598916;0.7134;-0.2302;0.6619;-0.912634;6.562769;1.706241;0.9047;-0.3955;-0.1585;0.399777;9.475746;1.929106;0.9047;-0.3955;-0.1585;-1.306021;5.305068;2.598916;0.9047;-0.3955;-0.1585;-1.610438;9.148645;0.893344;-0.5193;-0.3807;-0.7652;-0.912634;6.562769;1.706241;-0.5193;-0.3807;-0.7652;-1.306021;5.305068;2.598916;-0.5193;-0.3807;-0.7652;-2.464871;10.195641;1.894032;-0.9681;-0.2399;-0.0728;-1.306021;5.305068;2.598916;-0.9681;-0.2399;-0.0728;-2.125796;8.574327;2.72718;-0.9681;-0.2399;-0.0728;-1.82904;10.80443;3.010508;-0.5652;-0.0295;0.8244;-2.125796;8.574327;2.72718;-0.5652;-0.0295;0.8244;-1.021114;8.7531;3.490889;-0.5652;-0.0295;0.8244;-1.021114;8.7531;3.490889;-0.542;-0.1682;0.8234;-2.125796;8.574327;2.72718;-0.542;-0.1682;0.8234;-1.306021;5.305068;2.598916;-0.542;-0.1682;0.8234
5
MATERIAL;second;0;count;7;CUSTOM;0.4355;0.54;0.3765;40000;MUD_GREEN;80000;PALE_GREEN;100000;DARK_GREEN;220000;BRIGHT_GREEN;170000;LILAC;1800000;PINK;2000000
INFO;NameId;975;DescId;976;price;34240;dpPerMin;0;range;3;placeSound;thud
LIFE;averagePop;5.8;averageLife;68.0;popFactors;2;0;0.25;breedMat;34.0;breedTime;24.608759;parentId;25;count;400;reqCount;1;LIFE;type;2;enviroType;0;classification;pnf153;count;3;FALL_DEATH;fallTime;3;totalTime;5;fallenAngle;60;particleEffect;1;ExplodeTime;0.975;UseMaterial;1;Colour;1;Spawn;2;5;0;1;0;PPS;30;Speed;1.5;Gravity;0.3;Life;3;Scale;0.1;Colour;1;0;0;Additive;0;Alpha;1;FadeIn;0.1;FadeOut;0.8;HasDir;1;Dir;0;1;0;Varience;0.25;Offset;0;5;0;LifeError;0.4;ScaleError;0.3;SpeedError;0.4;RandRot;1;HasXRot;1;XRotSpeed;180;Stages;1;2;enviroReqCount;4;reqId;1;minAltitude;0;maxAltitude;55;influence;0.75;reqId;2;barren;0;goodBiomes;3;0;5;6;idealFactor;85;influence;0.7;reqId;3;badBiomes;2;9;4;influence;0.8;reqId;5;likedSpecies;1;ers;influence;0.5
GROWTH;dynamic;0;growthTime;22.666666;modelStages;3;subStages;2
WOOD;cut time;4.5;bark factor;0.75;colour;0.7781152;0.7781152;0.7781152
