0.8
ptg
0;1
3
-0.954597;-0.018884;-0.396645;0.546598;2.568034;1.904847;1
96;2
54;0.80151296;0.68122274;0.58688486;0.03
-0.008949;-0.018884;-0.086329;0.7997;-0.043;-0.5988;0.070928;0.872011;-0.043597;0.7997;-0.043;-0.5988;0.160578;-0.018884;0.14008;0.7997;-0.043;-0.5988;0.070928;0.872011;-0.043597;-0.0;0.2019;0.9794;-0.178476;-0.018884;0.14008;-0.0;0.2019;0.9794;0.160578;-0.018884;0.14008;-0.0;0.2019;0.9794;0.017303;0.886893;-0.20331;-0.8487;0.1268;-0.5135;-0.104673;1.486836;0.146464;-0.8487;0.1268;-0.5135;-0.008949;1.584273;0.012318;-0.8487;0.1268;-0.5135;-0.131757;0.872011;-0.10911;-0.7942;-0.1247;-0.5947;-0.008949;-0.018884;-0.086329;-0.7942;-0.1247;-0.5947;-0.178476;-0.018884;0.14008;-0.7942;-0.1247;-0.5947;-0.008949;1.584273;0.012318;-0.8142;0.5519;-0.1801;-0.104673;1.486836;0.146464;-0.8142;0.5519;-0.1801;-0.008949;1.891737;0.954573;-0.8142;0.5519;-0.1801;0.070928;0.872011;-0.043597;-0.2873;-0.3568;0.8889;-0.104673;1.486836;0.146464;-0.2873;-0.3568;0.8889;-0.131757;0.872011;-0.10911;-0.2873;-0.3568;0.8889;0.017303;0.886893;-0.20331;0.9475;0.0719;-0.3114;0.086775;1.486836;0.146464;0.9475;0.0719;-0.3114;0.070928;0.872011;-0.043597;0.9475;0.0719;-0.3114;-0.008949;-0.018884;-0.086329;0.9438;-0.0691;-0.3233;0.017303;0.886893;-0.20331;0.9438;-0.0691;-0.3233;0.070928;0.872011;-0.043597;0.9438;-0.0691;-0.3233;-0.104673;1.486836;0.146464;0.0;-0.8941;0.448;0.086775;1.486836;0.146464;0.0;-0.8941;0.448;-0.008949;1.891737;0.954573;0.0;-0.8941;0.448;0.086775;1.486836;0.146464;0.8142;0.5519;-0.1801;-0.008949;1.584273;0.012318;0.8142;0.5519;-0.1801;-0.008949;1.891737;0.954573;0.8142;0.5519;-0.1801;0.070928;0.872011;-0.043597;-0.296;0.2717;0.9157;-0.131757;0.872011;-0.10911;-0.296;0.2717;0.9157;-0.178476;-0.018884;0.14008;-0.296;0.2717;0.9157;0.017303;0.886893;-0.20331;-0.5256;0.3462;-0.7771;-0.131757;0.872011;-0.10911;-0.5256;0.3462;-0.7771;-0.104673;1.486836;0.146464;-0.5256;0.3462;-0.7771;-0.131757;0.872011;-0.10911;-0.5251;-0.094;-0.8458;0.017303;0.886893;-0.20331;-0.5251;-0.094;-0.8458;-0.008949;-0.018884;-0.086329;-0.5251;-0.094;-0.8458;0.070928;0.872011;-0.043597;-0.0;-0.2953;0.9554;0.086775;1.486836;0.146464;-0.0;-0.2953;0.9554;-0.104673;1.486836;0.146464;-0.0;-0.2953;0.9554;0.017303;0.886893;-0.20331;0.858;0.181;-0.4808;-0.008949;1.584273;0.012318;0.858;0.181;-0.4808;0.086775;1.486836;0.146464;0.858;0.181;-0.4808;-0.017532;1.244859;-0.054792;0.53;0.3974;-0.7491;-0.765233;2.293666;-0.027455;0.53;0.3974;-0.7491;0.005208;1.427738;0.058306;0.53;0.3974;-0.7491;0.005208;1.427738;0.058306;-0.0203;0.0806;0.9965;-0.765233;2.293666;-0.027455;-0.0203;0.0806;0.9965;-0.107004;1.299841;0.066372;-0.0203;0.0806;0.9965;-0.107004;1.299841;0.066372;-0.774;-0.5433;-0.325;-0.765233;2.293666;-0.027455;-0.774;-0.5433;-0.325;-0.017532;1.244859;-0.054792;-0.774;-0.5433;-0.325
42;-1.0;0.0;0.0;0.04
0.079841;1.497072;0.583027;0.8695;-0.3052;-0.3883;0.391114;2.209221;0.720352;0.8695;-0.3052;-0.3883;0.546598;1.759842;1.421747;0.8695;-0.3052;-0.3883;-0.246648;2.006818;1.904847;-0.3002;0.9235;0.239;-0.467974;2.217836;0.811653;-0.3002;0.9235;0.239;-0.80902;2.018377;1.153949;-0.3002;0.9235;0.239;-0.246648;2.006818;1.904847;0.0294;0.9825;0.1837;0.391114;2.209221;0.720352;0.0294;0.9825;0.1837;-0.467974;2.217836;0.811653;0.0294;0.9825;0.1837;-0.467974;2.217836;0.811653;-0.6183;-0.2317;-0.751;0.079841;1.497072;0.583027;-0.6183;-0.2317;-0.751;-0.80902;2.018377;1.153949;-0.6183;-0.2317;-0.751;-0.467974;2.217836;0.811653;-0.1005;0.2306;-0.9678;0.391114;2.209221;0.720352;-0.1005;0.2306;-0.9678;0.079841;1.497072;0.583027;-0.1005;0.2306;-0.9678;0.391114;2.209221;0.720352;0.4833;0.7819;0.3938;-0.246648;2.006818;1.904847;0.4833;0.7819;0.3938;0.546598;1.759842;1.421747;0.4833;0.7819;0.3938;-0.246648;2.006818;1.904847;-0.0843;-0.9365;0.3403;0.079841;1.497072;0.583027;-0.0843;-0.9365;0.3403;0.546598;1.759842;1.421747;-0.0843;-0.9365;0.3403;0.079841;1.497072;0.583027;-0.361;-0.8966;0.2566;-0.246648;2.006818;1.904847;-0.361;-0.8966;0.2566;-0.80902;2.018377;1.153949;-0.361;-0.8966;0.2566;-0.661446;2.173276;-0.396645;0.8852;0.0573;-0.4616;-0.361574;2.358729;0.201414;0.8852;0.0573;-0.4616;-0.481825;1.76398;-0.102987;0.8852;0.0573;-0.4616;-0.661446;2.173276;-0.396645;0.5963;0.632;-0.495;-0.931805;2.568034;-0.218312;0.5963;0.632;-0.495;-0.361574;2.358729;0.201414;0.5963;0.632;-0.495;-0.361574;2.358729;0.201414;0.3021;-0.482;0.8224;-0.954597;1.997793;0.207722;0.3021;-0.482;0.8224;-0.481825;1.76398;-0.102987;0.3021;-0.482;0.8224;-0.361574;2.358729;0.201414;-0.3399;0.5716;0.7468;-0.931805;2.568034;-0.218312;-0.3399;0.5716;0.7468;-0.954597;1.997793;0.207722;-0.3399;0.5716;0.7468;-0.954597;1.997793;0.207722;-0.8071;-0.3323;-0.488;-0.931805;2.568034;-0.218312;-0.8071;-0.3323;-0.488;-0.661446;2.173276;-0.396645;-0.8071;-0.3323;-0.488;-0.954597;1.997793;0.207722;-0.6218;-0.618;-0.4811;-0.661446;2.173276;-0.396645;-0.6218;-0.618;-0.4811;-0.481825;1.76398;-0.102987;-0.6218;-0.618;-0.4811
-4.337609;-0.094543;-5.095822;4.339291;10.389111;4.952997;3.4;0;extraBounds;3;0.361385;5.344732;-3.335776;3.949055;7.473566;-0.279335;-3.732493;6.955188;-4.539943;1.702658;10.156866;4.588113;-0.545796;-0.081783;-0.98818;0.560953;7.18372;0.296075
270;2
138;0.80151296;0.68122274;0.58688486;0.025
0.113187;3.804524;-0.569246;-0.3251;-0.1446;-0.9345;1.358893;4.543923;-1.117074;-0.3251;-0.1446;-0.9345;1.484692;4.290817;-1.121664;-0.3251;-0.1446;-0.9345;0.374784;-0.050271;-0.407363;0.9827;-0.0738;0.1699;0.585645;2.846906;-0.368177;0.9827;-0.0738;0.1699;0.151738;-0.094543;0.863472;0.9827;-0.0738;0.1699;0.151738;-0.094543;0.863472;-0.7089;0.2035;0.6753;-0.183104;2.762098;-0.349133;-0.7089;0.2035;0.6753;-0.731667;-0.051288;-0.076984;-0.7089;0.2035;0.6753;0.374784;-0.050271;-0.407363;-0.8839;-0.1663;-0.4371;-0.183104;2.762098;-0.349133;-0.8839;-0.1663;-0.4371;0.098884;2.890024;-0.967956;-0.8839;-0.1663;-0.4371;0.098884;2.890024;-0.967956;-0.872;-0.0355;-0.4883;-0.347665;4.319038;-0.274451;-0.872;-0.0355;-0.4883;-0.135416;4.575376;-0.672144;-0.872;-0.0355;-0.4883;0.098884;2.890024;-0.967956;0.7647;0.2231;-0.6046;0.224262;4.410502;-0.248358;0.7647;0.2231;-0.6046;0.585645;2.846906;-0.368177;0.7647;0.2231;-0.6046;-0.183104;2.762098;-0.349133;-0.0372;-0.0518;0.998;0.224262;4.410502;-0.248358;-0.0372;-0.0518;0.998;-0.347665;4.319038;-0.274451;-0.0372;-0.0518;0.998;-0.168021;4.685291;-0.520718;-0.4751;0.7952;-0.3767;-0.322411;5.621477;1.650525;-0.4751;0.7952;-0.3767;-0.07861;5.680699;1.468006;-0.4751;0.7952;-0.3767;0.374784;-0.050271;-0.407363;0.7739;-0.0478;-0.6315;0.098884;2.890024;-0.967956;0.7739;-0.0478;-0.6315;0.585645;2.846906;-0.368177;0.7739;-0.0478;-0.6315;0.151738;-0.094543;0.863472;-0.0201;0.3887;0.9212;0.585645;2.846906;-0.368177;-0.0201;0.3887;0.9212;-0.183104;2.762098;-0.349133;-0.0201;0.3887;0.9212;0.374784;-0.050271;-0.407363;-0.2859;-0.0369;-0.9576;-0.731667;-0.051288;-0.076984;-0.2859;-0.0369;-0.9576;-0.183104;2.762098;-0.349133;-0.2859;-0.0369;-0.9576;0.098884;2.890024;-0.967956;-0.9015;-0.0748;-0.4263;-0.183104;2.762098;-0.349133;-0.9015;-0.0748;-0.4263;-0.347665;4.319038;-0.274451;-0.9015;-0.0748;-0.4263;0.098884;2.890024;-0.967956;0.7842;0.2114;-0.5833;-0.135416;4.575376;-0.672144;0.7842;0.2114;-0.5833;0.224262;4.410502;-0.248358;0.7842;0.2114;-0.5833;-0.183104;2.762098;-0.349133;0.0323;-0.0689;0.9971;0.585645;2.846906;-0.368177;0.0323;-0.0689;0.9971;0.224262;4.410502;-0.248358;0.0323;-0.0689;0.9971;-0.07861;5.680699;1.468006;-0.512;0.7344;-0.4456;-0.322411;5.621477;1.650525;-0.512;0.7344;-0.4456;1.152766;7.968212;3.823704;-0.512;0.7344;-0.4456;-0.145559;4.396896;-0.371345;0.9996;-0.018;-0.0238;-0.07861;5.680699;1.468006;0.9996;-0.018;-0.0238;-0.076294;5.471557;1.723555;0.9996;-0.018;-0.0238;-0.145559;4.396896;-0.371345;-0.7718;-0.5716;0.2787;-0.322411;5.621477;1.650525;-0.7718;-0.5716;0.2787;-0.404691;4.68319;-0.50177;-0.7718;-0.5716;0.2787;-0.091868;5.507199;1.515844;-0.3944;-0.2094;0.8948;-1.183558;8.594974;1.757077;-0.3944;-0.2094;0.8948;-0.31367;5.557129;1.429751;-0.3944;-0.2094;0.8948;-0.076294;5.471557;1.723555;0.9358;-0.2686;-0.2283;-0.07861;5.680699;1.468006;0.9358;-0.2686;-0.2283;1.152766;7.968212;3.823704;0.9358;-0.2686;-0.2283;-0.322411;5.621477;1.650525;-0.4812;-0.4134;0.773;-0.076294;5.471557;1.723555;-0.4812;-0.4134;0.773;1.152766;7.968212;3.823704;-0.4812;-0.4134;0.773;-0.148165;5.458923;1.217022;0.9125;0.3403;-0.2269;-1.183558;8.594974;1.757077;0.9125;0.3403;-0.2269;-0.091868;5.507199;1.515844;0.9125;0.3403;-0.2269;-0.31367;5.557129;1.429751;-0.8145;-0.1736;-0.5536;-1.183558;8.594974;1.757077;-0.8145;-0.1736;-0.5536;-0.148165;5.458923;1.217022;-0.8145;-0.1736;-0.5536;-0.168021;4.685291;-0.520718;-0.04;0.9165;-0.398;-0.404691;4.68319;-0.50177;-0.04;0.9165;-0.398;-0.322411;5.621477;1.650525;-0.04;0.9165;-0.398;-0.145559;4.396896;-0.371345;0.9969;0.0432;-0.0665;-0.168021;4.685291;-0.520718;0.9969;0.0432;-0.0665;-0.07861;5.680699;1.468006;0.9969;0.0432;-0.0665;-0.145559;4.396896;-0.371345;-0.5606;-0.7291;0.3926;-0.076294;5.471557;1.723555;-0.5606;-0.7291;0.3926;-0.322411;5.621477;1.650525;-0.5606;-0.7291;0.3926;-0.135416;4.575376;-0.672144;0.765;0.4249;-0.484;-1.072755;6.191818;-0.734773;0.765;0.4249;-0.484;0.224262;4.410502;-0.248358;0.765;0.4249;-0.484;-1.430323;6.092983;-0.844648;-0.3676;0.3928;0.843;-1.072755;6.191818;-0.734773;-0.3676;0.3928;0.843;-0.783515;8.967463;-1.902025;-0.3676;0.3928;0.843;-1.072755;6.191818;-0.734773;0.9494;-0.2006;-0.2417;-1.167619;6.194702;-1.109858;0.9494;-0.2006;-0.2417;-0.783515;8.967463;-1.902025;0.9494;-0.2006;-0.2417;-1.072755;6.191818;-0.734773;-0.078;0.2094;0.9747;-0.347665;4.319038;-0.274451;-0.078;0.2094;0.9747;0.224262;4.410502;-0.248358;-0.078;0.2094;0.9747;-0.347665;4.319038;-0.274451;-0.5586;-0.5288;-0.639;-1.167619;6.194702;-1.109858;-0.5586;-0.5288;-0.639;-0.135416;4.575376;-0.672144;-0.5586;-0.5288;-0.639;-0.135416;4.575376;-0.672144;0.1601;-0.8664;-0.473;0.224262;4.410502;-0.248358;0.1601;-0.8664;-0.473;-0.347665;4.319038;-0.274451;0.1601;-0.8664;-0.473;-1.167619;6.194702;-1.109858;-0.6844;-0.111;-0.7206;-1.430323;6.092983;-0.844648;-0.6844;-0.111;-0.7206;-0.783515;8.967463;-1.902025;-0.6844;-0.111;-0.7206;-0.135416;4.575376;-0.672144;0.8491;0.4842;-0.211;-1.167619;6.194702;-1.109858;0.8491;0.4842;-0.211;-1.072755;6.191818;-0.734773;0.8491;0.4842;-0.211;-1.072755;6.191818;-0.734773;-0.3191;0.1079;0.9415;-1.430323;6.092983;-0.844648;-0.3191;0.1079;0.9415;-0.347665;4.319038;-0.274451;-0.3191;0.1079;0.9415;-0.347665;4.319038;-0.274451;-0.4955;-0.5249;-0.6921;-1.430323;6.092983;-0.844648;-0.4955;-0.5249;-0.6921;-1.167619;6.194702;-1.109858;-0.4955;-0.5249;-0.6921;0.029488;4.065917;-0.303449;-0.256;0.956;0.1433;1.358893;4.543923;-1.117074;-0.256;0.956;0.1433;-0.157156;4.065917;-0.636832;-0.256;0.956;0.1433;0.113187;3.804524;-0.569246;0.4428;-0.5656;0.6957;1.573945;4.489773;-0.941776;0.4428;-0.5656;0.6957;0.029488;4.065917;-0.303449;0.4428;-0.5656;0.6957;1.573945;4.489773;-0.941776;-0.2939;0.7502;0.5923;2.316022;6.488589;-3.104964;-0.2939;0.7502;0.5923;1.358893;4.543923;-1.117074;-0.2939;0.7502;0.5923;1.484692;4.290817;-1.121664;0.9235;-0.3818;-0.036;2.316022;6.488589;-3.104964;0.9235;-0.3818;-0.036;1.573945;4.489773;-0.941776;0.9235;-0.3818;-0.036;1.564038;4.51295;-1.271436;-0.4872;0.3993;-0.7767;1.442591;4.540093;-1.181305;-0.4872;0.3993;-0.7767;3.224106;6.800056;-1.137028;-0.4872;0.3993;-0.7767;1.442591;4.540093;-1.181305;-0.5742;0.4391;0.691;1.559976;4.534847;-1.080418;-0.5742;0.4391;0.691;3.224106;6.800056;-1.137028;-0.5742;0.4391;0.691;1.559976;4.534847;-1.080418;0.804;-0.5886;0.0846;1.564038;4.51295;-1.271436;0.804;-0.5886;0.0846;3.224106;6.800056;-1.137028;0.804;-0.5886;0.0846;0.113187;3.804524;-0.569246;-0.1602;-0.3991;-0.9028;-0.157156;4.065917;-0.636832;-0.1602;-0.3991;-0.9028;1.358893;4.543923;-1.117074;-0.1602;-0.3991;-0.9028;1.484692;4.290817;-1.121664;-0.6845;-0.3284;-0.6508;1.358893;4.543923;-1.117074;-0.6845;-0.3284;-0.6508;2.316022;6.488589;-3.104964;-0.6845;-0.3284;-0.6508;0.029488;4.065917;-0.303449;-0.0892;0.9155;0.3922;1.573945;4.489773;-0.941776;-0.0892;0.9155;0.3922;1.358893;4.543923;-1.117074;-0.0892;0.9155;0.3922;0.113187;3.804524;-0.569246;0.4662;-0.6992;0.542;1.484692;4.290817;-1.121664;0.4662;-0.6992;0.542;1.573945;4.489773;-0.941776;0.4662;-0.6992;0.542
132;-1.0;0.0;0.0;0.04
2.024205;5.184143;-3.180296;0.2089;-0.0288;-0.9775;1.319779;6.669597;-3.374518;0.2089;-0.0288;-0.9775;3.130183;7.419317;-3.009777;0.2089;-0.0288;-0.9775;1.319779;6.669597;-3.374518;-0.9044;-0.4261;0.0218;2.024205;5.184143;-3.180296;-0.9044;-0.4261;0.0218;1.194366;7.003634;-2.046303;-0.9044;-0.4261;0.0218;2.024205;5.184143;-3.180296;0.6482;-0.2663;-0.7134;3.130183;7.419317;-3.009777;0.6482;-0.2663;-0.7134;4.339291;6.473304;-1.557981;0.6482;-0.2663;-0.7134;2.024205;5.184143;-3.180296;0.5345;-0.8398;-0.0954;4.339291;6.473304;-1.557981;0.5345;-0.8398;-0.0954;2.589939;5.298742;-1.018961;0.5345;-0.8398;-0.0954;2.024205;5.184143;-3.180296;-0.8172;-0.5233;0.2416;2.589939;5.298742;-1.018961;-0.8172;-0.5233;0.2416;1.194366;7.003634;-2.046303;-0.8172;-0.5233;0.2416;1.319779;6.669597;-3.374518;-0.3244;0.9096;-0.2594;1.194366;7.003634;-2.046303;-0.3244;0.9096;-0.2594;3.130183;7.419317;-3.009777;-0.3244;0.9096;-0.2594;1.194366;7.003634;-2.046303;-0.6966;-0.147;0.7023;2.589939;5.298742;-1.018961;-0.6966;-0.147;0.7023;2.842931;7.461762;-0.31521;-0.6966;-0.147;0.7023;2.842931;7.461762;-0.31521;-0.3828;-0.245;0.8908;2.589939;5.298742;-1.018961;-0.3828;-0.245;0.8908;3.812188;6.51559;-0.158992;-0.3828;-0.245;0.8908;1.194366;7.003634;-2.046303;-0.2286;0.9727;-0.0397;2.842931;7.461762;-0.31521;-0.2286;0.9727;-0.0397;3.130183;7.419317;-3.009777;-0.2286;0.9727;-0.0397;3.812188;6.51559;-0.158992;0.5914;-0.7679;0.246;2.589939;5.298742;-1.018961;0.5914;-0.7679;0.246;4.339291;6.473304;-1.557981;0.5914;-0.7679;0.246;2.842931;7.461762;-0.31521;0.6612;0.7149;0.2275;3.812188;6.51559;-0.158992;0.6612;0.7149;0.2275;4.339291;6.473304;-1.557981;0.6612;0.7149;0.2275;3.130183;7.419317;-3.009777;0.5784;0.8143;0.0488;2.842931;7.461762;-0.31521;0.5784;0.8143;0.0488;4.339291;6.473304;-1.557981;0.5784;0.8143;0.0488;-4.337609;8.263966;-1.385809;-0.7576;0.1212;-0.6414;-2.552479;9.339064;-3.29139;-0.7576;0.1212;-0.6414;-1.277194;7.762303;-5.095822;-0.7576;0.1212;-0.6414;-4.337609;8.263966;-1.385809;-0.2574;-0.9628;-0.0822;-1.277194;7.762303;-5.095822;-0.2574;-0.9628;-0.0822;0.411972;7.127228;-2.946703;-0.2574;-0.9628;-0.0822;-4.337609;8.263966;-1.385809;-0.6546;0.7396;0.1563;-3.75074;8.332632;0.747681;-0.6546;0.7396;0.1563;-2.285556;9.657518;0.61482;-0.6546;0.7396;0.1563;-4.337609;8.263966;-1.385809;-0.2045;-0.9749;0.0876;0.411972;7.127228;-2.946703;-0.2045;-0.9749;0.0876;-3.75074;8.332632;0.747681;-0.2045;-0.9749;0.0876;-4.337609;8.263966;-1.385809;-0.5402;0.8409;-0.0316;-2.285556;9.657518;0.61482;-0.5402;0.8409;-0.0316;-2.552479;9.339064;-3.29139;-0.5402;0.8409;-0.0316;-3.75074;8.332632;0.747681;-0.3018;-0.9529;-0.0291;0.411972;7.127228;-2.946703;-0.3018;-0.9529;-0.0291;-0.259452;7.258662;-0.290016;-0.3018;-0.9529;-0.0291;-2.552479;9.339064;-3.29139;-0.3392;0.9392;-0.0534;-2.285556;9.657518;0.61482;-0.3392;0.9392;-0.0534;0.026171;10.389111;-1.201707;-0.3392;0.9392;-0.0534;-1.277194;7.762303;-5.095822;-0.1965;0.6653;-0.7202;-2.552479;9.339064;-3.29139;-0.1965;0.6653;-0.7202;0.541023;9.348461;-4.126711;-0.1965;0.6653;-0.7202;-3.75074;8.332632;0.747681;0.2346;-0.1633;0.9583;-0.259452;7.258662;-0.290016;0.2346;-0.1633;0.9583;-2.285556;9.657518;0.61482;0.2346;-0.1633;0.9583;0.541023;9.348461;-4.126711;-0.097;0.9322;-0.3487;-2.552479;9.339064;-3.29139;-0.097;0.9322;-0.3487;0.026171;10.389111;-1.201707;-0.097;0.9322;-0.3487;-1.277194;7.762303;-5.095822;0.6703;-0.3782;-0.6386;0.541023;9.348461;-4.126711;0.6703;-0.3782;-0.6386;0.411972;7.127228;-2.946703;0.6703;-0.3782;-0.6386;-0.259452;7.258662;-0.290016;0.4989;-0.8502;0.1681;0.411972;7.127228;-2.946703;0.4989;-0.8502;0.1681;1.756743;8.310349;-0.954302;0.4989;-0.8502;0.1681;0.026171;10.389111;-1.201707;0.4508;0.4659;0.7614;-2.285556;9.657518;0.61482;0.4508;0.4659;0.7614;1.756743;8.310349;-0.954302;0.4508;0.4659;0.7614;0.541023;9.348461;-4.126711;0.7707;0.631;-0.0888;0.026171;10.389111;-1.201707;0.7707;0.631;-0.0888;1.756743;8.310349;-0.954302;0.7707;0.631;-0.0888;-2.285556;9.657518;0.61482;0.3424;-0.0644;0.9373;-0.259452;7.258662;-0.290016;0.3424;-0.0644;0.9373;1.756743;8.310349;-0.954302;0.3424;-0.0644;0.9373;0.411972;7.127228;-2.946703;0.8647;-0.2739;-0.421;0.541023;9.348461;-4.126711;0.8647;-0.2739;-0.421;1.756743;8.310349;-0.954302;0.8647;-0.2739;-0.421;2.814862;7.44068;2.089627;0.2312;-0.607;-0.7603;-1.031663;7.848484;0.594392;0.2312;-0.607;-0.7603;0.957003;8.634895;0.571201;0.2312;-0.607;-0.7603;2.814862;7.44068;2.089627;0.6463;0.7322;-0.215;0.957003;8.634895;0.571201;0.6463;0.7322;-0.215;0.800377;9.414261;2.754608;0.6463;0.7322;-0.215;-1.031663;7.848484;0.594392;0.021;-0.9496;-0.3129;2.814862;7.44068;2.089627;0.021;-0.9496;-0.3129;-2.840971;7.429767;1.743844;0.021;-0.9496;-0.3129;0.957003;8.634895;0.571201;-0.1934;0.4635;-0.8647;-1.031663;7.848484;0.594392;-0.1934;0.4635;-0.8647;-2.314414;9.383093;1.703869;-0.1934;0.4635;-0.8647;2.814862;7.44068;2.089627;0.7058;0.5865;0.3974;0.800377;9.414261;2.754608;0.7058;0.5865;0.3974;0.85692;7.949318;4.81589;0.7058;0.5865;0.3974;2.814862;7.44068;2.089627;0.8063;-0.0533;0.589;0.85692;7.949318;4.81589;0.8063;-0.0533;0.589;0.678131;6.760589;4.952997;0.8063;-0.0533;0.589;2.814862;7.44068;2.089627;0.0153;-0.9753;-0.2202;0.678131;6.760589;4.952997;0.0153;-0.9753;-0.2202;-2.840971;7.429767;1.743844;0.0153;-0.9753;-0.2202;-1.031663;7.848484;0.594392;-0.5532;0.1323;-0.8225;-2.840971;7.429767;1.743844;-0.5532;0.1323;-0.8225;-2.314414;9.383093;1.703869;-0.5532;0.1323;-0.8225;0.957003;8.634895;0.571201;0.1012;0.9392;-0.328;-2.314414;9.383093;1.703869;0.1012;0.9392;-0.328;0.800377;9.414261;2.754608;0.1012;0.9392;-0.328;-2.840971;7.429767;1.743844;-0.1461;-0.9882;-0.0458;0.678131;6.760589;4.952997;-0.1461;-0.9882;-0.0458;-3.131165;7.334821;4.716814;-0.1461;-0.9882;-0.0458;-2.314414;9.383093;1.703869;-0.9651;0.2607;0.0257;-2.840971;7.429767;1.743844;-0.9651;0.2607;0.0257;-2.368621;8.958115;3.976423;-0.9651;0.2607;0.0257;-2.368621;8.958115;3.976423;-0.9155;0.395;-0.0767;-2.840971;7.429767;1.743844;-0.9155;0.395;-0.0767;-3.131165;7.334821;4.716814;-0.9155;0.395;-0.0767;-2.314414;9.383093;1.703869;-0.0711;0.9808;0.1817;-2.368621;8.958115;3.976423;-0.0711;0.9808;0.1817;0.800377;9.414261;2.754608;-0.0711;0.9808;0.1817;-3.131165;7.334821;4.716814;-0.0433;0.1209;0.9917;0.678131;6.760589;4.952997;-0.0433;0.1209;0.9917;0.85692;7.949318;4.81589;-0.0433;0.1209;0.9917;-2.368621;8.958115;3.976423;-0.0912;0.4484;0.8892;-3.131165;7.334821;4.716814;-0.0912;0.4484;0.8892;0.85692;7.949318;4.81589;-0.0912;0.4484;0.8892;0.800377;9.414261;2.754608;0.1045;0.812;0.5742;-2.368621;8.958115;3.976423;0.1045;0.812;0.5742;0.85692;7.949318;4.81589;0.1045;0.812;0.5742
-7.36923;-1.619441;-9.457413;10.268079;16.541313;9.587253;1.5;0;extraBounds;3;1.53051;7.284933;-8.30583;9.764027;12.801878;1.071735;-6.349533;9.541193;-8.49148;3.253057;16.283375;9.288191;-0.792489;-0.019484;-1.503654;1.596415;9.146006;0.730649
504;2
252;0.80151296;0.68122274;0.58688486;0.015
1.909841;6.706857;-2.017805;0.7572;-0.2111;0.6182;0.653953;6.404465;-0.58276;0.7572;-0.2111;0.6182;0.762219;5.545735;-1.008636;0.7572;-0.2111;0.6182;0.653953;6.404465;-0.58276;-0.2539;0.8753;0.4115;1.263523;7.331778;-2.179384;-0.2539;0.8753;0.4115;-0.060963;6.404465;-1.023852;-0.2539;0.8753;0.4115;1.909841;6.706857;-2.017805;-0.3552;-0.1598;-0.921;4.073209;7.080448;-2.916855;-0.3552;-0.1598;-0.921;4.319633;6.584648;-2.925846;-0.3552;-0.1598;-0.921;-0.060963;6.404465;-1.023852;-0.372;-0.3716;-0.8506;1.909841;6.706857;-2.017805;-0.372;-0.3716;-0.8506;0.762219;5.545735;-1.008636;-0.372;-0.3716;-0.8506;0.762219;5.545735;-1.008636;-0.4718;-0.4388;0.7648;0.653953;6.404465;-0.58276;-0.4718;-0.4388;0.7648;-0.060963;6.404465;-1.023852;-0.4718;-0.4388;0.7648;-0.425779;1.99563;0.877239;-0.8463;0.5326;0.0;-2.700826;-1.619441;-0.897736;-0.8463;0.5326;0.0;-2.700826;-1.619441;3.540309;-0.8463;0.5326;0.0;-1.005938;1.448367;-0.401218;0.0;0.1598;-0.9872;1.418512;-1.619441;-0.897736;0.0;0.1598;-0.9872;-2.700826;-1.619441;-0.897736;0.0;0.1598;-0.9872;1.418512;-1.619441;-0.897736;0.9951;0.0985;0.0;1.106651;1.529685;0.66822;0.9951;0.0985;0.0;1.418512;-1.619441;3.540309;0.9951;0.0985;0.0;1.418512;-1.619441;3.540309;0.0;0.5931;0.8051;-0.425779;1.99563;0.877239;0.0;0.5931;0.8051;-2.700826;-1.619441;3.540309;0.0;0.5931;0.8051;0.649354;1.90766;-1.110671;0.8967;-0.3257;-0.2997;1.518466;4.487451;-1.313648;0.8967;-0.3257;-0.2997;1.106651;1.529685;0.66822;0.8967;-0.3257;-0.2997;1.518466;4.487451;-1.313648;0.8828;0.171;0.4376;0.402424;6.439221;0.175061;0.8828;0.171;0.4376;0.94914;4.229173;-0.064263;0.8828;0.171;0.4376;-0.425779;1.99563;0.877239;-0.9166;0.258;0.3055;-0.318279;4.187087;-0.650507;-0.9166;0.258;0.3055;-1.005938;1.448367;-0.401218;-0.9166;0.258;0.3055;1.106651;1.529685;0.66822;0.2096;0.2674;0.9405;0.94914;4.229173;-0.064263;0.2096;0.2674;0.9405;-0.425779;1.99563;0.877239;0.2096;0.2674;0.9405;0.649354;1.90766;-1.110671;-0.8531;-0.2723;-0.445;-0.318279;4.187087;-0.650507;-0.8531;-0.2723;-0.445;0.251047;4.445365;-1.899893;-0.8531;-0.2723;-0.445;0.251047;4.445365;-1.899893;-0.8914;0.0372;-0.4517;-0.494698;6.509914;-0.258168;-0.8914;0.0372;-0.4517;-0.085914;7.003612;-1.024114;-0.8914;0.0372;-0.4517;0.251047;4.445365;-1.899893;0.3815;0.3617;-0.8507;0.811209;6.932919;-0.590885;0.3815;0.3617;-0.8507;1.518466;4.487451;-1.313648;0.3815;0.3617;-0.8507;-0.318279;4.187087;-0.650507;-0.4392;-0.182;0.8798;0.402424;6.439221;0.175061;-0.4392;-0.182;0.8798;-0.494698;6.509914;-0.258168;-0.4392;-0.182;0.8798;-0.401124;8.369493;1.646499;-0.2916;0.9532;-0.0802;-0.519439;8.530991;3.995915;-0.2916;0.9532;-0.0802;-0.092653;8.634662;3.676407;-0.2916;0.9532;-0.0802;0.811209;6.932919;-0.590885;0.2682;0.8702;-0.4134;-0.085914;7.003612;-1.024114;0.2682;0.8702;-0.4134;-0.401124;8.369493;1.646499;0.2682;0.8702;-0.4134;-0.494698;6.509914;-0.258168;-0.4732;-0.7747;0.4194;-0.345177;7.651181;2.018545;-0.4732;-0.7747;0.4194;-0.990603;7.818295;1.599031;-0.4732;-0.7747;0.4194;0.811209;6.932919;-0.590885;0.9014;-0.0887;0.4239;-0.345177;7.651181;2.018545;0.9014;-0.0887;0.4239;0.402424;6.439221;0.175061;0.9014;-0.0887;0.4239;-0.425779;1.99563;0.877239;-0.8706;0.4481;0.2033;-1.005938;1.448367;-0.401218;-0.8706;0.4481;0.2033;-2.700826;-1.619441;-0.897736;-0.8706;0.4481;0.2033;-1.005938;1.448367;-0.401218;-0.3587;-0.134;-0.9238;0.649354;1.90766;-1.110671;-0.3587;-0.134;-0.9238;1.418512;-1.619441;-0.897736;-0.3587;-0.134;-0.9238;1.418512;-1.619441;-0.897736;0.9589;0.1967;-0.2047;0.649354;1.90766;-1.110671;0.9589;0.1967;-0.2047;1.106651;1.529685;0.66822;0.9589;0.1967;-0.2047;1.418512;-1.619441;3.540309;0.2949;0.6597;0.6913;1.106651;1.529685;0.66822;0.2949;0.6597;0.6913;-0.425779;1.99563;0.877239;0.2949;0.6597;0.6913;0.649354;1.90766;-1.110671;0.4162;-0.2098;-0.8847;0.251047;4.445365;-1.899893;0.4162;-0.2098;-0.8847;1.518466;4.487451;-1.313648;0.4162;-0.2098;-0.8847;1.518466;4.487451;-1.313648;0.8518;0.0941;0.5153;0.811209;6.932919;-0.590885;0.8518;0.0941;0.5153;0.402424;6.439221;0.175061;0.8518;0.0941;0.5153;-0.425779;1.99563;0.877239;-0.3671;0.544;0.7545;0.94914;4.229173;-0.064263;-0.3671;0.544;0.7545;-0.318279;4.187087;-0.650507;-0.3671;0.544;0.7545;1.106651;1.529685;0.66822;0.8829;0.1702;0.4375;1.518466;4.487451;-1.313648;0.8829;0.1702;0.4375;0.94914;4.229173;-0.064263;0.8829;0.1702;0.4375;0.649354;1.90766;-1.110671;-0.3977;0.0164;-0.9174;-1.005938;1.448367;-0.401218;-0.3977;0.0164;-0.9174;-0.318279;4.187087;-0.650507;-0.3977;0.0164;-0.9174;0.251047;4.445365;-1.899893;-0.91;9.0E-4;-0.4145;-0.318279;4.187087;-0.650507;-0.91;9.0E-4;-0.4145;-0.494698;6.509914;-0.258168;-0.91;9.0E-4;-0.4145;0.251047;4.445365;-1.899893;0.4303;0.3426;-0.8352;-0.085914;7.003612;-1.024114;0.4303;0.3426;-0.8352;0.811209;6.932919;-0.590885;0.4303;0.3426;-0.8352;-0.318279;4.187087;-0.650507;-0.4062;-0.1971;0.8923;0.94914;4.229173;-0.064263;-0.4062;-0.1971;0.8923;0.402424;6.439221;0.175061;-0.4062;-0.1971;0.8923;-0.494698;6.509914;-0.258168;-0.2817;-0.8502;0.4447;0.402424;6.439221;0.175061;-0.2817;-0.8502;0.4447;-0.345177;7.651181;2.018545;-0.2817;-0.8502;0.4447;-0.345177;7.651181;2.018545;0.9096;0.2447;0.3357;0.811209;6.932919;-0.590885;0.9096;0.2447;0.3357;-0.401124;8.369493;1.646499;0.9096;0.2447;0.3357;-0.092653;8.634662;3.676407;-0.5109;0.7364;-0.4435;-0.519439;8.530991;3.995915;-0.5109;0.7364;-0.4435;1.731053;12.033058;7.218167;-0.5109;0.7364;-0.4435;-0.345177;7.651181;2.018545;0.9907;-0.1005;-0.0913;-0.092653;8.634662;3.676407;0.9907;-0.1005;-0.0913;-0.088599;8.268549;4.123757;0.9907;-0.1005;-0.0913;-0.345177;7.651181;2.018545;-0.4338;-0.8368;0.3341;-0.519439;8.530991;3.995915;-0.4338;-0.8368;0.3341;-0.990603;7.818295;1.599031;-0.4338;-0.8368;0.3341;-0.115863;8.330941;3.760149;-0.3511;0.0525;0.9349;-2.108845;13.013846;2.748707;-0.3511;0.0525;0.9349;-0.504136;8.418346;3.60944;-0.3511;0.0525;0.9349;-0.088599;8.268549;4.123757;0.9368;-0.2665;-0.2266;-0.092653;8.634662;3.676407;0.9368;-0.2665;-0.2266;1.731053;12.033058;7.218167;0.9368;-0.2665;-0.2266;-0.519439;8.530991;3.995915;-0.479;-0.4076;0.7775;-0.088599;8.268549;4.123757;-0.479;-0.4076;0.7775;1.731053;12.033058;7.218167;-0.479;-0.4076;0.7775;-0.214412;8.246432;3.237049;0.9128;0.3395;-0.2268;-2.108845;13.013846;2.748707;0.9128;0.3395;-0.2268;-0.115863;8.330941;3.760149;0.9128;0.3395;-0.2268;-0.504136;8.418346;3.60944;-0.8085;-0.3683;-0.459;-2.108845;13.013846;2.748707;-0.8085;-0.3683;-0.459;-0.214412;8.246432;3.237049;-0.8085;-0.3683;-0.459;-0.401124;8.369493;1.646499;-0.6769;0.7312;-0.0844;-0.990603;7.818295;1.599031;-0.6769;0.7312;-0.0844;-0.519439;8.530991;3.995915;-0.6769;0.7312;-0.0844;-0.345177;7.651181;2.018545;0.9887;-8.0E-4;-0.1501;-0.401124;8.369493;1.646499;0.9887;-8.0E-4;-0.1501;-0.092653;8.634662;3.676407;0.9887;-8.0E-4;-0.1501;-0.345177;7.651181;2.018545;-0.5594;-0.7745;0.2953;-0.088599;8.268549;4.123757;-0.5594;-0.7745;0.2953;-0.519439;8.530991;3.995915;-0.5594;-0.7745;0.2953;-0.401124;8.369493;1.646499;-0.602;0.6799;-0.4188;-0.085914;7.003612;-1.024114;-0.602;0.6799;-0.4188;-0.990603;7.818295;1.599031;-0.602;0.6799;-0.4188;-0.085914;7.003612;-1.024114;-0.9113;0.1801;-0.3702;-0.494698;6.509914;-0.258168;-0.9113;0.1801;-0.3702;-0.990603;7.818295;1.599031;-0.9113;0.1801;-0.3702;-0.778452;8.551278;-0.662639;0.2693;0.2643;0.9261;-2.257012;9.952395;-0.632654;0.2693;0.2643;0.9261;-1.592078;8.087413;-0.293641;0.2693;0.2643;0.9261;-0.085914;7.003612;-1.024114;0.8872;0.4337;-0.1572;-0.778452;8.551278;-0.662639;0.8872;0.4337;-0.1572;0.402424;6.439221;0.175061;0.8872;0.4337;-0.1572;-2.257012;9.952395;-0.632654;0.5882;0.249;0.7694;-1.758877;10.104387;-1.062639;0.5882;0.249;0.7694;-1.184028;16.017204;-3.415844;0.5882;0.249;0.7694;-1.758877;10.104387;-1.062639;0.351;-0.3755;-0.8578;-2.390833;10.032493;-1.289772;0.351;-0.3755;-0.8578;-1.184028;16.017204;-3.415844;0.351;-0.3755;-0.8578;-0.778452;8.551278;-0.662639;-0.4242;0.1189;0.8977;-0.494698;6.509914;-0.258168;-0.4242;0.1189;0.8977;0.402424;6.439221;0.175061;-0.4242;0.1189;0.8977;-1.452194;8.142527;-1.288985;-0.8884;-0.4412;0.1271;-2.257012;9.952395;-0.632654;-0.8884;-0.4412;0.1271;-2.390833;10.032493;-1.289772;-0.8884;-0.4412;0.1271;-1.452194;8.142527;-1.288985;0.607;0.1841;-0.7731;-1.758877;10.104387;-1.062639;0.607;0.1841;-0.7731;-0.778452;8.551278;-0.662639;0.607;0.1841;-0.7731;-0.494698;6.509914;-0.258168;-0.4156;-0.6472;-0.639;-1.452194;8.142527;-1.288985;-0.4156;-0.6472;-0.639;-0.085914;7.003612;-1.024114;-0.4156;-0.6472;-0.639;-0.085914;7.003612;-1.024114;0.1601;-0.8664;-0.473;0.402424;6.439221;0.175061;0.1601;-0.8664;-0.473;-0.494698;6.509914;-0.258168;0.1601;-0.8664;-0.473;-2.390833;10.032493;-1.289772;-0.937;0.2684;0.2235;-2.257012;9.952395;-0.632654;-0.937;0.2684;0.2235;-1.184028;16.017204;-3.415844;-0.937;0.2684;0.2235;-0.778452;8.551278;-0.662639;0.4791;0.49;0.7283;-1.758877;10.104387;-1.062639;0.4791;0.49;0.7283;-2.257012;9.952395;-0.632654;0.4791;0.49;0.7283;-0.085914;7.003612;-1.024114;0.4832;0.3983;-0.7797;-1.452194;8.142527;-1.288985;0.4832;0.3983;-0.7797;-0.778452;8.551278;-0.662639;0.4832;0.3983;-0.7797;-0.778452;8.551278;-0.662639;0.2932;0.2249;0.9292;-1.592078;8.087413;-0.293641;0.2932;0.2249;0.9292;-0.494698;6.509914;-0.258168;0.2932;0.2249;0.9292;-1.452194;8.142527;-1.288985;-0.9225;-0.356;-0.1494;-1.592078;8.087413;-0.293641;-0.9225;-0.356;-0.1494;-2.257012;9.952395;-0.632654;-0.9225;-0.356;-0.1494;-1.452194;8.142527;-1.288985;0.3181;0.1576;-0.9349;-2.390833;10.032493;-1.289772;0.3181;0.1576;-0.9349;-1.758877;10.104387;-1.062639;0.3181;0.1576;-0.9349;-0.494698;6.509914;-0.258168;-0.8107;-0.5672;-0.1453;-1.592078;8.087413;-0.293641;-0.8107;-0.5672;-0.1453;-1.452194;8.142527;-1.288985;-0.8107;-0.5672;-0.1453;4.319633;6.584648;-2.925846;-0.507;-0.3908;-0.7683;5.199419;7.56781;-4.006573;-0.507;-0.3908;-0.7683;5.496615;7.375307;-4.104775;-0.507;-0.3908;-0.7683;1.709739;7.331778;-1.382357;0.0777;0.996;-0.0435;4.073209;7.080448;-2.916855;0.0777;0.996;-0.0435;1.263523;7.331778;-2.179384;0.0777;0.996;-0.0435;1.909841;6.706857;-2.017805;0.2227;-0.6591;0.7183;4.494467;6.974375;-2.57347;0.2227;-0.6591;0.7183;1.709739;7.331778;-1.382357;0.2227;-0.6591;0.7183;5.496615;7.375307;-4.104775;-0.517;-0.4167;-0.7477;5.199419;7.56781;-4.006573;-0.517;-0.4167;-0.7477;5.824498;11.106217;-6.410667;-0.517;-0.4167;-0.7477;4.494467;6.974375;-2.57347;-0.057;0.932;0.3579;5.199419;7.56781;-4.006573;-0.057;0.932;0.3579;4.073209;7.080448;-2.916855;-0.057;0.932;0.3579;4.319633;6.584648;-2.925846;0.7481;-0.5972;0.2893;5.526026;7.644976;-3.856903;0.7481;-0.5972;0.2893;4.494467;6.974375;-2.57347;0.7481;-0.5972;0.2893;4.619339;7.019776;-3.219227;-0.401;0.3432;-0.8494;4.290835;7.072946;-3.042674;-0.401;0.3432;-0.8494;5.546104;11.981431;-1.6521;-0.401;0.3432;-0.8494;5.199419;7.56781;-4.006573;-0.4514;0.5547;0.699;5.526026;7.644976;-3.856903;-0.4514;0.5547;0.699;5.824498;11.106217;-6.410667;-0.4514;0.5547;0.699;5.526026;7.644976;-3.856903;0.9953;-0.0959;-0.0137;5.496615;7.375307;-4.104775;0.9953;-0.0959;-0.0137;5.824498;11.106217;-6.410667;0.9953;-0.0959;-0.0137;4.290835;7.072946;-3.042674;-0.5243;-0.1053;0.845;4.611383;7.062669;-2.845049;-0.5243;-0.1053;0.845;5.546104;11.981431;-1.6521;-0.5243;-0.1053;0.845;4.611383;7.062669;-2.845049;0.9795;-0.1967;0.0434;4.619339;7.019776;-3.219227;0.9795;-0.1967;0.0434;5.546104;11.981431;-1.6521;0.9795;-0.1967;0.0434;1.909841;6.706857;-2.017805;0.7407;-0.3475;0.575;1.709739;7.331778;-1.382357;0.7407;-0.3475;0.575;0.653953;6.404465;-0.58276;0.7407;-0.3475;0.575;0.653953;6.404465;-0.58276;-0.5037;0.8166;0.282;1.709739;7.331778;-1.382357;-0.5037;0.8166;0.282;1.263523;7.331778;-2.179384;-0.5037;0.8166;0.282;1.909841;6.706857;-2.017805;-0.2623;-0.4867;-0.8333;1.263523;7.331778;-2.179384;-0.2623;-0.4867;-0.8333;4.073209;7.080448;-2.916855;-0.2623;-0.4867;-0.8333;-0.060963;6.404465;-1.023852;-0.3156;-0.53;-0.7871;1.263523;7.331778;-2.179384;-0.3156;-0.53;-0.7871;1.909841;6.706857;-2.017805;-0.3156;-0.53;-0.7871;4.319633;6.584648;-2.925846;-0.6001;-0.2847;-0.7475;4.073209;7.080448;-2.916855;-0.6001;-0.2847;-0.7475;5.199419;7.56781;-4.006573;-0.6001;-0.2847;-0.7475;1.709739;7.331778;-1.382357;0.1676;0.981;0.0974;4.494467;6.974375;-2.57347;0.1676;0.981;0.0974;4.073209;7.080448;-2.916855;0.1676;0.981;0.0974;1.909841;6.706857;-2.017805;0.2179;-0.7065;0.6733;4.319633;6.584648;-2.925846;0.2179;-0.7065;0.6733;4.494467;6.974375;-2.57347;0.2179;-0.7065;0.6733;4.494467;6.974375;-2.57347;-0.3201;0.9206;0.2238;5.526026;7.644976;-3.856903;-0.3201;0.9206;0.2238;5.199419;7.56781;-4.006573;-0.3201;0.9206;0.2238;4.319633;6.584648;-2.925846;0.7601;-0.4828;0.435;5.496615;7.375307;-4.104775;0.7601;-0.4828;0.435;5.526026;7.644976;-3.856903;0.7601;-0.4828;0.435
252;-1.0;0.0;0.0;0.025
2.416759;9.100363;-7.147076;-0.188;-0.5136;-0.8372;5.570375;11.712026;-9.457413;-0.188;-0.5136;-0.8372;7.208567;8.766315;-8.018252;-0.188;-0.5136;-0.8372;5.570375;11.712026;-9.457413;-0.5543;-0.0648;-0.8298;2.416759;9.100363;-7.147076;-0.5543;-0.0648;-0.8298;1.044106;12.772828;-6.517015;-0.5543;-0.0648;-0.8298;-6.421796;11.293216;-1.871832;-0.9228;-0.0315;-0.384;-5.864833;14.984893;-3.513179;-0.9228;-0.0315;-0.384;-4.087873;11.713662;-7.514747;-0.9228;-0.0315;-0.384;-5.864833;14.984893;-3.513179;-0.9624;0.025;-0.2704;-6.421796;11.293216;-1.871832;-0.9624;0.025;-0.2704;-6.71692;13.925801;-0.578554;-0.9624;0.025;-0.2704;2.416759;9.100363;-7.147076;-0.8504;-0.2373;-0.4696;-0.115153;10.482745;-3.260548;-0.8504;-0.2373;-0.4696;1.044106;12.772828;-6.517015;-0.8504;-0.2373;-0.4696;5.570375;11.712026;-9.457413;0.1176;0.9781;-0.1719;1.044106;12.772828;-6.517015;0.1176;0.9781;-0.1719;5.50419;12.865582;-2.9379;0.1176;0.9781;-0.1719;7.208567;8.766315;-8.018252;0.6852;0.0254;-0.7279;5.570375;11.712026;-9.457413;0.6852;0.0254;-0.7279;9.796939;10.673143;-5.515307;0.6852;0.0254;-0.7279;2.416759;9.100363;-7.147076;-0.0925;-0.9872;-0.1301;7.208567;8.766315;-8.018252;-0.0925;-0.9872;-0.1301;7.457704;8.23764;-4.183697;-0.0925;-0.9872;-0.1301;-0.115153;10.482745;-3.260548;-0.4423;-0.8964;0.0307;2.416759;9.100363;-7.147076;-0.4423;-0.8964;0.0307;2.865052;9.090321;-0.981595;-0.4423;-0.8964;0.0307;1.044106;12.772828;-6.517015;-0.7076;0.6714;0.2203;-0.115153;10.482745;-3.260548;-0.7076;0.6714;0.2203;2.473217;12.389574;-0.757602;-0.7076;0.6714;0.2203;5.570375;11.712026;-9.457413;0.3722;0.9146;-0.158;5.50419;12.865582;-2.9379;0.3722;0.9146;-0.158;9.796939;10.673143;-5.515307;0.3722;0.9146;-0.158;7.208567;8.766315;-8.018252;0.6733;-0.7253;-0.1437;9.796939;10.673143;-5.515307;0.6733;-0.7253;-0.1437;7.457704;8.23764;-4.183697;0.6733;-0.7253;-0.1437;2.416759;9.100363;-7.147076;-0.175;-0.9845;0.0111;7.457704;8.23764;-4.183697;-0.175;-0.9845;0.0111;2.865052;9.090321;-0.981595;-0.175;-0.9845;0.0111;-0.115153;10.482745;-3.260548;-0.6394;-0.1274;0.7583;2.865052;9.090321;-0.981595;-0.6394;-0.1274;0.7583;2.473217;12.389574;-0.757602;-0.6394;-0.1274;0.7583;1.044106;12.772828;-6.517015;-0.0919;0.9918;0.0888;2.473217;12.389574;-0.757602;-0.0919;0.9918;0.0888;5.50419;12.865582;-2.9379;-0.0919;0.9918;0.0888;9.796939;10.673143;-5.515307;0.1995;0.885;-0.4206;5.50419;12.865582;-2.9379;0.1995;0.885;-0.4206;8.51832;12.047945;-3.22898;0.1995;0.885;-0.4206;2.865052;9.090321;-0.981595;-0.0703;-0.9844;0.1614;7.457704;8.23764;-4.183697;-0.0703;-0.9844;0.1614;7.345028;9.037815;0.648732;-0.0703;-0.9844;0.1614;7.457704;8.23764;-4.183697;0.5277;-0.7374;-0.4217;9.796939;10.673143;-5.515307;0.5277;-0.7374;-0.4217;10.268079;9.175802;-2.307372;0.5277;-0.7374;-0.4217;2.473217;12.389574;-0.757602;-0.7642;-0.1336;0.631;2.865052;9.090321;-0.981595;-0.7642;-0.1336;0.631;5.197138;11.320286;2.315263;-0.7642;-0.1336;0.631;2.160939;9.475952;7.108629;0.4091;-0.8483;-0.3362;4.128968;11.960504;3.234488;0.4091;-0.8483;-0.3362;4.705741;10.890215;6.6367;0.4091;-0.8483;-0.3362;2.651181;13.322804;4.656006;0.7764;0.3405;-0.5303;1.012442;10.914382;0.710231;0.7764;0.3405;-0.5303;-0.033126;13.88535;1.087199;0.7764;0.3405;-0.5303;4.705741;10.890215;6.6367;0.6929;0.7131;0.1069;4.128968;11.960504;3.234488;0.6929;0.7131;0.1069;2.702217;12.558662;8.494061;0.6929;0.7131;0.1069;1.012442;10.914382;0.710231;0.2661;0.2129;-0.9401;-2.562171;11.212828;-0.23395;0.2661;0.2129;-0.9401;-0.033126;13.88535;1.087199;0.2661;0.2129;-0.9401;2.651181;13.322804;4.656006;0.2226;0.9748;-0.0138;-0.033126;13.88535;1.087199;0.2226;0.9748;-0.0138;-0.215235;13.998415;6.153409;0.2226;0.9748;-0.0138;2.651181;13.322804;4.656006;0.7341;0.6678;0.1232;2.702217;12.558662;8.494061;0.7341;0.6678;0.1232;4.128968;11.960504;3.234488;0.7341;0.6678;0.1232;1.012442;10.914382;0.710231;0.0818;-0.9691;-0.2326;2.160939;9.475952;7.108629;0.0818;-0.9691;-0.2326;-1.46749;9.552673;5.512044;0.0818;-0.9691;-0.2326;-2.562171;11.212828;-0.23395;0.0339;-0.9088;-0.4158;1.012442;10.914382;0.710231;0.0339;-0.9088;-0.4158;-4.273964;9.752674;2.818275;0.0339;-0.9088;-0.4158;-0.033126;13.88535;1.087199;-0.3202;0.6457;-0.6932;-2.562171;11.212828;-0.23395;-0.3202;0.6457;-0.6932;-4.444378;13.159252;2.448733;-0.3202;0.6457;-0.6932;2.651181;13.322804;4.656006;0.4767;0.6011;0.6414;-0.215235;13.998415;6.153409;0.4767;0.6011;0.6414;-0.667925;11.485492;8.844744;0.4767;0.6011;0.6414;2.160939;9.475952;7.108629;-0.2503;-0.8102;0.53;-0.667925;11.485492;8.844744;-0.2503;-0.8102;0.53;-1.46749;9.552673;5.512044;-0.2503;-0.8102;0.53;1.012442;10.914382;0.710231;0.1302;-0.9695;-0.2077;-1.46749;9.552673;5.512044;0.1302;-0.9695;-0.2077;-4.273964;9.752674;2.818275;0.1302;-0.9695;-0.2077;-2.562171;11.212828;-0.23395;-0.8469;-0.099;-0.5224;-4.273964;9.752674;2.818275;-0.8469;-0.099;-0.5224;-4.444378;13.159252;2.448733;-0.8469;-0.099;-0.5224;-0.033126;13.88535;1.087199;-0.1708;0.9849;-0.0281;-4.444378;13.159252;2.448733;-0.1708;0.9849;-0.0281;-0.215235;13.998415;6.153409;-0.1708;0.9849;-0.0281;-4.444378;13.159252;2.448733;-0.6873;-0.1122;-0.7176;-4.273964;9.752674;2.818275;-0.6873;-0.1122;-0.7176;-7.36923;12.607211;5.336516;-0.6873;-0.1122;-0.7176;-4.273964;9.752674;2.818275;-0.1346;-0.9886;0.0669;-1.46749;9.552673;5.512044;-0.1346;-0.9886;0.0669;-6.72992;10.389539;7.288829;-0.1346;-0.9886;0.0669;-0.215235;13.998415;6.153409;0.0272;0.9678;-0.2502;-4.444378;13.159252;2.448733;0.0272;0.9678;-0.2502;-3.710642;13.938148;5.540922;0.0272;0.9678;-0.2502;-0.667925;11.485492;8.844744;0.3232;0.664;0.6743;-0.215235;13.998415;6.153409;0.3232;0.664;0.6743;-4.721734;13.222937;9.077127;0.3232;0.664;0.6743;-1.46749;9.552673;5.512044;0.2824;-0.8577;0.4297;-0.667925;11.485492;8.844744;0.2824;-0.8577;0.4297;-4.547391;10.58015;9.587253;0.2824;-0.8577;0.4297;-0.215235;13.998415;6.153409;-0.0492;0.9816;0.1845;-3.710642;13.938148;5.540922;-0.0492;0.9816;0.1845;-4.721734;13.222937;9.077127;-0.0492;0.9816;0.1845;-4.444378;13.159252;2.448733;-0.3299;0.931;-0.1562;-7.36923;12.607211;5.336516;-0.3299;0.931;-0.1562;-3.710642;13.938148;5.540922;-0.3299;0.931;-0.1562;-4.273964;9.752674;2.818275;-0.7728;-0.5301;-0.349;-6.72992;10.389539;7.288829;-0.7728;-0.5301;-0.349;-7.36923;12.607211;5.336516;-0.7728;-0.5301;-0.349;-6.72992;10.389539;7.288829;-0.0972;-0.98;0.1736;-1.46749;9.552673;5.512044;-0.0972;-0.98;0.1736;-4.547391;10.58015;9.587253;-0.0972;-0.98;0.1736;-4.547391;10.58015;9.587253;0.1399;0.1966;0.9705;-0.667925;11.485492;8.844744;0.1399;0.1966;0.9705;-4.721734;13.222937;9.077127;0.1399;0.1966;0.9705;2.160939;9.475952;7.108629;0.2284;-0.4322;0.8724;2.702217;12.558662;8.494061;0.2284;-0.4322;0.8724;-0.667925;11.485492;8.844744;0.2284;-0.4322;0.8724;-7.36923;12.607211;5.336516;-0.8109;0.2371;0.5349;-6.72992;10.389539;7.288829;-0.8109;0.2371;0.5349;-4.721734;13.222937;9.077127;-0.8109;0.2371;0.5349;2.651181;13.322804;4.656006;0.1914;0.8004;-0.5681;4.128968;11.960504;3.234488;0.1914;0.8004;-0.5681;1.012442;10.914382;0.710231;0.1914;0.8004;-0.5681;-6.72992;10.389539;7.288829;-0.7261;0.0838;0.6825;-4.547391;10.58015;9.587253;-0.7261;0.0838;0.6825;-4.721734;13.222937;9.077127;-0.7261;0.0838;0.6825;-3.710642;13.938148;5.540922;-0.3449;0.9343;0.0903;-7.36923;12.607211;5.336516;-0.3449;0.9343;0.0903;-4.721734;13.222937;9.077127;-0.3449;0.9343;0.0903;2.160939;9.475952;7.108629;0.4983;-0.8225;-0.2743;1.012442;10.914382;0.710231;0.4983;-0.8225;-0.2743;4.128968;11.960504;3.234488;0.4983;-0.8225;-0.2743;2.651181;13.322804;4.656006;-0.2797;0.9409;0.191;-0.667925;11.485492;8.844744;-0.2797;0.9409;0.191;2.702217;12.558662;8.494061;-0.2797;0.9409;0.191;2.160939;9.475952;7.108629;0.3915;-0.4335;0.8117;4.705741;10.890215;6.6367;0.3915;-0.4335;0.8117;2.702217;12.558662;8.494061;0.3915;-0.4335;0.8117;9.796939;10.673143;-5.515307;0.8267;0.5465;0.1337;8.51832;12.047945;-3.22898;0.8267;0.5465;0.1337;10.268079;9.175802;-2.307372;0.8267;0.5465;0.1337;7.457704;8.23764;-4.183697;0.2118;-0.9634;0.1645;10.268079;9.175802;-2.307372;0.2118;-0.9634;0.1645;7.345028;9.037815;0.648732;0.2118;-0.9634;0.1645;5.197138;11.320286;2.315263;-0.2474;-0.7123;0.6568;2.865052;9.090321;-0.981595;-0.2474;-0.7123;0.6568;7.345028;9.037815;0.648732;-0.2474;-0.7123;0.6568;2.473217;12.389574;-0.757602;0.0545;0.9571;0.2847;5.197138;11.320286;2.315263;0.0545;0.9571;0.2847;5.50419;12.865582;-2.9379;0.0545;0.9571;0.2847;8.51832;12.047945;-3.22898;0.2734;0.9461;0.1735;5.50419;12.865582;-2.9379;0.2734;0.9461;0.1735;8.739409;11.211611;0.982427;0.2734;0.9461;0.1735;7.345028;9.037815;0.648732;0.6291;-0.4955;0.5989;10.268079;9.175802;-2.307372;0.6291;-0.4955;0.5989;8.739409;11.211611;0.982427;0.6291;-0.4955;0.5989;5.197138;11.320286;2.315263;0.3217;-0.3419;0.8829;7.345028;9.037815;0.648732;0.3217;-0.3419;0.8829;8.739409;11.211611;0.982427;0.3217;-0.3419;0.8829;10.268079;9.175802;-2.307372;0.8435;0.5336;0.0617;8.51832;12.047945;-3.22898;0.8435;0.5336;0.0617;8.739409;11.211611;0.982427;0.8435;0.5336;0.0617;5.50419;12.865582;-2.9379;0.137;0.9481;0.2869;5.197138;11.320286;2.315263;0.137;0.9481;0.2869;8.739409;11.211611;0.982427;0.137;0.9481;0.2869;-5.864833;14.984893;-3.513179;-0.8654;0.1238;-0.4855;-2.930658;15.159822;-8.698768;-0.8654;0.1238;-0.4855;-4.087873;11.713662;-7.514747;-0.8654;0.1238;-0.4855;-6.421796;11.293216;-1.871832;-0.0155;-0.9966;-0.0807;-4.087873;11.713662;-7.514747;-0.0155;-0.9966;-0.0807;0.981058;11.433949;-5.033848;-0.0155;-0.9966;-0.0807;-6.71692;13.925801;-0.578554;-0.6618;-0.389;0.6409;-6.421796;11.293216;-1.871832;-0.6618;-0.389;0.6409;-3.809102;12.558305;1.594013;-0.6618;-0.389;0.6409;-5.864833;14.984893;-3.513179;-0.6299;0.7708;0.0953;-6.71692;13.925801;-0.578554;-0.6299;0.7708;0.0953;-4.31815;15.806918;0.060659;-0.6299;0.7708;0.0953;-2.930658;15.159822;-8.698768;-0.5061;0.8228;-0.2586;-5.864833;14.984893;-3.513179;-0.5061;0.8228;-0.2586;-2.290983;16.541313;-5.555559;-0.5061;0.8228;-0.2586;-4.087873;11.713662;-7.514747;-0.2092;-0.2542;-0.9443;-2.930658;15.159822;-8.698768;-0.2092;-0.2542;-0.9443;0.982489;13.05946;-9.000306;-0.2092;-0.2542;-0.9443;-6.421796;11.293216;-1.871832;0.1269;-0.9588;0.2543;0.981058;11.433949;-5.033848;0.1269;-0.9588;0.2543;-3.809102;12.558305;1.594013;0.1269;-0.9588;0.2543;-6.71692;13.925801;-0.578554;-0.4679;0.3162;0.8253;-3.809102;12.558305;1.594013;-0.4679;0.3162;0.8253;-4.31815;15.806918;0.060659;-0.4679;0.3162;0.8253;-5.864833;14.984893;-3.513179;-0.4136;0.91;-0.0303;-4.31815;15.806918;0.060659;-0.4136;0.91;-0.0303;-2.290983;16.541313;-5.555559;-0.4136;0.91;-0.0303;-2.930658;15.159822;-8.698768;0.3994;0.8066;-0.4358;-2.290983;16.541313;-5.555559;0.3994;0.8066;-0.4358;0.982489;13.05946;-9.000306;0.3994;0.8066;-0.4358;-4.087873;11.713662;-7.514747;0.1333;-0.9171;-0.3758;0.982489;13.05946;-9.000306;0.1333;-0.9171;-0.3758;0.981058;11.433949;-5.033848;0.1333;-0.9171;-0.3758;-3.809102;12.558305;1.594013;-0.2477;-0.9687;-0.0147;0.981058;11.433949;-5.033848;-0.2477;-0.9687;-0.0147;-0.026078;11.631099;-1.048815;-0.2477;-0.9687;-0.0147;-2.290983;16.541313;-5.555559;0.0177;0.9906;0.1359;-4.31815;15.806918;0.060659;0.0177;0.9906;0.1359;1.101158;16.001019;-2.060325;0.0177;0.9906;0.1359;-4.31815;15.806918;0.060659;0.0193;0.4292;0.903;-3.809102;12.558305;1.594013;0.0193;0.4292;0.903;-1.81232;14.651848;0.556217;0.0193;0.4292;0.903;0.982489;13.05946;-9.000306;0.1599;0.7661;-0.6225;-2.290983;16.541313;-5.555559;0.1599;0.7661;-0.6225;3.785214;14.69824;-6.263291;0.1599;0.7661;-0.6225;-3.809102;12.558305;1.594013;0.5499;-0.1144;0.8273;-0.026078;11.631099;-1.048815;0.5499;-0.1144;0.8273;-1.81232;14.651848;0.556217;0.5499;-0.1144;0.8273;-4.31815;15.806918;0.060659;0.2194;0.7459;0.6289;-1.81232;14.651848;0.556217;0.2194;0.7459;0.6289;1.101158;16.001019;-2.060325;0.2194;0.7459;0.6289;3.785214;14.69824;-6.263291;0.2754;0.9538;-0.1198;-2.290983;16.541313;-5.555559;0.2754;0.9538;-0.1198;1.101158;16.001019;-2.060325;0.2754;0.9538;-0.1198;0.982489;13.05946;-9.000306;0.6735;-0.6841;-0.2801;3.785214;14.69824;-6.263291;0.6735;-0.6841;-0.2801;0.981058;11.433949;-5.033848;0.6735;-0.6841;-0.2801;-0.026078;11.631099;-1.048815;0.4882;-0.8568;0.1658;0.981058;11.433949;-5.033848;0.4882;-0.8568;0.1658;3.354853;13.397882;-1.874133;0.4882;-0.8568;0.1658;1.101158;16.001019;-2.060325;0.4669;0.4583;0.7562;-1.81232;14.651848;0.556217;0.4669;0.4583;0.7562;3.354853;13.397882;-1.874133;0.4669;0.4583;0.7562;3.785214;14.69824;-6.263291;0.7205;0.6425;0.261;1.101158;16.001019;-2.060325;0.7205;0.6425;0.261;3.354853;13.397882;-1.874133;0.7205;0.6425;0.261;-1.81232;14.651848;0.556217;0.3571;-0.2648;0.8958;-0.026078;11.631099;-1.048815;0.3571;-0.2648;0.8958;3.354853;13.397882;-1.874133;0.3571;-0.2648;0.8958;0.981058;11.433949;-5.033848;0.7279;-0.6736;-0.1282;3.785214;14.69824;-6.263291;0.7279;-0.6736;-0.1282;3.354853;13.397882;-1.874133;0.7279;-0.6736;-0.1282
7
MATERIAL;second;0;count;5;CUSTOM;0.8328;0.475;0.3926;40000;MUD_GREEN;80000;PALE_GREEN;100000;DARK_GREEN;220000;PINK;2000000
INFO;NameId;1012;DescId;1013;price;65000;dpPerMin;0;range;3;placeSound;thud
LIFE;averagePop;5.8;averageLife;68.0;popFactors;2;0;0.8;breedMat;34.0;breedTime;24.608759;parentId;113;count;680;reqs;2;MATERIAL;col;ORANGE;LIFE;type;2;enviroType;0;classification;ahs;count;3;FALL_DEATH;fallTime;3;totalTime;5;fallenAngle;60;particleEffect;1;ExplodeTime;0.975;UseMaterial;1;Colour;1;Spawn;2;5;0;1;0;PPS;30;Speed;1.5;Gravity;0.3;Life;3;Scale;0.1;Colour;1;0;0;Additive;0;Alpha;1;FadeIn;0.1;FadeOut;0.8;HasDir;1;Dir;0;1;0;Varience;0.25;Offset;0;5;0;LifeError;0.4;ScaleError;0.3;SpeedError;0.4;RandRot;1;HasXRot;1;XRotSpeed;180;Stages;1;2;enviroReqCount;4;reqId;1;minAltitude;0;maxAltitude;50;influence;0.75;reqId;2;barren;0;goodBiomes;3;0;1;8;idealFactor;30;influence;0.4;reqId;3;badBiomes;3;3;4;5;influence;0.8;reqId;5;likedSpecies;1;erl;influence;0.7
GROWTH;dynamic;0;growthTime;22.666666;modelStages;3;subStages;2
WOOD;cut time;8.5;bark factor;0.5;colour;0.80151296;0.68122274;0.58688486
PERCH;2;2.245;5.762;-1.831;-0.3088;6.7024;1.433
PARTICLES;isColour;1;spawn;3;7;0;1;0;PPS;2.5;Speed;0;Gravity;0.02;Life;28;Scale;0.65;Colour;1;0;0;Additive;0;Alpha;1;FadeIn;0.2;FadeOut;0.9;HasDir;0;Offset;0;8.5;0;LifeError;0.0;ScaleError;0.2;SpeedError;0;RandRot;1;HasXRot;1;XRotSpeed;190;range;20;stages;1;2;takesMaterial;1

