0.25
pnf
0;1
3
-1.422109;-0.070863;-0.659972;0.445939;3.197224;1.034196;1
39;3
18;-1.0;0.0;0.0;0.2
-0.023623;2.176932;-0.659972;0.8282;0.2266;-0.5126;-0.014854;3.197224;-0.194817;0.8282;0.2266;-0.5126;0.445939;2.231085;0.122569;0.8282;0.2266;-0.5126;-0.468164;2.23238;0.13696;-0.8394;-0.3097;-0.4467;-0.023623;2.176932;-0.659972;-0.8394;-0.3097;-0.4467;-0.015472;1.293241;-0.062689;-0.8394;-0.3097;-0.4467;0.445939;2.231085;0.122569;0.0154;0.3187;0.9477;-0.014854;3.197224;-0.194817;0.0154;0.3187;0.9477;-0.468164;2.23238;0.13696;0.0154;0.3187;0.9477;-0.468164;2.23238;0.13696;-0.8433;0.229;-0.4863;-0.014854;3.197224;-0.194817;-0.8433;0.229;-0.4863;-0.023623;2.176932;-0.659972;-0.8433;0.229;-0.4863;0.445939;2.231085;0.122569;0.0151;-0.2009;0.9795;-0.468164;2.23238;0.13696;0.0151;-0.2009;0.9795;-0.015472;1.293241;-0.062689;0.0151;-0.2009;0.9795;-0.023623;2.176932;-0.659972;0.824;-0.312;-0.4729;0.445939;2.231085;0.122569;0.824;-0.312;-0.4729;-0.015472;1.293241;-0.062689;0.824;-0.312;-0.4729
12;0.49077246;0.7781152;0.5824481;0.2
-1.422109;2.094355;0.585531;-0.7464;-0.6026;0.2824;0.041773;0.026894;0.042814;-0.7464;-0.6026;0.2824;-0.526718;1.195562;1.034196;-0.7464;-0.6026;0.2824;-0.526718;1.195562;1.034196;0.8298;0.5358;-0.1558;0.041773;0.026894;0.042814;0.8298;0.5358;-0.1558;-0.875473;1.322005;-0.388187;0.8298;0.5358;-0.1558;-0.875473;1.322005;-0.388187;-0.8161;-0.5779;2.0E-4;0.041773;0.026894;0.042814;-0.8161;-0.5779;2.0E-4;-1.422109;2.094355;0.585531;-0.8161;-0.5779;2.0E-4;-1.422109;2.094355;0.585531;0.7326;0.6699;-0.1201;-0.526718;1.195562;1.034196;0.7326;0.6699;-0.1201;-0.875473;1.322005;-0.388187;0.7326;0.6699;-0.1201
9;0.3885705;0.61605984;0.3850051;0.2
-0.001532;-0.070863;-0.1264;0.8576;-0.0059;-0.5142;0.00565;2.631888;-0.145595;0.8576;-0.0059;-0.5142;0.14188;-0.054323;0.112602;0.8576;-0.0059;-0.5142;0.14188;-0.054323;0.112602;0.0158;0.0965;0.9952;0.00565;2.631888;-0.145595;0.0158;0.0965;0.9952;-0.137303;-0.053928;0.116997;0.0158;0.0965;0.9952;-0.137303;-0.053928;0.116997;-0.8734;-0.0011;-0.4871;0.00565;2.631888;-0.145595;-0.8734;-0.0011;-0.4871;-0.001532;-0.070863;-0.1264;-0.8734;-0.0011;-0.4871
-2.48488;-0.128563;-2.292384;1.892194;5.436903;1.966764;1
111;4
24;0.49077246;0.7781152;0.5824481;0.15
-0.787106;0.889658;1.785645;-0.1536;-0.9008;0.4062;-2.48488;1.260865;1.966764;-0.1536;-0.9008;0.4062;-0.108201;0.02548;0.12608;-0.1536;-0.9008;0.4062;1.109058;2.672867;-0.297549;0.559;-0.8291;0.0097;1.892194;3.211979;0.652565;0.559;-0.8291;0.0097;-0.149162;1.827663;-0.028321;0.559;-0.8291;0.0097;-1.880364;0.898901;0.367834;0.1965;0.9697;-0.1452;-2.48488;1.260865;1.966764;0.1965;0.9697;-0.1452;-0.787106;0.889658;1.785645;0.1965;0.9697;-0.1452;0.646758;2.768197;0.894651;-0.3645;0.9063;-0.2138;1.892194;3.211979;0.652565;-0.3645;0.9063;-0.2138;1.109058;2.672867;-0.297549;-0.3645;0.9063;-0.2138;-0.149162;1.827663;-0.028321;0.3757;-0.7913;0.4824;1.892194;3.211979;0.652565;0.3757;-0.7913;0.4824;0.646758;2.768197;0.894651;0.3757;-0.7913;0.4824;-0.149162;1.827663;-0.028321;-0.5758;0.7665;-0.2846;0.646758;2.768197;0.894651;-0.5758;0.7665;-0.2846;1.109058;2.672867;-0.297549;-0.5758;0.7665;-0.2846;-0.108201;0.02548;0.12608;-0.4376;-0.8984;0.0379;-2.48488;1.260865;1.966764;-0.4376;-0.8984;0.0379;-1.880364;0.898901;0.367834;-0.4376;-0.8984;0.0379;-0.108201;0.02548;0.12608;0.3898;0.8724;-0.2949;-1.880364;0.898901;0.367834;0.3898;0.8724;-0.2949;-0.787106;0.889658;1.785645;0.3898;0.8724;-0.2949
48;-1.0;0.0;0.0;0.15
-0.450699;4.910053;-2.292384;-0.0661;0.7576;0.6493;-0.531731;3.29649;-0.417834;-0.0661;0.7576;0.6493;-0.017801;4.475306;-1.740998;-0.0661;0.7576;0.6493;-0.017801;4.475306;-1.740998;0.4163;-0.7532;-0.5093;-0.531731;3.29649;-0.417834;0.4163;-0.7532;-0.5093;-0.76498;4.231528;-1.991299;0.4163;-0.7532;-0.5093;-0.76498;4.231528;-1.991299;-0.7358;0.5286;0.4232;-0.531731;3.29649;-0.417834;-0.7358;0.5286;0.4232;-0.450699;4.910053;-2.292384;-0.7358;0.5286;0.4232;0.255985;5.436903;-0.506214;-0.9167;0.3214;-0.2374;-0.5223;3.296631;-0.398539;-0.9167;0.3214;-0.2374;-0.022628;5.002718;-0.018162;-0.9167;0.3214;-0.2374;-0.022628;5.002718;-0.018162;0.7922;-0.3443;0.5038;-0.5223;3.296631;-0.398539;0.7922;-0.3443;0.5038;0.375685;4.830457;-0.762266;0.7922;-0.3443;0.5038;0.375685;4.830457;-0.762266;-0.6322;0.1921;-0.7506;-0.5223;3.296631;-0.398539;-0.6322;0.1921;-0.7506;0.255985;5.436903;-0.506214;-0.6322;0.1921;-0.7506;-1.726533;5.29807;-0.094345;0.2343;0.2806;-0.9308;-0.504769;3.299788;-0.389154;0.2343;0.2806;-0.9308;-1.856106;4.620918;-0.331082;0.2343;0.2806;-0.9308;-1.856106;4.620918;-0.331082;-0.4335;-0.477;0.7645;-0.504769;3.299788;-0.389154;-0.4335;-0.477;0.7645;-1.169997;4.92099;0.245234;-0.4335;-0.477;0.7645;-1.169997;4.92099;0.245234;0.6715;0.4923;-0.5539;-0.504769;3.299788;-0.389154;0.6715;0.4923;-0.5539;-1.726533;5.29807;-0.094345;0.6715;0.4923;-0.5539;-0.450699;4.910053;-2.292384;0.4193;-0.5234;-0.7418;-0.017801;4.475306;-1.740998;0.4193;-0.5234;-0.7418;-0.76498;4.231528;-1.991299;0.4193;-0.5234;-0.7418;-2.19555;4.603308;-1.697296;0.6779;0.7215;-0.141;-0.542269;3.305745;-0.388106;0.6779;0.7215;-0.141;-1.621945;4.075859;-1.638472;0.6779;0.7215;-0.141;-1.621945;4.075859;-1.638472;-0.4646;-0.8748;-0.1376;-0.542269;3.305745;-0.388106;-0.4646;-0.8748;-0.1376;-1.979229;4.173961;-1.05585;-0.4646;-0.8748;-0.1376;-1.979229;4.173961;-1.05585;0.2912;0.8375;0.4624;-0.542269;3.305745;-0.388106;0.2912;0.8375;0.4624;-2.19555;4.603308;-1.697296;0.2912;0.8375;0.4624;-1.856106;4.620918;-0.331082;-0.5919;-0.1627;0.7894;-1.169997;4.92099;0.245234;-0.5919;-0.1627;0.7894;-1.726533;5.29807;-0.094345;-0.5919;-0.1627;0.7894;-1.621945;4.075859;-1.638472;-0.6369;-0.7226;-0.2689;-1.979229;4.173961;-1.05585;-0.6369;-0.7226;-0.2689;-2.19555;4.603308;-1.697296;-0.6369;-0.7226;-0.2689;-0.022628;5.002718;-0.018162;0.8786;-0.0279;0.4768;0.375685;4.830457;-0.762266;0.8786;-0.0279;0.4768;0.255985;5.436903;-0.506214;0.8786;-0.0279;0.4768
12;0.85632706;0.7389453;0.4445345;0.15
-0.725339;4.152195;-0.358261;0.8459;0.1706;0.5054;-0.529102;3.303331;-0.400212;0.8459;0.1706;0.5054;-0.464954;4.065741;-0.76487;0.8459;0.1706;0.5054;-0.464954;4.065741;-0.76487;0.0681;-0.4351;-0.8978;-0.529102;3.303331;-0.400212;0.0681;-0.4351;-0.8978;-0.947983;3.980497;-0.7602;0.0681;-0.4351;-0.8978;-0.947983;3.980497;-0.7602;-0.8126;-0.2146;0.5418;-0.529102;3.303331;-0.400212;-0.8126;-0.2146;0.5418;-0.725339;4.152195;-0.358261;-0.8126;-0.2146;0.5418;-0.725339;4.152195;-0.358261;-0.1683;0.9367;-0.3069;-0.464954;4.065741;-0.76487;-0.1683;0.9367;-0.3069;-0.947983;3.980497;-0.7602;-0.1683;0.9367;-0.3069
27;0.3885705;0.61605984;0.3850051;0.15
0.049088;-0.128563;-0.188136;0.8618;0.0991;-0.4975;-0.040522;1.805603;0.042089;0.8618;0.0991;-0.4975;0.283523;-0.128563;0.217918;0.8618;0.0991;-0.4975;-0.040522;1.805603;0.042089;-0.0;0.0905;0.9959;-0.185347;-0.128563;0.217917;-0.0;0.0905;0.9959;0.283523;-0.128563;0.217918;-0.0;0.0905;0.9959;-0.315833;1.805603;0.042089;-0.8614;-0.1033;-0.4973;0.049088;-0.128563;-0.188136;-0.8614;-0.1033;-0.4973;-0.185347;-0.128563;0.217917;-0.8614;-0.1033;-0.4973;-0.178178;1.839378;-0.193933;-0.8123;-0.2769;-0.5134;-0.315833;1.805603;0.042089;-0.8123;-0.2769;-0.5134;-0.616221;3.709273;-0.509383;-0.8123;-0.2769;-0.5134;-0.315833;1.805603;0.042089;0.0;0.2782;0.9605;-0.040522;1.805603;0.042089;0.0;0.2782;0.9605;-0.616221;3.709273;-0.509383;0.0;0.2782;0.9605;-0.040522;1.805603;0.042089;0.8649;0.1204;-0.4872;-0.178178;1.839378;-0.193933;0.8649;0.1204;-0.4872;-0.616221;3.709273;-0.509383;0.8649;0.1204;-0.4872;0.049088;-0.128563;-0.188136;0.8657;0.0985;-0.4908;-0.178178;1.839378;-0.193933;0.8657;0.0985;-0.4908;-0.040522;1.805603;0.042089;0.8657;0.0985;-0.4908;-0.040522;1.805603;0.042089;-0.0;0.0905;0.9959;-0.315833;1.805603;0.042089;-0.0;0.0905;0.9959;-0.185347;-0.128563;0.217917;-0.0;0.0905;0.9959;-0.315833;1.805603;0.042089;-0.8532;-0.1;-0.5119;-0.178178;1.839378;-0.193933;-0.8532;-0.1;-0.5119;0.049088;-0.128563;-0.188136;-0.8532;-0.1;-0.5119
-4.628098;-0.005661;-4.832878;4.358608;8.846753;3.848018;1
165;4
36;0.49077246;0.7781152;0.5824481;0.1
-1.210258;1.495003;2.679104;-0.1536;-0.9008;0.4062;-3.776909;2.056184;2.952915;-0.1536;-0.9008;0.4062;-0.183907;0.188561;0.170218;-0.1536;-0.9008;0.4062;1.982958;2.875339;-0.475465;0.559;-0.8291;0.0097;3.295323;3.778773;1.116718;0.559;-0.8291;0.0097;-0.125545;1.458961;-0.024298;0.559;-0.8291;0.0097;-0.211374;2.451691;-0.141426;0.3419;-0.8247;-0.4506;-0.587435;4.03699;-3.328453;0.3419;-0.8247;-0.4506;0.45907;3.642007;-1.811368;0.3419;-0.8247;-0.4506;-2.863016;1.508976;0.535695;0.1965;0.9697;-0.1452;-3.776909;2.056184;2.952915;0.1965;0.9697;-0.1452;-1.210258;1.495003;2.679104;0.1965;0.9697;-0.1452;1.208245;3.03509;1.522403;-0.3645;0.9063;-0.2138;3.295323;3.778773;1.116718;-0.3645;0.9063;-0.2138;1.982958;2.875339;-0.475465;-0.3645;0.9063;-0.2138;0.45907;3.642007;-1.811368;-0.1099;0.9408;0.3207;-0.587435;4.03699;-3.328453;-0.1099;0.9408;0.3207;-1.335436;3.401072;-1.719467;-0.1099;0.9408;0.3207;-0.125545;1.458961;-0.024298;0.3757;-0.7913;0.4824;3.295323;3.778773;1.116718;0.3757;-0.7913;0.4824;1.208245;3.03509;1.522403;0.3757;-0.7913;0.4824;-0.125545;1.458961;-0.024298;-0.5758;0.7665;-0.2846;1.208245;3.03509;1.522403;-0.5758;0.7665;-0.2846;1.982958;2.875339;-0.475465;-0.5758;0.7665;-0.2846;-1.335436;3.401072;-1.719467;-0.1563;-0.8916;-0.425;-0.587435;4.03699;-3.328453;-0.1563;-0.8916;-0.425;-0.211374;2.451691;-0.141426;-0.1563;-0.8916;-0.425;-0.211374;2.451691;-0.141426;-0.0825;0.8269;0.5563;0.45907;3.642007;-1.811368;-0.0825;0.8269;0.5563;-1.335436;3.401072;-1.719467;-0.0825;0.8269;0.5563;-0.183907;0.188561;0.170218;-0.4376;-0.8984;0.0379;-3.776909;2.056184;2.952915;-0.4376;-0.8984;0.0379;-2.863016;1.508976;0.535695;-0.4376;-0.8984;0.0379;-0.183907;0.188561;0.170218;0.3898;0.8724;-0.2949;-2.863016;1.508976;0.535695;0.3898;0.8724;-0.2949;-1.210258;1.495003;2.679104;0.3898;0.8724;-0.2949
72;-1.0;0.0;0.0;0.1
0.446122;7.773036;-2.375182;-0.1749;0.714;0.6779;0.089114;5.266403;0.172607;-0.1749;0.714;0.6779;1.468184;7.704205;-2.03896;-0.1749;0.714;0.6779;1.468184;7.704205;-2.03896;0.3593;-0.7303;-0.581;0.089114;5.266403;0.172607;0.3593;-0.7303;-0.581;-0.460981;7.291872;-2.713672;0.3593;-0.7303;-0.581;-0.460981;7.291872;-2.713672;-0.5422;0.6357;0.5494;0.089114;5.266403;0.172607;-0.5422;0.6357;0.5494;0.446122;7.773036;-2.375182;-0.5422;0.6357;0.5494;-0.460981;7.291872;-2.713672;-0.2309;0.8122;-0.5357;0.446122;7.773036;-2.375182;-0.2309;0.8122;-0.5357;1.558609;6.468333;-4.832878;-0.2309;0.8122;-0.5357;1.525847;8.375339;0.345942;-0.8721;0.4092;-0.2681;0.106982;5.261882;0.208961;-0.8721;0.4092;-0.2681;1.192519;8.37189;1.424906;-0.8721;0.4092;-0.2681;1.468184;7.704205;-2.03896;0.0533;-0.9126;0.4054;-0.460981;7.291872;-2.713672;0.0533;-0.9126;0.4054;1.558609;6.468333;-4.832878;0.0533;-0.9126;0.4054;0.446122;7.773036;-2.375182;0.1896;0.9002;-0.3921;1.468184;7.704205;-2.03896;0.1896;0.9002;-0.3921;1.558609;6.468333;-4.832878;0.1896;0.9002;-0.3921;1.192519;8.37189;1.424906;0.7645;-0.4481;0.4635;0.106982;5.261882;0.208961;0.7645;-0.4481;0.4635;2.12298;8.057089;-0.414136;0.7645;-0.4481;0.4635;2.12298;8.057089;-0.414136;-0.6683;0.3338;-0.6648;0.106982;5.261882;0.208961;-0.6683;0.3338;-0.6648;1.525847;8.375339;0.345942;-0.6683;0.3338;-0.6648;2.12298;8.057089;-0.414136;0.0158;0.9266;-0.3756;1.525847;8.375339;0.345942;0.0158;0.9266;-0.3756;4.358608;8.846753;1.627702;0.0158;0.9266;-0.3756;1.192519;8.37189;1.424906;0.1298;-0.9643;0.2308;2.12298;8.057089;-0.414136;0.1298;-0.9643;0.2308;4.358608;8.846753;1.627702;0.1298;-0.9643;0.2308;1.525847;8.375339;0.345942;-0.1456;0.9885;-0.0418;1.192519;8.37189;1.424906;-0.1456;0.9885;-0.0418;4.358608;8.846753;1.627702;-0.1456;0.9885;-0.0418;-1.520106;8.462946;0.93485;0.2547;0.3331;-0.9078;0.140604;5.263687;0.227022;0.2547;0.3331;-0.9078;-2.339779;7.902131;0.499101;0.2547;0.3331;-0.9078;-2.339779;7.902131;0.499101;-0.4677;-0.5139;0.7191;0.140604;5.263687;0.227022;-0.4677;-0.5139;0.7191;-0.780984;8.327272;1.816807;-0.4677;-0.5139;0.7191;-0.780984;8.327272;1.816807;0.7068;0.4815;-0.5182;0.140604;5.263687;0.227022;0.7068;0.4815;-0.5182;-1.520106;8.462946;0.93485;0.7068;0.4815;-0.5182;-0.780984;8.327272;1.816807;-0.1614;0.9461;0.2808;-1.520106;8.462946;0.93485;-0.1614;0.9461;0.2808;-3.634887;7.237517;3.848018;-0.1614;0.9461;0.2808;-2.339779;7.902131;0.499101;0.3144;-0.947;-0.0664;-0.780984;8.327272;1.816807;0.3144;-0.947;-0.0664;-3.634887;7.237517;3.848018;0.3144;-0.947;-0.0664;-1.520106;8.462946;0.93485;-0.5474;0.8356;-0.0458;-2.339779;7.902131;0.499101;-0.5474;0.8356;-0.0458;-3.634887;7.237517;3.848018;-0.5474;0.8356;-0.0458;-2.131961;7.578742;-1.474166;0.7277;0.6858;-0.0154;0.070472;5.279982;0.230569;0.7277;0.6858;-0.0154;-1.668608;7.068272;-2.31141;0.7277;0.6858;-0.0154;-1.668608;7.068272;-2.31141;-0.5282;-0.8211;-0.2162;0.070472;5.279982;0.230569;-0.5282;-0.8211;-0.2162;-2.722519;7.275667;-0.52446;-0.5282;-0.8211;-0.2162;-2.722519;7.275667;-0.52446;0.4105;0.7633;0.4989;0.070472;5.279982;0.230569;0.4105;0.7633;0.4989;-2.131961;7.578742;-1.474166;0.4105;0.7633;0.4989;-2.722519;7.275667;-0.52446;-0.6696;0.7188;-0.187;-2.131961;7.578742;-1.474166;-0.6696;0.7188;-0.187;-4.628098;4.953006;-2.62973;-0.6696;0.7188;-0.187;-1.668608;7.068272;-2.31141;0.5077;-0.7689;0.3887;-2.722519;7.275667;-0.52446;0.5077;-0.7689;0.3887;-4.628098;4.953006;-2.62973;0.5077;-0.7689;0.3887;-2.131961;7.578742;-1.474166;-0.4062;0.6629;-0.629;-1.668608;7.068272;-2.31141;-0.4062;0.6629;-0.629;-4.628098;4.953006;-2.62973;-0.4062;0.6629;-0.629
12;0.85632706;0.7389453;0.4445345;0.1
-0.107596;6.954823;0.657673;0.8501;-0.0383;0.5252;0.095053;5.27576;0.20709;0.8501;-0.0383;0.5252;0.645164;6.756836;-0.575192;0.8501;-0.0383;0.5252;0.645164;6.756836;-0.575192;0.0486;-0.4805;-0.8756;0.095053;5.27576;0.20709;0.0486;-0.4805;-0.8756;-0.805443;6.61007;-0.575192;0.0486;-0.4805;-0.8756;-0.805443;6.61007;-0.575192;-0.8145;-0.24;0.5282;0.095053;5.27576;0.20709;-0.8145;-0.24;0.5282;-0.107596;6.954823;0.657673;-0.8145;-0.24;0.5282;-0.107596;6.954823;0.657673;-0.0983;0.9714;-0.216;0.645164;6.756836;-0.575192;-0.0983;0.9714;-0.216;-0.805443;6.61007;-0.575192;-0.0983;0.9714;-0.216
45;0.3885705;0.61605984;0.3850051;0.1
0.008663;-0.005661;-0.22749;0.8637;0.074;-0.4986;-0.082332;2.337274;-0.037428;0.8637;0.074;-0.4986;0.292906;-0.005661;0.264833;0.8637;0.074;-0.4986;-0.082332;2.337274;-0.037428;-0.0;0.1279;0.9918;-0.27558;-0.005661;0.264833;-0.0;0.1279;0.9918;0.292906;-0.005661;0.264833;-0.0;0.1279;0.9918;-0.451443;2.337274;-0.037428;-0.8589;-0.1284;-0.4959;0.008663;-0.005661;-0.22749;-0.8589;-0.1284;-0.4959;-0.27558;-0.005661;0.264833;-0.8589;-0.1284;-0.4959;-0.451443;2.337274;-0.037428;-0.8276;0.3592;-0.4313;0.248099;4.263492;0.224233;-0.8276;0.3592;-0.4313;-0.266887;2.382555;-0.353863;-0.8276;0.3592;-0.4313;-0.082332;2.337274;-0.037428;0.0;-0.2736;0.9619;0.071484;4.31655;0.525503;0.0;-0.2736;0.9619;-0.451443;2.337274;-0.037428;0.0;-0.2736;0.9619;-0.082332;2.337274;-0.037428;0.866;-0.0815;-0.4933;0.248099;4.263492;0.224233;0.866;-0.0815;-0.4933;0.424715;4.31655;0.525503;0.866;-0.0815;-0.4933;0.248099;4.263492;0.224233;-0.8614;-0.1879;-0.4719;0.071484;4.31655;0.525503;-0.8614;-0.1879;-0.4719;-0.129113;6.64014;-0.033477;-0.8614;-0.1879;-0.4719;0.071484;4.31655;0.525503;0.0;0.2339;0.9723;0.424715;4.31655;0.525503;0.0;0.2339;0.9723;-0.129113;6.64014;-0.033477;0.0;0.2339;0.9723;0.424715;4.31655;0.525503;0.8538;0.0797;-0.5145;0.248099;4.263492;0.224233;0.8538;0.0797;-0.5145;-0.129113;6.64014;-0.033477;0.8538;0.0797;-0.5145;0.008663;-0.005661;-0.22749;0.866;0.0738;-0.4945;-0.266887;2.382555;-0.353863;0.866;0.0738;-0.4945;-0.082332;2.337274;-0.037428;0.866;0.0738;-0.4945;-0.082332;2.337274;-0.037428;-0.0;0.1279;0.9918;-0.451443;2.337274;-0.037428;-0.0;0.1279;0.9918;-0.27558;-0.005661;0.264833;-0.0;0.1279;0.9918;-0.451443;2.337274;-0.037428;-0.8491;-0.1251;-0.5131;-0.266887;2.382555;-0.353863;-0.8491;-0.1251;-0.5131;0.008663;-0.005661;-0.22749;-0.8491;-0.1251;-0.5131;-0.451443;2.337274;-0.037428;-0.7786;0.3532;-0.5187;0.071484;4.31655;0.525503;-0.7786;0.3532;-0.5187;0.248099;4.263492;0.224233;-0.7786;0.3532;-0.5187;-0.082332;2.337274;-0.037428;0.0;-0.2736;0.9619;0.424715;4.31655;0.525503;0.0;-0.2736;0.9619;0.071484;4.31655;0.525503;0.0;-0.2736;0.9619;-0.082332;2.337274;-0.037428;0.8563;-0.0775;-0.5105;-0.266887;2.382555;-0.353863;0.8563;-0.0775;-0.5105;0.248099;4.263492;0.224233;0.8563;-0.0775;-0.5105
6
INFO;NameId;1007;DescId;1008;price;40000;dpPerMin;0;range;2;placeSound;grassPlace
LIFE;averagePop;5.5;averageLife;11.0;popFactors;1;0.15;breedMat;5.5;breedTime;3.9803672;parentId;117;count;290;reqs;1;MATERIAL;col;PURPLE;SPAWN_DEATH;158;4;7;1;enviroReqCount;2;reqId;2;growsBarren;0;biomes;1;9;idealFactor;100;influence;1;reqId;1;minAltitude;15;maxAltitude;100;influence;1
MATERIAL;second;0;count;6;CUSTOM;1.0;0.496;0.964;10000;YELLOW;50000;ORANGE;150000;RED;200000;WHITE;300000;BLACK;500000
GROWTH;dynamic;0;growthTime;3.6666667;modelStages;3;subStages;1
FOOD;2;901;2;SAMPLE;902;13;WHOLE;PARTICLE_DEATH;isColour;1;Spawn;0;PPS;8;Speed;0.6;Gravity;0.2;Life;0.5;Scale;0.05;Colour;1;1;1;Additive;0;Alpha;1;FadeIn;0.1;FadeOut;0.8;HasDir;1;Dir;0;1;0;Deviation;0.3;Offset;0;0;0;LifeError;0.4;ScaleError;0.1;SpeedError;0.1;RandomRot;1;HasXRot;0
PARTICLES;isColour;0;spawn;1;0.3;PPS;8;Speed;0;Gravity;-0.01;Life;18;Scale;0.2;atlas;12;HasDir;0;Offset;0;1.7;0;LifeError;0.29;ScaleError;0.1;SpeedError;0.3;RandRot;1;HasXRot;0;range;15;stages;1;2;takesMaterial;0
