0.2;name;622
ef
0;1
1
-0.885269;0.032426;-1.097089;0.785235;1.430526;0.98804;1
18;1
18;1.0;0.408655;0.32068536
-0.885269;0.044037;0.01515;-0.1904;-0.7107;-0.6773;-0.285676;0.943366;-1.097089;-0.1904;-0.7107;-0.6773;0.785235;0.032426;-0.442323;-0.1904;-0.7107;-0.6773;0.785235;0.032426;-0.442323;0.7233;0.5668;-0.3944;-0.285676;0.943366;-1.097089;0.7233;0.5668;-0.3944;0.106384;1.430526;0.322187;0.7233;0.5668;-0.3944;0.106384;1.430526;0.322187;-0.8159;0.5775;0.0271;-0.285676;0.943366;-1.097089;-0.8159;0.5775;0.0271;-0.885269;0.044037;0.01515;-0.8159;0.5775;0.0271;0.106384;1.430526;0.322187;-0.62;0.2812;0.7325;-0.885269;0.044037;0.01515;-0.62;0.2812;0.7325;0.279325;0.077512;0.98804;-0.62;0.2812;0.7325;0.785235;0.032426;-0.442323;0.9102;0.2706;0.3134;0.106384;1.430526;0.322187;0.9102;0.2706;0.3134;0.279325;0.077512;0.98804;0.9102;0.2706;0.3134;-0.885269;0.044037;0.01515;0.0019;-0.9995;0.0322;0.785235;0.032426;-0.442323;0.0019;-0.9995;0.0322;0.279325;0.077512;0.98804;0.0019;-0.9995;0.0322
3
DECAY;1.5
PARTICLES;isColour;0;spawn;1;0.3;PPS;6;Speed;0;Gravity;-0.01;Life;10;Scale;0.18;atlas;12;HasDir;0;Offset;0;0.1;0;LifeError;0.29;ScaleError;0.35;SpeedError;0.3;RandRot;1;HasXRot;0;range;15;stages;1;0;takesMaterial;0
HEALER;PARTICLE_DEATH;isColour;0;Spawn;0;PPS;10;Speed;0.8;Gravity;0.15;Life;0.5;Scale;0.1;atlas;12;HasDir;1;Dir;0;1;0;Deviation;0.3;Offset;0;0;0;LifeError;0.4;ScaleError;0.15;SpeedError;0.25;RandomRot;1;HasXRot;0