0.7
ptj
0;1
5
-1.173997;-0.105215;-1.334958;0.908337;3.121382;0.550615;1
87;2
27;0.62370336;0.49169725;0.34296513;0.1
-0.145664;-0.046965;0.241328;-0.6375;-0.171;-0.7512;-0.517128;2.490094;-0.020873;-0.6375;-0.171;-0.7512;0.031957;-0.046965;0.090599;-0.6375;-0.171;-0.7512;0.031957;-0.046965;0.090599;0.9638;0.2009;-0.1755;-0.517128;2.490094;-0.020873;0.9638;0.2009;-0.1755;0.073682;-0.046965;0.319788;0.9638;0.2009;-0.1755;0.073682;-0.046965;0.319788;-0.3364;0.0479;0.9405;-0.517128;2.490094;-0.020873;-0.3364;0.0479;0.9405;-0.145664;-0.046965;0.241328;-0.3364;0.0479;0.9405;-0.147219;0.90119;0.200425;-0.8521;0.3609;0.3791;-0.191466;1.763051;-0.719427;-0.8521;0.3609;0.3791;-0.213726;0.790121;0.156665;-0.8521;0.3609;0.3791;-0.213726;0.790121;0.156665;-0.1886;-0.6548;-0.7319;-0.191466;1.763051;-0.719427;-0.1886;-0.6548;-0.7319;-0.106418;0.837543;0.086588;-0.1886;-0.6548;-0.7319;-0.106418;0.837543;0.086588;0.9464;0.2572;0.1954;-0.191466;1.763051;-0.719427;0.9464;0.2572;0.1954;-0.147219;0.90119;0.200425;0.9464;0.2572;0.1954;0.093705;-0.105215;-0.250554;0.9102;-0.1731;-0.3763;0.538718;2.664558;-0.448363;0.9102;-0.1731;-0.3763;0.182016;-0.105215;-0.036948;0.9102;-0.1731;-0.3763;0.182016;-0.105215;-0.036948;-0.1295;0.162;0.9783;0.538718;2.664558;-0.448363;-0.1295;0.162;0.9783;-0.047128;-0.105215;-0.067271;-0.1295;0.162;0.9783;-0.047128;-0.105215;-0.067271;-0.7902;0.0836;-0.6072;0.538718;2.664558;-0.448363;-0.7902;0.0836;-0.6072;0.093705;-0.105215;-0.250554;-0.7902;0.0836;-0.6072
60;0.3808485;0.45751506;0.27666727;0.1
-0.69805;1.656423;-0.82919;-0.4848;-0.768;-0.4185;-0.076869;1.496265;-1.254904;-0.4848;-0.768;-0.4185;-0.168581;1.129767;-0.47611;-0.4848;-0.768;-0.4185;-0.69805;1.656423;-0.82919;-0.5257;0.1742;-0.8326;-0.293827;2.150417;-0.981071;-0.5257;0.1742;-0.8326;-0.076869;1.496265;-1.254904;-0.5257;0.1742;-0.8326;-0.076869;1.496265;-1.254904;0.9006;-0.4244;-0.0936;0.127208;1.70516;-0.238833;0.9006;-0.4244;-0.0936;-0.168581;1.129767;-0.47611;0.9006;-0.4244;-0.0936;-0.076869;1.496265;-1.254904;0.8792;0.4;-0.2588;-0.293827;2.150417;-0.981071;0.8792;0.4;-0.2588;0.127208;1.70516;-0.238833;0.8792;0.4;-0.2588;0.127208;1.70516;-0.238833;-0.49;0.5964;0.6357;-0.293827;2.150417;-0.981071;-0.49;0.5964;0.6357;-0.69805;1.656423;-0.82919;-0.49;0.5964;0.6357;0.127208;1.70516;-0.238833;-0.5799;-0.0375;0.8138;-0.69805;1.656423;-0.82919;-0.5799;-0.0375;0.8138;-0.168581;1.129767;-0.47611;-0.5799;-0.0375;0.8138;-1.173997;1.829448;-0.499206;-0.6169;-0.6915;0.376;-0.280467;1.603114;0.550615;-0.6169;-0.6915;0.376;-0.909307;2.156655;0.536881;-0.6169;-0.6915;0.376;-0.786863;2.944435;0.218771;-0.8304;0.4754;-0.2906;-0.719416;2.354632;-0.938921;-0.8304;0.4754;-0.2906;-1.173997;1.829448;-0.499206;-0.8304;0.4754;-0.2906;-1.173997;1.829448;-0.499206;0.0359;-0.9702;-0.2397;0.216084;1.769325;-0.047555;0.0359;-0.9702;-0.2397;-0.280467;1.603114;0.550615;0.0359;-0.9702;-0.2397;-1.173997;1.829448;-0.499206;0.1859;-0.7204;-0.6682;-0.719416;2.354632;-0.938921;0.1859;-0.7204;-0.6682;0.216084;1.769325;-0.047555;0.1859;-0.7204;-0.6682;0.216084;1.769325;-0.047555;0.6928;0.6581;-0.2949;-0.719416;2.354632;-0.938921;0.6928;0.6581;-0.2949;-0.786863;2.944435;0.218771;0.6928;0.6581;-0.2949;0.216084;1.769325;-0.047555;0.6455;0.404;0.6481;-0.786863;2.944435;0.218771;0.6455;0.404;0.6481;-0.280467;1.603114;0.550615;0.6455;0.404;0.6481;0.050189;2.364473;-1.334958;-0.9854;0.0923;-0.143;-0.181617;2.179201;0.142633;-0.9854;0.0923;-0.143;-0.022553;3.121382;-0.345491;-0.9854;0.0923;-0.143;0.050189;2.364473;-1.334958;-0.7495;-0.6321;-0.1968;0.575058;1.464781;-0.444577;-0.7495;-0.6321;-0.1968;-0.181617;2.179201;0.142633;-0.7495;-0.6321;-0.1968;-0.181617;2.179201;0.142633;0.2726;0.4059;0.8723;0.908337;2.632268;-0.408778;0.2726;0.4059;0.8723;-0.022553;3.121382;-0.345491;0.2726;0.4059;0.8723;-0.181617;2.179201;0.142633;0.4999;-0.1688;0.8495;0.575058;1.464781;-0.444577;0.4999;-0.1688;0.8495;0.908337;2.632268;-0.408778;0.4999;-0.1688;0.8495;0.908337;2.632268;-0.408778;0.7469;-0.1937;-0.6361;0.575058;1.464781;-0.444577;0.7469;-0.1937;-0.6361;0.050189;2.364473;-1.334958;0.7469;-0.1937;-0.6361;0.908337;2.632268;-0.408778;0.3587;0.7539;-0.5504;0.050189;2.364473;-1.334958;0.3587;0.7539;-0.5504;-0.022553;3.121382;-0.345491;0.3587;0.7539;-0.5504;-0.786863;2.944435;0.218771;-0.9595;0.2201;0.1756;-1.173997;1.829448;-0.499206;-0.9595;0.2201;0.1756;-0.909307;2.156655;0.536881;-0.9595;0.2201;0.1756;-0.280467;1.603114;0.550615;0.2663;0.325;0.9074;-0.786863;2.944435;0.218771;0.2663;0.325;0.9074;-0.909307;2.156655;0.536881;0.2663;0.325;0.9074
-4.431725;-0.107627;-3.769473;3.421189;14.048771;4.45666;3.3333;0;extraBounds;2;-3.89962;8.119691;-3.553383;3.108224;13.693131;3.553386;-0.904392;0.007424;-0.503656;0.618151;9.438478;0.904391
225;3
99;0.62370336;0.49169725;0.34296513;0.03
0.150773;2.533022;0.292569;0.8588;-0.112;-0.4998;0.027919;-0.099066;0.671491;0.8588;-0.112;-0.4998;-0.184339;-0.094966;0.305858;0.8588;-0.112;-0.4998;0.027919;-0.099066;0.671491;-0.0056;0.0156;0.9999;0.002309;2.57377;0.629754;-0.0056;0.0156;0.9999;-0.392289;-0.090194;0.669;-0.0056;0.0156;0.9999;0.150773;2.533022;0.292569;-0.9796;-0.0411;0.1967;0.00729;4.115849;-0.090997;-0.9796;-0.0411;0.1967;-0.054715;4.058877;-0.411767;-0.9796;-0.0411;0.1967;0.002309;2.57377;0.629754;-0.8608;0.1202;-0.4945;-0.184339;-0.094966;0.305858;-0.8608;0.1202;-0.4945;-0.392289;-0.090194;0.669;-0.8608;0.1202;-0.4945;0.386288;2.565426;0.561189;0.1686;0.4169;0.8932;0.00729;4.115849;-0.090997;0.1686;0.4169;0.8932;0.002309;2.57377;0.629754;0.1686;0.4169;0.8932;0.150773;2.533022;0.292569;0.7372;-0.2866;-0.6118;0.268834;4.090998;-0.295052;0.7372;-0.2866;-0.6118;0.386288;2.565426;0.561189;0.7372;-0.2866;-0.6118;-0.054715;4.058877;-0.411767;-0.8135;-0.1339;0.566;-0.618777;9.102905;-0.029022;-0.8135;-0.1339;0.566;-0.811308;9.08067;-0.310993;-0.8135;-0.1339;0.566;0.00729;4.115849;-0.090997;0.8918;0.1065;0.4396;-0.463239;9.104227;-0.344883;0.8918;0.1065;0.4396;-0.618777;9.102905;-0.029022;0.8918;0.1065;0.4396;-0.054715;4.058877;-0.411767;0.3356;0.0396;-0.9412;-0.463239;9.104227;-0.344883;0.3356;0.0396;-0.9412;0.268834;4.090998;-0.295052;0.3356;0.0396;-0.9412;0.344352;-0.078954;-0.151682;0.057;-0.1509;0.9869;-0.637929;4.212082;0.561146;0.057;-0.1509;0.9869;-8.75E-4;-0.107627;-0.136124;0.057;-0.1509;0.9869;0.344352;-0.078954;-0.151682;0.3313;0.1668;-0.9287;-0.69775;4.226524;0.249758;0.3313;0.1668;-0.9287;-0.396493;4.231902;0.358212;0.3313;0.1668;-0.9287;-8.75E-4;-0.107627;-0.136124;-0.8674;-0.096;-0.4882;-0.69775;4.226524;0.249758;-0.8674;-0.096;-0.4882;0.172672;-0.092362;-0.447502;-0.8674;-0.096;-0.4882;-0.396493;4.231902;0.358212;0.6447;-0.0325;0.7638;-0.408418;8.797081;0.562782;0.6447;-0.0325;0.7638;-0.637929;4.212082;0.561146;0.6447;-0.0325;0.7638;-0.396493;4.231902;0.358212;-0.0924;-0.0224;-0.9955;-0.611269;8.791101;0.275606;-0.0924;-0.0224;-0.9955;-0.266877;8.805531;0.243329;-0.0924;-0.0224;-0.9955;-0.69775;4.226524;0.249758;-0.8168;0.0122;0.5767;-0.408418;8.797081;0.562782;-0.8168;0.0122;0.5767;-0.611269;8.791101;0.275606;-0.8168;0.0122;0.5767;0.150773;2.533022;0.292569;0.7533;-0.128;-0.6451;0.386288;2.565426;0.561189;0.7533;-0.128;-0.6451;0.027919;-0.099066;0.671491;0.7533;-0.128;-0.6451;0.027919;-0.099066;0.671491;0.1761;0.0171;0.9842;0.386288;2.565426;0.561189;0.1761;0.0171;0.9842;0.002309;2.57377;0.629754;0.1761;0.0171;0.9842;0.150773;2.533022;0.292569;-0.9088;-0.1742;-0.3791;0.002309;2.57377;0.629754;-0.9088;-0.1742;-0.3791;0.00729;4.115849;-0.090997;-0.9088;-0.1742;-0.3791;0.002309;2.57377;0.629754;-0.9042;0.1132;-0.4118;0.150773;2.533022;0.292569;-0.9042;0.1132;-0.4118;-0.184339;-0.094966;0.305858;-0.9042;0.1132;-0.4118;0.386288;2.565426;0.561189;0.5799;0.4322;0.6906;0.268834;4.090998;-0.295052;0.5799;0.4322;0.6906;0.00729;4.115849;-0.090997;0.5799;0.4322;0.6906;0.150773;2.533022;0.292569;0.3483;-0.3538;-0.8681;-0.054715;4.058877;-0.411767;0.3483;-0.3538;-0.8681;0.268834;4.090998;-0.295052;0.3483;-0.3538;-0.8681;-0.054715;4.058877;-0.411767;-0.9699;-0.1244;0.2096;0.00729;4.115849;-0.090997;-0.9699;-0.1244;0.2096;-0.618777;9.102905;-0.029022;-0.9699;-0.1244;0.2096;0.00729;4.115849;-0.090997;0.6179;0.098;0.7801;0.268834;4.090998;-0.295052;0.6179;0.098;0.7801;-0.463239;9.104227;-0.344883;0.6179;0.098;0.7801;-0.054715;4.058877;-0.411767;-0.0973;0.0053;-0.9952;-0.811308;9.08067;-0.310993;-0.0973;0.0053;-0.9952;-0.463239;9.104227;-0.344883;-0.0973;0.0053;-0.9952;0.344352;-0.078954;-0.151682;0.6424;0.0198;0.7662;-0.396493;4.231902;0.358212;0.6424;0.0198;0.7662;-0.637929;4.212082;0.561146;0.6424;0.0198;0.7662;0.344352;-0.078954;-0.151682;0.833;0.2477;-0.4947;0.172672;-0.092362;-0.447502;0.833;0.2477;-0.4947;-0.69775;4.226524;0.249758;0.833;0.2477;-0.4947;-8.75E-4;-0.107627;-0.136124;-0.9689;-0.1717;0.1782;-0.637929;4.212082;0.561146;-0.9689;-0.1717;0.1782;-0.69775;4.226524;0.249758;-0.9689;-0.1717;0.1782;-0.396493;4.231902;0.358212;0.9143;-0.0157;0.4047;-0.266877;8.805531;0.243329;0.9143;-0.0157;0.4047;-0.408418;8.797081;0.562782;0.9143;-0.0157;0.4047;-0.396493;4.231902;0.358212;0.3387;-0.0011;-0.9409;-0.69775;4.226524;0.249758;0.3387;-0.0011;-0.9409;-0.611269;8.791101;0.275606;0.3387;-0.0011;-0.9409;-0.69775;4.226524;0.249758;-0.9804;0.049;0.1906;-0.637929;4.212082;0.561146;-0.9804;0.049;0.1906;-0.408418;8.797081;0.562782;-0.9804;0.049;0.1906;0.00729;4.115849;-0.090997;-0.9599;0.2411;0.1427;0.16604;5.621211;-1.566298;-0.9599;0.2411;0.1427;-0.054715;4.058877;-0.411767;-0.9599;0.2411;0.1427;0.268834;4.090998;-0.295052;0.5428;0.558;0.6277;0.16604;5.621211;-1.566298;0.5428;0.558;0.6277;0.00729;4.115849;-0.090997;0.5428;0.558;0.6277;0.268834;4.090998;-0.295052;0.3249;-0.5913;-0.7381;-0.054715;4.058877;-0.411767;0.3249;-0.5913;-0.7381;0.16604;5.621211;-1.566298;0.3249;-0.5913;-0.7381
72;0.3808485;0.45751506;0.27666727;0.06
0.200266;5.30598;-0.485698;-0.1608;0.7324;0.6616;0.510668;5.916255;-1.085842;-0.1608;0.7324;0.6616;-0.517792;6.119782;-1.561118;-0.1608;0.7324;0.6616;0.510668;5.916255;-1.085842;0.9376;-0.191;0.2906;0.200266;5.30598;-0.485698;0.9376;-0.191;0.2906;0.66662;5.305663;-1.99025;0.9376;-0.191;0.2906;-0.517792;6.119782;-1.561118;0.3762;0.7967;-0.473;0.510668;5.916255;-1.085842;0.3762;0.7967;-0.473;0.66662;5.305663;-1.99025;0.3762;0.7967;-0.473;0.200266;5.30598;-0.485698;-0.8617;-0.1041;0.4966;-0.517792;6.119782;-1.561118;-0.8617;-0.1041;0.4966;-0.69287;5.394746;-2.017008;-0.8617;-0.1041;0.4966;0.200266;5.30598;-0.485698;0.8132;-0.5245;0.2522;0.172836;4.785786;-1.479251;0.8132;-0.5245;0.2522;0.66662;5.305663;-1.99025;0.8132;-0.5245;0.2522;-0.517792;6.119782;-1.561118;0.051;0.5228;-0.851;0.66662;5.305663;-1.99025;0.051;0.5228;-0.851;-0.69287;5.394746;-2.017008;0.051;0.5228;-0.851;0.200266;5.30598;-0.485698;-0.6755;-0.6454;0.3566;-0.69287;5.394746;-2.017008;-0.6755;-0.6454;0.3566;0.172836;4.785786;-1.479251;-0.6755;-0.6454;0.3566;0.66662;5.305663;-1.99025;-0.0306;-0.6857;-0.7272;0.172836;4.785786;-1.479251;-0.0306;-0.6857;-0.7272;-0.69287;5.394746;-2.017008;-0.0306;-0.6857;-0.7272;2.530559;8.513214;1.988329;0.9873;0.001;0.1591;3.421189;9.505384;-3.544069;0.9873;0.001;0.1591;2.928957;13.421164;-0.515612;0.9873;0.001;0.1591;3.421189;9.505384;-3.544069;0.4546;-0.8865;-0.0858;2.530559;8.513214;1.988329;0.4546;-0.8865;-0.0858;-0.314251;7.535503;-2.98365;0.4546;-0.8865;-0.0858;2.928957;13.421164;-0.515612;0.6895;0.4954;-0.5285;3.421189;9.505384;-3.544069;0.6895;0.4954;-0.5285;0.42998;13.428079;-3.769473;0.6895;0.4954;-0.5285;-0.314251;7.535503;-2.98365;-0.1426;-0.9526;0.2689;2.530559;8.513214;1.988329;-0.1426;-0.9526;0.2689;-3.952723;9.274394;1.2465;-0.1426;-0.9526;0.2689;3.421189;9.505384;-3.544069;-0.0845;-0.1212;-0.989;-0.314251;7.535503;-2.98365;-0.0845;-0.1212;-0.989;0.42998;13.428079;-3.769473;-0.0845;-0.1212;-0.989;2.530559;8.513214;1.988329;0.8922;0.1457;0.4276;2.928957;13.421164;-0.515612;0.8922;0.1457;0.4276;0.948895;10.954044;4.45666;0.8922;0.1457;0.4276;2.530559;8.513214;1.988329;-0.1614;-0.7515;0.6397;0.948895;10.954044;4.45666;-0.1614;-0.7515;0.6397;-3.952723;9.274394;1.2465;-0.1614;-0.7515;0.6397;2.928957;13.421164;-0.515612;0.0961;0.9928;-0.0717;0.42998;13.428079;-3.769473;0.0961;0.9928;-0.0717;-1.478537;14.048771;2.268662;0.0961;0.9928;-0.0717;-0.314251;7.535503;-2.98365;-0.5612;-0.8143;-0.148;-3.952723;9.274394;1.2465;-0.5612;-0.8143;-0.148;-4.325788;10.093298;-1.84545;-0.5612;-0.8143;-0.148;0.948895;10.954044;4.45666;0.4399;0.7223;0.5336;2.928957;13.421164;-0.515612;0.4399;0.7223;0.5336;-1.478537;14.048771;2.268662;0.4399;0.7223;0.5336;-0.314251;7.535503;-2.98365;-0.3218;-0.0851;-0.943;-4.325788;10.093298;-1.84545;-0.3218;-0.0851;-0.943;0.42998;13.428079;-3.769473;-0.3218;-0.0851;-0.943;0.948895;10.954044;4.45666;-0.5729;0.1234;0.8102;-1.478537;14.048771;2.268662;-0.5729;0.1234;0.8102;-3.952723;9.274394;1.2465;-0.5729;0.1234;0.8102;-3.952723;9.274394;1.2465;-0.6314;0.165;0.7577;-1.478537;14.048771;2.268662;-0.6314;0.165;0.7577;-4.431725;13.063311;0.022223;-0.6314;0.165;0.7577;-1.478537;14.048771;2.268662;-0.1991;0.9665;-0.1623;0.42998;13.428079;-3.769473;-0.1991;0.9665;-0.1623;-4.431725;13.063311;0.022223;-0.1991;0.9665;-0.1623;0.42998;13.428079;-3.769473;-0.5776;0.4197;-0.7002;-4.325788;10.093298;-1.84545;-0.5776;0.4197;-0.7002;-4.431725;13.063311;0.022223;-0.5776;0.4197;-0.7002;-4.325788;10.093298;-1.84545;-0.991;-0.0948;0.0945;-3.952723;9.274394;1.2465;-0.991;-0.0948;0.0945;-4.431725;13.063311;0.022223;-0.991;-0.0948;0.0945
54;0.5855657;0.53534263;0.24699107;0.06
-0.101878;3.379791;0.477606;0.2383;0.1203;0.9637;0.152918;6.04565;0.08176;0.2383;0.1203;0.9637;-0.131892;6.046305;0.152117;0.2383;0.1203;0.9637;0.152918;6.04565;0.08176;0.2979;0.0292;-0.9542;-0.104849;8.622292;0.08003;0.2979;0.0292;-0.9542;0.167;8.587288;0.16383;0.2979;0.0292;-0.9542;0.152918;6.04565;0.08176;0.2387;-0.0867;0.9672;-0.035647;8.619583;0.35897;0.2387;-0.0867;0.9672;-0.131892;6.046305;0.152117;0.2387;-0.0867;0.9672;-0.131892;6.046305;0.152117;-0.9628;0.0025;-0.2703;-0.104849;8.622292;0.08003;-0.9628;0.0025;-0.2703;-0.053696;6.048806;-0.126382;-0.9628;0.0025;-0.2703;0.152918;6.04565;0.08176;0.7085;0.0704;-0.7022;-0.053696;6.048806;-0.126382;0.7085;0.0704;-0.7022;-0.104849;8.622292;0.08003;0.7085;0.0704;-0.7022;-0.101878;3.379791;0.477606;-0.9617;-0.0438;-0.2704;-0.131892;6.046305;0.152117;-0.9617;-0.0438;-0.2704;-0.053696;6.048806;-0.126382;-0.9617;-0.0438;-0.2704;-0.101878;3.379791;0.477606;0.6981;-0.17;-0.6955;-0.053696;6.048806;-0.126382;0.6981;-0.17;-0.6955;0.152918;6.04565;0.08176;0.6981;-0.17;-0.6955;0.152918;6.04565;0.08176;0.6911;-0.0271;0.7222;0.167;8.587288;0.16383;0.6911;-0.0271;0.7222;-0.035647;8.619583;0.35897;0.6911;-0.0271;0.7222;-0.131892;6.046305;0.152117;-0.9704;0.0169;0.2409;-0.035647;8.619583;0.35897;-0.9704;0.0169;0.2409;-0.104849;8.622292;0.08003;-0.9704;0.0169;0.2409;1.802376;7.073682;0.920109;0.8494;-0.1023;0.5177;1.924344;8.833934;1.06772;0.8494;-0.1023;0.5177;1.657578;7.069503;1.156859;0.8494;-0.1023;0.5177;1.802376;7.073682;0.920109;0.8531;-0.0011;0.5217;1.657578;7.069503;1.156859;0.8531;-0.0011;0.5217;1.749414;4.689521;1.001462;0.8531;-0.0011;0.5217;1.924344;8.833934;1.06772;-0.863;0.1548;0.4809;1.525249;7.08754;0.913552;-0.863;0.1548;0.4809;1.657578;7.069503;1.156859;-0.863;0.1548;0.4809;1.657578;7.069503;1.156859;-0.8786;-0.0648;0.4731;1.525249;7.08754;0.913552;-0.8786;-0.0648;0.4731;1.749414;4.689521;1.001462;-0.8786;-0.0648;0.4731;1.853027;8.833491;0.799487;0.0202;-0.0689;-0.9974;1.802376;7.073682;0.920109;0.0202;-0.0689;-0.9974;1.525249;7.08754;0.913552;0.0202;-0.0689;-0.9974;1.525249;7.08754;0.913552;0.0219;-0.0346;-0.9992;1.802376;7.073682;0.920109;0.0219;-0.0346;-0.9992;1.749414;4.689521;1.001462;0.0219;-0.0346;-0.9992;1.802376;7.073682;0.920109;0.6994;-0.1077;0.7066;2.120843;8.825299;0.871893;0.6994;-0.1077;0.7066;1.924344;8.833934;1.06772;0.6994;-0.1077;0.7066;1.924344;8.833934;1.06772;-0.9481;0.1944;0.2517;1.853027;8.833491;0.799487;-0.9481;0.1944;0.2517;1.525249;7.08754;0.913552;-0.9481;0.1944;0.2517;1.853027;8.833491;0.799487;0.2582;-0.0735;-0.9633;2.120843;8.825299;0.871893;0.2582;-0.0735;-0.9633;1.802376;7.073682;0.920109;0.2582;-0.0735;-0.9633
-6.917009;-0.187458;-6.079563;6.008986;22.979948;8.038925;1.666666;0;extraBounds;2;-6.536195;13.228891;-5.586521;5.289748;22.383877;6.298777;-1.0;-0.049211;-1.0;1.0;14.769156;1.0
375;3
135;0.62370336;0.49169725;0.34296513;0.01
0.388179;4.182854;0.417024;0.8585;-0.1155;-0.4997;0.215329;-0.164388;1.124665;0.8585;-0.1155;-0.4997;-0.159495;-0.157149;0.478994;0.8585;-0.1155;-0.4997;0.215329;-0.164388;1.124665;-0.0057;0.0101;0.9999;0.096679;4.26286;1.079066;-0.0057;0.0101;0.9999;-0.526715;-0.148721;1.120265;-0.0057;0.0101;0.9999;0.388179;4.182854;0.417024;-0.9801;-0.0336;0.1954;0.16124;7.557975;-0.140629;-0.9801;-0.0336;0.1954;0.056101;7.46137;-0.684536;-0.9801;-0.0336;0.1954;0.096679;4.26286;1.079066;-0.8612;0.1171;-0.4947;-0.159495;-0.157149;0.478994;-0.8612;0.1171;-0.4947;-0.526715;-0.148721;1.120265;-0.8612;0.1171;-0.4947;0.850597;4.246478;0.944442;0.1725;0.339;0.9249;0.16124;7.557975;-0.140629;0.1725;0.339;0.9249;0.096679;4.26286;1.079066;0.1725;0.339;0.9249;0.388179;4.182854;0.417024;0.7466;-0.2188;-0.6282;0.604722;7.515835;-0.486629;0.7466;-0.2188;-0.6282;0.850597;4.246478;0.944442;0.7466;-0.2188;-0.6282;0.056101;7.46137;-0.684536;-0.8064;-0.1763;0.5645;-0.878125;13.771392;-0.048018;-0.8064;-0.1763;0.5645;-1.196671;13.734603;-0.514545;-0.8064;-0.1763;0.5645;0.16124;7.557975;-0.140629;0.8878;0.142;0.4378;-0.620784;13.773578;-0.570617;0.8878;0.142;0.4378;-0.878125;13.771392;-0.048018;0.8878;0.142;0.4378;0.056101;7.46137;-0.684536;0.3342;0.0528;-0.941;-0.620784;13.773578;-0.570617;0.3342;0.0528;-0.941;0.604722;7.515835;-0.486629;0.3342;0.0528;-0.941;0.033395;-0.187458;-0.680562;-0.8501;-0.2077;-0.484;-1.090551;4.977547;-0.923156;-0.8501;-0.2077;-0.484;0.431746;-0.152418;-1.395281;-0.8501;-0.2077;-0.484;0.431746;-0.152418;-1.395281;0.8292;0.2633;-0.4931;-0.539403;4.837716;-0.36383;0.8292;0.2633;-0.4931;0.825812;-0.121643;-0.716274;0.8292;0.2633;-0.4931;-0.539403;4.837716;-0.36383;0.2341;-0.3491;0.9074;-0.695873;8.735141;1.176176;0.2341;-0.3491;0.9074;-1.263831;4.748238;-0.211336;0.2341;-0.3491;0.9074;-0.539403;4.837716;-0.36383;0.0497;-0.0572;0.9971;0.033395;-0.187458;-0.680562;0.0497;-0.0572;0.9971;0.825812;-0.121643;-0.716274;0.0497;-0.0572;0.9971;-0.539403;4.837716;-0.36383;0.3264;0.2256;-0.9179;-0.825828;8.766516;0.499703;0.3264;0.2256;-0.9179;-0.171366;8.778198;0.735312;0.3264;0.2256;-0.9179;-1.263831;4.748238;-0.211336;-0.9715;0.1398;-0.1915;-0.825828;8.766516;0.499703;-0.9715;0.1398;-0.1915;-1.090551;4.977547;-0.923156;-0.9715;0.1398;-0.1915;-0.171366;8.778198;0.735312;0.6426;0.0161;0.7661;-0.53008;13.766551;0.931137;0.6426;0.0161;0.7661;-0.695873;8.735141;1.176176;0.6426;0.0161;0.7661;-0.171366;8.778198;0.735312;-0.0903;-0.0683;-0.9936;-0.865702;13.756658;0.455997;-0.0903;-0.0683;-0.9936;-0.295898;13.780532;0.402594;-0.0903;-0.0683;-0.9936;-0.825828;8.766516;0.499703;-0.8168;-0.0015;0.577;-0.53008;13.766551;0.931137;-0.8168;-0.0015;0.577;-0.865702;13.756658;0.455997;-0.8168;-0.0015;0.577;0.388179;4.182854;0.417024;0.7531;-0.1348;-0.644;0.850597;4.246478;0.944442;0.7531;-0.1348;-0.644;0.215329;-0.164388;1.124665;0.7531;-0.1348;-0.644;0.215329;-0.164388;1.124665;0.1761;0.0149;0.9843;0.850597;4.246478;0.944442;0.1761;0.0149;0.9843;0.096679;4.26286;1.079066;0.1761;0.0149;0.9843;0.388179;4.182854;0.417024;-0.9135;-0.1254;-0.3871;0.096679;4.26286;1.079066;-0.9135;-0.1254;-0.3871;0.16124;7.557975;-0.140629;-0.9135;-0.1254;-0.3871;0.096679;4.26286;1.079066;-0.9049;0.1083;-0.4115;0.388179;4.182854;0.417024;-0.9049;0.1083;-0.4115;-0.159495;-0.157149;0.478994;-0.9049;0.1083;-0.4115;0.850597;4.246478;0.944442;0.595;0.3594;0.7189;0.604722;7.515835;-0.486629;0.595;0.3594;0.7189;0.16124;7.557975;-0.140629;0.595;0.3594;0.7189;0.388179;4.182854;0.417024;0.3504;-0.2662;-0.898;0.056101;7.46137;-0.684536;0.3504;-0.2662;-0.898;0.604722;7.515835;-0.486629;0.3504;-0.2662;-0.898;0.056101;7.46137;-0.684536;-0.9626;-0.1642;0.2153;0.16124;7.557975;-0.140629;-0.9626;-0.1642;0.2153;-0.878125;13.771392;-0.048018;-0.9626;-0.1642;0.2153;0.16124;7.557975;-0.140629;0.6175;0.1313;0.7755;0.604722;7.515835;-0.486629;0.6175;0.1313;0.7755;-0.620784;13.773578;-0.570617;0.6175;0.1313;0.7755;0.056101;7.46137;-0.684536;-0.0974;0.0075;-0.9952;-1.196671;13.734603;-0.514545;-0.0974;0.0075;-0.9952;-0.620784;13.773578;-0.570617;-0.0974;0.0075;-0.9952;0.033395;-0.187458;-0.680562;-0.9303;-0.2164;-0.2962;-1.263831;4.748238;-0.211336;-0.9303;-0.2164;-0.2962;-1.090551;4.977547;-0.923156;-0.9303;-0.2164;-0.2962;0.431746;-0.152418;-1.395281;0.7186;0.2721;-0.64;-1.090551;4.977547;-0.923156;0.7186;0.2721;-0.64;-0.539403;4.837716;-0.36383;0.7186;0.2721;-0.64;-0.539403;4.837716;-0.36383;0.6334;-0.2622;0.728;-0.171366;8.778198;0.735312;0.6334;-0.2622;0.728;-0.695873;8.735141;1.176176;0.6334;-0.2622;0.728;-0.539403;4.837716;-0.36383;0.2103;-0.0376;0.9769;-1.263831;4.748238;-0.211336;0.2103;-0.0376;0.9769;0.033395;-0.187458;-0.680562;0.2103;-0.0376;0.9769;-0.539403;4.837716;-0.36383;0.7225;0.1983;-0.6624;-1.090551;4.977547;-0.923156;0.7225;0.1983;-0.6624;-0.825828;8.766516;0.499703;0.7225;0.1983;-0.6624;-1.263831;4.748238;-0.211336;-0.9788;0.0728;0.1914;-0.695873;8.735141;1.176176;-0.9788;0.0728;0.1914;-0.825828;8.766516;0.499703;-0.9788;0.0728;0.1914;-0.171366;8.778198;0.735312;0.9127;0.0497;0.4057;-0.295898;13.780532;0.402594;0.9127;0.0497;0.4057;-0.53008;13.766551;0.931137;0.9127;0.0497;0.4057;-0.171366;8.778198;0.735312;0.3388;-0.0055;-0.9408;-0.825828;8.766516;0.499703;0.3388;-0.0055;-0.9408;-0.865702;13.756658;0.455997;0.3388;-0.0055;-0.9408;-0.825828;8.766516;0.499703;-0.9808;0.0416;0.1904;-0.695873;8.735141;1.176176;-0.9808;0.0416;0.1904;-0.53008;13.766551;0.931137;-0.9808;0.0416;0.1904;0.328274;8.779452;-1.827696;-0.9434;0.3059;0.128;0.056101;7.46137;-0.684536;-0.9434;0.3059;0.128;0.16124;7.557975;-0.140629;-0.9434;0.3059;0.128;0.604722;7.515835;-0.486629;0.4885;0.6831;0.5429;0.328274;8.779452;-1.827696;0.4885;0.6831;0.5429;0.16124;7.557975;-0.140629;0.4885;0.6831;0.5429;0.056101;7.46137;-0.684536;0.2611;-0.8282;-0.4959;0.788049;8.557623;-2.129946;0.2611;-0.8282;-0.4959;0.604722;7.515835;-0.486629;0.2611;-0.8282;-0.4959;0.328274;8.779452;-1.827696;-0.9769;0.2051;0.0601;0.666312;10.836338;-3.352774;-0.9769;0.2051;0.0601;0.237601;8.491368;-2.318668;-0.9769;0.2051;0.0601;0.788049;8.557623;-2.129946;0.63;0.3931;0.6698;0.666312;10.836338;-3.352774;0.63;0.3931;0.6698;0.328274;8.779452;-1.827696;0.63;0.3931;0.6698;0.788049;8.557623;-2.129946;0.3386;-0.4308;-0.8365;0.237601;8.491368;-2.318668;0.3386;-0.4308;-0.8365;0.666312;10.836338;-3.352774;0.3386;-0.4308;-0.8365;0.328274;8.779452;-1.827696;-0.9709;0.2359;0.0409;0.237601;8.491368;-2.318668;-0.9709;0.2359;0.0409;0.056101;7.46137;-0.684536;-0.9709;0.2359;0.0409;0.604722;7.515835;-0.486629;0.6146;0.6334;0.4701;0.788049;8.557623;-2.129946;0.6146;0.6334;0.4701;0.328274;8.779452;-1.827696;0.6146;0.6334;0.4701;0.056101;7.46137;-0.684536;0.2684;-0.8281;-0.4921;0.237601;8.491368;-2.318668;0.2684;-0.8281;-0.4921;0.788049;8.557623;-2.129946;0.2684;-0.8281;-0.4921
114;0.3808485;0.45751506;0.27666727;0.02
0.312222;12.086635;-1.054067;0.7634;0.4897;0.4212;1.968195;10.155387;-1.810292;0.7634;0.4897;0.4212;1.561449;11.774057;-2.95501;0.7634;0.4897;0.4212;1.968195;10.155387;-1.810292;-0.0063;-0.3693;0.9293;0.312222;12.086635;-1.054067;-0.0063;-0.3693;0.9293;-0.352592;10.212611;-1.80331;-0.0063;-0.3693;0.9293;0.312222;12.086635;-1.054067;0.2526;0.9675;0.0069;1.561449;11.774057;-2.95501;0.2526;0.9675;0.0069;-0.701995;12.368704;-3.459229;0.2526;0.9675;0.0069;0.312222;12.086635;-1.054067;-0.9026;0.1605;0.3994;-0.701995;12.368704;-3.459229;-0.9026;0.1605;0.3994;-0.352592;10.212611;-1.80331;-0.9026;0.1605;0.3994;1.968195;10.155387;-1.810292;-0.0188;-0.8304;0.5568;-0.352592;10.212611;-1.80331;-0.0188;-0.8304;0.5568;0.777358;9.069867;-3.469463;-0.0188;-0.8304;0.5568;1.561449;11.774057;-2.95501;0.9686;0.2485;0.0073;1.968195;10.155387;-1.810292;0.9686;0.2485;0.0073;2.160876;9.522124;-5.836467;0.9686;0.2485;0.0073;-0.701995;12.368704;-3.459229;0.2773;0.9532;-0.1205;1.561449;11.774057;-2.95501;0.2773;0.9532;-0.1205;1.551337;11.492821;-5.20205;0.2773;0.9532;-0.1205;-0.352592;10.212611;-1.80331;-0.9917;-0.1109;0.0649;-0.701995;12.368704;-3.459229;-0.9917;-0.1109;0.0649;-0.513999;9.572889;-5.365331;-0.9917;-0.1109;0.0649;1.968195;10.155387;-1.810292;0.5378;-0.8285;0.156;0.777358;9.069867;-3.469463;0.5378;-0.8285;0.156;2.160876;9.522124;-5.836467;0.5378;-0.8285;0.156;1.561449;11.774057;-2.95501;0.9505;0.3078;-0.0428;2.160876;9.522124;-5.836467;0.9505;0.3078;-0.0428;1.551337;11.492821;-5.20205;0.9505;0.3078;-0.0428;-0.701995;12.368704;-3.459229;0.0343;0.9101;-0.413;1.551337;11.492821;-5.20205;0.0343;0.9101;-0.413;-1.098911;11.460052;-5.494512;0.0343;0.9101;-0.413;-0.701995;12.368704;-3.459229;-0.9177;-0.2641;0.2969;-1.098911;11.460052;-5.494512;-0.9177;-0.2641;0.2969;-0.513999;9.572889;-5.365331;-0.9177;-0.2641;0.2969;-0.352592;10.212611;-1.80331;-0.5649;-0.8073;0.1706;-0.513999;9.572889;-5.365331;-0.5649;-0.8073;0.1706;0.777358;9.069867;-3.469463;-0.5649;-0.8073;0.1706;2.160876;9.522124;-5.836467;-0.0571;-0.9739;-0.2195;0.777358;9.069867;-3.469463;-0.0571;-0.9739;-0.2195;-0.513999;9.572889;-5.365331;-0.0571;-0.9739;-0.2195;1.551337;11.492821;-5.20205;-0.1629;0.2563;-0.9528;2.160876;9.522124;-5.836467;-0.1629;0.2563;-0.9528;-0.513999;9.572889;-5.365331;-0.1629;0.2563;-0.9528;-1.098911;11.460052;-5.494512;0.11;-0.0339;-0.9933;1.551337;11.492821;-5.20205;0.11;-0.0339;-0.9933;-0.513999;9.572889;-5.365331;0.11;-0.0339;-0.9933;6.008986;15.196707;1.723912;0.9856;0.1619;-0.0492;5.547263;15.768612;-5.643215;0.9856;0.1619;-0.0492;4.765983;21.983799;-0.836398;0.9856;0.1619;-0.0492;5.547263;15.768612;-5.643215;0.4089;-0.9075;-0.0961;6.008986;15.196707;1.723912;0.4089;-0.9075;-0.0961;-0.381689;13.00329;-4.753709;0.4089;-0.9075;-0.0961;6.008986;15.196707;1.723912;0.9856;0.1615;-0.0505;4.765983;21.983799;-0.836398;0.9856;0.1615;-0.0505;5.27235;20.732178;5.044544;0.9856;0.1615;-0.0505;6.008986;15.196707;1.723912;0.6728;-0.3127;0.6705;5.27235;20.732178;5.044544;0.6728;-0.3127;0.6705;2.258294;13.190939;4.551884;0.6728;-0.3127;0.6705;6.008986;15.196707;1.723912;0.4107;-0.9065;-0.0982;2.258294;13.190939;4.551884;0.4107;-0.9065;-0.0982;-0.381689;13.00329;-4.753709;0.4107;-0.9065;-0.0982;4.765983;21.983799;-0.836398;0.6895;0.4954;-0.5285;5.547263;15.768612;-5.643215;0.6895;0.4954;-0.5285;0.799567;21.994776;-6.000979;0.6895;0.4954;-0.5285;2.258294;13.190939;4.551884;0.4409;-0.2328;0.8668;5.27235;20.732178;5.044544;0.4409;-0.2328;0.8668;-1.089842;19.833162;8.038925;0.4409;-0.2328;0.8668;-0.381689;13.00329;-4.753709;-0.2813;-0.9545;0.0991;2.258294;13.190939;4.551884;-0.2813;-0.9545;0.0991;-6.15673;15.401979;1.960454;-0.2813;-0.9545;0.0991;5.547263;15.768612;-5.643215;-0.0898;-0.1253;-0.9881;-0.381689;13.00329;-4.753709;-0.0898;-0.1253;-0.9881;0.799567;21.994776;-6.000979;-0.0898;-0.1253;-0.9881;5.27235;20.732178;5.044544;-0.0386;0.9767;0.2112;4.765983;21.983799;-0.836398;-0.0386;0.9767;0.2112;-1.089842;19.833162;8.038925;-0.0386;0.9767;0.2112;2.258294;13.190939;4.551884;-0.375;-0.572;0.7295;-1.089842;19.833162;8.038925;-0.375;-0.572;0.7295;-6.15673;15.401979;1.960454;-0.375;-0.572;0.7295;4.765983;21.983799;-0.836398;0.0961;0.9928;-0.0717;0.799567;21.994776;-6.000979;0.0961;0.9928;-0.0717;-2.229662;22.979948;3.582846;0.0961;0.9928;-0.0717;0.799567;21.994776;-6.000979;0.0697;-0.146;-0.9868;-0.381689;13.00329;-4.753709;0.0697;-0.146;-0.9868;-5.376171;19.577526;-6.079563;0.0697;-0.146;-0.9868;-0.381689;13.00329;-4.753709;-0.529;-0.834;-0.1571;-6.15673;15.401979;1.960454;-0.529;-0.834;-0.1571;-6.748866;16.701757;-2.947139;-0.529;-0.834;-0.1571;-1.089842;19.833162;8.038925;0.4019;0.7933;0.4574;4.765983;21.983799;-0.836398;0.4019;0.7933;0.4574;-2.229662;22.979948;3.582846;0.4019;0.7933;0.4574;-2.229662;22.979948;3.582846;-0.3544;0.9122;-0.2058;0.799567;21.994776;-6.000979;-0.3544;0.9122;-0.2058;-5.376171;19.577526;-6.079563;-0.3544;0.9122;-0.2058;-0.381689;13.00329;-4.753709;-0.4984;-0.5187;-0.6946;-6.748866;16.701757;-2.947139;-0.4984;-0.5187;-0.6946;-5.376171;19.577526;-6.079563;-0.4984;-0.5187;-0.6946;-1.089842;19.833162;8.038925;-0.8294;0.3339;0.4479;-2.229662;22.979948;3.582846;-0.8294;0.3339;0.4479;-6.15673;15.401979;1.960454;-0.8294;0.3339;0.4479;-6.15673;15.401979;1.960454;-0.6314;0.165;0.7577;-2.229662;22.979948;3.582846;-0.6314;0.165;0.7577;-6.917009;21.41581;0.017261;-0.6314;0.165;0.7577;-2.229662;22.979948;3.582846;-0.083;0.9481;-0.3068;-5.376171;19.577526;-6.079563;-0.083;0.9481;-0.3068;-6.917009;21.41581;0.017261;-0.083;0.9481;-0.3068;-5.376171;19.577526;-6.079563;-0.9482;0.1442;-0.2831;-6.748866;16.701757;-2.947139;-0.9482;0.1442;-0.2831;-6.917009;21.41581;0.017261;-0.9482;0.1442;-0.2831;-6.748866;16.701757;-2.947139;-0.991;-0.0948;0.0945;-6.15673;15.401979;1.960454;-0.991;-0.0948;0.0945;-6.917009;21.41581;0.017261;-0.991;-0.0948;0.0945
126;0.5855657;0.53534263;0.24699107;0.02
-0.153099;3.638222;-0.207152;0.2394;-0.0498;0.9696;-0.401007;9.512753;0.155783;0.2394;-0.0498;0.9696;-0.999409;9.514129;0.303607;0.2394;-0.0498;0.9696;-0.129916;-0.175299;-0.349362;0.9597;-0.1742;-0.2205;0.603523;3.661607;-0.188835;0.9597;-0.1742;-0.2205;0.032364;-0.171902;0.354297;0.9597;-0.1742;-0.2205;-0.401007;9.512753;0.155783;0.2902;-0.0354;-0.9563;-0.054469;13.755612;0.104066;0.2902;-0.0354;-0.9563;0.459043;13.68949;0.262359;0.2902;-0.0354;-0.9563;0.032364;-0.171902;0.354297;-0.066;0.1423;0.9876;-0.153099;3.638222;-0.207152;-0.066;0.1423;0.9876;-0.745138;-0.159152;0.300485;-0.066;0.1423;0.9876;-0.153099;3.638222;-0.207152;-0.8597;-0.106;-0.4997;-0.835115;9.519384;-0.281537;-0.8597;-0.106;-0.4997;0.126245;3.637986;-0.68772;-0.8597;-0.106;-0.4997;0.126245;3.637986;-0.68772;0.7092;0.1622;-0.6861;-0.401007;9.512753;0.155783;0.7092;0.1622;-0.6861;0.603523;3.661607;-0.188835;0.7092;0.1622;-0.6861;-0.153099;3.638222;-0.207152;-0.7258;0.0212;-0.6876;-0.129916;-0.175299;-0.349362;-0.7258;0.0212;-0.6876;-0.745138;-0.159152;0.300485;-0.7258;0.0212;-0.6876;-0.401007;9.512753;0.155783;0.2373;-0.1346;0.9621;0.07625;13.750495;0.630971;0.2373;-0.1346;0.9621;-0.999409;9.514129;0.303607;0.2373;-0.1346;0.9621;-0.999409;9.514129;0.303607;-0.9442;0.198;-0.2633;-0.054469;13.755612;0.104066;-0.9442;0.198;-0.2633;-0.835115;9.519384;-0.281537;-0.9442;0.198;-0.2633;-0.153099;3.638222;-0.207152;-0.0222;-0.0626;0.9978;0.603523;3.661607;-0.188835;-0.0222;-0.0626;0.9978;-0.401007;9.512753;0.155783;-0.0222;-0.0626;0.9978;-0.129916;-0.175299;-0.349362;0.7208;-0.1092;-0.6845;0.126245;3.637986;-0.68772;0.7208;-0.1092;-0.6845;0.603523;3.661607;-0.188835;0.7208;-0.1092;-0.6845;-0.401007;9.512753;0.155783;0.7076;-0.0664;-0.7034;-0.835115;9.519384;-0.281537;0.7076;-0.0664;-0.7034;-0.054469;13.755612;0.104066;0.7076;-0.0664;-0.7034;0.032364;-0.171902;0.354297;-0.0284;0.1444;0.9891;0.603523;3.661607;-0.188835;-0.0284;0.1444;0.9891;-0.153099;3.638222;-0.207152;-0.0284;0.1444;0.9891;-0.153099;3.638222;-0.207152;-0.9562;-0.1143;-0.2695;-0.999409;9.514129;0.303607;-0.9562;-0.1143;-0.2695;-0.835115;9.519384;-0.281537;-0.9562;-0.1143;-0.2695;0.126245;3.637986;-0.68772;0.7015;0.1626;-0.6939;-0.835115;9.519384;-0.281537;0.7015;0.1626;-0.6939;-0.401007;9.512753;0.155783;0.7015;0.1626;-0.6939;-0.153099;3.638222;-0.207152;-0.8645;0.0135;-0.5025;0.126245;3.637986;-0.68772;-0.8645;0.0135;-0.5025;-0.129916;-0.175299;-0.349362;-0.8645;0.0135;-0.5025;-0.401007;9.512753;0.155783;0.672;-0.1568;0.7238;0.459043;13.68949;0.262359;0.672;-0.1568;0.7238;0.07625;13.750495;0.630971;0.672;-0.1568;0.7238;-0.999409;9.514129;0.303607;-0.9459;0.2219;0.2368;0.07625;13.750495;0.630971;-0.9459;0.2219;0.2368;-0.054469;13.755612;0.104066;-0.9459;0.2219;0.2368;3.894501;8.625039;1.376476;-0.2469;-0.0333;-0.9685;4.339067;8.600875;1.263975;-0.2469;-0.0333;-0.9685;3.620378;4.292676;1.595371;-0.2469;-0.0333;-0.9685;4.339067;8.600875;1.263975;0.9539;-0.1387;0.2661;4.211038;8.563206;1.703371;0.9539;-0.1387;0.2661;3.620378;4.292676;1.595371;0.9539;-0.1387;0.2661;3.604269;11.703581;1.522344;0.8494;-0.1023;0.5177;3.806067;14.615961;1.766569;0.8494;-0.1023;0.5177;3.364696;11.696667;1.914052;0.8494;-0.1023;0.5177;3.604269;11.703581;1.522344;0.9365;0.1976;0.2898;4.211038;8.563206;1.703371;0.9365;0.1976;0.2898;4.339067;8.600875;1.263975;0.9365;0.1976;0.2898;3.806067;14.615961;1.766569;-0.863;0.1548;0.4809;3.145755;11.726509;1.511494;-0.863;0.1548;0.4809;3.364696;11.696667;1.914052;-0.863;0.1548;0.4809;3.364696;11.696667;1.914052;-0.7198;-0.2383;0.652;3.894501;8.625039;1.376476;-0.7198;-0.2383;0.652;4.211038;8.563206;1.703371;-0.7198;-0.2383;0.652;4.211038;8.563206;1.703371;-0.7085;0.0803;0.7012;3.894501;8.625039;1.376476;-0.7085;0.0803;0.7012;3.620378;4.292676;1.595371;-0.7085;0.0803;0.7012;3.688072;14.61523;1.322772;0.0202;-0.0689;-0.9974;3.604269;11.703581;1.522344;0.0202;-0.0689;-0.9974;3.145755;11.726509;1.511494;0.0202;-0.0689;-0.9974;3.604269;11.703581;1.522344;0.0261;0.0498;-0.9984;3.894501;8.625039;1.376476;0.0261;0.0498;-0.9984;3.145755;11.726509;1.511494;0.0261;0.0498;-0.9984;-2.260164;11.738187;-0.161179;0.9756;-0.0123;-0.2194;-2.16568;11.600702;0.266663;0.9756;-0.0123;-0.2194;-2.332022;7.706621;-0.253819;0.9756;-0.0123;-0.2194;-2.16568;11.600702;0.266663;-0.3499;-0.1094;0.9304;-2.592254;11.56039;0.10147;-0.3499;-0.1094;0.9304;-2.332022;7.706621;-0.253819;-0.3499;-0.1094;0.9304;-2.725402;14.747721;0.394864;-0.351;-0.1004;0.931;-2.592254;11.56039;0.10147;-0.351;-0.1004;0.931;-2.16568;11.600702;0.266663;-0.351;-0.1004;0.931;-3.102964;14.77245;0.134645;-0.5895;-0.0854;-0.8032;-2.260164;11.738187;-0.161179;-0.5895;-0.0854;-0.8032;-2.592254;11.56039;0.10147;-0.5895;-0.0854;-0.8032;-2.592254;11.56039;0.10147;-0.6296;0.0291;-0.7764;-2.260164;11.738187;-0.161179;-0.6296;0.0291;-0.7764;-2.332022;7.706621;-0.253819;-0.6296;0.0291;-0.7764;-2.725402;14.747721;0.394864;0.985;0.1316;0.1116;-2.260164;11.738187;-0.161179;0.985;0.1316;0.1116;-2.696629;14.899233;-0.03768;0.985;0.1316;0.1116;3.604269;11.703581;1.522344;0.6994;-0.1077;0.7066;4.13118;14.601675;1.442568;0.6994;-0.1077;0.7066;3.806067;14.615961;1.766569;0.6994;-0.1077;0.7066;3.604269;11.703581;1.522344;0.8359;0.1912;0.5146;3.364696;11.696667;1.914052;0.8359;0.1912;0.5146;4.211038;8.563206;1.703371;0.8359;0.1912;0.5146;3.806067;14.615961;1.766569;-0.9481;0.1944;0.2517;3.688072;14.61523;1.322772;-0.9481;0.1944;0.2517;3.145755;11.726509;1.511494;-0.9481;0.1944;0.2517;3.364696;11.696667;1.914052;-0.8624;-0.2279;0.4521;3.145755;11.726509;1.511494;-0.8624;-0.2279;0.4521;3.894501;8.625039;1.376476;-0.8624;-0.2279;0.4521;3.688072;14.61523;1.322772;0.2582;-0.0735;-0.9633;4.13118;14.601675;1.442568;0.2582;-0.0735;-0.9633;3.604269;11.703581;1.522344;0.2582;-0.0735;-0.9633;3.604269;11.703581;1.522344;-0.2441;0.0229;-0.9695;4.339067;8.600875;1.263975;-0.2441;0.0229;-0.9695;3.894501;8.625039;1.376476;-0.2441;0.0229;-0.9695;-2.725402;14.747721;0.394864;-0.5691;-0.0989;0.8163;-3.102964;14.77245;0.134645;-0.5691;-0.0989;0.8163;-2.592254;11.56039;0.10147;-0.5691;-0.0989;0.8163;-3.102964;14.77245;0.134645;-0.3858;-0.0172;-0.9224;-2.696629;14.899233;-0.03768;-0.3858;-0.0172;-0.9224;-2.260164;11.738187;-0.161179;-0.3858;-0.0172;-0.9224;-2.725402;14.747721;0.394864;0.9712;0.1791;-0.1569;-2.16568;11.600702;0.266663;0.9712;0.1791;-0.1569;-2.260164;11.738187;-0.161179;0.9712;0.1791;-0.1569
-3.212656;12.441986;-2.659373;5.969294;15.521236;4.201476;1;1
36;1
36;0.59452456;1.0;0.9212744;0.02
5.06463;14.009831;-2.659373;0.8296;0.2871;-0.479;5.06463;15.521236;-1.753538;0.8296;0.2871;-0.479;5.969294;14.009831;-1.092448;0.8296;0.2871;-0.479;5.969294;14.009831;-1.092448;0.0;0.4007;0.9162;5.06463;15.521236;-1.753538;0.0;0.4007;0.9162;4.159965;14.009831;-1.092448;0.0;0.4007;0.9162;4.159965;14.009831;-1.092448;-0.8296;0.2871;-0.479;5.06463;15.521236;-1.753538;-0.8296;0.2871;-0.479;5.06463;14.009831;-2.659373;-0.8296;0.2871;-0.479;4.159965;14.009831;-1.092448;-0.7879;-0.415;-0.4549;5.06463;14.009831;-2.659373;-0.7879;-0.415;-0.4549;5.06463;12.864882;-1.614756;-0.7879;-0.415;-0.4549;5.969294;14.009831;-1.092448;-0.0;-0.415;0.9098;4.159965;14.009831;-1.092448;-0.0;-0.415;0.9098;5.06463;12.864882;-1.614756;-0.0;-0.415;0.9098;5.06463;14.009831;-2.659373;0.7879;-0.415;-0.4549;5.969294;14.009831;-1.092448;0.7879;-0.415;-0.4549;5.06463;12.864882;-1.614756;0.7879;-0.415;-0.4549;-1.548496;13.563731;2.970124;0.6761;0.3086;0.6691;-2.42698;14.966834;3.210598;0.6761;0.3086;0.6691;-2.745076;13.51521;4.201476;0.6761;0.3086;0.6691;-2.745076;13.51521;4.201476;-0.8954;0.3677;0.2512;-2.42698;14.966834;3.210598;-0.8954;0.3677;0.2512;-3.212656;13.505727;2.548701;-0.8954;0.3677;0.2512;-3.212656;13.505727;2.548701;0.2244;0.2994;-0.9274;-2.42698;14.966834;3.210598;0.2244;0.2994;-0.9274;-1.548496;13.563731;2.970124;0.2244;0.2994;-0.9274;-3.212656;13.505727;2.548701;0.2379;-0.4028;-0.8838;-1.548496;13.563731;2.970124;0.2379;-0.4028;-0.8838;-2.462992;12.441986;3.235279;0.2379;-0.4028;-0.8838;-2.745076;13.51521;4.201476;-0.8599;-0.4473;0.2458;-3.212656;13.505727;2.548701;-0.8599;-0.4473;0.2458;-2.462992;12.441986;3.235279;-0.8599;-0.4473;0.2458;-1.548496;13.563731;2.970124;0.6668;-0.3941;0.6325;-2.745076;13.51521;4.201476;0.6668;-0.3941;0.6325;-2.462992;12.441986;3.235279;0.6668;-0.3941;0.6325
-6.89196;14.340853;-7.117114;4.74639;18.586695;5.63773;1;1
54;1
54;0.59452456;1.0;0.9212744;0.02
1.283049;17.076447;-5.35853;-0.9506;0.2581;-0.1727;1.777815;18.586695;-5.824513;-0.9506;0.2581;-0.1727;1.599142;17.064096;-7.117114;-0.9506;0.2581;-0.1727;1.599142;17.064096;-7.117114;0.5347;0.5096;-0.6741;1.777815;18.586695;-5.824513;0.5347;0.5096;-0.6741;2.961749;17.158384;-5.965117;0.5347;0.5096;-0.6741;2.961749;17.158384;-5.965117;0.3266;0.1793;0.928;1.777815;18.586695;-5.824513;0.3266;0.1793;0.928;1.283049;17.076447;-5.35853;0.3266;0.1793;0.928;2.961749;17.158384;-5.965117;0.3304;-0.383;0.8626;1.283049;17.076447;-5.35853;0.3304;-0.383;0.8626;2.009966;15.970802;-6.127854;0.3304;-0.383;0.8626;1.599142;17.064096;-7.117114;0.6092;-0.3939;-0.6883;2.961749;17.158384;-5.965117;0.6092;-0.3939;-0.6883;2.009966;15.970802;-6.127854;0.6092;-0.3939;-0.6883;1.283049;17.076447;-5.35853;-0.8713;-0.4662;-0.1533;1.599142;17.064096;-7.117114;-0.8713;-0.4662;-0.1533;2.009966;15.970802;-6.127854;-0.8713;-0.4662;-0.1533;-5.38079;15.35134;-2.692119;0.6522;0.4071;0.6394;-6.220263;16.630348;-2.650221;0.6522;0.4071;0.6394;-6.500845;15.417348;-1.591758;0.6522;0.4071;0.6394;-6.500845;15.417348;-1.591758;-0.9097;0.3717;0.1849;-6.220263;16.630348;-2.650221;-0.9097;0.3717;0.1849;-6.89196;15.21004;-3.099645;-0.9097;0.3717;0.1849;-6.89196;15.21004;-3.099645;0.2393;0.1882;-0.9525;-6.220263;16.630348;-2.650221;0.2393;0.1882;-0.9525;-5.38079;15.35134;-2.692119;0.2393;0.1882;-0.9525;-6.89196;15.21004;-3.099645;0.2686;-0.5026;-0.8217;-5.38079;15.35134;-2.692119;0.2686;-0.5026;-0.8217;-6.198077;14.340853;-2.341204;0.2686;-0.5026;-0.8217;-6.500845;15.417348;-1.591758;-0.8545;-0.4364;0.2816;-6.89196;15.21004;-3.099645;-0.8545;-0.4364;0.2816;-6.198077;14.340853;-2.341204;-0.8545;-0.4364;0.2816;-5.38079;15.35134;-2.692119;0.6608;-0.2947;0.6903;-6.500845;15.417348;-1.591758;0.6608;-0.2947;0.6903;-6.198077;14.340853;-2.341204;0.6608;-0.2947;0.6903;4.74639;16.955515;5.63773;-0.281;0.3574;0.8907;4.106493;18.266304;4.909891;-0.281;0.3574;0.8907;3.141263;16.842632;5.176555;-0.281;0.3574;0.8907;3.141263;16.842632;5.176555;-0.6501;0.3109;-0.6934;4.106493;18.266304;4.909891;-0.6501;0.3109;-0.6934;4.35005;16.790457;4.019852;-0.6501;0.3109;-0.6934;4.35005;16.790457;4.019852;0.9171;0.3057;-0.2559;4.106493;18.266304;4.909891;0.9171;0.3057;-0.2559;4.74639;16.955515;5.63773;0.9171;0.3057;-0.2559;4.35005;16.790457;4.019852;0.9012;-0.3939;-0.1806;4.74639;16.955515;5.63773;0.9012;-0.3939;-0.1806;4.125729;15.809028;5.04084;0.9012;-0.3939;-0.1806;3.141263;16.842632;5.176555;-0.6099;-0.5001;-0.6148;4.35005;16.790457;4.019852;-0.6099;-0.5001;-0.6148;4.125729;15.809028;5.04084;-0.6099;-0.5001;-0.6148;4.74639;16.955515;5.63773;-0.2367;-0.3448;0.9084;3.141263;16.842632;5.176555;-0.2367;-0.3448;0.9084;4.125729;15.809028;5.04084;-0.2367;-0.3448;0.9084
7
INFO;NameId;1036;DescId;1037;price;95000;dpPerMin;0;range;2;placeSound;thud
LIFE;averagePop;3.5;averageLife;60.0;popFactors;2;0;0.1;breedMat;30.0;breedTime;21.703125;parentId;124;chance;200;reqs;2;LIFE;type;2;enviroType;0;classification;ai;count;2;LIFE;type;2;enviroType;0;classification;pnf111;count;2;FALL_DEATH;fallTime;3;totalTime;5;fallenAngle;60;particleEffect;1;ExplodeTime;0.975;UseMaterial;0;Colour;1;Spawn;2;5;0;1;0;PPS;30;Speed;1.5;Gravity;0.3;Life;3;Scale;0.1;Colour;0.294;0.322;0.212;Additive;0;Alpha;1;FadeIn;0.1;FadeOut;0.8;HasDir;1;Dir;0;1;0;Varience;0.25;Offset;0;5;0;LifeError;0.4;ScaleError;0.3;SpeedError;0.4;RandRot;1;HasXRot;1;XRotSpeed;180;Stages;1;2;enviroReqCount;3;reqId;5;likedSpecies;2;pnf111;ar38;influence;0.8;reqId;1;minAltitude;0;maxAltitude;15;influence;0.7;reqId;2;barren;0;goodBiomes;1;5;idealFactor;100;influence;1
GROWTH;dynamic;0;growthTime;20.0;modelStages;3;subStages;2
FRUITER;modelStage;3;stageCount;2;time;15
FRUIT_FALL;fruitID;160;spawnTime;0.75;spawnHeight;11;spawnRadius;3
WOOD;cut time;2.7;bark factor;0.7;colour;0.62370336;0.49169725;0.34296513
PERCH;1;0.20265;5.929;-0.9926
