1
afs
1;0;-0.3
2
-0.065347;-0.014054;-0.606274;0.067629;0.461451;0.310959;1
42;3
18;0.639;0.392;0.4
-0.024632;0.201261;-0.342197;-0.967406;0.202368;0.152043;0.00144;0.197967;-0.171942;-0.967406;0.202368;0.152043;0.00144;0.461451;-0.522617;-0.967406;0.202368;0.152043;0.00144;0.461451;-0.522617;0.967406;0.202368;0.152043;0.00144;0.197967;-0.171942;0.967406;0.202368;0.152043;0.027512;0.201261;-0.342197;0.967406;0.202368;0.152043;0.027512;0.201261;-0.342197;0.911588;-0.389294;0.132054;0.00144;0.197967;-0.171942;0.911588;-0.389294;0.132054;0.00144;0.050628;-0.606274;0.911588;-0.389294;0.132054;0.00144;0.197967;-0.171942;-0.911588;-0.389294;0.132054;-0.024632;0.201261;-0.342197;-0.911588;-0.389294;0.132054;0.00144;0.050628;-0.606274;-0.911588;-0.389294;0.132054;0.00144;0.461451;-0.522617;0.0;-0.569811;-0.821741;0.027512;0.201261;-0.342197;0.0;-0.569811;-0.821741;-0.024632;0.201261;-0.342197;0.0;-0.569811;-0.821741;-0.024632;0.201261;-0.342197;0.0;0.868618;-0.495468;0.027512;0.201261;-0.342197;0.0;0.868618;-0.495468;0.00144;0.050628;-0.606274;0.0;0.868618;-0.495468
12;0.722;0.431;0.58
0.067629;0.200544;0.015734;0.931303;-0.288522;0.222205;0.001141;0.213317;0.310959;0.931303;-0.288522;0.222205;0.001141;-0.014054;0.015734;0.931303;-0.288522;0.222205;-0.065347;0.200544;0.015734;-0.947203;0.248421;0.202551;0.001141;0.213317;0.310959;-0.947203;0.248421;0.202551;0.001141;0.456656;0.01254;-0.947203;0.248421;0.202551;0.001141;-0.014054;0.015734;-0.931303;-0.288522;0.222205;0.001141;0.213317;0.310959;-0.931303;-0.288522;0.222205;-0.065347;0.200544;0.015734;-0.931303;-0.288522;0.222205;0.001141;0.456656;0.01254;0.947203;0.248421;0.202551;0.001141;0.213317;0.310959;0.947203;0.248421;0.202551;0.067629;0.200544;0.015734;0.947203;0.248421;0.202551
12;-1;0;0
0.067629;0.200544;0.015734;0.939756;-0.291147;-0.178991;0.001141;-0.014054;0.015734;0.939756;-0.291147;-0.178991;0.001141;0.200544;-0.333348;0.939756;-0.291147;-0.178991;0.001141;0.456656;0.01254;0.952391;0.244972;-0.181371;0.067629;0.200544;0.015734;0.952391;0.244972;-0.181371;0.001141;0.200544;-0.333348;0.952391;0.244972;-0.181371;0.001141;-0.014054;0.015734;-0.939756;-0.291147;-0.178991;-0.065347;0.200544;0.015734;-0.939756;-0.291147;-0.178991;0.001141;0.200544;-0.333348;-0.939756;-0.291147;-0.178991;-0.065347;0.200544;0.015734;-0.952391;0.244972;-0.181371;0.001141;0.456656;0.01254;-0.952391;0.244972;-0.181371;0.001141;0.200544;-0.333348;-0.952391;0.244972;-0.181371
-0.481297;-0.017503;-1.648962;0.478779;1.45363;0.772948;3
108;3
60;0.639;0.392;0.4
-0.001259;0.83738;0.174527;-0.693808;-0.131474;-0.708029;0.478779;0.639954;-0.259208;-0.693808;-0.131474;-0.708029;0.090845;0.315983;0.181109;-0.693808;-0.131474;-0.708029;4.55E-4;0.71995;-0.854015;0.980224;0.163732;0.111026;0.034654;0.623272;-1.013369;0.980224;0.163732;0.111026;4.55E-4;1.061586;-1.357867;0.980224;0.163732;0.111026;0.034654;0.623272;-1.013369;0.0;-0.617939;-0.786218;-0.033744;0.623272;-1.013369;0.0;-0.617939;-0.786218;4.55E-4;1.061586;-1.357867;0.0;-0.617939;-0.786218;-0.033744;0.623272;-1.013369;-0.980224;0.163732;0.111026;4.55E-4;0.71995;-0.854015;-0.980224;0.163732;0.111026;4.55E-4;1.061586;-1.357867;-0.980224;0.163732;0.111026;4.55E-4;0.46394;-0.854015;-0.983886;-0.175085;0.036073;-0.033744;0.623272;-1.013369;-0.983886;-0.175085;0.036073;4.55E-4;0.300103;-1.648962;-0.983886;-0.175085;0.036073;-0.033744;0.623272;-1.013369;0.0;0.891385;-0.45323;0.034654;0.623272;-1.013369;0.0;0.891385;-0.45323;4.55E-4;0.300103;-1.648962;0.0;0.891385;-0.45323;0.034654;0.623272;-1.013369;0.983886;-0.175085;0.036073;4.55E-4;0.46394;-0.854015;0.983886;-0.175085;0.036073;4.55E-4;0.300103;-1.648962;0.983886;-0.175085;0.036073;0.090845;0.315983;0.181109;0.812647;-0.409192;0.414869;0.478779;0.639954;-0.259208;0.812647;-0.409192;0.414869;0.230165;0.631867;0.219773;0.812647;-0.409192;0.414869;0.230165;0.631867;0.219773;0.593188;0.738517;0.320353;0.478779;0.639954;-0.259208;0.593188;0.738517;0.320353;-0.001259;0.83738;0.174527;0.593188;0.738517;0.320353;-0.001259;0.83738;0.174527;-0.693808;0.131474;0.708029;-0.481297;0.639954;-0.259208;-0.693808;0.131474;0.708029;-0.093363;0.315983;0.181109;-0.693808;0.131474;0.708029;-0.093363;0.315983;0.181109;0.813288;0.40141;-0.421155;-0.481297;0.639954;-0.259208;0.813288;0.40141;-0.421155;-0.229256;0.631867;0.219773;0.813288;0.40141;-0.421155;-0.229256;0.631867;0.219773;0.596362;-0.733421;-0.326182;-0.481297;0.639954;-0.259208;0.596362;-0.733421;-0.326182;-0.001259;0.83738;0.174527;0.596362;-0.733421;-0.326182;-0.077694;1.126253;-0.157705;-0.02707;-0.402844;-0.914853;-0.008506;1.45363;-0.303913;-0.02707;-0.402844;-0.914853;0.068083;1.126253;-0.16202;-0.02707;-0.402844;-0.914853;-0.077694;1.126253;-0.157705;0.008087;-0.961882;0.273324;0.068083;1.126253;-0.16202;0.008087;-0.961882;0.273324;4.55E-4;1.281238;0.385388;0.008087;-0.961882;0.273324;0.068083;1.126253;-0.16202;0.967559;0.247749;0.049379;-0.008506;1.45363;-0.303913;0.967559;0.247749;0.049379;4.55E-4;1.281238;0.385388;0.967559;0.247749;0.049379;4.55E-4;1.281238;0.385388;-0.968871;0.236824;0.07181;-0.008506;1.45363;-0.303913;-0.968871;0.236824;0.07181;-0.077694;1.126253;-0.157705;-0.968871;0.236824;0.07181;-0.214142;0.631867;-0.423712;-0.85989;-0.441237;-0.25663;-0.033744;0.623272;-1.013369;-0.85989;-0.441237;-0.25663;4.55E-4;0.46394;-0.854015;-0.85989;-0.441237;-0.25663;-0.033744;0.623272;-1.013369;-0.730369;0.642109;-0.232795;-0.214142;0.631867;-0.423712;-0.730369;0.642109;-0.232795;4.55E-4;0.71995;-0.854015;-0.730369;0.642109;-0.232795;0.215052;0.631867;-0.423712;0.730369;0.642109;-0.232795;0.034654;0.623272;-1.013369;0.730369;0.642109;-0.232795;4.55E-4;0.71995;-0.854015;0.730369;0.642109;-0.232795;0.034654;0.623272;-1.013369;0.85989;-0.441237;-0.25663;0.215052;0.631867;-0.423712;0.85989;-0.441237;-0.25663;4.55E-4;0.46394;-0.854015;0.85989;-0.441237;-0.25663
12;0.722;0.431;0.58
4.55E-4;1.281238;0.385388;-0.900235;0.22309;0.373821;-0.229256;0.631867;0.219773;-0.900235;0.22309;0.373821;4.55E-4;0.631867;0.772948;-0.900235;0.22309;0.373821;-0.229256;0.631867;0.219773;-0.900235;-0.22309;0.373821;4.55E-4;-0.017503;0.385388;-0.900235;-0.22309;0.373821;4.55E-4;0.631867;0.772948;-0.900235;-0.22309;0.373821;4.55E-4;-0.017503;0.385388;0.900235;-0.22309;0.373821;0.230165;0.631867;0.219773;0.900235;-0.22309;0.373821;4.55E-4;0.631867;0.772948;0.900235;-0.22309;0.373821;0.230165;0.631867;0.219773;0.900235;0.22309;0.373821;4.55E-4;1.281238;0.385388;0.900235;0.22309;0.373821;4.55E-4;0.631867;0.772948;0.900235;0.22309;0.373821
36;-1;0;0
4.55E-4;1.281238;0.385388;0.940733;0.338389;-0.022095;0.230165;0.631867;0.219773;0.940733;0.338389;-0.022095;4.55E-4;1.238512;-0.268994;0.940733;0.338389;-0.022095;0.230165;0.631867;0.219773;0.940733;-0.338389;-0.022095;4.55E-4;-0.017503;0.385388;0.940733;-0.338389;-0.022095;4.55E-4;0.025222;-0.268994;0.940733;-0.338389;-0.022095;4.55E-4;-0.017503;0.385388;-0.940733;-0.338389;-0.022095;-0.229256;0.631867;0.219773;-0.940733;-0.338389;-0.022095;4.55E-4;0.025222;-0.268994;-0.940733;-0.338389;-0.022095;-0.229256;0.631867;0.219773;-0.940733;0.338389;-0.022095;4.55E-4;1.281238;0.385388;-0.940733;0.338389;-0.022095;4.55E-4;1.238512;-0.268994;-0.940733;0.338389;-0.022095;4.55E-4;0.025222;-0.268994;-0.877407;-0.38377;-0.28779;-0.214142;0.631867;-0.423712;-0.877407;-0.38377;-0.28779;4.55E-4;0.46394;-0.854015;-0.877407;-0.38377;-0.28779;-0.214142;0.631867;-0.423712;-0.853389;0.390057;-0.345744;4.55E-4;1.238512;-0.268994;-0.853389;0.390057;-0.345744;4.55E-4;0.71995;-0.854015;-0.853389;0.390057;-0.345744;4.55E-4;1.238512;-0.268994;0.853389;0.390057;-0.345744;0.215052;0.631867;-0.423712;0.853389;0.390057;-0.345744;4.55E-4;0.71995;-0.854015;0.853389;0.390057;-0.345744;0.215052;0.631867;-0.423712;0.877407;-0.38377;-0.28779;4.55E-4;0.025222;-0.268994;0.877407;-0.38377;-0.28779;4.55E-4;0.46394;-0.854015;0.877407;-0.38377;-0.28779;0.230165;0.631867;0.219773;0.940733;0.338389;-0.022095;0.215052;0.631867;-0.423712;0.940733;0.338389;-0.022095;4.55E-4;1.238512;-0.268994;0.940733;0.338389;-0.022095;0.215052;0.631867;-0.423712;0.940733;-0.338389;-0.022095;0.230165;0.631867;0.219773;0.940733;-0.338389;-0.022095;4.55E-4;0.025222;-0.268994;0.940733;-0.338389;-0.022095;-0.229256;0.631867;0.219773;-0.940733;-0.338389;-0.022095;-0.214142;0.631867;-0.423712;-0.940733;-0.338389;-0.022095;4.55E-4;0.025222;-0.268994;-0.940733;-0.338389;-0.022095;-0.214142;0.631867;-0.423712;-0.940733;0.338389;-0.022095;-0.229256;0.631867;0.219773;-0.940733;0.338389;-0.022095;4.55E-4;1.238512;-0.268994;-0.940733;0.338389;-0.022095
8
MATERIAL;second;0;count;5;CUSTOM;0.529491;0.361318;0.408808;100;ORANGE;10000;YELLOW;20000;LIGHT_BLUE;100000;WHITE;500000
INFO;NameId;391;DescId;392;price;1860;dpPerMin;36;range;2;placeSound;splash
LIFE;averagePop;6.0;averageLife;17.0;popFactors;1;0.15;breedMat;8.5;breedTime;6.148762;parentId;14;breed;150;reqs;2;MATERIAL;colour;PINK;LIFE;type;2;enviroType;0;classification;pnw13;count;2;FLOAT_DEATH;deathRot;180;enviroReqCount;4;reqId;2;barren;0;goodBiomes;2;2;9;idealFactor;100;influence;0.9;reqId;5;likedSpecies;1;pnw13;influence;0.8;reqId;3;badBiomes;1;5;influence;0.8;reqId;6;dislikedSpecies;1;ers166;influence;0.55
GROWTH;dynamic;1;growthTime;5.6666665;modelStages;2
MOVEMENT;9;speed;0.5;xRot;2;minRot;-17;maxRot;17;rockSpeed;2.8;swimHeight;4;eggStage;0;swimFactor;1;swimInertia;0.25
AI;SWIM
FLEE;safeRange;2.2;land;0;swim;1;
FOOD;1;903;35;WHOLE;PARTICLE_DEATH;isColour;1;Spawn;0;PPS;8;Speed;0.6;Gravity;0.2;Life;0.5;Scale;0.02;Colour;0.7;0.2;0.2;Additive;0;Alpha;1;FadeIn;0.1;FadeOut;0.8;HasDir;1;Dir;0;1;0;Deviation;0.3;Offset;0;0;0;LifeError;0.4;ScaleError;0.1;SpeedError;0.1;RandomRot;1;HasXRot;0
