0.6;
ef
0;1
1
-1.229455;0.005205;-0.932584;1.590361;1.876331;1.158458;1
18;1
18;0.59452456;1.0;0.9212744
-0.525223;0.121736;-0.932584;-0.0511;-0.9983;-0.0263;1.590361;0.005205;-0.618433;-0.0511;-0.9983;-0.0263;0.150717;0.032075;1.158458;-0.0511;-0.9983;-0.0263;0.150717;0.032075;1.158458;0.7501;0.27;0.6037;1.590361;0.005205;-0.618433;0.7501;0.27;0.6037;0.425516;1.876331;-0.007985;0.7501;0.27;0.6037;0.425516;1.876331;-0.007985;0.1562;0.3929;-0.9062;1.590361;0.005205;-0.618433;0.1562;0.3929;-0.9062;-0.525223;0.121736;-0.932584;0.1562;0.3929;-0.9062;0.425516;1.876331;-0.007985;-0.4675;0.5969;-0.652;-0.525223;0.121736;-0.932584;-0.4675;0.5969;-0.652;-1.229455;1.129555;0.494971;-0.4675;0.5969;-0.652;0.150717;0.032075;1.158458;0.0168;0.5327;0.8462;0.425516;1.876331;-0.007985;0.0168;0.5327;0.8462;-1.229455;1.129555;0.494971;0.0168;0.5327;0.8462;-0.525223;0.121736;-0.932584;-0.6644;-0.7245;0.1837;0.150717;0.032075;1.158458;-0.6644;-0.7245;0.1837;-1.229455;1.129555;0.494971;-0.6644;-0.7245;0.1837
5
INFO;NameId;1038;DescId;1039;price;8000;dpPerMin;0;range;2;placeSound;thud
DECAY;4
FOOD;1;906;10;WHOLE;PARTICLE_DEATH;isColour;1;Spawn;0;PPS;8;Speed;0.6;Gravity;0.2;Life;0.5;Scale;0.05;Colour;0.59452456;1.0;0.9212744;Additive;0;Alpha;1;FadeIn;0.1;FadeOut;0.8;HasDir;1;Dir;0;1;0;Deviation;0.3;Offset;0;0;0;LifeError;0.4;ScaleError;0.1;SpeedError;0.1;RandomRot;1;HasXRot;0
PARTICLES;isColour;0;spawn;1;0.7;PPS;6;Speed;0;Gravity;-0.01;Life;15;Scale;0.35;atlas;2;HasDir;0;Offset;0;0.4;0;LifeError;0.29;ScaleError;0.35;SpeedError;0.3;RandRot;1;HasXRot;0;range;15;stages;1;0;takesMaterial;0
HEALER;PARTICLE_DEATH;isColour;0;Spawn;0;PPS;10;Speed;0.8;Gravity;0.15;Life;0.5;Scale;0.1;atlas;2;HasDir;1;Dir;0;1;0;Deviation;0.3;Offset;0;0;0;LifeError;0.4;ScaleError;0.15;SpeedError;0.25;RandomRot;1;HasXRot;0
