1
pnw
1;0;-0.2
3
-0.233507;0.004884;-0.316927;0.340735;0.228895;0.308744;1
54;1
54;0.185808;0.273831;0.083834
-0.230099;0.116874;0.179514;0.488479;0.38023;-0.785333;-0.201861;0.189738;0.232357;0.488479;0.38023;-0.785333;-0.141979;0.116874;0.234325;0.488479;0.38023;-0.785333;-0.141979;0.116874;0.234325;0.435865;0.38023;0.815699;-0.201861;0.189738;0.232357;0.435865;0.38023;0.815699;-0.233507;0.116874;0.283234;0.435865;0.38023;0.815699;-0.233507;0.116874;0.283234;-0.924375;0.38023;-0.030366;-0.201861;0.189738;0.232357;-0.924375;0.38023;-0.030366;-0.230099;0.116874;0.179514;-0.924375;0.38023;-0.030366;-0.233507;0.116874;0.283234;-0.924314;-0.380352;-0.030366;-0.230099;0.116874;0.179514;-0.924314;-0.380352;-0.030366;-0.201861;0.044033;0.232357;-0.924314;-0.380352;-0.030366;-0.141979;0.116874;0.234325;0.435835;-0.380352;0.815668;-0.233507;0.116874;0.283234;0.435835;-0.380352;0.815668;-0.201861;0.044033;0.232357;0.435835;-0.380352;0.815668;-0.230099;0.116874;0.179514;0.488449;-0.380352;-0.785302;-0.141979;0.116874;0.234325;0.488449;-0.380352;-0.785302;-0.201861;0.044033;0.232357;0.488449;-0.380352;-0.785302;0.340735;0.116872;0.199685;0.632191;0.38023;0.675069;0.251025;0.228895;0.220597;0.632191;0.38023;0.675069;0.224281;0.116872;0.308744;0.632191;0.38023;0.675069;0.224281;0.116872;0.308744;-0.900723;0.38023;0.209967;0.251025;0.228895;0.220597;-0.900723;0.38023;0.209967;0.18806;0.116872;0.153362;-0.900723;0.38023;0.209967;0.18806;0.116872;0.153362;0.268502;0.38023;-0.885037;0.251025;0.228895;0.220597;0.268502;0.38023;-0.885037;0.340735;0.116872;0.199685;0.268502;0.38023;-0.885037;0.18806;0.116872;0.153362;0.268502;-0.380352;-0.884976;0.340735;0.116872;0.199685;0.268502;-0.380352;-0.884976;0.251025;0.004884;0.220597;0.268502;-0.380352;-0.884976;0.224281;0.116872;0.308744;-0.900662;-0.380352;0.209937;0.18806;0.116872;0.153362;-0.900662;-0.380352;0.209937;0.251025;0.004884;0.220597;-0.900662;-0.380352;0.209937;0.340735;0.116872;0.199685;0.63216;-0.380352;0.675039;0.224281;0.116872;0.308744;0.63216;-0.380352;0.675039;0.251025;0.004884;0.220597;0.63216;-0.380352;0.675039;0.070234;0.116873;-0.316927;0.909452;0.38023;-0.168096;0.046377;0.203673;-0.249658;0.909452;0.38023;-0.168096;0.092706;0.116873;-0.195363;0.909452;0.38023;-0.168096;0.092706;0.116873;-0.195363;-0.309122;0.38023;0.87167;0.046377;0.203673;-0.249658;-0.309122;0.38023;0.87167;-0.023808;0.116873;-0.236684;-0.309122;0.38023;0.87167;-0.023808;0.116873;-0.236684;-0.60033;0.38023;-0.703543;0.046377;0.203673;-0.249658;-0.60033;0.38023;-0.703543;0.070234;0.116873;-0.316927;-0.60033;0.38023;-0.703543;-0.023808;0.116873;-0.236684;-0.600299;-0.380352;-0.703513;0.070234;0.116873;-0.316927;-0.600299;-0.380352;-0.703513;0.046377;0.030101;-0.249658;-0.600299;-0.380352;-0.703513;0.092706;0.116873;-0.195363;-0.309122;-0.380352;0.871639;-0.023808;0.116873;-0.236684;-0.309122;-0.380352;0.871639;0.046377;0.030101;-0.249658;-0.309122;-0.380352;0.871639;0.070234;0.116873;-0.316927;0.909421;-0.380352;-0.168096;0.092706;0.116873;-0.195363;0.909421;-0.380352;-0.168096;0.046377;0.030101;-0.249658;0.909421;-0.380352;-0.168096
-0.771727;-0.091065;-0.709008;0.807398;0.319425;0.864678;2
90;2
36;0.525;0.729;0.439
-0.300489;0.155445;0.322117;0.073122;0.626026;0.77633;-0.530626;0.155445;0.343801;0.073122;0.626026;0.77633;-0.377953;0.02536;0.434317;0.073122;0.626026;0.77633;-0.530626;0.155445;0.343801;0.672872;0.735618;-0.0777;-0.505792;0.155445;0.558798;0.672872;0.735618;-0.0777;-0.377953;0.02536;0.434317;0.672872;0.735618;-0.0777;-0.505792;0.155445;0.558798;0.008362;0.695608;-0.718345;-0.263666;0.155445;0.561621;0.008362;0.695608;-0.718345;-0.377953;0.02536;0.434317;0.008362;0.695608;-0.718345;-0.263666;0.155445;0.561621;-0.80224;0.584094;0.123325;-0.300489;0.155445;0.322117;-0.80224;0.584094;0.123325;-0.377953;0.02536;0.434317;-0.80224;0.584094;0.123325;0.226932;0.205767;-0.323013;-0.716819;0.690481;-0.096774;0.274025;0.205767;-0.6718;-0.716819;0.690481;-0.096774;0.083214;0.033086;-0.490578;-0.716819;0.690481;-0.096774;0.274025;0.205767;-0.6718;-0.073428;0.759484;0.646352;-0.053391;0.205767;-0.709008;-0.073428;0.759484;0.646352;0.083214;0.033086;-0.490578;-0.073428;0.759484;0.646352;-0.053391;0.205767;-0.709008;0.663625;0.730247;0.162267;-0.14096;0.205767;-0.35088;0.663625;0.730247;0.162267;0.083214;0.033086;-0.490578;0.663625;0.730247;0.162267;-0.14096;0.205767;-0.35088;0.056001;0.670888;-0.739402;0.226932;0.205767;-0.323013;0.056001;0.670888;-0.739402;0.083214;0.033086;-0.490578;0.056001;0.670888;-0.739402;0.807398;0.207699;0.408671;-0.433454;0.755669;0.490921;0.486031;0.207699;0.124912;-0.433454;0.755669;0.490921;0.536038;0.02536;0.449744;-0.433454;0.755669;0.490921;0.486031;0.207699;0.124912;0.439772;0.810327;0.387158;0.199674;0.207699;0.450191;0.439772;0.810327;0.387158;0.536038;0.02536;0.449744;0.439772;0.810327;0.387158;0.199674;0.207699;0.450191;0.416181;0.768944;-0.485244;0.524353;0.207699;0.728658;0.416181;0.768944;-0.485244;0.536038;0.02536;0.449744;0.416181;0.768944;-0.485244;0.524353;0.207699;0.728658;-0.538835;0.694571;-0.476638;0.807398;0.207699;0.408671;-0.538835;0.694571;-0.476638;0.536038;0.02536;0.449744;-0.538835;0.694571;-0.476638
54;-1;0;0
-0.042359;0.116735;0.230148;-0.797967;0.388501;-0.460707;0.105666;0.319425;0.144686;-0.797967;0.388501;-0.460707;0.105666;0.116735;-0.026239;-0.797967;0.388501;-0.460707;0.105666;0.116735;-0.026239;0.797967;0.388501;-0.460707;0.105666;0.319425;0.144686;0.797967;0.388501;-0.460707;0.253691;0.116735;0.230148;0.797967;0.388501;-0.460707;0.253691;0.116735;0.230148;0.0;0.388501;0.921415;0.105666;0.319425;0.144686;0.0;0.388501;0.921415;-0.042359;0.116735;0.230148;0.0;0.388501;0.921415;0.253691;0.116735;0.230148;0.0;-0.380352;0.924833;-0.042359;0.116735;0.230148;0.0;-0.380352;0.924833;0.105666;-0.091065;0.144686;0.0;-0.380352;0.924833;0.105666;0.116735;-0.026239;0.800928;-0.380352;-0.462416;0.253691;0.116735;0.230148;0.800928;-0.380352;-0.462416;0.105666;-0.091065;0.144686;0.800928;-0.380352;-0.462416;-0.042359;0.116735;0.230148;-0.800928;-0.380352;-0.462416;0.105666;0.116735;-0.026239;-0.800928;-0.380352;-0.462416;0.105666;-0.091065;0.144686;-0.800928;-0.380352;-0.462416;-0.771727;0.116893;-0.228283;-0.404523;0.390301;-0.827021;-0.609983;0.308099;-0.217155;-0.404523;0.390301;-0.827021;-0.519474;0.116893;-0.351665;-0.404523;0.390301;-0.827021;-0.519474;0.116893;-0.351665;0.918485;0.390301;0.063173;-0.609983;0.308099;-0.217155;0.918485;0.390301;0.063173;-0.538748;0.116893;-0.071516;0.918485;0.390301;0.063173;-0.538748;0.116893;-0.071516;-0.513962;0.390301;0.763848;-0.609983;0.308099;-0.217155;-0.513962;0.390301;0.763848;-0.771727;0.116893;-0.228283;-0.513962;0.390301;0.763848;-0.538748;0.116893;-0.071516;-0.516282;-0.380352;0.767296;-0.771727;0.116893;-0.228283;-0.516282;-0.380352;0.767296;-0.609983;-0.080211;-0.217155;-0.516282;-0.380352;0.767296;-0.519474;0.116893;-0.351665;0.922636;-0.380352;0.063478;-0.538748;0.116893;-0.071516;0.922636;-0.380352;0.063478;-0.609983;-0.080211;-0.217155;0.922636;-0.380352;0.063478;-0.771727;0.116893;-0.228283;-0.406323;-0.380352;-0.830775;-0.519474;0.116893;-0.351665;-0.406323;-0.380352;-0.830775;-0.609983;-0.080211;-0.217155;-0.406323;-0.380352;-0.830775;0.110329;0.116871;0.698574;0.488479;0.38023;-0.785333;0.15555;0.233561;0.783202;0.488479;0.38023;-0.785333;0.251451;0.116871;0.786353;0.488479;0.38023;-0.785333;0.251451;0.116871;0.786353;0.435865;0.38023;0.815699;0.15555;0.233561;0.783202;0.435865;0.38023;0.815699;0.104871;0.116871;0.864678;0.435865;0.38023;0.815699;0.104871;0.116871;0.864678;-0.924375;0.38023;-0.030366;0.15555;0.233561;0.783202;-0.924375;0.38023;-0.030366;0.110329;0.116871;0.698574;-0.924375;0.38023;-0.030366;0.104871;0.116871;0.864678;-0.924314;-0.380352;-0.030366;0.110329;0.116871;0.698574;-0.924314;-0.380352;-0.030366;0.15555;2.19E-4;0.783202;-0.924314;-0.380352;-0.030366;0.251451;0.116871;0.786353;0.435835;-0.380352;0.815668;0.104871;0.116871;0.864678;0.435865;-0.380352;0.815668;0.15555;2.19E-4;0.783202;0.435865;-0.380352;0.815668;0.110329;0.116871;0.698574;0.488449;-0.380352;-0.785302;0.251451;0.116871;0.786353;0.488449;-0.380352;-0.785302;0.15555;2.19E-4;0.783202;0.488449;-0.380352;-0.785302
-1.742425;-0.1177;-1.943051;1.855076;0.400858;1.854545;2
108;3
9;1.0;0.597937;0.115278
0.336386;0.327734;0.380372;0.0;-1.0;0.0;0.046681;0.327734;0.380372;0.0;-1.0;0.0;0.191533;0.327734;0.129481;0.0;-1.0;0.0;0.491441;0.298462;1.573829;0.0;-1.0;0.0;0.272596;0.298462;1.698209;0.0;-1.0;0.0;0.274303;0.298462;1.446493;0.0;-1.0;0.0;-1.367068;0.294099;-0.484648;0.0;-1.0;0.0;-1.122023;0.294099;-0.597773;0.0;-1.0;0.0;-1.146576;0.294099;-0.328996;0.0;-1.0;0.0
45;0.525;0.729;0.439
-0.449284;0.114094;1.615045;-0.070254;0.997253;-0.022828;-0.144015;0.114094;0.675523;-0.070254;0.997253;-0.022828;-0.94322;0.063732;0.9352;-0.070254;0.997253;-0.022828;-0.94322;0.114094;0.094867;0.043397;0.997253;0.059755;-1.742425;0.114094;0.675523;0.043397;0.997253;0.059755;-0.94322;0.063732;0.9352;0.043397;0.997253;0.059755;-0.144015;0.114094;0.675523;-0.043397;0.997253;0.059755;-0.94322;0.114094;0.094867;-0.043397;0.997253;0.059755;-0.94322;0.063732;0.9352;-0.043397;0.997253;0.059755;-1.742425;0.114094;0.675523;0.070254;0.997253;-0.022828;-1.437156;0.114094;1.615045;0.070254;0.997253;-0.022828;-0.94322;0.063732;0.9352;0.070254;0.997253;-0.022828;-1.437156;0.114094;1.615045;0.0;0.997253;-0.073855;-0.449284;0.114094;1.615045;0.0;0.997253;-0.073855;-0.94322;0.063732;0.9352;0.0;0.997253;-0.073855;0.290015;0.111875;0.039232;-0.058657;0.996307;-0.062655;1.200554;0.111875;-0.813553;-0.058657;0.996307;-0.062655;0.158406;0.037899;-1.013785;-0.058657;0.996307;-0.062655;0.670879;0.111875;-1.943051;0.01062;0.996307;0.085177;-0.567016;0.111875;-1.788335;0.01062;0.996307;0.085177;0.158406;0.037899;-1.013785;0.01062;0.996307;0.085177;1.200554;0.111875;-0.813553;-0.0777;0.996307;0.036439;0.670879;0.111875;-1.943051;-0.0777;0.996307;0.036439;0.158406;0.037899;-1.013785;-0.0777;0.996307;0.036439;-0.567016;0.111875;-1.788335;0.084292;0.996307;0.016175;-0.802403;0.111875;-0.563217;0.084292;0.996307;0.016175;0.158406;0.037899;-1.013785;0.084292;0.996307;0.016175;-0.802403;0.111875;-0.563217;0.041444;0.996307;-0.075167;0.290015;0.111875;0.039232;0.041444;0.996307;-0.075167;0.158406;0.037899;-1.013785;0.041444;0.996307;-0.075167;1.776132;0.112266;1.569528;-0.073733;0.997253;-0.004975;1.855076;0.112266;0.404231;-0.073733;0.997253;-0.004975;1.013657;0.052689;0.932551;-0.073733;0.997253;-0.004975;0.771208;0.112266;-0.030946;0.056703;0.997253;0.047365;0.022396;0.112266;0.865398;0.056703;0.997253;0.047365;1.013657;0.052689;0.932551;0.056703;0.997253;0.047365;1.855076;0.112266;0.404231;-0.027528;0.997253;0.068575;0.771208;0.112266;-0.030946;-0.027528;0.997253;0.068575;1.013657;0.052689;0.932551;-0.027528;0.997253;0.068575;0.022396;0.112266;0.865398;0.062593;0.997253;-0.039277;0.643474;0.112266;1.854545;0.062593;0.997253;-0.039277;1.013657;0.052689;0.932551;0.062593;0.997253;-0.039277;0.643474;0.112266;1.854545;-0.018036;0.997253;-0.071657;1.776132;0.112266;1.569528;-0.018036;0.997253;-0.071657;1.013657;0.052689;0.932551;-0.018036;0.997253;-0.071657
54;-1;0;0
0.651933;0.400858;0.555869;0.772881;-0.451125;-0.446211;0.197917;-0.1177;0.293743;0.772881;-0.451125;-0.446211;0.197917;0.400858;-0.230509;0.772881;-0.451125;-0.446211;0.197917;0.400858;-0.230509;-0.772881;-0.451125;-0.446211;0.197917;-0.1177;0.293743;-0.772881;-0.451125;-0.446211;-0.256098;0.400858;0.555869;-0.772881;-0.451125;-0.446211;-1.049869;0.355232;-0.090077;0.887539;-0.451125;0.093265;-1.217846;-0.05327;-0.467358;0.887539;-0.451125;0.093265;-0.975098;0.355232;-0.801471;0.88757;-0.451125;0.093265;0.651933;0.400858;0.555869;-0.427351;0.869747;0.246712;0.197917;0.400858;-0.230509;-0.427351;0.869747;0.246712;0.197917;0.252139;0.293743;-0.427351;0.869747;0.246712;-0.256098;0.400858;0.555869;0.0;-0.451125;0.892453;0.197917;-0.1177;0.293743;0.0;-0.451125;0.892453;0.651933;0.400858;0.555869;0.0;-0.451125;0.892453;-0.256098;0.400858;0.555869;0.0;0.869747;-0.493454;0.651933;0.400858;0.555869;0.0;0.869747;-0.493454;0.197917;0.252139;0.293743;0.0;0.869747;-0.493454;-1.628569;0.355232;-0.510527;0.29371;0.866176;-0.404279;-1.049869;0.355232;-0.090077;0.29371;0.866176;-0.404279;-1.217846;0.236098;-0.467358;0.29371;0.866176;-0.404279;0.197917;0.400858;-0.230509;0.427351;0.869747;0.246712;-0.256098;0.400858;0.555869;0.427351;0.869747;0.246712;0.197917;0.252139;0.293743;0.427351;0.869747;0.246712;-1.628569;0.355232;-0.510527;-0.524552;-0.451125;0.722007;-1.217846;-0.05327;-0.467358;-0.524552;-0.451125;0.722007;-1.049869;0.355232;-0.090077;-0.524552;-0.451125;0.722007;-0.975098;0.355232;-0.801471;-0.362987;-0.451125;-0.815271;-1.217846;-0.05327;-0.467358;-0.362987;-0.451125;-0.815271;-1.628569;0.355232;-0.510527;-0.362987;-0.451125;-0.815271;-0.975098;0.355232;-0.801471;0.203253;0.866176;0.456526;-1.628569;0.355232;-0.510527;0.203253;0.866176;0.456526;-1.217846;0.236098;-0.467358;0.203253;0.866176;0.456526;-1.049869;0.355232;-0.090077;-0.496994;0.866176;-0.052217;-0.975098;0.355232;-0.801471;-0.496994;0.866176;-0.052217;-1.217846;0.236098;-0.467358;-0.496994;0.866176;-0.052217;0.676594;0.33379;1.589075;0.478866;-0.451125;-0.753075;0.350645;0.011085;1.575117;0.478866;-0.451125;-0.753075;0.199759;0.33379;1.285857;0.478866;-0.451125;-0.753075;0.175582;0.33379;1.850418;-0.233802;0.862789;-0.448225;0.676594;0.33379;1.589075;-0.233802;0.862789;-0.448225;0.350645;0.238206;1.575117;-0.233802;0.862789;-0.448225;0.175582;0.33379;1.850418;0.412732;-0.451125;0.791253;0.350645;0.011085;1.575117;0.412732;-0.451125;0.791253;0.676594;0.33379;1.589075;0.412732;-0.451125;0.791253;0.199759;0.33379;1.285857;-0.891629;-0.451125;-0.038179;0.350645;0.011085;1.575117;-0.891629;-0.451125;-0.038179;0.175582;0.33379;1.850418;-0.891629;-0.451125;-0.038179;0.199759;0.33379;1.285857;0.505081;0.862789;0.021607;0.175582;0.33379;1.850418;0.505081;0.862789;0.021607;0.350645;0.238206;1.575117;0.505081;0.862789;0.021607;0.676594;0.33379;1.589075;-0.271279;0.862789;0.426588;0.199759;0.33379;1.285857;-0.271279;0.862789;0.426588;0.350645;0.238206;1.575117;-0.271279;0.862789;0.426588
6
SPREADER;2;0;0;0;14;5
MATERIAL;second;0;count;10;CUSTOM;0.75;0.525;0.8;2000;YELLOW;50000;LILAC;60000;RED;50000;LIGHT_BLUE;60000;BEIGE;70000;DARK_ORANGE;90000;DARK_BLUE;100000;WHITE;200000;BLACK;500000
INFO;NameId;507;DescId;508;price;1100;dpPerMin;0;range;2;placeSound;grassPlace
LIFE;averagePop;4.8;averageLife;9.6;popFactors;1;0.02;breedMat;4.8;breedTime;3.4736817;parentId;17;count;150;reqs;2;LIFE;type;2;enviroType;0;classification;afs15;count;2;LIFE;type;2;enviroType;3;min;-100;max;-4;FADE_DEATH;0.5;enviroReqCount;2;reqId;2;growsBarren;0;biomes;3;2;6;5;idealFactor;85;influence;0.8;reqId;5;likedSpecies;1;af;influence;0.5
GROWTH;dynamic;0;growthTime;3.2;modelStages;3;subStages;2
LILY
