1
pnw
1;0;-0.2
3
-0.498581;-0.039679;-0.263868;0.418553;0.553777;0.196401;1
78;2
24;-1;0;0
-0.268032;-0.039679;0.144425;-0.676168;0.114414;-0.727775;-0.217728;0.553777;0.190994;-0.676168;0.114414;-0.727775;-0.139201;-0.039679;0.024728;-0.676168;0.114414;-0.727775;-0.139201;-0.039679;0.024728;0.65276;0.283212;-0.702597;-0.217728;0.553777;0.190994;0.65276;0.283212;-0.702597;-0.01037;-0.039679;0.144425;0.65276;0.283212;-0.702597;0.056551;-0.026337;-0.163538;0.0;-0.999969;0.0;0.222475;-0.026337;-0.150261;0.0;-1.0;0.0;0.03113;-0.026337;9.64E-4;0.0;-1.0;0.0;0.222475;-0.026337;-0.150261;0.578722;0.358867;0.732261;0.122625;0.36649;-0.263868;0.578722;0.358867;0.732261;0.03113;-0.026337;9.64E-4;0.578722;0.358867;0.732261;-0.01037;-0.039679;0.144425;0.0;-0.078219;0.996918;-0.217728;0.553777;0.190994;0.0;-0.078219;0.996918;-0.268032;-0.039679;0.144425;0.0;-0.078219;0.996918;0.056551;-0.026337;-0.163538;0.077029;-0.258858;-0.962828;0.122625;0.36649;-0.263868;0.077029;-0.258858;-0.962828;0.222475;-0.026337;-0.150261;0.077029;-0.258858;-0.962828;0.03113;-0.026337;9.64E-4;-0.980346;0.126194;-0.151494;0.122625;0.36649;-0.263868;-0.980346;0.126194;-0.151494;0.056551;-0.026337;-0.163538;-0.980346;0.126194;-0.151494;-0.139201;-0.039679;0.024728;0.0;-1.0;0.0;-0.01037;-0.039679;0.144425;0.0;-1.0;0.0;-0.268032;-0.039679;0.144425;0.0;-1.0;0.0
54;0.12186;0.061766;0.043406
-0.394137;1.8E-4;-0.086686;0.625568;-0.716544;0.308512;-0.271198;0.075617;-0.16076;0.625568;-0.716544;0.308512;-0.325317;0.09372;-0.008988;0.625568;-0.716544;0.308512;-0.325317;0.09372;-0.008988;0.408979;0.911771;0.03708;-0.271198;0.075617;-0.16076;0.408979;0.911771;0.03708;-0.412313;0.136831;-0.109467;0.408979;0.911771;0.03708;-0.412313;0.136831;-0.109467;-0.411023;-0.202826;-0.88876;-0.271198;0.075617;-0.16076;-0.411023;-0.202826;-0.88876;-0.394137;1.8E-4;-0.086686;-0.411023;-0.202826;-0.88876;0.137547;0.093785;0.196401;-0.032472;0.956267;0.290567;0.148771;0.132463;0.070374;-0.032472;0.956267;0.290567;0.033113;0.11243;0.123373;-0.032472;0.956267;0.290567;0.148771;0.132463;0.070374;0.180517;-0.278451;-0.943327;0.257133;0.035531;0.119725;0.180517;-0.278451;-0.943327;0.107212;0.010056;0.098554;0.180517;-0.278451;-0.943327;0.137547;0.093785;0.196401;0.562243;0.77517;0.287973;0.257133;0.035531;0.119725;0.562243;0.77517;0.287973;0.148771;0.132463;0.070374;0.562243;0.77517;0.287973;0.107212;0.010056;0.098554;0.039277;-0.76516;0.642598;0.257133;0.035531;0.119725;0.039277;-0.76516;0.642598;0.137547;0.093785;0.196401;0.039277;-0.76516;0.642598;-0.325317;0.09372;-0.008988;-0.040925;0.904874;0.423688;-0.412313;0.136831;-0.109467;-0.040925;0.904874;0.423688;-0.498581;0.065095;0.035399;-0.040925;0.904874;0.423688;-0.394137;1.8E-4;-0.086686;0.280618;-0.726981;0.626637;-0.325317;0.09372;-0.008988;0.280618;-0.726981;0.626637;-0.498581;0.065095;0.035399;0.280618;-0.726981;0.626637;-0.412313;0.136831;-0.109467;-0.79461;-0.201178;-0.572802;-0.394137;1.8E-4;-0.086686;-0.79461;-0.201178;-0.572802;-0.498581;0.065095;0.035399;-0.79461;-0.201178;-0.572802;0.107212;0.010056;0.098554;-0.542985;-0.54738;0.636769;0.137547;0.093785;0.196401;-0.542985;-0.54738;0.636769;0.033113;0.11243;0.123373;-0.542985;-0.54738;0.636769;0.148771;0.132463;0.070374;-0.405103;-0.072268;-0.911374;0.107212;0.010056;0.098554;-0.405103;-0.072268;-0.911374;0.033113;0.11243;0.123373;-0.405103;-0.072268;-0.911374;0.281491;0.124031;0.031771;-0.399152;0.851253;-0.340587;0.316977;0.095557;-0.080984;-0.399152;0.851253;-0.340587;0.210967;0.062109;-0.040344;-0.399152;0.851253;-0.340587;0.316977;0.095557;-0.080984;0.541429;-0.616504;-0.571581;0.418553;0.093978;0.016939;0.541429;-0.616504;-0.571581;0.30704;0.008591;0.003407;0.541429;-0.616504;-0.571581;0.281491;0.124031;0.031771;0.191595;0.964202;-0.183172;0.418553;0.093978;0.016939;0.191595;0.964202;-0.183172;0.316977;0.095557;-0.080984;0.191595;0.964202;-0.183172;0.30704;0.008591;0.003407;0.055513;-0.2266;0.972381;0.418553;0.093978;0.016939;0.055513;-0.2266;0.972381;0.281491;0.124031;0.031771;0.055513;-0.2266;0.972381;0.30704;0.008591;0.003407;-0.531968;-0.311197;0.787469;0.281491;0.124031;0.031771;-0.531968;-0.311197;0.787469;0.210967;0.062109;-0.040344;-0.531968;-0.311197;0.787469;0.316977;0.095557;-0.080984;-0.057619;-0.691824;-0.719718;0.30704;0.008591;0.003407;-0.057619;-0.691824;-0.719718;0.210967;0.062109;-0.040344;-0.057619;-0.691824;-0.719718
-0.495399;-0.009833;-0.4107;0.492938;1.361742;0.363983;2
63;1
63;-1;0;0;0.3
-0.035951;-0.009833;0.118324;0.472915;0.070956;-0.878231;-0.148752;-0.009833;0.057579;0.472915;0.070956;-0.878231;-0.15297;0.68842;0.111731;0.472915;0.070956;-0.878231;-0.259085;-0.009833;0.1227;0.019593;0.012696;0.999725;-0.035951;-0.009833;0.118324;0.019593;0.012696;0.999725;-0.15297;0.68842;0.111731;0.019593;0.012696;0.999725;-0.148752;-0.009833;0.057579;-0.50795;-0.035401;-0.860622;-0.259085;-0.009833;0.1227;-0.50795;-0.035401;-0.860622;-0.223699;0.707546;0.072301;-0.50795;-0.035401;-0.860622;0.239372;-0.009833;0.021587;-0.686972;0.335215;0.644704;0.305993;-0.009833;0.092574;-0.686972;0.335215;0.644704;0.492938;1.082558;-0.276196;-0.686972;0.335215;0.644704;0.305993;-0.009833;0.092574;0.943083;-0.239326;-0.230873;0.265667;-0.009833;-0.072147;0.943083;-0.239326;-0.230873;0.492938;1.082558;-0.276196;0.943083;-0.239326;-0.230873;0.265667;-0.009833;-0.072147;-0.952178;0.148198;-0.267098;0.239372;-0.009833;0.021587;-0.952178;0.148198;-0.267098;0.492938;1.082558;-0.276196;-0.952178;0.148198;-0.267098;-0.15297;0.68842;0.111731;0.520249;0.226112;-0.823511;-0.223699;0.707546;0.072301;0.520249;0.226112;-0.823511;-0.106313;1.361742;0.326101;0.520249;0.226112;-0.823511;-0.29288;0.726253;0.114572;-0.061495;-0.298898;0.952269;-0.15297;0.68842;0.111731;-0.061495;-0.298898;0.952269;-0.106313;1.361742;0.326101;-0.061495;-0.298898;0.952269;-0.223699;0.707546;0.072301;-0.399701;0.392987;-0.828089;-0.29288;0.726253;0.114572;-0.399701;0.392987;-0.828089;-0.106313;1.361742;0.326101;-0.399701;0.392987;-0.828089;0.160583;-0.009833;0.086932;-0.132115;0.286416;-0.948912;0.033691;-0.009833;0.104602;-0.132115;0.286416;-0.948912;0.359437;0.999748;0.363983;-0.132115;0.286416;-0.948912;0.24134;-0.009833;0.186392;0.776147;0.020051;-0.630177;0.160583;-0.009833;0.086932;0.776147;0.020051;-0.630177;0.359437;0.999748;0.363983;0.776147;0.020051;-0.630177;0.033691;-0.009833;0.104602;-0.363811;-0.119907;0.923704;0.24134;-0.009833;0.186392;-0.363811;-0.119907;0.923704;0.359437;0.999748;0.363983;-0.363811;-0.119907;0.923704;0.068117;-0.009833;-0.120171;-0.925504;-0.179662;-0.333323;0.02044;-0.009833;0.012209;-0.925504;-0.179662;-0.333323;-0.023172;0.999334;-0.4107;-0.925504;-0.179662;-0.333323;0.206073;-0.009833;-0.147839;-0.18833;-0.287393;-0.939085;0.068117;-0.009833;-0.120171;-0.18833;-0.287393;-0.939085;-0.023172;0.999334;-0.4107;-0.18833;-0.287393;-0.939085;0.02044;-0.009833;0.012209;0.617145;0.32664;0.715812;0.206073;-0.009833;-0.147839;0.617145;0.32664;0.715812;-0.023172;0.999334;-0.4107;0.617145;0.32664;0.715812;-0.431995;-0.009833;0.008908;0.594989;0.166265;0.78634;-0.254023;-0.009833;-0.125755;0.594989;0.166265;0.78634;-0.495399;0.815603;-0.117671;0.594989;0.166265;0.78634;-0.380989;-0.009833;-0.108618;-0.909482;-0.130375;-0.394696;-0.431995;-0.009833;0.008908;-0.909482;-0.130375;-0.394696;-0.495399;0.815603;-0.117671;-0.909482;-0.130375;-0.394696;-0.254023;-0.009833;-0.125755;-0.133671;-0.029389;-0.99057;-0.380989;-0.009833;-0.108618;-0.133671;-0.029389;-0.99057;-0.495399;0.815603;-0.117671;-0.133671;-0.029389;-0.99057;-0.148752;-0.009833;0.057579;0.500076;0.069948;-0.863124;-0.223699;0.707546;0.072301;0.500076;0.069948;-0.863124;-0.15297;0.68842;0.111731;0.500076;0.069948;-0.863124;-0.29288;0.726253;0.114572;0.02356;0.012116;0.999634;-0.259085;-0.009833;0.1227;0.02356;0.012116;0.999634;-0.15297;0.68842;0.111731;0.02356;0.012116;0.999634;-0.259085;-0.009833;0.1227;-0.527696;-0.03357;-0.84875;-0.29288;0.726253;0.114572;-0.527696;-0.03357;-0.84875;-0.223699;0.707546;0.072301;-0.527696;-0.03357;-0.84875
-0.87529;-0.160312;-0.834144;0.885587;2.993455;0.934549;2
135;1
135;-1;0;0;0.4
-0.292574;0.003045;0.194488;0.0;0.076907;0.997009;-0.107199;0.003045;0.194488;0.0;0.076907;0.997009;-0.264274;0.934843;0.122589;0.0;0.076907;0.997009;-0.107199;0.003045;0.194488;0.487167;0.01474;-0.873165;-0.199887;0.003045;0.142773;0.487167;0.01474;-0.873165;-0.264274;0.934843;0.122589;0.487167;0.01474;-0.873165;-0.199887;0.003045;0.142773;-0.481491;-0.153111;-0.862941;-0.292574;0.003045;0.194488;-0.481491;-0.153111;-0.862941;-0.334896;0.975605;0.045514;-0.481491;-0.153111;-0.862941;-0.334896;0.975605;0.045514;-0.569018;0.289651;-0.769585;-0.417043;0.971098;0.104555;-0.569018;0.289651;-0.769585;-0.156887;1.900968;0.262194;-0.569018;0.289651;-0.769585;-0.417043;0.971098;0.104555;-0.145634;-0.125584;0.981323;-0.264274;0.934843;0.122589;-0.145634;-0.125584;0.981323;-0.156887;1.900968;0.262194;-0.145634;-0.125584;0.981323;-0.264274;0.934843;0.122589;0.714713;-0.076296;-0.695212;-0.334896;0.975605;0.045514;0.714713;-0.076296;-0.695212;-0.088459;1.895337;0.19791;0.714713;-0.076296;-0.695212;-0.156887;1.900968;0.262194;-0.083193;0.092746;0.992187;-0.024358;1.896135;0.273761;-0.083193;0.092746;0.992187;-0.157069;2.993455;0.160051;-0.083193;0.092746;0.992187;-0.024358;1.896135;0.273761;0.76339;0.025422;-0.645405;-0.088459;1.895337;0.19791;0.76339;0.025422;-0.645405;-0.157069;2.993455;0.160051;0.76339;0.025422;-0.645405;-0.088459;1.895337;0.19791;-0.686056;-0.067812;-0.724357;-0.156887;1.900968;0.262194;-0.686056;-0.067812;-0.724357;-0.157069;2.993455;0.160051;-0.686056;-0.067812;-0.724357;-0.366848;-0.046085;-0.180174;-0.058809;0.042024;-0.997375;-0.536605;0.029431;-0.166978;-0.058809;0.042024;-0.997375;-0.776662;1.550337;-0.088722;-0.058809;0.042024;-0.997375;-0.589314;0.02108;-0.002058;0.642476;0.121586;0.756584;-0.366848;-0.046085;-0.180174;0.642476;0.121586;0.756584;-0.776662;1.550337;-0.088722;0.642476;0.121586;0.756584;-0.536605;0.029431;-0.166978;-0.932432;-0.18952;-0.307596;-0.589314;0.02108;-0.002058;-0.932432;-0.18952;-0.307596;-0.87529;1.534029;-0.067417;-0.932432;-0.18952;-0.307596;0.369008;0.022011;0.042562;-0.550676;0.136967;0.823359;0.474253;0.015877;0.113973;-0.550676;0.136967;0.823359;0.468596;1.532199;-0.14206;-0.550676;0.136967;0.823359;0.474253;0.015877;0.113973;0.929075;-0.058199;-0.365246;0.394988;-0.033461;-0.079787;0.929075;-0.058199;-0.365246;0.468596;1.532199;-0.14206;0.929075;-0.058199;-0.365246;0.394988;-0.033461;-0.079787;-0.977874;0.003113;-0.209052;0.369008;0.022011;0.042562;-0.977874;0.003113;-0.209052;0.44115;1.527366;-0.272231;-0.977874;0.003113;-0.209052;0.468596;1.532199;-0.14206;0.977935;-0.041566;-0.204627;0.44115;1.527366;-0.272231;0.977935;-0.041566;-0.204627;0.477258;2.634962;-0.324668;0.977935;-0.041566;-0.204627;0.44115;1.527366;-0.272231;-0.850551;0.002808;-0.525834;0.386266;1.52771;-0.183454;-0.850551;0.002808;-0.525834;0.477258;2.634962;-0.324668;-0.850551;0.002808;-0.525834;0.386266;1.52771;-0.183454;-0.450636;0.149266;0.880123;0.468596;1.532199;-0.14206;-0.450636;0.149266;0.880123;0.477258;2.634962;-0.324668;-0.450636;0.149266;0.880123;-0.852727;1.555171;0.02042;0.819056;-0.037416;0.572466;-0.776662;1.550337;-0.088722;0.819056;-0.037416;0.572466;-0.71332;2.327298;-0.128546;0.819056;-0.037416;0.572466;-0.776662;1.550337;-0.088722;-0.205756;-0.033326;-0.978027;-0.87529;1.534029;-0.067417;-0.205756;-0.033326;-0.978027;-0.71332;2.327298;-0.128546;-0.205756;-0.033326;-0.978027;-0.87529;1.534029;-0.067417;-0.957823;0.210608;0.195349;-0.852727;1.555171;0.02042;-0.957823;0.210608;0.195349;-0.71332;2.327298;-0.128546;-0.957823;0.210608;0.195349;0.259213;-0.160312;0.164797;0.581866;0.008057;-0.813227;0.175937;-0.05799;0.106227;0.581866;0.008057;-0.813227;0.885587;2.254225;0.636957;0.581866;0.008057;-0.813227;0.068131;-0.048187;0.173399;-0.05945;-0.176672;0.982452;0.259213;-0.160312;0.164797;-0.05945;-0.176672;0.982452;0.885587;2.254225;0.636957;-0.05945;-0.176672;0.982452;0.175937;-0.05799;0.106227;-0.480941;0.315592;-0.817957;0.068131;-0.048187;0.173399;-0.480941;0.315592;-0.817957;0.74504;2.293962;0.679087;-0.480941;0.315592;-0.817957;0.74504;2.293962;0.679087;0.131169;-0.464522;0.875759;0.885587;2.254225;0.636957;0.131169;-0.464522;0.875759;0.794505;2.789541;0.934549;0.131169;-0.464522;0.875759;0.885587;2.254225;0.636957;0.577105;0.469619;-0.668111;0.807938;2.294567;0.598241;0.577105;0.469619;-0.668111;0.794505;2.789541;0.934549;0.577105;0.469619;-0.668111;0.807938;2.294567;0.598241;-0.735527;0.366955;-0.569475;0.74504;2.293962;0.679087;-0.735527;0.366955;-0.569475;0.794505;2.789541;0.934549;-0.735527;0.366955;-0.569475;0.305527;0.01197;-0.181772;-0.013245;-0.279366;-0.960082;0.13895;-0.022396;-0.169468;-0.013245;-0.279366;-0.960082;-0.337025;2.28431;-0.834144;-0.013245;-0.279366;-0.960082;0.09994;-0.058614;-0.015701;0.50499;0.367046;0.781152;0.305527;0.01197;-0.181772;0.50499;0.367046;0.781152;-0.337025;2.28431;-0.834144;0.50499;0.367046;0.781152;0.13895;-0.022396;-0.169468;-0.914731;-0.274209;-0.29664;0.09994;-0.058614;-0.015701;-0.914731;-0.274209;-0.29664;-0.337025;2.28431;-0.834144;-0.914731;-0.274209;-0.29664;-0.417043;0.971098;0.104555;-0.098209;0.079501;0.991974;-0.292574;0.003045;0.194488;-0.098209;0.079501;0.991974;-0.264274;0.934843;0.122589;-0.098209;0.079501;0.991974;-0.199887;0.003045;0.142773;0.746483;0.037172;-0.664327;-0.334896;0.975605;0.045514;0.746483;0.037172;-0.664327;-0.264274;0.934843;0.122589;0.746483;0.037172;-0.664327;-0.292574;0.003045;0.194488;-0.571764;-0.148473;-0.806848;-0.417043;0.971098;0.104555;-0.571764;-0.148473;-0.806848;-0.334896;0.975605;0.045514;-0.571764;-0.148473;-0.806848;-0.088459;1.895337;0.19791;-0.642537;0.289682;-0.709342;-0.334896;0.975605;0.045514;-0.642537;0.289682;-0.709342;-0.156887;1.900968;0.262194;-0.642537;0.289682;-0.709342;-0.264274;0.934843;0.122589;-0.090945;-0.132481;0.986969;-0.024358;1.896135;0.273761;-0.090945;-0.132481;0.986969;-0.156887;1.900968;0.262194;-0.090945;-0.132481;0.986969;-0.024358;1.896135;0.273761;0.761193;-0.088961;-0.642354;-0.264274;0.934843;0.122589;0.761193;-0.088961;-0.642354;-0.088459;1.895337;0.19791;0.761193;-0.088961;-0.642354;-0.536605;0.029431;-0.166978;-0.213721;0.016511;-0.976745;-0.87529;1.534029;-0.067417;-0.213721;0.016511;-0.976745;-0.776662;1.550337;-0.088722;-0.213721;0.016511;-0.976745;-0.852727;1.555171;0.02042;0.815973;0.13184;0.562822;-0.589314;0.02108;-0.002058;0.815973;0.13184;0.562822;-0.776662;1.550337;-0.088722;0.815973;0.13184;0.562822;-0.589314;0.02108;-0.002058;-0.94467;-0.166326;0.282693;-0.852727;1.555171;0.02042;-0.94467;-0.166326;0.282693;-0.87529;1.534029;-0.067417;-0.94467;-0.166326;0.282693;0.386266;1.52771;-0.183454;-0.45088;0.137547;0.881893;0.369008;0.022011;0.042562;-0.45088;0.137547;0.881893;0.468596;1.532199;-0.14206;-0.45088;0.137547;0.881893;0.394988;-0.033461;-0.079787;0.977447;-0.054048;-0.204077;0.44115;1.527366;-0.272231;0.977447;-0.054048;-0.204077;0.468596;1.532199;-0.14206;0.977447;-0.054048;-0.204077;0.369008;0.022011;0.042562;-0.848659;-0.068972;-0.524369;0.386266;1.52771;-0.183454;-0.848659;-0.068972;-0.524369;0.44115;1.527366;-0.272231;-0.848659;-0.068972;-0.524369;0.175937;-0.05799;0.106227;0.469466;0.058107;-0.881008;0.807938;2.294567;0.598241;0.469466;0.058107;-0.881008;0.885587;2.254225;0.636957;0.469466;0.058107;-0.881008;0.74504;2.293962;0.679087;0.207862;-0.263466;0.941984;0.068131;-0.048187;0.173399;0.207862;-0.263466;0.941984;0.885587;2.254225;0.636957;0.207862;-0.263466;0.941984;0.807938;2.294567;0.598241;-0.748314;0.322275;-0.57976;0.175937;-0.05799;0.106227;-0.748314;0.322275;-0.57976;0.74504;2.293962;0.679087;-0.748314;0.322275;-0.57976
6
SPREADER;2;0;0;0;7;5
MATERIAL;second;0;count;7;CUSTOM;0.3608;0.5412;0.325;10000;MUD_GREEN;7000;LIGHT_GREEN;7000;CYAN;24000;LIGHT_PINK;100000;ORANGE;200000;DARK_PURPLE;600000
INFO;NameId;387;DescId;388;price;480;dpPerMin;0;range;2;placeSound;grassPlace
LIFE;averagePop;9.0;averageLife;5.0;popFactors;1;0.15;breedMat;2.5;breedTime;1.8083826;parentId;-1;FADE_DEATH;0.5;enviroReqCount;2;reqId;3;badBiomes;2;5;9;influence;0.8;reqId;2;barren;1;goodBiomes;1;2;ideal;10;influence;0.1
GROWTH;dynamic;0;growthTime;1.6666666;modelStages;3;subStages;2
FOOD;1;902;18;WHOLE;PARTICLE_DEATH;isColour;1;Spawn;0;PPS;8;Speed;0.6;Gravity;0.2;Life;0.5;Scale;0.05;Colour;0.3608;0.5412;0.325;Additive;0;Alpha;1;FadeIn;0.1;FadeOut;0.8;HasDir;1;Dir;0;1;0;Deviation;0.3;Offset;0;0;0;LifeError;0.4;ScaleError;0.1;SpeedError;0.1;RandomRot;1;HasXRot;0
