0.85
pc
0;1
3
-0.284838;-0.141847;-0.333458;0.25438;1.59579;0.386616;1
84;1
84;0.435;0.717;0.478;0.05
0.12216;-0.141584;-0.142628;-0.22187;-0.066836;-0.972777;-0.169399;-0.124818;-0.077279;-0.22187;-0.066836;-0.972777;-0.284838;1.139307;-0.137804;-0.22187;-0.066836;-0.972777;-0.169399;-0.124818;-0.077279;-0.908902;-0.063265;0.412122;-0.071199;-0.141847;0.136666;-0.908902;-0.063265;0.412122;-0.284838;1.139307;-0.137804;-0.908902;-0.063265;0.412122;-0.071199;-0.141847;0.136666;0.128513;-0.137028;0.982177;0.102412;-0.053786;0.126234;0.128513;-0.137028;0.982177;-0.15822;1.17697;0.332046;0.128513;-0.137028;0.982177;0.102412;-0.053786;0.126234;0.996979;-0.010681;0.076693;0.12216;-0.141584;-0.142628;0.996979;-0.010681;0.076693;0.146756;1.198497;-0.275401;0.996979;-0.010681;0.076693;0.146756;1.198497;-0.275401;-0.317728;0.135228;-0.938475;-0.284838;1.139307;-0.137804;-0.317728;0.135228;-0.938475;0.103783;1.490377;-0.218791;-0.317728;0.135228;-0.938475;-0.284838;1.139307;-0.137804;-0.957274;-0.111179;0.266884;-0.15822;1.17697;0.332046;-0.957274;-0.111179;0.266884;-0.233241;1.481121;0.189674;-0.957274;-0.111179;0.266884;-0.15822;1.17697;0.332046;0.344554;0.2378;0.908139;0.25438;1.117813;0.190988;0.344554;0.2378;0.908139;0.130356;1.480763;0.143;0.344554;0.2378;0.908139;0.25438;1.117813;0.190988;0.939756;0.299295;-0.165075;0.146756;1.198497;-0.275401;0.939756;0.299295;-0.165075;0.130356;1.480763;0.143;0.939756;0.299295;-0.165075;0.130356;1.480763;0.143;0.475234;0.879757;-0.011505;0.103783;1.490377;-0.218791;0.475234;0.879757;-0.011505;-0.086569;1.59579;-0.021105;0.475234;0.879757;-0.011505;0.103783;1.490377;-0.218791;-0.07593;0.847621;-0.525101;-0.208906;1.516817;-0.130884;-0.07593;0.847621;-0.525101;-0.086569;1.59579;-0.021105;-0.07593;0.847621;-0.525101;-0.208906;1.516817;-0.130884;-0.571642;0.819086;0.047792;-0.233241;1.481121;0.189674;-0.571642;0.819086;0.047792;-0.086569;1.59579;-0.021105;-0.571642;0.819086;0.047792;-0.233241;1.481121;0.189674;0.066591;0.856288;0.512162;0.130356;1.480763;0.143;0.066591;0.856288;0.512162;-0.086569;1.59579;-0.021105;0.066591;0.856288;0.512162;-0.200301;0.839849;-0.056246;-0.587756;-0.545976;-0.597003;-0.029803;0.959416;-0.333458;-0.587756;-0.545976;-0.597003;0.002563;0.750798;-0.174531;-0.587756;-0.545976;-0.597003;0.002563;0.750798;-0.174531;0.987182;0.034486;-0.155736;-0.029803;0.959416;-0.333458;0.987182;0.034486;-0.155736;0.018551;0.877229;-0.045196;0.987182;0.034486;-0.155736;0.018551;0.877229;-0.045196;-0.175298;0.938627;0.297006;-0.029803;0.959416;-0.333458;-0.175298;0.938627;0.297006;-0.200301;0.839849;-0.056246;-0.175298;0.938627;0.297006;0.002563;0.750798;-0.174531;0.08771;-0.717704;0.690756;0.018551;0.877229;-0.045196;0.08771;-0.717704;0.690756;-0.200301;0.839849;-0.056246;0.08771;-0.717704;0.690756;-0.104541;0.466186;0.131131;-0.23954;0.939573;-0.244514;0.245634;0.621958;0.386616;-0.23954;0.939573;-0.244514;0.052026;0.472101;4.77E-4;-0.23954;0.939573;-0.244514;0.052026;0.472101;4.77E-4;0.895993;-0.289132;-0.337016;0.245634;0.621958;0.386616;0.895993;-0.289132;-0.337016;0.078406;0.360238;0.166579;0.895993;-0.289132;-0.337016;0.078406;0.360238;0.166579;-0.402875;-0.424329;0.810907;0.245634;0.621958;0.386616;-0.402875;-0.424329;0.810907;-0.104541;0.466186;0.131131;-0.402875;-0.424329;0.810907;0.052026;0.472101;4.77E-4;-0.368908;-0.797021;-0.478164;0.078406;0.360238;0.166579;-0.368908;-0.797021;-0.478164;-0.104541;0.466186;0.131131;-0.368908;-0.797021;-0.478164;0.146756;1.198497;-0.275401;-0.291421;-0.088992;-0.952422;0.12216;-0.141584;-0.142628;-0.291421;-0.088992;-0.952422;-0.284838;1.139307;-0.137804;-0.291421;-0.088992;-0.952422;-0.071199;-0.141847;0.136666;-0.958342;-0.102695;0.266488;-0.15822;1.17697;0.332046;-0.958342;-0.102695;0.266488;-0.284838;1.139307;-0.137804;-0.958342;-0.102695;0.266488;0.102412;-0.053786;0.126234;0.31019;-0.092502;0.946135;0.25438;1.117813;0.190988;0.31019;-0.092502;0.946135;-0.15822;1.17697;0.332046;0.31019;-0.092502;0.946135;0.25438;1.117813;0.190988;0.963866;-0.111637;-0.241737;0.102412;-0.053786;0.126234;0.963866;-0.111637;-0.241737;0.146756;1.198497;-0.275401;0.963866;-0.111637;-0.241737;-0.284838;1.139307;-0.137804;-0.264382;0.070803;-0.961791;-0.208906;1.516817;-0.130884;-0.264382;0.070803;-0.961791;0.103783;1.490377;-0.218791;-0.264382;0.070803;-0.961791;-0.208906;1.516817;-0.130884;-0.97882;0.197821;-0.052248;-0.284838;1.139307;-0.137804;-0.97882;0.197821;-0.052248;-0.233241;1.481121;0.189674;-0.97882;0.197821;-0.052248;-0.233241;1.481121;0.189674;0.114475;0.444166;0.888577;-0.15822;1.17697;0.332046;0.114475;0.444166;0.888577;0.130356;1.480763;0.143;0.114475;0.444166;0.888577;0.146756;1.198497;-0.275401;0.985046;0.158238;-0.068117;0.103783;1.490377;-0.218791;0.985046;0.158238;-0.068117;0.130356;1.480763;0.143;0.985046;0.158238;-0.068117
-0.364917;-0.380845;-0.870533;0.400105;3.437328;0.776965;2
195;1
195;0.435;0.717;0.478;0.03
-0.064876;-0.375539;-0.222441;-0.785485;-0.031068;-0.618061;-0.20815;-0.378703;-0.040203;-0.785485;-0.031068;-0.618061;-0.364917;2.670984;0.005669;-0.785485;-0.031068;-0.618061;0.252921;-0.281654;-0.19726;0.083438;-0.01529;-0.996368;-0.064876;-0.375539;-0.222441;0.083438;-0.01529;-0.996368;0.400105;2.47434;-0.227239;0.083438;-0.01529;-0.996368;-0.20815;-0.378703;-0.040203;-0.833735;-0.055483;0.549333;-0.013781;-0.380845;0.254585;-0.833735;-0.055483;0.549333;-0.110551;2.542824;0.403102;-0.833735;-0.055483;0.549333;-0.013781;-0.380845;0.254585;0.377972;-0.03354;0.925199;0.281321;-0.281654;0.137617;0.377972;-0.03354;0.925199;0.394418;2.644538;0.197505;0.377972;-0.03354;0.925199;0.281321;-0.281654;0.137617;0.995727;-0.036744;-0.084445;0.252921;-0.281654;-0.19726;0.995727;-0.036744;-0.084445;0.394418;2.644538;0.197505;0.995727;-0.036744;-0.084445;0.394418;2.644538;0.197505;0.976653;0.203528;-0.068453;0.400105;2.47434;-0.227239;0.976653;0.203528;-0.068453;0.255792;3.177649;-0.195115;0.976653;0.203528;-0.068453;-0.076119;2.716099;-0.39815;-0.814081;0.014832;-0.580523;-0.364917;2.670984;0.005669;-0.814081;0.014832;-0.580523;-0.289603;3.312973;-0.083516;-0.814081;0.014832;-0.580523;0.400105;2.47434;-0.227239;0.391064;0.125828;-0.911679;-0.076119;2.716099;-0.39815;0.391064;0.125828;-0.911679;-0.057123;3.338045;-0.304153;0.391064;0.125828;-0.911679;-0.364917;2.670984;0.005669;-0.803156;0.173376;0.569933;-0.110551;2.542824;0.403102;-0.803156;0.173376;0.569933;-0.289603;3.312973;-0.083516;-0.803156;0.173376;0.569933;-0.110551;2.542824;0.403102;0.331278;0.213172;0.919126;0.394418;2.644538;0.197505;0.331278;0.213172;0.919126;-0.05724;3.349808;0.196713;0.331278;0.213172;0.919126;-0.057123;3.338045;-0.304153;-0.386059;0.869533;-0.307962;-0.289603;3.312973;-0.083516;-0.386059;0.869533;-0.307962;0.00346;3.437328;-0.099792;-0.386059;0.869533;-0.307962;0.255792;3.177649;-0.195115;0.526719;0.692679;-0.49266;-0.057123;3.338045;-0.304153;0.526719;0.692679;-0.49266;0.00346;3.437328;-0.099792;0.526719;0.692679;-0.49266;-0.289603;3.312973;-0.083516;-0.374371;0.907346;0.191168;-0.05724;3.349808;0.196713;-0.374371;0.907346;0.191168;0.00346;3.437328;-0.099792;-0.374371;0.907346;0.191168;-0.05724;3.349808;0.196713;0.40553;0.850795;0.334147;0.218597;3.28266;0.032911;0.40553;0.850795;0.334147;0.00346;3.437328;-0.099792;0.40553;0.850795;0.334147;0.218597;3.28266;0.032911;0.656331;0.720237;-0.224616;0.255792;3.177649;-0.195115;0.656331;0.720237;-0.224616;0.00346;3.437328;-0.099792;0.656331;0.720237;-0.224616;-0.076119;2.716099;-0.39815;-0.810938;-0.036134;-0.583972;-0.064876;-0.375539;-0.222441;-0.810938;-0.036134;-0.583972;-0.364917;2.670984;0.005669;-0.810938;-0.036134;-0.583972;-0.064876;-0.375539;-0.222441;0.313486;-0.052736;-0.948119;-0.076119;2.716099;-0.39815;0.313486;-0.052736;-0.948119;0.400105;2.47434;-0.227239;0.313486;-0.052736;-0.948119;-0.364917;2.670984;0.005669;-0.848598;-0.051515;0.526505;-0.20815;-0.378703;-0.040203;-0.848598;-0.051515;0.526505;-0.110551;2.542824;0.403102;-0.848598;-0.051515;0.526505;-0.110551;2.542824;0.403102;0.382763;-0.034211;0.923185;-0.013781;-0.380845;0.254585;0.382763;-0.034211;0.923185;0.394418;2.644538;0.197505;0.382763;-0.034211;0.923185;0.252921;-0.281654;-0.19726;0.997986;-0.052919;0.034547;0.400105;2.47434;-0.227239;0.997986;-0.052919;0.034547;0.394418;2.644538;0.197505;0.997986;-0.052919;0.034547;0.218597;3.28266;0.032911;0.961516;0.272958;0.031129;0.394418;2.644538;0.197505;0.961516;0.272958;0.031129;0.255792;3.177649;-0.195115;0.961516;0.272958;0.031129;-0.057123;3.338045;-0.304153;-0.689901;0.128727;-0.712333;-0.076119;2.716099;-0.39815;-0.689901;0.128727;-0.712333;-0.289603;3.312973;-0.083516;-0.689901;0.128727;-0.712333;0.255792;3.177649;-0.195115;0.380963;0.120029;-0.916745;0.400105;2.47434;-0.227239;0.380963;0.120029;-0.916745;-0.057123;3.338045;-0.304153;0.380963;0.120029;-0.916745;-0.110551;2.542824;0.403102;-0.766381;0.206214;0.608356;-0.05724;3.349808;0.196713;-0.766381;0.206214;0.608356;-0.289603;3.312973;-0.083516;-0.766381;0.206214;0.608356;0.394418;2.644538;0.197505;0.539872;0.346599;0.767052;0.218597;3.28266;0.032911;0.539872;0.346599;0.767052;-0.05724;3.349808;0.196713;0.539872;0.346599;0.767052;-0.029899;1.130086;0.191023;-0.804895;-0.562456;0.188971;0.040206;1.046698;0.241419;-0.804895;-0.562456;0.188971;-0.031526;1.226015;0.469596;-0.804895;-0.562456;0.188971;0.040206;1.046698;0.241419;0.620258;-0.773492;-0.130192;0.115521;1.112113;0.211608;0.620258;-0.773492;-0.130192;0.259141;1.16802;0.563687;0.620258;-0.773492;-0.130192;0.115521;1.112113;0.211608;0.730155;0.35316;-0.584857;0.04839;1.220778;0.193419;0.730155;0.35316;-0.584857;0.200872;1.262379;0.408901;0.730155;0.35316;-0.584857;0.04839;1.220778;0.193419;-0.704245;0.597797;0.382916;-0.029899;1.130086;0.191023;-0.704245;0.597797;0.382916;0.200872;1.262379;0.408901;-0.704245;0.597797;0.382916;0.200872;1.262379;0.408901;-0.29017;0.562883;-0.773888;-0.031526;1.226015;0.469596;-0.29017;0.562883;-0.773888;0.096353;1.619912;0.708145;-0.29017;0.562883;-0.773888;-0.031526;1.226015;0.469596;-0.859493;0.093692;0.502426;0.052684;1.127309;0.632066;-0.859493;0.093692;0.502426;0.183366;1.549059;0.776965;-0.859493;0.093692;0.502426;0.052684;1.127309;0.632066;0.358287;-0.400708;0.843226;0.259141;1.16802;0.563687;0.358287;-0.400708;0.843226;0.183366;1.549059;0.776965;0.358287;-0.400708;0.843226;0.259141;1.16802;0.563687;0.943266;0.04236;-0.329264;0.200872;1.262379;0.408901;0.943266;0.04236;-0.329264;0.282631;1.597251;0.6862;0.943266;0.04236;-0.329264;-0.029899;1.130086;0.191023;-0.227119;0.920377;-0.318247;-0.031526;1.226015;0.469596;-0.227119;0.920377;-0.318247;0.200872;1.262379;0.408901;-0.227119;0.920377;-0.318247;0.259141;1.16802;0.563687;0.927335;-0.037965;-0.372234;0.115521;1.112113;0.211608;0.927335;-0.037965;-0.372234;0.200872;1.262379;0.408901;0.927335;-0.037965;-0.372234;0.052684;1.127309;0.632066;0.24958;-0.949889;0.188025;0.040206;1.046698;0.241419;0.24958;-0.949889;0.188025;0.259141;1.16802;0.563687;0.24958;-0.949889;0.188025;0.040206;1.046698;0.241419;-0.850856;-0.508469;0.132084;0.052684;1.127309;0.632066;-0.850856;-0.508469;0.132084;-0.031526;1.226015;0.469596;-0.850856;-0.508469;0.132084;0.282631;1.597251;0.6862;0.352031;0.930235;-0.103488;0.177506;1.631022;0.632157;0.352031;0.930235;-0.103488;0.190604;1.637445;0.734437;0.352031;0.930235;-0.103488;0.177506;1.631022;0.632157;-0.172002;0.984283;-0.039766;0.096353;1.619912;0.708145;-0.172002;0.984283;-0.039766;0.190604;1.637445;0.734437;-0.172002;0.984283;-0.039766;0.096353;1.619912;0.708145;-0.315989;0.432234;0.844539;0.183366;1.549059;0.776965;-0.315989;0.432234;0.844539;0.190604;1.637445;0.734437;-0.315989;0.432234;0.844539;0.183366;1.549059;0.776965;0.546678;0.326273;0.771142;0.282631;1.597251;0.6862;0.546678;0.326273;0.771142;0.190604;1.637445;0.734437;0.546678;0.326273;0.771142;0.177506;1.631022;0.632157;-0.664205;0.355968;-0.657308;0.200872;1.262379;0.408901;-0.664205;0.355968;-0.657308;0.096353;1.619912;0.708145;-0.664205;0.355968;-0.657308;0.096353;1.619912;0.708145;-0.699545;-0.190039;0.688803;-0.031526;1.226015;0.469596;-0.699545;-0.190039;0.688803;0.183366;1.549059;0.776965;-0.699545;-0.190039;0.688803;0.259141;1.16802;0.563687;0.714957;-0.22779;0.66097;0.282631;1.597251;0.6862;0.714957;-0.22779;0.66097;0.183366;1.549059;0.776965;0.714957;-0.22779;0.66097;0.200872;1.262379;0.408901;0.518326;0.466781;-0.716514;0.177506;1.631022;0.632157;0.518326;0.466781;-0.716514;0.282631;1.597251;0.6862;0.518326;0.466781;-0.716514;0.201048;1.759857;-0.230681;0.5262;-0.58858;-0.613697;0.106631;1.700615;-0.254817;0.5262;-0.58858;-0.613697;0.058966;2.059812;-0.640179;0.5262;-0.58858;-0.613697;0.106631;1.700615;-0.254817;-0.588855;-0.804132;0.081088;0.060778;1.740386;-0.193404;-0.588855;-0.804132;0.081088;-0.277816;1.932705;-0.745078;-0.588855;-0.804132;0.081088;0.060778;1.740386;-0.193404;-0.629749;0.285775;0.722282;0.123207;1.824689;-0.172329;-0.629749;0.285775;0.722282;-0.183025;2.058598;-0.531872;-0.629749;0.285775;0.722282;0.123207;1.824689;-0.172329;0.627277;0.778283;-0.027924;0.201048;1.759857;-0.230681;0.627277;0.778283;-0.027924;-0.183025;2.058598;-0.531872;0.627277;0.778283;-0.027924;-0.183025;2.058598;-0.531872;0.358226;0.471694;0.805689;0.058966;2.059812;-0.640179;0.358226;0.471694;0.805689;-0.11306;2.462507;-0.799452;0.358226;0.471694;0.805689;0.058966;2.059812;-0.640179;0.735008;0.166326;-0.657308;-0.051039;1.984429;-0.782261;0.735008;0.166326;-0.657308;-0.225195;2.405158;-0.870533;0.735008;0.166326;-0.657308;-0.051039;1.984429;-0.782261;-0.102268;-0.244636;-0.964202;-0.277816;1.932705;-0.745078;-0.102268;-0.244636;-0.964202;-0.225195;2.405158;-0.870533;-0.102268;-0.244636;-0.964202;-0.277816;1.932705;-0.745078;-0.898709;-0.059114;0.434462;-0.183025;2.058598;-0.531872;-0.898709;-0.059114;0.434462;-0.305217;2.416359;-0.735948;-0.898709;-0.059114;0.434462;0.201048;1.759857;-0.230681;0.22953;0.821436;0.52205;0.058966;2.059812;-0.640179;0.22953;0.821436;0.52205;-0.183025;2.058598;-0.531872;0.22953;0.821436;0.52205;-0.277816;1.932705;-0.745078;-0.865139;-0.155828;0.476669;0.060778;1.740386;-0.193404;-0.865139;-0.155828;0.476669;-0.183025;2.058598;-0.531872;-0.865139;-0.155828;0.476669;-0.051039;1.984429;-0.782261;0.114658;-0.860073;-0.497085;0.106631;1.700615;-0.254817;0.114658;-0.860073;-0.497085;-0.277816;1.932705;-0.745078;0.114658;-0.860073;-0.497085;0.106631;1.700615;-0.254817;0.81988;-0.364666;-0.441298;-0.051039;1.984429;-0.782261;0.81988;-0.364666;-0.441298;0.058966;2.059812;-0.640179;0.81988;-0.364666;-0.441298;-0.305217;2.416359;-0.735948;-0.338237;0.604663;0.721061;-0.178214;2.441599;-0.697537;-0.338237;0.604663;0.721061;-0.216284;2.525991;-0.786166;-0.338237;0.604663;0.721061;-0.178214;2.441599;-0.697537;0.505234;0.722892;0.471297;-0.11306;2.462507;-0.799452;0.505234;0.722892;0.471297;-0.216284;2.525991;-0.786166;0.505234;0.722892;0.471297;-0.11306;2.462507;-0.799452;0.231697;0.545335;-0.805536;-0.225195;2.405158;-0.870533;0.231697;0.545335;-0.805536;-0.216284;2.525991;-0.786166;0.231697;0.545335;-0.805536;-0.225195;2.405158;-0.870533;-0.772393;0.400891;-0.492599;-0.305217;2.416359;-0.735948;-0.772393;0.400891;-0.492599;-0.216284;2.525991;-0.786166;-0.772393;0.400891;-0.492599;-0.178214;2.441599;-0.697537;0.79754;0.231025;0.557268;-0.183025;2.058598;-0.531872;0.79754;0.231025;0.557268;-0.11306;2.462507;-0.799452;0.79754;0.231025;0.557268;-0.11306;2.462507;-0.799452;0.563799;-0.084078;-0.821589;0.058966;2.059812;-0.640179;0.563799;-0.084078;-0.821589;-0.225195;2.405158;-0.870533;0.563799;-0.084078;-0.821589;-0.277816;1.932705;-0.745078;-0.860286;-0.039125;-0.508255;-0.305217;2.416359;-0.735948;-0.860286;-0.039125;-0.508255;-0.225195;2.405158;-0.870533;-0.860286;-0.039125;-0.508255;-0.183025;2.058598;-0.531872;-0.335978;0.377453;0.862911;-0.178214;2.441599;-0.697537;-0.335978;0.377453;0.862911;-0.305217;2.416359;-0.735948;-0.335978;0.377453;0.862911
-0.976394;-0.614766;-1.988271;1.091255;7.414514;1.802212;2;0;extraBounds;3;0.155945;1.836972;0.682142;1.100763;4.004068;1.854961;-0.980257;3.300263;-1.98621;-0.018224;5.794447;-0.67567;-0.745794;-0.022128;-0.694148;0.694148;7.344275;0.738265
330;2
312;0.435;0.717;0.478;0.01
-0.086431;-0.614766;-0.435217;-0.092929;-0.679525;0.727714;0.405742;-0.289257;-0.068393;-0.092929;-0.679525;0.727714;-0.446757;-0.289257;-0.177281;-0.092929;-0.679525;0.727714;0.063511;4.890464;0.829979;0.414411;0.131962;0.900449;0.682978;5.367446;0.474972;0.414411;0.131962;0.900449;-0.120394;6.099394;0.737445;0.414411;0.131962;0.900449;0.0;5.367446;-0.707981;-0.495895;0.053774;-0.866695;-0.723008;4.950416;-0.320158;-0.495895;0.053774;-0.866695;0.0;6.515522;-0.636732;-0.495895;0.053774;-0.866695;0.682978;5.367446;0.474972;0.997497;0.05826;-0.039399;0.682978;4.834321;-0.313663;0.997497;0.05826;-0.039399;0.596218;6.267191;-0.390445;0.997497;0.05826;-0.039399;-0.723008;4.950416;-0.320158;-0.998993;0.017121;0.041292;-0.682978;5.367446;0.474972;-0.998993;0.017121;0.041292;-0.675698;6.330508;0.25191;-0.998993;0.017121;0.041292;0.682978;4.834321;-0.313663;0.52974;0.052522;-0.846522;0.0;5.367446;-0.707981;0.52974;0.052522;-0.846522;0.0;6.515522;-0.636732;0.52974;0.052522;-0.846522;-0.682978;5.367446;0.474972;-0.427259;0.004181;0.90408;0.063511;4.890464;0.829979;-0.427259;0.004181;0.90408;-0.120394;6.099394;0.737445;-0.427259;0.004181;0.90408;0.596218;6.267191;-0.390445;0.505387;0.645527;-0.572558;0.0;6.515522;-0.636732;0.505387;0.645527;-0.572558;-0.179323;6.911074;-0.349045;0.505387;0.645527;-0.572558;-0.675698;6.330508;0.25191;-0.516282;0.375958;0.769433;-0.120394;6.099394;0.737445;-0.516282;0.375958;0.769433;-0.245652;6.868174;0.277762;-0.516282;0.375958;0.769433;-0.120394;6.099394;0.737445;0.140568;0.524857;0.839473;0.576357;6.273478;0.511937;0.140568;0.524857;0.839473;-0.245652;6.868174;0.277762;0.140568;0.524857;0.839473;0.576357;6.273478;0.511937;0.939634;0.341624;0.018281;0.596218;6.267191;-0.390445;0.939634;0.341624;0.018281;0.371557;6.864108;0.001336;0.939634;0.341624;0.018281;-0.086431;-0.614766;-0.435217;0.471694;-0.046937;-0.88049;0.0;5.367446;-0.707981;0.471694;-0.046937;-0.88049;0.682978;4.834321;-0.313663;0.471694;-0.046937;-0.88049;-0.446757;-0.289257;-0.177281;-0.612903;-0.053804;-0.788293;-0.723008;4.950416;-0.320158;-0.612903;-0.053804;-0.788293;-0.086431;-0.614766;-0.435217;-0.612903;-0.053804;-0.788293;0.446757;-0.546967;0.393259;0.51561;-0.032411;0.856166;0.682978;5.367446;0.474972;0.51561;-0.032411;0.856166;0.063511;4.890464;0.829979;0.51561;-0.032411;0.856166;-0.491798;-0.433184;0.338589;-0.99707;-0.034455;0.06827;-0.682978;5.367446;0.474972;-0.99707;-0.034455;0.06827;-0.723008;4.950416;-0.320158;-0.99707;-0.034455;0.06827;0.405742;-0.289257;-0.068393;0.990844;-0.059389;-0.121189;0.682978;4.834321;-0.313663;0.990844;-0.059389;-0.121189;0.446757;-0.546967;0.393259;0.990844;-0.059389;-0.121189;-0.0;-0.289257;0.596525;-0.447249;-0.034791;0.893704;0.063511;4.890464;0.829979;-0.447249;-0.034791;0.893704;-0.682978;5.367446;0.474972;-0.447249;-0.034791;0.893704;0.907343;2.365591;1.789418;0.798669;0.100223;0.593341;1.091255;2.652536;1.493396;0.798669;0.100223;0.593341;0.735062;4.009078;1.74371;0.798669;0.100223;0.593341;0.727452;1.834493;1.439148;0.83871;-0.397656;0.372021;0.956536;2.035414;1.137453;0.83871;-0.397656;0.372021;1.091255;2.652536;1.493396;0.83871;-0.397656;0.372021;0.727452;1.834493;1.439148;0.379864;-0.876614;-0.295328;0.212825;1.937725;0.470819;0.379864;-0.876614;-0.295328;0.956536;2.035414;1.137453;0.379864;-0.876614;-0.295328;0.956536;2.035414;1.137453;0.778802;0.264901;-0.56856;0.390163;2.081465;0.383111;0.778802;0.264901;-0.56856;0.751469;2.434607;1.042563;0.778802;0.264901;-0.56856;0.751469;2.434607;1.042563;0.079836;0.967223;-0.241005;0.322426;2.314043;0.416613;0.079836;0.967223;-0.241005;0.432849;2.561083;1.444573;0.079836;0.967223;-0.241005;0.322426;2.314043;0.416613;-0.443312;0.0;-0.896359;0.035487;2.081465;0.558527;-0.443312;0.0;-0.896359;0.103224;2.314043;0.525025;-0.443312;0.0;-0.896359;0.291253;2.035414;1.466488;-0.586779;-0.800043;0.124699;0.035487;2.081465;0.558527;-0.586779;-0.800043;0.124699;0.212825;1.937725;0.470819;-0.586779;-0.800043;0.124699;0.432849;2.561083;1.444573;-0.919889;0.303659;0.248146;0.103224;2.314043;0.525025;-0.919889;0.303659;0.248146;0.035487;2.081465;0.558527;-0.919889;0.303659;0.248146;0.291253;2.035414;1.466488;-0.207801;-0.560259;0.801813;0.727452;1.834493;1.439148;-0.207801;-0.560259;0.801813;0.467494;2.450517;1.802212;-0.207801;-0.560259;0.801813;0.956536;2.035414;1.137453;0.812799;0.298654;-0.500137;0.751469;2.434607;1.042563;0.812799;0.298654;-0.500137;0.836603;2.612363;1.287064;0.812799;0.298654;-0.500137;0.467494;2.450517;1.802212;0.035127;0.031434;0.998871;0.907343;2.365591;1.789418;0.035127;0.031434;0.998871;0.735062;4.009078;1.74371;0.035127;0.031434;0.998871;1.091255;2.652536;1.493396;0.615375;0.108798;-0.780663;0.836603;2.612363;1.287064;0.615375;0.108798;-0.780663;0.995439;3.963148;1.600556;0.615375;0.108798;-0.780663;-0.657041;4.505399;-1.988271;-0.795465;0.104038;-0.596942;-0.976394;4.425173;-1.576704;-0.795465;0.104038;-0.596942;-0.731099;5.743977;-1.67368;-0.795465;0.104038;-0.596942;-0.099006;3.737724;-1.291971;0.552995;-0.408246;-0.726279;-0.53242;3.529058;-1.504684;0.552995;-0.408246;-0.726279;-0.358108;4.401338;-1.862265;0.552995;-0.408246;-0.726279;-0.215107;3.213058;-0.336929;0.54091;-0.763146;-0.353496;-0.53242;3.529058;-1.504684;0.54091;-0.763146;-0.353496;-0.099006;3.737724;-1.291971;0.54091;-0.763146;-0.353496;-0.496847;5.753814;-1.690373;-0.053407;0.984039;-0.169591;-0.731099;5.743977;-1.67368;-0.053407;0.984039;-0.169591;-0.49941;5.785647;-1.50485;-0.053407;0.984039;-0.169591;-0.619374;3.925578;-0.873476;0.252907;0.539445;0.803095;-0.218859;3.925578;-0.999611;0.252907;0.539445;0.803095;-0.307883;4.507088;-1.362187;0.252907;0.539445;0.803095;-0.013375;3.506786;-0.378282;0.870754;0.489853;0.042207;-0.099006;3.737724;-1.291971;0.870754;0.489853;0.042207;-0.218859;3.925578;-0.999611;0.870754;0.489853;0.042207;-0.53242;3.529058;-1.504684;-0.814325;-0.43437;-0.384869;-0.800934;3.731161;-1.164653;-0.814325;-0.43437;-0.384869;-0.976394;4.425173;-1.576704;-0.814325;-0.43437;-0.384869;-0.709668;4.632417;-1.186277;0.442427;0.187475;0.87698;-0.307883;4.507088;-1.362187;0.442427;0.187475;0.87698;-0.678967;5.785647;-1.448301;0.442427;0.187475;0.87698;-0.119432;3.66875;-0.392753;0.116764;0.921323;0.370769;-0.218859;3.925578;-0.999611;0.116764;0.921323;0.370769;-0.619374;3.925578;-0.873476;0.116764;0.921323;0.370769;-0.800934;3.731161;-1.164653;-0.87286;0.099826;0.477584;-0.619374;3.925578;-0.873476;-0.87286;0.099826;0.477584;-0.709668;4.632417;-1.186277;-0.87286;0.099826;0.477584;-0.428538;3.44861;-0.283147;-0.727805;-0.679891;0.089511;-0.800934;3.731161;-1.164653;-0.727805;-0.679891;0.089511;-0.215107;3.213058;-0.336929;-0.727805;-0.679891;0.089511;-0.353757;3.689905;-0.306697;-0.809687;0.30015;0.504257;-0.619374;3.925578;-0.873476;-0.809687;0.30015;0.504257;-0.428538;3.44861;-0.283147;-0.809687;0.30015;0.504257;-0.307883;4.507088;-1.362187;0.985412;0.116794;-0.123661;-0.358108;4.401338;-1.862265;0.985412;0.116794;-0.123661;-0.496847;5.753814;-1.690373;0.985412;0.116794;-0.123661;-0.218859;3.925578;-0.999611;0.93878;0.273934;0.208838;-0.099006;3.737724;-1.291971;0.93878;0.273934;0.208838;-0.307883;4.507088;-1.362187;0.93878;0.273934;0.208838;-0.307883;4.507088;-1.362187;0.296976;0.149693;0.943052;-0.49941;5.785647;-1.50485;0.296976;0.149693;0.943052;-0.678967;5.785647;-1.448301;0.296976;0.149693;0.943052;-0.358108;4.401338;-1.862265;0.447768;0.245155;-0.859859;-0.657041;4.505399;-1.988271;0.447768;0.245155;-0.859859;-0.731099;5.743977;-1.67368;0.447768;0.245155;-0.859859;0.446757;-0.546967;0.393259;-0.128239;-0.74163;0.658376;-0.0;-0.289257;0.596525;-0.128239;-0.74163;0.658376;-0.491798;-0.433184;0.338589;-0.128239;-0.74163;0.658376;0.405742;-0.289257;-0.068393;-0.077883;-0.873409;-0.480636;0.446757;-0.546967;0.393259;-0.077883;-0.873409;-0.480636;-0.491798;-0.433184;0.338589;-0.077883;-0.873409;-0.480636;-0.446757;-0.289257;-0.177281;0.033937;-0.963408;-0.265816;0.405742;-0.289257;-0.068393;0.033937;-0.963408;-0.265816;-0.491798;-0.433184;0.338589;0.033937;-0.963408;-0.265816;-0.119432;3.66875;-0.392753;0.347728;0.041719;0.936644;-0.353757;3.689905;-0.306697;0.347728;0.041719;0.936644;-0.215107;3.213058;-0.336929;0.347728;0.041719;0.936644;0.576357;6.273478;0.511937;0.993011;0.11597;0.021027;0.682978;5.367446;0.474972;0.993011;0.11597;0.021027;0.596218;6.267191;-0.390445;0.993011;0.11597;0.021027;-0.548361;6.506071;-0.321129;-0.976867;0.109531;-0.183508;-0.723008;4.950416;-0.320158;-0.976867;0.109531;-0.183508;-0.675698;6.330508;0.25191;-0.976867;0.109531;-0.183508;0.596218;6.267191;-0.390445;0.371929;-0.027192;-0.927824;0.682978;4.834321;-0.313663;0.371929;-0.027192;-0.927824;0.0;6.515522;-0.636732;0.371929;-0.027192;-0.927824;-0.675698;6.330508;0.25191;-0.602313;0.184423;0.776635;-0.682978;5.367446;0.474972;-0.602313;0.184423;0.776635;-0.120394;6.099394;0.737445;-0.602313;0.184423;0.776635;0.371557;6.864108;0.001336;0.464614;0.601428;-0.649892;0.596218;6.267191;-0.390445;0.464614;0.601428;-0.649892;-0.179323;6.911074;-0.349045;0.464614;0.601428;-0.649892;0.322426;2.314043;0.416613;-0.109348;0.969085;-0.221137;0.103224;2.314043;0.525025;-0.109348;0.969085;-0.221137;0.432849;2.561083;1.444573;-0.109348;0.969085;-0.221137;0.405742;-0.289257;-0.068393;0.625843;-0.071017;-0.776666;-0.086431;-0.614766;-0.435217;0.625843;-0.071017;-0.776666;0.682978;4.834321;-0.313663;0.625843;-0.071017;-0.776666;0.682978;5.367446;0.474972;0.308481;-0.002503;0.951201;0.576357;6.273478;0.511937;0.308481;-0.002503;0.951201;-0.120394;6.099394;0.737445;0.308481;-0.002503;0.951201;-0.0;-0.289257;0.596525;0.391461;-0.046205;0.919004;0.446757;-0.546967;0.393259;0.391461;-0.046205;0.919004;0.063511;4.890464;0.829979;0.391461;-0.046205;0.919004;-0.446757;-0.289257;-0.177281;-0.993225;-0.055147;-0.102084;-0.491798;-0.433184;0.338589;-0.993225;-0.055147;-0.102084;-0.723008;4.950416;-0.320158;-0.993225;-0.055147;-0.102084;-0.491798;-0.433184;0.338589;-0.455885;-0.03592;0.889279;-0.0;-0.289257;0.596525;-0.455885;-0.03592;0.889279;-0.682978;5.367446;0.474972;-0.455885;-0.03592;0.889279;1.091255;2.652536;1.493396;0.476424;-0.036988;0.878414;0.995439;3.963148;1.600556;0.476424;-0.036988;0.878414;0.735062;4.009078;1.74371;0.476424;-0.036988;0.878414;0.907343;2.365591;1.789418;0.897855;-0.409925;0.160436;0.727452;1.834493;1.439148;0.897855;-0.409925;0.160436;1.091255;2.652536;1.493396;0.897855;-0.409925;0.160436;0.212825;1.937725;0.470819;0.455245;-0.800043;-0.390667;0.390163;2.081465;0.383111;0.455245;-0.800043;-0.390667;0.956536;2.035414;1.137453;0.455245;-0.800043;-0.390667;-0.215107;3.213058;-0.336929;0.038057;0.11362;0.992767;-0.013375;3.506786;-0.378282;0.038057;0.11362;0.992767;-0.119432;3.66875;-0.392753;0.038057;0.11362;0.992767;0.390163;2.081465;0.383111;0.75753;0.303842;-0.577746;0.322426;2.314043;0.416613;0.75753;0.303842;-0.577746;0.751469;2.434607;1.042563;0.75753;0.303842;-0.577746;-0.723008;4.950416;-0.320158;-0.498764;0.055452;-0.864956;-0.548361;6.506071;-0.321129;-0.498764;0.055452;-0.864956;0.0;6.515522;-0.636732;-0.498764;0.055452;-0.864956;0.390163;2.081465;0.383111;-0.443312;0.0;-0.896359;0.212825;1.937725;0.470819;-0.443312;0.0;-0.896359;0.035487;2.081465;0.558527;-0.443312;0.0;-0.896359;0.322426;2.314043;0.416613;-0.443312;0.0;-0.896359;0.390163;2.081465;0.383111;-0.443312;0.0;-0.896359;0.035487;2.081465;0.558527;-0.443312;0.0;-0.896359;0.727452;1.834493;1.439148;-0.409009;-0.904447;0.120945;0.291253;2.035414;1.466488;-0.409009;-0.904447;0.120945;0.212825;1.937725;0.470819;-0.409009;-0.904447;0.120945;0.291253;2.035414;1.466488;-0.925687;0.26075;0.273965;0.432849;2.561083;1.444573;-0.925687;0.26075;0.273965;0.035487;2.081465;0.558527;-0.925687;0.26075;0.273965;0.845809;3.961202;1.419881;-0.492203;0.088626;-0.865932;0.836603;2.612363;1.287064;-0.492203;0.088626;-0.865932;0.657383;4.011874;1.532172;-0.492203;0.088626;-0.865932;0.727452;1.834493;1.439148;-0.077822;-0.530381;0.844172;0.907343;2.365591;1.789418;-0.077822;-0.530381;0.844172;0.467494;2.450517;1.802212;-0.077822;-0.530381;0.844172;1.091255;2.652536;1.493396;0.566912;0.315195;-0.761071;0.956536;2.035414;1.137453;0.566912;0.315195;-0.761071;0.836603;2.612363;1.287064;0.566912;0.315195;-0.761071;0.836603;2.612363;1.287064;0.768578;0.057466;-0.637135;0.845809;3.961202;1.419881;0.768578;0.057466;-0.637135;0.995439;3.963148;1.600556;0.768578;0.057466;-0.637135;-0.53242;3.529058;-1.504684;0.230262;-0.408124;-0.883389;-0.657041;4.505399;-1.988271;0.230262;-0.408124;-0.883389;-0.358108;4.401338;-1.862265;0.230262;-0.408155;-0.883389;-0.013375;3.506786;-0.378282;0.789666;-0.573138;-0.218848;-0.215107;3.213058;-0.336929;0.789666;-0.573138;-0.218848;-0.099006;3.737724;-1.291971;0.789666;-0.573138;-0.218848;-0.49941;5.785647;-1.50485;-0.053407;0.984039;-0.169561;-0.731099;5.743977;-1.67368;-0.053407;0.984039;-0.169561;-0.678967;5.785647;-1.448301;-0.053407;0.984039;-0.169561;-0.709668;4.632417;-1.186277;0.469863;0.40672;0.783441;-0.619374;3.925578;-0.873476;0.469863;0.40672;0.783441;-0.307883;4.507088;-1.362187;0.469863;0.40672;0.783441;-0.119432;3.66875;-0.392753;0.828578;0.551286;0.097537;-0.013375;3.506786;-0.378282;0.828578;0.551286;0.097537;-0.218859;3.925578;-0.999611;0.828578;0.551286;0.097537;-0.657041;4.505399;-1.988271;-0.688925;-0.390393;-0.610675;-0.53242;3.529058;-1.504684;-0.688925;-0.390393;-0.610675;-0.976394;4.425173;-1.576704;-0.688925;-0.390393;-0.610675;-0.353757;3.689905;-0.306697;0.193762;0.934721;0.297861;-0.119432;3.66875;-0.392753;0.193762;0.934721;0.297861;-0.619374;3.925578;-0.873476;0.193762;0.934721;0.297861;-0.976394;4.425173;-1.576704;-0.84521;0.098178;0.525285;-0.800934;3.731161;-1.164653;-0.84521;0.098178;0.525285;-0.709668;4.632417;-1.186277;-0.84521;0.098178;0.525285;-0.800934;3.731161;-1.164653;-0.631245;-0.774621;-0.038057;-0.53242;3.529058;-1.504684;-0.631245;-0.774621;-0.038057;-0.215107;3.213058;-0.336929;-0.631245;-0.774621;-0.038057;-0.619374;3.925578;-0.873476;-0.884121;0.179907;0.431166;-0.800934;3.731161;-1.164653;-0.884121;0.179907;0.431166;-0.428538;3.44861;-0.283147;-0.884121;0.179907;0.431166;-0.49941;5.785647;-1.50485;0.989074;0.146855;-0.011536;-0.307883;4.507088;-1.362187;0.989074;0.146855;-0.011536;-0.496847;5.753814;-1.690373;0.989074;0.146855;-0.011536;-0.099006;3.737724;-1.291971;0.957701;0.246467;-0.148289;-0.358108;4.401338;-1.862265;0.957701;0.246467;-0.148289;-0.307883;4.507088;-1.362187;0.957701;0.246467;-0.148289;-0.353757;3.689905;-0.306697;0.258858;0.014008;0.965789;-0.428538;3.44861;-0.283147;0.258858;0.014008;0.965789;-0.215107;3.213058;-0.336929;0.258858;0.014008;0.965789;0.682978;4.834321;-0.313663;0.99881;-0.040254;0.027192;0.682978;5.367446;0.474972;0.99881;-0.040254;0.027192;0.446757;-0.546967;0.393259;0.99881;-0.040254;0.027192;-0.496847;5.753814;-1.690373;-0.075503;0.118076;-0.990112;-0.358108;4.401338;-1.862265;-0.075503;0.118076;-0.990112;-0.731099;5.743977;-1.67368;-0.075503;0.118076;-0.990112;-0.723008;4.950416;-0.320158;-0.457137;-0.033906;-0.88873;0.0;5.367446;-0.707981;-0.457137;-0.033906;-0.88873;-0.086431;-0.614766;-0.435217;-0.457137;-0.033906;-0.88873;-0.548361;6.506071;-0.321129;-0.781213;0.623981;0.017579;-0.675698;6.330508;0.25191;-0.781213;0.623981;0.017579;-0.245652;6.868174;0.277762;-0.781213;0.623981;0.017579;0.836603;2.612363;1.287064;-0.373547;0.113376;-0.920621;0.432849;2.561083;1.444573;-0.373547;0.113376;-0.920621;0.657383;4.011874;1.532172;-0.373547;0.113376;-0.920621;0.836603;2.612363;1.287064;-0.295938;0.818659;-0.492111;0.751469;2.434607;1.042563;-0.295938;0.818659;-0.492111;0.432849;2.561083;1.444573;-0.295938;0.818659;-0.492111;0.291253;2.035414;1.466488;-0.949126;0.262886;0.173193;0.467494;2.450517;1.802212;-0.949126;0.262886;0.173193;0.432849;2.561083;1.444573;-0.949126;0.262886;0.173193;0.845809;3.961202;1.419881;0.220923;0.972869;-0.06827;0.657383;4.011874;1.532172;0.220923;0.972869;-0.06827;0.735062;4.009078;1.74371;0.220923;0.972869;-0.06827;0.995439;3.963148;1.600556;0.115665;0.987548;-0.106418;0.845809;3.961202;1.419881;0.115665;0.987548;-0.106418;0.735062;4.009078;1.74371;0.115665;0.987548;-0.106418;0.432849;2.561083;1.444573;-0.973815;0.172704;0.14771;0.467494;2.450517;1.802212;-0.973815;0.172704;0.14771;0.735062;4.009078;1.74371;-0.973815;0.172704;0.14771;0.657383;4.011874;1.532172;-0.930998;0.123325;0.343486;0.432849;2.561083;1.444573;-0.930998;0.123325;0.343486;0.735062;4.009078;1.74371;-0.930998;0.123325;0.343486;-0.976394;4.425173;-1.576704;-0.854946;0.194372;0.48088;-0.709668;4.632417;-1.186277;-0.854946;0.194372;0.48088;-0.731099;5.743977;-1.67368;-0.854946;0.194372;0.48088;-0.709668;4.632417;-1.186277;-0.974517;0.074038;0.211707;-0.678967;5.785647;-1.448301;-0.974517;0.074038;0.211707;-0.731099;5.743977;-1.67368;-0.974517;0.074038;0.211707;0.0;6.515522;-0.636732;-0.467971;0.371136;-0.801996;-0.548361;6.506071;-0.321129;-0.467971;0.371136;-0.801996;-0.179323;6.911074;-0.349045;-0.467971;0.371136;-0.801996;-0.179323;6.911074;-0.349045;-0.73986;0.671926;-0.032289;-0.548361;6.506071;-0.321129;-0.73986;0.671926;-0.032289;-0.245652;6.868174;0.277762;-0.73986;0.671926;-0.032289;0.576357;6.273478;0.511937;0.302957;0.681204;0.666433;0.371557;6.864108;0.001336;0.302957;0.681204;0.666433;-0.245652;6.868174;0.277762;0.302957;0.681204;0.666433;-0.179323;6.911074;-0.349045;0.038942;0.996612;0.072329;-0.245652;6.868174;0.277762;0.038942;0.996612;0.072329;0.371557;6.864108;0.001336;0.038942;0.996612;0.072329
18;0.717;0.388;0.42;0.01
-0.25696;7.414514;-0.32901;-0.923002;-0.369884;-0.105716;-0.013285;6.731195;-0.065694;-0.923002;-0.369884;-0.105716;-0.2839;7.319567;0.238277;-0.923002;-0.369884;-0.105716;0.28353;7.341211;0.264429;0.885159;-0.461715;0.057314;-0.013285;6.731195;-0.065694;0.885159;-0.461715;0.057314;0.310471;7.322412;-0.302858;0.885159;-0.461715;0.057314;-0.2839;7.319567;0.238277;-0.022889;-0.467147;0.883847;-0.013285;6.731195;-0.065694;-0.022889;-0.467147;0.883847;0.28353;7.341211;0.264429;-0.022889;-0.467147;0.883847;0.310471;7.322412;-0.302858;-0.016236;-0.364544;-0.931028;-0.013285;6.731195;-0.065694;-0.016236;-0.364544;-0.931028;-0.25696;7.414514;-0.32901;-0.016236;-0.364544;-0.931028;0.28353;7.341211;0.264429;-0.03647;0.998718;-0.034822;0.310471;7.322412;-0.302858;-0.03647;0.998718;-0.034822;-0.2839;7.319567;0.238277;-0.03647;0.998718;-0.034822;0.310471;7.322412;-0.302858;0.150212;0.973876;0.17011;-0.25696;7.414514;-0.32901;0.150212;0.973876;0.17011;-0.2839;7.319567;0.238277;0.150212;0.973876;0.17011
4
SPREADER;3;0;0;0;12;8
INFO;NameId;302;DescId;303;price;18800;dpPerMin;0;range;3;placeSound;thud
LIFE;averagePop;5.0;averageLife;42.0;popFactors;0;breedMat;21.0;breedTime;15.19972;parentId;120;count;150;reqs;2;TRANSFORM;size;1.12;LIFE;type;2;enviroType;0;classification;ptd;count;2;FADE_DEATH;0.5;enviroReqCount;1;reqId;2;barren;0;goodBiomes;1;3;idealFactor;100;influence;0.85
GROWTH;dynamic;0;growthTime;14.0;modelStages;3;subStages;2
