1.0
pc
0;1
4
-0.189611;-0.044588;-0.329695;0.399552;1.119349;0.192789;1
48;1
48;0.478;0.745;0.549;0.1
-0.189611;0.554472;0.093693;-0.3469;0.1246;-0.9296;0.089651;0.439485;-0.025947;-0.3469;0.1246;-0.9296;-0.16651;-0.042292;0.005092;-0.3469;0.1246;-0.9296;0.116698;-0.044588;-0.00903;0.2788;-0.018;-0.9602;0.089651;0.439485;-0.025947;0.2788;-0.018;-0.9602;0.399552;0.425189;0.064316;0.2788;-0.018;-0.9602;-0.16651;-0.042292;0.005092;-0.0501;-0.0377;-0.998;0.089651;0.439485;-0.025947;-0.0501;-0.0377;-0.998;0.116698;-0.044588;-0.00903;-0.0501;-0.0377;-0.998;0.399552;0.425189;0.064316;0.275;0.3773;-0.8843;0.089651;0.439485;-0.025947;0.275;0.3773;-0.8843;0.133689;0.730905;0.112092;0.275;0.3773;-0.8843;0.090716;0.394634;0.192789;0.0731;-0.6115;-0.7879;0.012568;1.058544;-0.329695;0.0731;-0.6115;-0.7879;0.245429;0.960981;-0.232375;0.0731;-0.6115;-0.7879;-0.189611;0.554472;0.093693;-0.4043;-0.1496;0.9023;-0.16651;-0.042292;0.005092;-0.4043;-0.1496;0.9023;0.090716;0.394634;0.192789;-0.4043;-0.1496;0.9023;-0.16651;-0.042292;0.005092;0.042;-0.4151;0.9088;0.116698;-0.044588;-0.00903;0.042;-0.4151;0.9088;0.090716;0.394634;0.192789;0.042;-0.4151;0.9088;0.116698;-0.044588;-0.00903;0.3881;-0.3657;0.8459;0.399552;0.425189;0.064316;0.3881;-0.3657;0.8459;0.090716;0.394634;0.192789;0.3881;-0.3657;0.8459;0.399552;0.425189;0.064316;0.3636;0.1732;0.9153;0.133689;0.730905;0.112092;0.3636;0.1732;0.9153;0.090716;0.394634;0.192789;0.3636;0.1732;0.9153;0.090716;0.394634;0.192789;0.3467;0.5007;0.7932;0.245429;0.960981;-0.232375;0.3467;0.5007;0.7932;0.056435;1.119349;-0.249745;0.3467;0.5007;0.7932;-0.110574;0.968203;-0.104084;0.2515;0.513;0.8207;0.090716;0.394634;0.192789;0.2515;0.513;0.8207;0.056435;1.119349;-0.249745;0.2515;0.513;0.8207;-0.110574;0.968203;-0.104084;-0.6471;-0.5171;-0.5603;0.012568;1.058544;-0.329695;-0.6471;-0.5171;-0.5603;0.090716;0.394634;0.192789;-0.6471;-0.5171;-0.5603;0.245429;0.960981;-0.232375;0.5063;0.5296;-0.6806;0.012568;1.058544;-0.329695;0.5063;0.5296;-0.6806;0.056435;1.119349;-0.249745;0.5063;0.5296;-0.6806;0.012568;1.058544;-0.329695;-0.7222;0.6809;-0.1216;-0.110574;0.968203;-0.104084;-0.7222;0.6809;-0.1216;0.056435;1.119349;-0.249745;-0.7222;0.6809;-0.1216;0.133689;0.730905;0.112092;-0.1923;0.4437;-0.8753;0.089651;0.439485;-0.025947;-0.1923;0.4437;-0.8753;-0.189611;0.554472;0.093693;-0.1923;0.4437;-0.8753;0.133689;0.730905;0.112092;-0.1916;0.2521;0.9485;-0.189611;0.554472;0.093693;-0.1916;0.2521;0.9485;0.090716;0.394634;0.192789;-0.1916;0.2521;0.9485
-0.854054;-0.191737;-0.656013;0.709901;2.497162;0.396797;2
120;2
96;0.478;0.745;0.549;0.07
-0.410192;0.772822;0.138848;-0.3832;0.1006;-0.9182;0.148812;0.693816;-0.103119;-0.3832;0.1006;-0.9182;-0.313874;-0.079425;0.005281;-0.3832;0.1006;-0.9182;0.197947;-0.191737;-0.02024;0.2944;-0.0728;-0.9529;0.148812;0.693816;-0.103119;0.2944;-0.0728;-0.9529;0.709901;0.527034;0.082998;0.2944;-0.0728;-0.9529;-0.313874;-0.079425;0.005281;-0.0708;-0.0968;-0.9928;0.148812;0.693816;-0.103119;-0.0708;-0.0968;-0.9928;0.197947;-0.191737;-0.02024;-0.0708;-0.0968;-0.9928;0.709901;0.527034;0.082998;0.3682;0.2346;-0.8997;0.148812;0.693816;-0.103119;0.3682;0.2346;-0.8997;0.62528;1.155473;0.212267;0.3682;0.2346;-0.8997;-0.058949;1.305617;0.246384;-0.3201;0.3857;-0.8653;0.148812;0.693816;-0.103119;-0.3201;0.3857;-0.8653;-0.410192;0.772822;0.138848;-0.3201;0.3857;-0.8653;0.62528;1.155473;0.212267;0.0698;0.5126;-0.8558;0.148812;0.693816;-0.103119;0.0698;0.5126;-0.8558;-0.058949;1.305617;0.246384;0.0698;0.5126;-0.8558;-0.230694;2.34899;-0.439057;-0.116;0.5967;0.794;-0.290049;1.864996;-0.083971;-0.116;0.5967;0.794;0.182223;1.990097;-0.109004;-0.116;0.5967;0.794;0.213353;2.366278;-0.656013;0.2423;0.7929;0.5591;-0.230694;2.34899;-0.439057;0.2423;0.7929;0.5591;0.182223;1.990097;-0.109004;0.2423;0.7929;0.5591;0.213353;2.366278;-0.656013;-0.4105;-0.293;-0.8635;0.057421;1.814726;-0.394742;-0.4105;-0.293;-0.8635;-0.230694;2.34899;-0.439057;-0.4105;-0.293;-0.8635;-0.230694;2.34899;-0.439057;-0.6423;-0.4006;-0.6534;0.057421;1.814726;-0.394742;-0.6423;-0.4006;-0.6534;-0.290049;1.864996;-0.083971;-0.6423;-0.4006;-0.6534;0.509594;1.911584;-0.465791;-0.0538;-0.415;-0.9082;0.057421;1.814726;-0.394742;-0.0538;-0.415;-0.9082;0.213353;2.366278;-0.656013;-0.0538;-0.415;-0.9082;0.245323;0.750291;0.313948;-0.0116;-0.5556;-0.8314;0.057421;1.814726;-0.394742;-0.0116;-0.5556;-0.8314;0.509594;1.911584;-0.465791;-0.0116;-0.5556;-0.8314;-0.410192;0.772822;0.138848;-0.4596;-0.188;0.868;-0.313874;-0.079425;0.005281;-0.4596;-0.188;0.868;0.151246;0.591312;0.396797;-0.4596;-0.188;0.868;0.62528;1.155473;0.212267;0.0994;0.2329;0.9674;-0.058949;1.305617;0.246384;0.0994;0.2329;0.9674;0.151246;0.591312;0.396797;0.0994;0.2329;0.9674;-0.313874;-0.079425;0.005281;-0.0597;-0.472;0.8796;0.197947;-0.191737;-0.02024;-0.0597;-0.472;0.8796;0.151246;0.591312;0.396797;-0.0597;-0.472;0.8796;-0.058949;1.305617;0.246384;-0.3958;0.0762;0.9152;-0.410192;0.772822;0.138848;-0.3958;0.0762;0.9152;0.151246;0.591312;0.396797;-0.3958;0.0762;0.9152;0.197947;-0.191737;-0.02024;0.4105;-0.4094;0.8148;0.709901;0.527034;0.082998;0.4105;-0.4094;0.8148;0.151246;0.591312;0.396797;0.4105;-0.4094;0.8148;0.709901;0.527034;0.082998;0.4764;-0.1152;0.8717;0.62528;1.155473;0.212267;0.4764;-0.1152;0.8717;0.151246;0.591312;0.396797;0.4764;-0.1152;0.8717;0.245323;0.750291;0.313948;0.7402;0.2505;0.624;0.509594;1.911584;-0.465791;0.7402;0.2505;0.624;0.182223;1.990097;-0.109004;0.7402;0.2505;0.624;0.509594;1.911584;-0.465791;0.6453;0.6118;0.4575;0.213353;2.366278;-0.656013;0.6453;0.6118;0.4575;0.182223;1.990097;-0.109004;0.6453;0.6118;0.4575;-0.854054;1.388803;0.178094;-0.572;-0.613;0.5451;-0.743062;1.219841;0.104562;-0.572;-0.613;0.5451;-0.613285;1.281817;0.310433;-0.572;-0.613;0.5451;-0.703701;1.557997;0.243805;-0.4589;0.0636;0.8862;-0.854054;1.388803;0.178094;-0.4589;0.0636;0.8862;-0.613285;1.281817;0.310433;-0.4589;0.0636;0.8862;-0.703701;1.557997;0.243805;-0.1521;0.4724;-0.8682;-0.592066;1.34294;0.10723;-0.1521;0.4724;-0.8682;-0.854054;1.388803;0.178094;-0.1521;0.4724;-0.8682;-0.854054;1.388803;0.178094;-0.2063;0.2734;-0.9395;-0.592066;1.34294;0.10723;-0.2063;0.2734;-0.9395;-0.743062;1.219841;0.104562;-0.2063;0.2734;-0.9395;-0.409417;1.452227;0.343058;0.4419;0.633;-0.6356;-0.592066;1.34294;0.10723;0.4419;0.633;-0.6356;-0.703701;1.557997;0.243805;0.4419;0.633;-0.6356;-0.015685;0.693096;0.234869;0.6161;0.415;-0.6695;-0.592066;1.34294;0.10723;0.6161;0.415;-0.6695;-0.409417;1.452227;0.343058;0.6161;0.415;-0.6695;-0.015685;0.693096;0.234869;-0.0282;-0.1553;0.9875;-0.409417;1.452227;0.343058;-0.0282;-0.1553;0.9875;-0.613285;1.281817;0.310433;-0.0282;-0.1553;0.9875;-0.409417;1.452227;0.343058;-0.2704;0.1412;0.9523;-0.703701;1.557997;0.243805;-0.2704;0.1412;0.9523;-0.613285;1.281817;0.310433;-0.2704;0.1412;0.9523;-0.290049;1.864996;-0.083971;-0.0349;0.3211;0.9464;0.245323;0.750291;0.313948;-0.0349;0.3211;0.9464;0.182223;1.990097;-0.109004;-0.0349;0.3211;0.9464;-0.290049;1.864996;-0.083971;-0.6133;-0.5099;-0.6032;0.057421;1.814726;-0.394742;-0.6133;-0.5099;-0.6032;0.245323;0.750291;0.313948;-0.6133;-0.5099;-0.6032;-0.743062;1.219841;0.104562;-0.5549;-0.6326;0.5403;-0.015685;0.693096;0.234869;-0.5549;-0.6326;0.5403;-0.613285;1.281817;0.310433;-0.5549;-0.6326;0.5403;-0.743062;1.219841;0.104562;0.1021;-0.1038;-0.9893;-0.592066;1.34294;0.10723;0.1021;-0.1038;-0.9893;-0.015685;0.693096;0.234869;0.1021;-0.1038;-0.9893
24;0.8;0.443;0.4588;0.07
0.290787;2.476753;-0.617005;-0.0657;-0.317;-0.9461;0.180749;2.252067;-0.534081;-0.0657;-0.317;-0.9461;0.132124;2.488971;-0.610082;-0.0657;-0.317;-0.9461;0.132124;2.488971;-0.610082;-0.8396;0.0019;0.5431;0.180749;2.252067;-0.534081;-0.8396;0.0019;0.5431;0.218535;2.497162;-0.476527;-0.8396;0.0019;0.5431;0.218535;2.497162;-0.476527;0.8482;-0.2415;0.4714;0.180749;2.252067;-0.534081;0.8482;-0.2415;0.4714;0.290787;2.476753;-0.617005;0.8482;-0.2415;0.4714;0.132124;2.488971;-0.610082;0.0717;0.9916;-0.1072;0.218535;2.497162;-0.476527;0.0717;0.9916;-0.1072;0.290787;2.476753;-0.617005;0.0717;0.9916;-0.1072;-0.575696;1.59752;0.171517;0.4923;0.2951;0.8189;-0.576665;1.394833;0.245155;0.4923;0.2951;0.8189;-0.480021;1.523386;0.140715;0.4923;0.2951;0.8189;-0.480021;1.523386;0.140715;0.3788;-0.7382;-0.5582;-0.576665;1.394833;0.245155;0.3788;-0.7382;-0.5582;-0.589702;1.51135;0.082205;0.3788;-0.7382;-0.5582;-0.589702;1.51135;0.082205;-0.9927;0.0454;0.1119;-0.576665;1.394833;0.245155;-0.9927;0.0454;0.1119;-0.575696;1.59752;0.171517;-0.9927;0.0454;0.1119;-0.480021;1.523386;0.140715;0.2937;0.6645;-0.6872;-0.589702;1.51135;0.082205;0.2937;0.6645;-0.6872;-0.575696;1.59752;0.171517;0.2937;0.6645;-0.6872
-1.818833;-0.273387;-0.950993;1.138334;3.620891;0.687467;1.666666
120;2
96;0.478;0.745;0.549;0.05
-0.812873;1.140777;0.198636;-0.3235;0.0689;-0.9437;0.161287;0.987488;-0.146491;-0.3235;0.0689;-0.9437;-0.498474;-0.113248;-6.39E-4;-0.3235;0.0689;-0.9437;0.231303;-0.273387;-0.037028;0.2262;-0.0718;-0.9714;0.161287;0.987488;-0.146491;0.2262;-0.0718;-0.9714;1.138334;0.712614;0.101344;0.2262;-0.0718;-0.9714;-0.498474;-0.113248;-6.39E-4;-0.0693;-0.0901;-0.9935;0.161287;0.987488;-0.146491;-0.0693;-0.0901;-0.9935;0.231303;-0.273387;-0.037028;-0.0693;-0.0901;-0.9935;1.138334;0.712614;0.101344;0.3104;0.2861;-0.9065;0.161287;0.987488;-0.146491;0.3104;0.2861;-0.9065;0.840614;1.647524;0.294491;0.3104;0.2861;-0.9065;-0.13499;1.861606;0.343137;-0.247;0.4085;-0.8787;0.161287;0.987488;-0.146491;-0.247;0.4085;-0.8787;-0.812873;1.140777;0.198636;-0.247;0.4085;-0.8787;0.840614;1.647524;0.294491;0.0679;0.505;-0.8605;0.161287;0.987488;-0.146491;0.0679;0.505;-0.8605;-0.13499;1.861606;0.343137;0.0679;0.505;-0.8605;-0.643878;3.319892;-0.866355;-0.5379;0.6172;0.5742;-0.922278;2.631238;-0.386902;-0.5379;0.6172;0.5742;-0.182173;2.981013;-0.06964;-0.5379;0.6172;0.5742;0.125507;3.450527;-0.887699;-0.1369;0.8805;0.4539;-0.643878;3.319892;-0.866355;-0.1369;0.8805;0.4539;-0.182173;2.981013;-0.06964;-0.1369;0.8805;0.4539;0.125507;3.450527;-0.887699;0.0138;-0.2398;-0.9707;-0.129561;2.587249;-0.678071;0.0138;-0.2398;-0.9707;-0.643878;3.319892;-0.866355;0.0138;-0.2398;-0.9707;-0.643878;3.319892;-0.866355;-0.3303;-0.4457;-0.832;-0.129561;2.587249;-0.678071;-0.3303;-0.4457;-0.832;-0.922278;2.631238;-0.386902;-0.3303;-0.4457;-0.832;0.616492;2.892509;-0.42959;0.4168;-0.3289;-0.8474;-0.129561;2.587249;-0.678071;0.4168;-0.3289;-0.8474;0.125507;3.450527;-0.887699;0.4168;-0.3289;-0.8474;0.198247;1.093446;0.441466;0.4463;-0.4719;-0.7603;-0.129561;2.587249;-0.678071;0.4463;-0.4719;-0.7603;0.616492;2.892509;-0.42959;0.4463;-0.4719;-0.7603;-0.812873;1.140777;0.198636;-0.3909;-0.2392;0.8888;-0.498474;-0.113248;-6.39E-4;-0.3909;-0.2392;0.8888;0.164673;0.844904;0.548892;-0.3909;-0.2392;0.8888;0.840614;1.647524;0.294491;0.0977;0.225;0.9694;-0.13499;1.861606;0.343137;0.0977;0.225;0.9694;0.164673;0.844904;0.548892;0.0977;0.225;0.9694;-0.498474;-0.113248;-6.39E-4;-0.0582;-0.466;0.8828;0.231303;-0.273387;-0.037028;-0.0582;-0.466;0.8828;0.164673;0.844904;0.548892;-0.0582;-0.466;0.8828;-0.13499;1.861606;0.343137;-0.3085;0.1005;0.9459;-0.812873;1.140777;0.198636;-0.3085;0.1005;0.9459;0.164673;0.844904;0.548892;-0.3085;0.1005;0.9459;0.231303;-0.273387;-0.037028;0.3305;-0.4225;0.844;1.138334;0.712614;0.101344;0.3305;-0.4225;0.844;0.164673;0.844904;0.548892;0.3305;-0.4225;0.844;1.138334;0.712614;0.101344;0.4105;-0.0573;0.91;0.840614;1.647524;0.294491;0.4105;-0.0573;0.91;0.164673;0.844904;0.548892;0.4105;-0.0573;0.91;0.198247;1.093446;0.441466;0.4188;0.315;0.8517;0.616492;2.892509;-0.42959;0.4188;0.315;0.8517;-0.182173;2.981013;-0.06964;0.4188;0.315;0.8517;0.616492;2.892509;-0.42959;0.3366;0.7565;0.5608;0.125507;3.450527;-0.887699;0.3366;0.7565;0.5608;-0.182173;2.981013;-0.06964;0.3366;0.7565;0.5608;-1.818833;2.014369;0.139107;-0.602;-0.7124;0.3605;-1.507257;1.66038;-0.040132;-0.602;-0.7124;0.3605;-1.287066;1.753094;0.510744;-0.602;-0.7124;0.3605;-1.522618;2.408585;0.388878;-0.5925;-0.0636;0.8031;-1.818833;2.014369;0.139107;-0.5925;-0.0636;0.8031;-1.287066;1.753094;0.510744;-0.5925;-0.0636;0.8031;-1.522618;2.408585;0.388878;-0.0928;0.5817;-0.8081;-1.177486;1.973972;0.036399;-0.0928;0.5817;-0.8081;-1.818833;2.014369;0.139107;-0.0928;0.5817;-0.8081;-1.818833;2.014369;0.139107;-0.1256;0.3579;-0.9253;-1.177486;1.973972;0.036399;-0.1256;0.3579;-0.9253;-1.507257;1.66038;-0.040132;-0.1256;0.3579;-0.9253;-0.853067;2.174944;0.687467;0.4694;0.7503;-0.4655;-1.177486;1.973972;0.036399;0.4694;0.7503;-0.4655;-1.522618;2.408585;0.388878;0.4694;0.7503;-0.4655;-0.323026;1.109009;0.329911;0.6937;0.5141;-0.5044;-1.177486;1.973972;0.036399;0.6937;0.5141;-0.5044;-0.853067;2.174944;0.687467;0.6937;0.5141;-0.5044;-0.323026;1.109009;0.329911;-0.0514;-0.3405;0.9389;-0.853067;2.174944;0.687467;-0.0514;-0.3405;0.9389;-1.287066;1.753094;0.510744;-0.0514;-0.3405;0.9389;-0.853067;2.174944;0.687467;-0.3993;0.0269;0.9164;-1.522618;2.408585;0.388878;-0.3993;0.0269;0.9164;-1.287066;1.753094;0.510744;-0.3993;0.0269;0.9164;-0.922278;2.631238;-0.386902;-0.4481;0.1484;0.8816;0.198247;1.093446;0.441466;-0.4481;0.1484;0.8816;-0.182173;2.981013;-0.06964;-0.4481;0.1484;0.8816;-0.922278;2.631238;-0.386902;-0.3021;-0.6133;-0.7298;-0.129561;2.587249;-0.678071;-0.3021;-0.6133;-0.7298;0.198247;1.093446;0.441466;-0.3021;-0.6133;-0.7298;-1.507257;1.66038;-0.040132;-0.4811;-0.8125;0.3291;-0.323026;1.109009;0.329911;-0.4811;-0.8125;0.3291;-1.287066;1.753094;0.510744;-0.4811;-0.8125;0.3291;-1.507257;1.66038;-0.040132;0.2746;-0.0545;-0.96;-1.177486;1.973972;0.036399;0.2746;-0.0545;-0.96;-0.323026;1.109009;0.329911;0.2746;-0.0545;-0.96
24;0.8;0.443;0.4588;0.05
-1.226138;2.493916;0.343925;0.2991;0.1144;0.9473;-1.198759;2.047594;0.389198;0.2991;0.1144;0.9473;-0.904242;2.298124;0.265933;0.2991;0.1144;0.9473;-0.904242;2.298124;0.265933;0.4438;-0.7574;-0.4789;-1.198759;2.047594;0.389198;0.4438;-0.7574;-0.4789;-1.210607;2.264205;0.035661;0.4438;-0.7574;-0.4789;-1.210607;2.264205;0.035661;-0.9981;-0.0617;-0.0043;-1.198759;2.047594;0.389198;-0.9981;-0.0617;-0.0043;-1.226138;2.493916;0.343925;-0.9981;-0.0617;-0.0043;-0.904242;2.298124;0.265933;0.331;0.7646;-0.553;-1.210607;2.264205;0.035661;0.331;0.7646;-0.553;-1.226138;2.493916;0.343925;0.331;0.7646;-0.553;0.271193;3.59236;-0.812804;0.3585;-0.4343;-0.8264;0.060981;3.282818;-0.741327;0.3585;-0.4343;-0.8264;-0.072818;3.571353;-0.950993;0.3585;-0.4343;-0.8264;-0.072818;3.571353;-0.950993;-0.9355;-0.3083;0.1727;0.060981;3.282818;-0.741327;-0.9355;-0.3083;0.1727;-0.021843;3.620891;-0.586536;-0.9355;-0.3083;0.1727;-0.021843;3.620891;-0.586536;0.5836;-0.2155;0.7829;0.060981;3.282818;-0.741327;0.5836;-0.2155;0.7829;0.271193;3.59236;-0.812804;0.5836;-0.2155;0.7829;-0.072818;3.571353;-0.950993;-0.0068;0.991;-0.1338;-0.021843;3.620891;-0.586536;-0.0068;0.991;-0.1338;0.271193;3.59236;-0.812804;-0.0068;0.991;-0.1338
-1.249294;1.095052;-0.959457;1.602996;4.367747;0.197714;1;1
84;2
60;0.478;0.745;0.549;0.05
-1.101624;4.223478;-0.690047;-0.2633;0.074;0.9619;-1.155242;3.684158;-0.66324;-0.2633;0.074;0.9619;-0.693042;3.772446;-0.543492;-0.2633;0.074;0.9619;-0.71201;4.336113;-0.799616;0.1337;0.4137;0.9005;-1.101624;4.223478;-0.690047;0.1337;0.4137;0.9005;-0.693042;3.772446;-0.543492;0.1337;0.4137;0.9005;-0.71201;4.336113;-0.799616;-0.345;0.3436;-0.8735;-0.824708;3.816613;-0.959457;-0.345;0.3436;-0.8735;-1.101624;4.223478;-0.690047;-0.345;0.3436;-0.8735;-1.101624;4.223478;-0.690047;-0.6738;0.0303;-0.7383;-0.824708;3.816613;-0.959457;-0.6738;0.0303;-0.7383;-1.155242;3.684158;-0.66324;-0.6738;0.0303;-0.7383;-0.376013;3.909431;-0.882378;0.1083;0.2708;-0.9565;-0.824708;3.816613;-0.959457;0.1083;0.2708;-0.9565;-0.71201;4.336113;-0.799616;0.1083;0.2708;-0.9565;-0.492285;3.020431;-0.718396;0.2065;-0.2035;-0.957;-0.824708;3.816613;-0.959457;0.2065;-0.2035;-0.957;-0.376013;3.909431;-0.882378;0.2065;-0.2035;-0.957;-0.492285;3.020431;-0.718396;0.7233;0.0326;0.6898;-0.376013;3.909431;-0.882378;0.7233;0.0326;0.6898;-0.693042;3.772446;-0.543492;0.7233;0.0326;0.6898;-0.376013;3.909431;-0.882378;0.6123;0.3441;0.7119;-0.71201;4.336113;-0.799616;0.6123;0.3441;0.7119;-0.693042;3.772446;-0.543492;0.6123;0.3441;0.7119;1.570654;1.357186;-0.062848;-0.0111;-0.3222;-0.9466;1.306602;1.095052;0.02948;-0.0111;-0.3222;-0.9466;1.148165;1.36246;-0.059679;-0.0111;-0.3222;-0.9466;1.465351;1.633447;-0.036831;-0.0063;0.0914;-0.9958;1.570654;1.357186;-0.062848;-0.0063;0.0914;-0.9958;1.148165;1.36246;-0.059679;-0.0063;0.0914;-0.9958;1.465351;1.633447;-0.036831;0.5293;0.1227;0.8395;1.241155;1.377953;0.141885;0.5293;0.1227;0.8395;1.570654;1.357186;-0.062848;0.5293;0.1227;0.8395;1.570654;1.357186;-0.062848;0.5056;-0.215;0.8355;1.241155;1.377953;0.141885;0.5056;-0.215;0.8355;1.306602;1.095052;0.02948;0.5056;-0.215;0.8355;1.095999;1.647574;0.081513;0.2973;0.3582;0.885;1.241155;1.377953;0.141885;0.2973;0.3582;0.885;1.465351;1.633447;-0.036831;0.2973;0.3582;0.885;0.724444;1.155795;0.197714;0.0093;0.2233;0.9747;1.241155;1.377953;0.141885;0.0093;0.2233;0.9747;1.095999;1.647574;0.081513;0.0093;0.2233;0.9747;0.724444;1.155795;0.197714;-0.5923;0.2679;-0.7599;1.095999;1.647574;0.081513;-0.5923;0.2679;-0.7599;1.148165;1.36246;-0.059679;-0.5923;0.2679;-0.7599;1.095999;1.647574;0.081513;-0.2678;0.3878;-0.882;1.465351;1.633447;-0.036831;-0.2678;0.3878;-0.882;1.148165;1.36246;-0.059679;-0.2678;0.3878;-0.882;-1.155242;3.684158;-0.66324;-0.1926;-0.2708;0.9432;-0.492285;3.020431;-0.718396;-0.1926;-0.2708;0.9432;-0.693042;3.772446;-0.543492;-0.1926;-0.2708;0.9432;-1.155242;3.684158;-0.66324;-0.498;-0.435;-0.7502;-0.824708;3.816613;-0.959457;-0.498;-0.435;-0.7502;-0.492285;3.020431;-0.718396;-0.498;-0.435;-0.7502;1.306602;1.095052;0.02948;-0.2908;-0.4532;-0.8426;0.724444;1.155795;0.197714;-0.2908;-0.4532;-0.8426;1.148165;1.36246;-0.059679;-0.2908;-0.4532;-0.8426;1.306602;1.095052;0.02948;0.2336;-0.3119;0.921;1.241155;1.377953;0.141885;0.2336;-0.3119;0.921;0.724444;1.155795;0.197714;0.2336;-0.3119;0.921
24;0.8;0.443;0.4588;0.05
-1.049778;4.367747;-0.582545;-0.5306;0.268;-0.8042;-0.995037;4.082029;-0.713881;-0.5306;0.268;-0.8042;-1.249294;4.135231;-0.5284;-0.5306;0.268;-0.8042;-1.249294;4.135231;-0.5284;-0.0894;-0.9832;0.1594;-0.995037;4.082029;-0.713881;-0.0894;-0.9832;0.1594;-0.966071;4.130336;-0.399703;-0.0894;-0.9832;0.1594;-0.966071;4.130336;-0.399703;0.962;0.2422;-0.1259;-0.995037;4.082029;-0.713881;0.962;0.2422;-0.1259;-1.049778;4.367747;-0.582545;0.962;0.2422;-0.1259;-1.249294;4.135231;-0.5284;-0.3538;0.4892;0.7972;-0.966071;4.130336;-0.399703;-0.3538;0.4892;0.7972;-1.049778;4.367747;-0.582545;-0.3538;0.4892;0.7972;1.600257;1.680357;0.040291;0.3433;-0.7579;0.5548;1.41969;1.548555;-0.028032;0.3433;-0.7579;0.5548;1.602996;1.541309;-0.151356;0.3433;-0.7579;0.5548;1.602996;1.541309;-0.151356;-0.5301;-0.3623;-0.7666;1.41969;1.548555;-0.028032;-0.5301;-0.3623;-0.7666;1.464565;1.733357;-0.146388;-0.5301;-0.3623;-0.7666;1.464565;1.733357;-0.146388;-0.6091;0.5273;0.5924;1.41969;1.548555;-0.028032;-0.6091;0.5273;0.5924;1.600257;1.680357;0.040291;-0.6091;0.5273;0.5924;1.602996;1.541309;-0.151356;0.7437;0.5461;-0.3856;1.464565;1.733357;-0.146388;0.7437;0.5461;-0.3856;1.600257;1.680357;0.040291;0.7437;0.5461;-0.3856
6
SPREADER;3;0;0;0;11;7
INFO;NameId;304;DescId;305;price;9300;dpPerMin;0;range;2;placeSound;thud
LIFE;averagePop;4.0;averageLife;31.0;popFactors;1;0.023;breedMat;15.5;breedTime;11.220598;parentId;21;count;150;reqs;1;TRANSFORM;size;1.08;FADE_DEATH;0.5;enviroReqCount;2;reqId;2;barren;1;goodBiomes;1;3;idealFactor;100;influence;0.85;reqId;6;dislikedSpecies;1;erl;influence;0.86
GROWTH;dynamic;0;growthTime;10.333333;modelStages;3;subStages;2
FRUITER;modelStage;3;stageCount;1;fruiterTime;10
FOOD;1;906;25;FRUIT
