0.9
ahm
0;1
2
-0.25058;-0.02778;-0.301265;0.263403;0.613419;0.432933;1
96;2
48;-1.0;0.0;0.0
0.03675;0.348553;-0.301265;0.4975;0.463;-0.7336;-0.007529;0.582851;-0.183409;0.4975;0.463;-0.7336;0.263403;0.362755;-0.138607;0.4975;0.463;-0.7336;0.03675;0.348553;-0.301265;0.5424;-0.4366;-0.7178;0.263403;0.362755;-0.138607;0.5424;-0.4366;-0.7178;0.0153;0.131091;-0.185211;0.5424;-0.4366;-0.7178;0.03675;0.348553;-0.301265;-0.4225;-0.3939;-0.8163;0.0153;0.131091;-0.185211;-0.4225;-0.3939;-0.8163;-0.25058;0.352836;-0.154595;-0.4225;-0.3939;-0.8163;0.03675;0.348553;-0.301265;-0.4232;0.3421;-0.839;-0.25058;0.352836;-0.154595;-0.4232;0.3421;-0.839;-0.007529;0.582851;-0.183409;-0.4232;0.3421;-0.839;0.0153;0.131091;-0.185211;0.6895;-0.7137;-0.1231;0.263403;0.362755;-0.138607;0.6895;-0.7137;-0.1231;0.166507;0.198802;0.269255;0.6895;-0.7137;-0.1231;-0.007529;0.582851;-0.183409;-0.6846;0.6964;-0.2152;-0.25058;0.352836;-0.154595;-0.6846;0.6964;-0.2152;-0.20818;0.5002;0.187344;-0.6846;0.6964;-0.2152;0.263403;0.362755;-0.138607;0.6369;0.7397;-0.2172;-0.007529;0.582851;-0.183409;0.6369;0.7397;-0.2172;0.155895;0.544929;0.166585;0.6369;0.7397;-0.2172;-0.25058;0.352836;-0.154595;-0.6353;-0.7251;-0.2655;0.0153;0.131091;-0.185211;-0.6353;-0.7251;-0.2655;-0.149687;0.142085;0.179532;-0.6353;-0.7251;-0.2655;0.155895;0.544929;0.166585;-0.0812;0.8789;0.4701;-0.20818;0.5002;0.187344;-0.0812;0.8789;0.4701;-0.017108;0.425507;0.359979;-0.0812;0.8789;0.4701;0.166507;0.198802;0.269255;0.6479;0.2348;0.7246;0.155895;0.544929;0.166585;0.6479;0.2348;0.7246;-0.017108;0.425507;0.359979;0.6479;0.2348;0.7246;-0.149687;0.142085;0.179532;-0.1601;-0.4758;0.8649;0.166507;0.198802;0.269255;-0.1601;-0.4758;0.8649;-0.017108;0.425507;0.359979;-0.1601;-0.4758;0.8649;-0.20818;0.5002;0.187344;-0.692;-0.1285;0.7103;-0.149687;0.142085;0.179532;-0.692;-0.1285;0.7103;-0.017108;0.425507;0.359979;-0.692;-0.1285;0.7103;-0.149687;0.142085;0.179532;0.149;-0.9841;0.0971;0.0153;0.131091;-0.185211;0.149;-0.9841;0.0971;0.166507;0.198802;0.269255;0.149;-0.9841;0.0971;0.155895;0.544929;0.166585;-0.1115;0.9811;0.1584;-0.007529;0.582851;-0.183409;-0.1115;0.9811;0.1584;-0.20818;0.5002;0.187344;-0.1115;0.9811;0.1584;0.166507;0.198802;0.269255;0.9562;0.1098;0.2713;0.263403;0.362755;-0.138607;0.9562;0.1098;0.2713;0.155895;0.544929;0.166585;0.9562;0.1098;0.2713;-0.20818;0.5002;0.187344;-0.9683;-0.1623;0.19;-0.25058;0.352836;-0.154595;-0.9683;-0.1623;0.19;-0.149687;0.142085;0.179532;-0.9683;-0.1623;0.19
48;0.31101385;0.28775465;0.28775465
0.004978;0.613419;0.432933;0.8243;-0.0264;0.5655;7.6E-4;0.220441;0.420742;0.8243;-0.0264;0.5655;0.15606;0.556667;0.210061;0.8243;-0.0264;0.5655;0.15606;0.556667;0.210061;-0.0223;-0.5234;-0.8518;7.6E-4;0.220441;0.420742;-0.0223;-0.5234;-0.8518;-0.162525;0.557424;0.217934;-0.0223;-0.5234;-0.8518;-0.162525;0.557424;0.217934;-0.7875;-0.0107;0.6163;7.6E-4;0.220441;0.420742;-0.7875;-0.0107;0.6163;0.004978;0.613419;0.432933;-0.7875;-0.0107;0.6163;0.15606;0.556667;0.210061;-0.0039;0.9684;-0.2492;-0.162525;0.557424;0.217934;-0.0039;0.9684;-0.2492;0.004978;0.613419;0.432933;-0.0039;0.9684;-0.2492;0.146914;-0.024773;0.180153;0.8263;0.0346;-0.5622;0.081541;0.421826;0.111543;0.8263;0.0346;-0.5622;0.174856;-0.02405;0.22126;0.8263;0.0346;-0.5622;0.174856;-0.02405;0.22126;-0.0144;0.2361;0.9716;0.081541;0.421826;0.111543;-0.0144;0.2361;0.9716;0.12358;-0.024939;0.220718;-0.0144;0.2361;0.9716;0.12358;-0.024939;0.220718;-0.8491;-0.1994;-0.4892;0.081541;0.421826;0.111543;-0.8491;-0.1994;-0.4892;0.146914;-0.024773;0.180153;-0.8491;-0.1994;-0.4892;0.174856;-0.025782;-0.135613;-0.0071;-0.1613;0.9869;0.081541;0.422772;-0.062967;-0.0071;-0.1613;0.9869;0.12358;-0.026688;-0.136128;-0.0071;-0.1613;0.9869;0.12358;-0.026688;-0.136128;-0.8667;1.0E-4;-0.4987;0.081541;0.422772;-0.062967;-0.8667;1.0E-4;-0.4987;0.146914;-0.02778;-0.176678;-0.8667;1.0E-4;-0.4987;0.146914;-0.02778;-0.176678;0.7937;0.2546;-0.5524;0.081541;0.422772;-0.062967;0.7937;0.2546;-0.5524;0.174856;-0.025782;-0.135613;0.7937;0.2546;-0.5524;-0.140239;-0.024773;0.180153;-0.8263;0.0346;-0.5622;-0.16818;-0.02405;0.22126;-0.8263;0.0346;-0.5622;-0.074866;0.421826;0.111543;-0.8263;0.0346;-0.5622;-0.16818;-0.02405;0.22126;0.0144;0.2361;0.9716;-0.116905;-0.024939;0.220717;0.0144;0.2361;0.9716;-0.074866;0.421826;0.111543;0.0144;0.2361;0.9716;-0.116905;-0.024939;0.220717;0.8491;-0.1994;-0.4892;-0.140239;-0.024773;0.180153;0.8491;-0.1994;-0.4892;-0.074866;0.421826;0.111543;0.8491;-0.1994;-0.4892;-0.16818;-0.025782;-0.135613;0.0071;-0.1613;0.9869;-0.116905;-0.026688;-0.136128;0.0071;-0.1613;0.9869;-0.074866;0.422772;-0.062967;0.0071;-0.1613;0.9869;-0.116905;-0.026688;-0.136128;0.8667;1.0E-4;-0.4987;-0.140239;-0.02778;-0.176678;0.8667;1.0E-4;-0.4987;-0.074866;0.422772;-0.062967;0.8667;1.0E-4;-0.4987;-0.140239;-0.02778;-0.176678;-0.7937;0.2546;-0.5524;-0.16818;-0.025782;-0.135613;-0.7937;0.2546;-0.5524;-0.074866;0.422772;-0.062967;-0.7937;0.2546;-0.5524
-0.84118;-0.035568;-0.981209;0.770596;1.999066;1.532235;3
252;2
150;0.31101385;0.28775465;0.28775465
0.527845;1.712848;1.105483;-0.3788;0.8104;-0.447;0.113102;1.47465;1.025073;-0.3788;0.8104;-0.447;0.348108;1.690943;1.218057;-0.3788;0.8104;-0.447;0.348108;1.690943;1.218057;0.0747;-0.7079;0.7024;0.113102;1.47465;1.025073;0.0747;-0.7079;0.7024;0.483655;1.518478;1.029816;0.0747;-0.7079;0.7024;0.483655;1.518478;1.029816;-0.0317;0.3688;-0.9289;0.113102;1.47465;1.025073;-0.0317;0.3688;-0.9289;0.527845;1.712848;1.105483;-0.0317;0.3688;-0.9289;0.527845;1.712848;1.105483;0.5195;-0.41;0.7497;0.348108;1.690943;1.218057;0.5195;-0.41;0.7497;0.483655;1.518478;1.029816;0.5195;-0.41;0.7497;-0.010199;1.016492;1.025865;0.6699;-0.7424;-0.0034;0.298086;1.295207;0.905583;0.6699;-0.7424;-0.0034;0.395163;1.382222;1.032299;0.6699;-0.7424;-0.0034;0.047306;1.567625;0.872214;-0.5183;0.5155;-0.6824;-0.348392;1.381051;1.031811;-0.5183;0.5155;-0.6824;0.061271;1.817531;1.050369;-0.5183;0.5155;-0.6824;0.395163;1.382222;1.032299;0.6958;0.61;0.3791;0.064262;1.454445;1.523372;0.6958;0.61;0.3791;0.336957;1.234996;1.37601;0.6958;0.61;0.3791;-0.010199;1.016492;1.025865;0.7222;-0.6022;-0.3402;0.336957;1.234996;1.37601;0.7222;-0.6022;-0.3402;0.025402;0.910248;1.28949;0.7222;-0.6022;-0.3402;0.047306;1.567625;0.872214;0.5551;0.4233;-0.716;0.395163;1.382222;1.032299;0.5551;0.4233;-0.716;0.298086;1.295207;0.905583;0.5551;0.4233;-0.716;-0.268412;1.292002;0.905583;-0.7329;-0.6802;0.0154;-0.010199;1.016492;1.025865;-0.7329;-0.6802;0.0154;-0.348392;1.381051;1.031811;-0.7329;-0.6802;0.0154;0.064262;1.454445;1.523372;-0.4281;0.0302;0.9032;-0.262135;1.236036;1.375975;-0.4281;0.0302;0.9032;0.046657;0.940264;1.532235;-0.4281;0.0302;0.9032;-0.262135;1.236036;1.375975;-0.722;-0.6762;0.1468;0.025402;0.910248;1.28949;-0.722;-0.6762;0.1468;0.046657;0.940264;1.532235;-0.722;-0.6762;0.1468;-0.010199;1.016492;1.025865;-0.7301;-0.6757;-0.1017;-0.262135;1.236036;1.375975;-0.7301;-0.6757;-0.1017;-0.348392;1.381051;1.031811;-0.7301;-0.6757;-0.1017;0.061271;1.817531;1.050369;-0.6273;0.6158;0.4767;-0.262135;1.236036;1.375975;-0.6273;0.6158;0.4767;0.064262;1.454445;1.523372;-0.6273;0.6158;0.4767;0.025402;0.910248;1.28949;0.7183;-0.6953;0.0231;0.336957;1.234996;1.37601;0.7183;-0.6953;0.0231;0.046657;0.940264;1.532235;0.7183;-0.6953;0.0231;0.336957;1.234996;1.37601;0.4747;-0.0011;0.8801;0.064262;1.454445;1.523372;0.4747;-0.0011;0.8801;0.046657;0.940264;1.532235;0.4747;-0.0011;0.8801;0.047306;1.567625;0.872214;-0.5175;0.5096;-0.6874;-0.268412;1.292002;0.905583;-0.5175;0.5096;-0.6874;-0.348392;1.381051;1.031811;-0.5175;0.5096;-0.6874;0.395163;1.382222;1.032299;0.731;0.5435;0.4126;0.061271;1.817531;1.050369;0.731;0.5435;0.4126;0.064262;1.454445;1.523372;0.731;0.5435;0.4126;-0.010199;1.016492;1.025865;0.6582;-0.726;-0.1995;0.395163;1.382222;1.032299;0.6582;-0.726;-0.1995;0.336957;1.234996;1.37601;0.6582;-0.726;-0.1995;0.047306;1.567625;0.872214;0.5615;0.4593;-0.6883;0.061271;1.817531;1.050369;0.5615;0.4593;-0.6883;0.395163;1.382222;1.032299;0.5615;0.4593;-0.6883;-0.010199;1.016492;1.025865;-0.7607;-0.6311;-0.1516;0.025402;0.910248;1.28949;-0.7607;-0.6311;-0.1516;-0.262135;1.236036;1.375975;-0.7607;-0.6311;-0.1516;0.061271;1.817531;1.050369;-0.6691;0.6099;0.4247;-0.348392;1.381051;1.031811;-0.6691;0.6099;0.4247;-0.262135;1.236036;1.375975;-0.6691;0.6099;0.4247;0.265359;0.765655;-0.305555;-0.8637;0.0728;-0.4987;0.347799;-0.035568;-0.565364;-0.8637;0.0728;-0.4987;0.274273;-0.035568;-0.438013;-0.8637;0.0728;-0.4987;0.406592;0.765655;-0.264596;-0.0;-0.2115;0.9774;0.274273;-0.035568;-0.438013;-0.0;-0.2115;0.9774;0.421325;-0.035568;-0.438013;-0.0;-0.2115;0.9774;0.318521;0.765655;0.401697;0.8657;-0.0291;-0.4998;0.421325;-0.035568;0.626442;0.8657;-0.0291;-0.4998;0.347799;-0.035568;0.499091;0.8657;-0.0291;-0.4998;0.371446;0.765655;-0.407387;0.8637;0.0728;-0.4987;0.421325;-0.035568;-0.438013;0.8637;0.0728;-0.4987;0.347799;-0.035568;-0.565364;0.8637;0.0728;-0.4987;0.362165;0.765655;0.542124;-0.0;0.1047;0.9945;0.274273;-0.035568;0.626442;-0.0;0.1047;0.9945;0.421325;-0.035568;0.626442;-0.0;0.1047;0.9945;0.21873;0.765655;0.509708;-0.8585;-0.1317;-0.4956;0.347799;-0.035568;0.499091;-0.8585;-0.1317;-0.4956;0.274273;-0.035568;0.626442;-0.8585;-0.1317;-0.4956;-0.420181;-0.035568;-0.438013;-0.8641;0.0671;-0.4989;-0.376882;0.765655;-0.405184;-0.8641;0.0671;-0.4989;-0.346655;-0.035568;-0.565364;-0.8641;0.0671;-0.4989;-0.273129;-0.035568;-0.438013;-0.0;-0.2169;0.9762;-0.40025;0.765655;-0.26;-0.0;-0.2169;0.9762;-0.420181;-0.035568;-0.438013;-0.0;-0.2169;0.9762;-0.346655;-0.035568;0.499091;0.8631;-0.0827;-0.4983;-0.264963;0.765655;0.507629;0.8631;-0.0827;-0.4983;-0.273129;-0.035568;0.626442;0.8631;-0.0827;-0.4983;-0.346655;-0.035568;-0.565364;0.8641;0.0671;-0.4989;-0.262833;0.765655;-0.312354;0.8641;0.0671;-0.4989;-0.273129;-0.035568;-0.438013;0.8641;0.0671;-0.4989;-0.273129;-0.035568;0.626442;-0.0;0.1027;0.9947;-0.407524;0.765655;0.543697;-0.0;0.1027;0.9947;-0.420181;-0.035568;0.626442;-0.0;0.1027;0.9947;-0.420181;-0.035568;0.626442;-0.8631;-0.0827;-0.4983;-0.367479;0.765655;0.402202;-0.8631;-0.0827;-0.4983;-0.346655;-0.035568;0.499091;-0.8631;-0.0827;-0.4983;0.265359;0.765655;-0.305555;-0.6835;0.1606;-0.7121;0.371446;0.765655;-0.407387;-0.6835;0.1606;-0.7121;0.347799;-0.035568;-0.565364;-0.6835;0.1606;-0.7121;0.406592;0.765655;-0.264596;-0.275;-0.1598;0.9481;0.265359;0.765655;-0.305555;-0.275;-0.1598;0.9481;0.274273;-0.035568;-0.438013;-0.275;-0.1598;0.9481;0.318521;0.765655;0.401697;0.9542;0.0392;-0.2966;0.362165;0.765655;0.542124;0.9542;0.0392;-0.2966;0.421325;-0.035568;0.626442;0.9542;0.0392;-0.2966;0.371446;0.765655;-0.407387;0.9687;0.0694;-0.2384;0.406592;0.765655;-0.264596;0.9687;0.0694;-0.2384;0.421325;-0.035568;-0.438013;0.9687;0.0694;-0.2384;0.362165;0.765655;0.542124;-0.2187;0.1258;0.9676;0.21873;0.765655;0.509708;-0.2187;0.1258;0.9676;0.274273;-0.035568;0.626442;-0.2187;0.1258;0.9676;0.21873;0.765655;0.509708;-0.7302;-0.1087;-0.6746;0.318521;0.765655;0.401697;-0.7302;-0.1087;-0.6746;0.347799;-0.035568;0.499091;-0.7302;-0.1087;-0.6746;-0.420181;-0.035568;-0.438013;-0.9855;0.0598;-0.1586;-0.40025;0.765655;-0.26;-0.9855;0.0598;-0.1586;-0.376882;0.765655;-0.405184;-0.9855;0.0598;-0.1586;-0.273129;-0.035568;-0.438013;0.352;-0.1494;0.924;-0.262833;0.765655;-0.312354;0.352;-0.1494;0.924;-0.40025;0.765655;-0.26;0.352;-0.1494;0.924;-0.346655;-0.035568;0.499091;0.7154;-0.0655;-0.6956;-0.367479;0.765655;0.402202;0.7154;-0.0655;-0.6956;-0.264963;0.765655;0.507629;0.7154;-0.0655;-0.6956;-0.346655;-0.035568;-0.565364;0.6214;0.1761;-0.7634;-0.376882;0.765655;-0.405184;0.6214;0.1761;-0.7634;-0.262833;0.765655;-0.312354;0.6214;0.1761;-0.7634;-0.273129;-0.035568;0.626442;0.2429;0.1399;0.9599;-0.264963;0.765655;0.507629;0.2429;0.1399;0.9599;-0.407524;0.765655;0.543697;0.2429;0.1399;0.9599;-0.420181;-0.035568;0.626442;-0.9621;-0.0129;-0.2723;-0.407524;0.765655;0.543697;-0.9621;-0.0129;-0.2723;-0.367479;0.765655;0.402202;-0.9621;-0.0129;-0.2723;-0.380893;1.767039;1.105483;0.4877;0.7498;-0.447;-0.205947;1.720357;1.218057;0.4877;0.7498;-0.447;-0.003295;1.473492;1.025073;0.4877;0.7498;-0.447;-0.205947;1.720357;1.218057;-0.1724;-0.6906;0.7024;-0.364156;1.568413;1.029816;-0.1724;-0.6906;0.7024;-0.003295;1.473492;1.025073;-0.1724;-0.6906;0.7024;-0.364156;1.568413;1.029816;0.0827;0.3609;-0.9289;-0.380893;1.767039;1.105483;0.0827;0.3609;-0.9289;-0.003295;1.473492;1.025073;0.0827;0.3609;-0.9289;-0.380893;1.767039;1.105483;-0.5715;-0.3337;0.7497;-0.364156;1.568413;1.029816;-0.5715;-0.3337;0.7497;-0.205947;1.720357;1.218057;-0.5715;-0.3337;0.7497
102;-1.0;0.0;0.0
0.233011;1.247552;-0.836354;0.4292;-0.2403;-0.8707;0.404115;0.518875;-0.550885;0.4292;-0.2403;-0.8707;0.03468;0.90775;-0.840327;0.4292;-0.2403;-0.8707;0.03468;0.90775;-0.840327;-0.3838;-0.388;-0.838;-0.476151;0.563018;-0.446731;-0.3838;-0.388;-0.838;-0.303189;1.233452;-0.836354;-0.3838;-0.388;-0.838;0.753961;1.331808;-0.446731;0.9184;-0.3822;-0.1022;0.510576;0.533908;0.349556;0.9184;-0.3822;-0.1022;0.404115;0.518875;-0.550885;0.9184;-0.3822;-0.1022;-0.303189;1.233452;-0.836354;-0.0131;0.4965;-0.8679;0.061918;1.924118;-0.446731;-0.0131;0.4965;-0.8679;0.233011;1.247552;-0.836354;-0.0131;0.4965;-0.8679;0.03468;0.90775;-0.840327;-0.5951;-0.6235;0.5071;-0.303189;1.233452;-0.836354;-0.5951;-0.6235;0.5071;3.17E-4;0.825958;-0.981209;-0.5951;-0.6235;0.5071;-0.84118;1.303961;0.349556;-0.6955;0.0425;0.7173;-0.352121;0.746559;0.856774;-0.6955;0.0425;0.7173;-0.268412;1.292002;0.905583;-0.6955;0.0425;0.7173;-0.715256;1.44898;-0.446731;-0.5119;0.8372;-0.1925;-0.114916;1.999066;0.349556;-0.5119;0.8372;-0.1925;0.061918;1.924118;-0.446731;-0.5119;0.8372;-0.1925;0.061918;1.924118;-0.446731;0.6381;0.7455;-0.1925;0.770596;1.523147;0.349556;0.6381;0.7455;-0.1925;0.753961;1.331808;-0.446731;0.6381;0.7455;-0.1925;0.404115;0.518875;-0.550885;-0.0655;-0.9887;-0.1346;-0.456691;0.453311;0.349556;-0.0655;-0.9887;-0.1346;-0.476151;0.563018;-0.446731;-0.0655;-0.9887;-0.1346;-0.476151;0.563018;-0.446731;-0.9467;-0.2555;-0.1962;-0.84118;1.303961;0.349556;-0.9467;-0.2555;-0.1962;-0.715256;1.44898;-0.446731;-0.9467;-0.2555;-0.1962;0.510576;0.533908;0.349556;0.8521;-0.132;0.5064;0.298086;1.295207;0.905583;0.8521;-0.132;0.5064;0.237955;0.749433;0.864492;0.8521;-0.132;0.5064;-0.114916;1.999066;0.349556;-0.4625;0.6079;0.6454;-0.268412;1.292002;0.905583;-0.4625;0.6079;0.6454;0.047306;1.567625;0.872214;-0.4625;0.6079;0.6454;-0.456691;0.453311;0.349556;-0.0023;-0.8655;0.5009;0.237955;0.749433;0.864492;-0.0023;-0.8655;0.5009;-0.352121;0.746559;0.856774;-0.0023;-0.8655;0.5009;0.770596;1.523147;0.349556;0.5108;0.551;0.6599;0.047306;1.567625;0.872214;0.5108;0.551;0.6599;0.298086;1.295207;0.905583;0.5108;0.551;0.6599;0.233011;1.247552;-0.836354;0.8603;-0.5031;0.0822;0.03468;0.90775;-0.840327;0.8603;-0.5031;0.0822;3.17E-4;0.825958;-0.981209;0.8603;-0.5031;0.0822;-0.352121;0.746559;0.856774;-0.0086;-0.523;0.8523;0.237955;0.749433;0.864492;-0.0086;-0.523;0.8523;-0.010199;1.016492;1.025865;-0.0086;-0.523;0.8523;-0.268412;1.292002;0.905583;-0.4344;-0.0139;0.9006;-0.352121;0.746559;0.856774;-0.4344;-0.0139;0.9006;-0.010199;1.016492;1.025865;-0.4344;-0.0139;0.9006;0.237955;0.749433;0.864492;0.4505;-0.1163;0.8852;0.298086;1.295207;0.905583;0.4505;-0.1163;0.8852;-0.010199;1.016492;1.025865;0.4505;-0.1163;0.8852;-0.303189;1.233452;-0.836354;-0.0087;0.3292;-0.9442;0.233011;1.247552;-0.836354;-0.0087;0.3292;-0.9442;3.17E-4;0.825958;-0.981209;-0.0087;0.3292;-0.9442;0.233011;1.247552;-0.836354;0.4521;0.5282;-0.7187;0.061918;1.924118;-0.446731;0.4521;0.5282;-0.7187;0.753961;1.331808;-0.446731;0.4521;0.5282;-0.7187;0.233011;1.247552;-0.836354;0.6077;-0.1619;-0.7775;0.753961;1.331808;-0.446731;0.6077;-0.1619;-0.7775;0.404115;0.518875;-0.550885;0.6077;-0.1619;-0.7775;0.03468;0.90775;-0.840327;-0.1206;-0.6639;-0.738;0.404115;0.518875;-0.550885;-0.1206;-0.6639;-0.738;-0.476151;0.563018;-0.446731;-0.1206;-0.6639;-0.738;0.753961;1.331808;-0.446731;0.9663;-0.254;0.0408;0.770596;1.523147;0.349556;0.9663;-0.254;0.0408;0.510576;0.533908;0.349556;0.9663;-0.254;0.0408;-0.303189;1.233452;-0.836354;-0.7259;-0.1959;-0.6593;-0.476151;0.563018;-0.446731;-0.7259;-0.1959;-0.6593;-0.715256;1.44898;-0.446731;-0.7259;-0.1959;-0.6593;-0.303189;1.233452;-0.836354;-0.3645;0.5962;-0.7153;-0.715256;1.44898;-0.446731;-0.3645;0.5962;-0.7153;0.061918;1.924118;-0.446731;-0.3645;0.5962;-0.7153;-0.84118;1.303961;0.349556;-0.8383;-0.3789;0.3919;-0.456691;0.453311;0.349556;-0.8383;-0.3789;0.3919;-0.352121;0.746559;0.856774;-0.8383;-0.3789;0.3919;-0.715256;1.44898;-0.446731;-0.6913;0.7223;0.0222;-0.84118;1.303961;0.349556;-0.6913;0.7223;0.0222;-0.114916;1.999066;0.349556;-0.6913;0.7223;0.0222;0.061918;1.924118;-0.446731;0.4733;0.8806;0.0222;-0.114916;1.999066;0.349556;0.4733;0.8806;0.0222;0.770596;1.523147;0.349556;0.4733;0.8806;0.0222;0.404115;0.518875;-0.550885;0.083;-0.9965;0.0068;0.510576;0.533908;0.349556;0.083;-0.9965;0.0068;-0.456691;0.453311;0.349556;0.083;-0.9965;0.0068;-0.476151;0.563018;-0.446731;-0.9107;-0.4116;-0.0345;-0.456691;0.453311;0.349556;-0.9107;-0.4116;-0.0345;-0.84118;1.303961;0.349556;-0.9107;-0.4116;-0.0345;0.510576;0.533908;0.349556;0.7857;-0.2065;0.5831;0.770596;1.523147;0.349556;0.7857;-0.2065;0.5831;0.298086;1.295207;0.905583;0.7857;-0.2065;0.5831;-0.114916;1.999066;0.349556;-0.5591;0.5841;0.5884;-0.84118;1.303961;0.349556;-0.5591;0.5841;0.5884;-0.268412;1.292002;0.905583;-0.5591;0.5841;0.5884;-0.456691;0.453311;0.349556;0.0754;-0.905;0.4187;0.510576;0.533908;0.349556;0.0754;-0.905;0.4187;0.237955;0.749433;0.864492;0.0754;-0.905;0.4187;0.770596;1.523147;0.349556;0.4095;0.7619;0.5018;-0.114916;1.999066;0.349556;0.4095;0.7619;0.5018;0.047306;1.567625;0.872214;0.4095;0.7619;0.5018
13
MATERIAL;secondCol;1;count;11;WHITE;2000;CUSTOM;0.35;0.35;0.35;2000;LIGHT_BROWN;10000;GREY;6000;BEIGE;80000;LILAC;500000;CYAN;1500000;RED;2000000;LIGHT_PINK;2000000;GOLD;2000000;DARK_PURPLE;5000000
INFO;NameId;228;DescId;229;price;750;dpPerMin;52;range;2;placeSound;sheepBaa2
LIFE;averagePop;4.3;averageLife;43.0;popFactors;0;breedMat;21.5;breedTime;15.551813;parentId;-1;FALL_DEATH;fallTime;1.5;totalTime;2.5;angle;60;particles;0;enviroReqCount;2;reqId;2;barren;0;goodBiomes;6;0;1;4;6;7;8;idealFactor;100;influence;0.5;reqId;5;likedSpecies;1;pt;influence;0.25
GROWTH;dynamic;1;growthTime;14.333333;modelStages;2
MOVEMENT;14;Speed;0.4;Rot Speed;180;Bounce Power;2
AI;PATROL;minIdleTime;10;maxIdleTime;20
EATING;maxHunger;50;HungerPerHour;3;eatRadius;0.2;EatingAnims;1;0;DietOptionCount;4;es57;HONEY;0;ef;WHOLE;0;pbf;FRUIT;0;png;WHOLE;0
NAME
SOUND
RANDOM_SOUNDER;15;30;2;sheepBaa;10;sheepBaa2;10
SLEEP;startMin;0;startMax;2;endMin;3;endMax;5
FLEE;safeRange;3;land;1;swim;0
DROP;itemId;104
