0.9
png
0;1
4
-0.375024;0.033451;-0.861471;0.668772;0.59483;0.957967;1
27;1
27;0.466;0.443;0.349
0.148776;0.050913;-0.159861;-0.861915;0.493866;-0.114886;0.208097;0.179556;-0.051907;-0.861915;0.493866;-0.114886;0.170329;0.050216;-0.324557;-0.861915;0.493866;-0.114886;0.170329;0.050216;-0.324557;0.640984;0.6553;-0.399651;0.208097;0.179556;-0.051907;0.640984;0.6553;-0.399651;0.268772;0.045132;-0.175004;0.640984;0.6553;-0.399651;0.268772;0.045132;-0.175004;0.06293;-0.658417;0.750018;0.208097;0.179556;-0.051907;0.06293;-0.658417;0.750018;0.148776;0.050913;-0.159861;0.06293;-0.658417;0.750018;-0.003288;0.013451;0.1522;-0.988994;-0.11717;0.090342;-0.005877;0.193958;0.357967;-0.988994;-0.11717;0.090342;-0.031625;0.103012;-0.041852;-0.988994;-0.11717;0.090342;-0.031625;0.103012;-0.041852;0.227719;0.946199;-0.229894;-0.005877;0.193958;0.357967;0.227719;0.946199;-0.229894;0.129683;0.080366;0.024724;0.227719;0.946199;-0.229894;0.129683;0.080366;0.024724;0.712071;-0.523338;0.468051;-0.005877;0.193958;0.357967;0.712071;-0.523338;0.468051;-0.003288;0.013451;0.1522;0.712071;-0.523338;0.468051;-0.175024;0.051998;-0.197509;-0.048412;-0.753077;-0.656149;-0.174623;0.19483;-0.361471;-0.048412;-0.753077;-0.656149;-0.052127;0.056632;-0.211895;-0.048412;-0.753077;-0.656149;-0.052127;0.056632;-0.211895;0.679882;0.72461;0.112702;-0.174623;0.19483;-0.361471;0.679882;0.72461;0.112702;-0.10295;0.087421;-0.103261;0.679882;0.72461;0.112702;-0.10295;0.087421;-0.103261;-0.77542;0.477062;0.413686;-0.174623;0.19483;-0.361471;-0.77542;0.477062;0.413686;-0.175024;0.051998;-0.197509;-0.77542;0.477062;0.413686
-1.023061;-0.343623;-0.38368;0.34449;1.29076;0.759579;1
36;1
36;-1;0;0;0.2
-0.049346;-0.06127;-0.001413;-0.864101;0.318064;-0.390083;0.14449;0.59076;0.100856;-0.864101;0.318064;-0.390083;0.024599;-0.051735;-0.157437;-0.864101;0.318064;-0.390083;0.024599;-0.051735;-0.157437;0.822248;0.073452;-0.56437;0.14449;0.59076;0.100856;0.822248;0.073452;-0.56437;0.122956;-0.064198;-0.015759;0.822248;0.073452;-0.56437;0.122956;-0.064198;-0.015759;0.078669;-0.177257;0.981016;0.14449;0.59076;0.100856;0.078669;-0.177257;0.981016;-0.049346;-0.06127;-0.001413;0.078669;-0.177257;0.981016;-0.057479;-0.106005;0.175142;-0.940715;-0.335548;0.049629;-0.246123;0.450142;0.359579;-0.940715;-0.335548;0.049629;-0.102171;-0.006435;0.001205;-0.940715;-0.335548;0.049629;-0.102171;-0.006435;0.001205;0.39458;0.641087;-0.658266;-0.246123;0.450142;0.359579;0.39458;0.641087;-0.658266;0.061708;-0.046027;0.06088;0.39458;0.641087;-0.658266;0.061708;-0.046027;0.06088;0.693071;-0.003972;0.720858;-0.246123;0.450142;0.359579;0.693071;-0.003972;0.720858;-0.057479;-0.106005;0.175142;0.693071;-0.003972;0.720858;-0.330679;-0.120332;0.003514;-0.89543;-0.340623;0.286671;-0.523061;0.242938;-0.165761;-0.89543;-0.340623;0.286671;-0.377827;-0.143623;-0.171428;-0.89543;-0.340623;0.286671;-0.377827;-0.143623;-0.171428;0.214742;0.09493;-0.972046;-0.523061;0.242938;-0.165761;0.214742;0.09493;-0.972046;-0.229163;-0.046277;-0.129079;0.214742;0.09493;-0.972046;-0.229163;-0.046277;-0.129079;0.471704;0.565182;0.676805;-0.523061;0.242938;-0.165761;0.471704;0.565182;0.676805;-0.330679;-0.120332;0.003514;0.471704;0.565182;0.676805;-0.123971;-0.082311;-0.020128;-0.10346;-0.247101;-0.963451;-0.077946;0.536112;-0.18368;-0.10346;-0.247101;-0.963451;-0.001381;-0.077689;-0.034478;-0.10346;-0.247101;-0.963451;-0.001381;-0.077689;-0.034478;0.907789;0.202519;0.367296;-0.077946;0.536112;-0.18368;0.907789;0.202519;0.367296;-0.052076;-0.046977;0.073885;0.907789;0.202519;0.367296;-0.052076;-0.046977;0.073885;-0.813135;0.20463;0.54492;-0.077946;0.536112;-0.18368;-0.813135;0.20463;0.54492;-0.123971;-0.082311;-0.020128;-0.813135;0.20463;0.54492
-0.770972;-0.27355;-0.470707;0.33786;1.076105;0.505306;1
54;1
54;-1;0;0;0.2
-0.14046;-0.227354;0.028889;-0.892089;0.186978;-0.411358;0.084971;1.076105;0.132482;-0.892089;0.186978;-0.411358;0.008774;-0.20811;-0.286;-0.892089;0.186978;-0.411358;0.008774;-0.20811;-0.286;0.819598;0.132973;-0.557294;0.084971;1.076105;0.132482;0.819598;0.132973;-0.557294;0.207279;-0.233263;-6.5E-5;0.819598;0.132973;-0.557294;0.207279;-0.233263;-6.5E-5;0.081048;-0.092887;0.992372;0.084971;1.076105;0.132482;0.081048;-0.092887;0.992372;-0.14046;-0.227354;0.028889;0.081048;-0.092887;0.992372;-0.385941;-0.07944;-0.244581;-0.879803;-0.210819;-0.42603;-0.398193;0.40187;-0.457455;-0.879803;-0.210819;-0.42603;-0.275919;-0.081629;-0.470707;-0.879803;-0.210819;-0.42603;-0.275919;-0.081629;-0.470707;0.791514;0.21584;-0.571768;-0.398193;0.40187;-0.457455;0.791514;0.21584;-0.571768;-0.138519;-0.039054;-0.264428;0.791514;0.21584;-0.571768;-0.138519;-0.039054;-0.264428;0.007304;0.40463;0.914451;-0.398193;0.40187;-0.457455;0.007304;0.40463;0.914451;-0.385941;-0.07944;-0.244581;0.007304;0.40463;0.914451;0.120835;-0.227202;0.333254;-0.996085;-0.088114;0.007093;0.07343;0.322542;0.505306;-0.996085;-0.088114;0.007093;0.106238;-0.080087;0.110891;-0.996085;-0.088114;0.007093;0.106238;-0.080087;0.110891;0.489907;0.630097;-0.602469;0.07343;0.322542;0.505306;0.489907;0.630097;-0.602469;0.33786;-0.192581;0.181586;0.489907;0.630097;-0.602469;0.33786;-0.192581;0.181586;0.582528;-0.196598;0.788676;0.07343;0.322542;0.505306;0.582528;-0.196598;0.788676;0.120835;-0.227202;0.333254;0.582528;-0.196598;0.788676;-0.070392;-0.133663;0.225102;-0.960582;-0.260202;0.097866;-0.291695;0.736506;0.36653;-0.960582;-0.260202;0.097866;-0.138327;0.017689;-0.039292;-0.960582;-0.260202;0.097866;-0.138327;0.017689;-0.039292;0.400413;0.513794;-0.758739;-0.291695;0.736506;0.36653;0.400413;0.513794;-0.758739;0.110779;-0.042493;0.051417;0.400413;0.513794;-0.758739;0.110779;-0.042493;0.051417;0.677069;0.052893;0.734016;-0.291695;0.736506;0.36653;0.677069;0.052893;0.734016;-0.070392;-0.133663;0.225102;0.677069;0.052893;0.734016;-0.339047;-0.098237;0.050847;-0.848598;-0.443906;0.2878;-0.770972;0.567365;-0.196081;-0.848598;-0.443906;0.2878;-0.407964;-0.132283;-0.204871;-0.848598;-0.443906;0.2878;-0.407964;-0.132283;-0.204871;0.200845;0.116428;-0.97268;-0.770972;0.567365;-0.196081;0.200845;0.116428;-0.97268;-0.190658;0.010011;-0.142968;0.200845;0.116428;-0.97268;-0.190658;0.010011;-0.142968;0.476224;0.560414;0.677603;-0.770972;0.567365;-0.196081;0.476224;0.560414;0.677603;-0.339047;-0.098237;0.050847;0.476224;0.560414;0.677603;-0.193832;-0.27355;0.004239;-0.10346;-0.247101;-0.963451;-0.094331;1.063405;-0.349341;-0.10346;-0.247101;-0.963451;0.071194;-0.263558;-0.026783;-0.10346;-0.247101;-0.963451;0.071194;-0.263558;-0.026783;0.907789;0.202519;0.367295;-0.094331;1.063405;-0.349341;0.907789;0.202519;0.367295;-0.038405;-0.197161;0.207484;0.907789;0.202519;0.367295;-0.038405;-0.197161;0.207484;-0.813135;0.20463;0.54492;-0.094331;1.063405;-0.349341;-0.813135;0.20463;0.54492;-0.193832;-0.27355;0.004239;-0.813135;0.20463;0.54492
-1.366495;-0.27355;-0.562439;0.503717;2.167822;1.10946;1
54;1
54;-1;0;0;0.2
-0.14046;-0.227354;0.028889;-0.9039;0.037721;-0.426077;-0.017146;2.167822;-0.020668;-0.9039;0.037721;-0.426077;0.008774;-0.20811;-0.286;-0.9039;0.037721;-0.426077;0.008774;-0.20811;-0.286;0.822275;0.072013;-0.564515;-0.017146;2.167822;-0.020668;0.822275;0.072013;-0.564515;0.207279;-0.233263;-6.5E-5;0.822275;0.072013;-0.564515;0.207279;-0.233263;-6.5E-5;0.083239;0.01633;0.996396;-0.017146;2.167822;-0.020668;0.083239;0.01633;0.996396;-0.14046;-0.227354;0.028889;0.083239;0.01633;0.996396;-0.385941;-0.07944;-0.244581;-0.883643;-0.189479;-0.428105;-0.607547;1.637201;-0.546955;-0.883643;-0.189479;-0.428105;-0.275919;-0.081629;-0.470707;-0.883643;-0.189479;-0.428105;-0.275919;-0.081629;-0.470707;0.812304;0.131518;-0.568212;-0.607547;1.637201;-0.546955;0.812304;0.131518;-0.568212;-0.138519;-0.039054;-0.264428;0.812304;0.131518;-0.568212;-0.138519;-0.039054;-0.264428;0.049519;0.179456;0.982519;-0.607547;1.637201;-0.546955;0.049519;0.179456;0.982519;-0.385941;-0.07944;-0.244581;0.049519;0.179456;0.982519;0.120835;-0.227202;0.333254;-0.974912;0.150771;0.16375;0.503717;1.405554;1.10946;-0.974912;0.150771;0.16375;0.106238;-0.080087;0.110891;-0.974912;0.150771;0.16375;0.106238;-0.080087;0.110891;0.443948;0.415009;-0.794152;0.503717;1.405554;1.10946;0.443948;0.415009;-0.794152;0.33786;-0.192581;0.181586;0.443948;0.415009;-0.794152;0.33786;-0.192581;0.181586;0.556854;-0.45952;0.691921;0.503717;1.405554;1.10946;0.556854;-0.45952;0.691921;0.120835;-0.227202;0.333254;0.556854;-0.45952;0.691921;-0.070392;-0.133663;0.225102;-0.957086;-0.276176;0.087823;-0.593138;1.74494;0.435899;-0.957086;-0.276176;0.087823;-0.138327;0.017689;-0.039292;-0.957086;-0.276176;0.087823;-0.138327;0.017689;-0.039292;0.393105;0.33869;-0.854844;-0.593138;1.74494;0.435899;0.393105;0.33869;-0.854844;0.110779;-0.042493;0.051417;0.393105;0.33869;-0.854844;0.110779;-0.042493;0.051417;0.661634;0.100733;0.743029;-0.593138;1.74494;0.435899;0.661634;0.100733;0.743029;-0.070392;-0.133663;0.225102;0.661634;0.100733;0.743029;-0.339047;-0.098237;0.050847;-0.802509;-0.523629;0.285994;-1.366495;1.427346;-0.039007;-0.802509;-0.523629;0.285994;-0.407964;-0.132283;-0.204871;-0.802509;-0.523629;0.285994;-0.407964;-0.132283;-0.204871;0.148792;0.194556;-0.969541;-1.366495;1.427346;-0.039007;0.148792;0.194556;-0.969541;-0.190658;0.010011;-0.142968;0.148792;0.194556;-0.969541;-0.190658;0.010011;-0.142968;0.582629;0.432901;0.687852;-1.366495;1.427346;-0.039007;0.582629;0.432901;0.687852;-0.339047;-0.098237;0.050847;0.582629;0.432901;0.687852;-0.193832;-0.27355;0.004239;-0.099618;-0.30166;-0.948197;-0.150388;1.493323;-0.562439;-0.099618;-0.30166;-0.948197;0.071194;-0.263558;-0.026783;-0.099618;-0.30166;-0.948197;0.071194;-0.263558;-0.026783;0.905588;0.224027;0.36017;-0.150388;1.493323;-0.562439;0.905588;0.224027;0.36017;-0.038405;-0.197161;0.207484;0.905588;0.224027;0.36017;-0.038405;-0.197161;0.207484;-0.813098;0.195815;0.548204;-0.150388;1.493323;-0.562439;-0.813098;0.195815;0.548204;-0.193832;-0.27355;0.004239;-0.813098;0.195815;0.548204
6
SPREADER;0;0.1;0.1;0.1;5.5;5;
INFO;NameId;204;DescId;205;price;100;dpPerMin;0;range;2;placeSound;grassPlace
LIFE;averagePop;12.0;averageLife;4.5;popFactors;1;0.2;breedMat;2.25;breedTime;1.6283875;parentId;-1;FADE_DEATH;0.5;enviroReqCount;2;reqId;1;minAltitude;0;maxAltitude;50;influence;0.6;reqId;3;badBiomes;3;3;4;6;influence;1.0
MATERIAL;second;1;count;8;CUSTOM;0.584;0.737;0.369;1000;CUSTOM;0.776;0.898;0.4588;2000;MUD_GREEN;6000;BLUE_GREEN;8000;YELLOW;28000;CYAN;90000;DARK_ORANGE;250000;PINK;840000
GROWTH;dynamic;0;growthTime;1.5;modelStages;4;subStages;1
FOOD;1;902;17;WHOLE;PARTICLE_DEATH;isColour;1;Spawn;0;PPS;8;Speed;0.6;Gravity;0.2;Life;0.5;Scale;0.05;Colour;1;1;1;Additive;0;Alpha;1;FadeIn;0.1;FadeOut;0.8;HasDir;1;Dir;0;1;0;Deviation;0.3;Offset;0;0;0;LifeError;0.4;ScaleError;0.1;SpeedError;0.1;RandomRot;1;HasXRot;0
