0.9
pc
0;1
3
-0.4813;-0.143225;-0.504766;0.629555;0.491649;0.584639;1
36;1
36;-1;0;0;0.3
-0.062465;-0.075184;0.134515;-0.840663;-0.523026;0.140233;-0.4813;0.491649;-0.262218;-0.840663;-0.523026;0.140233;-0.051039;-0.121562;0.030033;-0.840663;-0.523026;0.140233;-0.051039;-0.121562;0.030033;-0.170873;-0.519028;-0.837489;-0.4813;0.491649;-0.262218;-0.170873;-0.519028;-0.837489;0.041973;-0.098894;-0.002994;-0.170873;-0.519028;-0.837489;0.041973;-0.098894;-0.002994;0.61977;0.702597;0.349559;-0.4813;0.491649;-0.262218;0.61977;0.702597;0.349559;-0.062465;-0.075184;0.134515;0.61977;0.702597;0.349559;-0.10349;-0.085507;-0.057641;-0.363018;-0.467788;-0.805811;0.1748;0.468728;-0.504766;-0.363018;-0.467788;-0.805811;0.025019;-0.143225;-0.082026;-0.363018;-0.467788;-0.805811;0.025019;-0.143225;-0.082026;0.848994;-0.424818;-0.314127;0.1748;0.468728;-0.504766;0.848994;-0.424818;-0.314127;0.098144;-0.070066;0.016671;0.848994;-0.424818;-0.314127;0.098144;-0.070066;0.016671;-0.297403;0.685476;0.664571;0.1748;0.468728;-0.504766;-0.297403;0.685476;0.664571;-0.10349;-0.085507;-0.057641;-0.297403;0.685476;0.664571;0.066297;-0.08261;-0.012994;0.681173;-0.729545;-0.060976;0.629555;0.424091;0.217009;0.681173;-0.729545;-0.060976;0.078406;-0.078703;0.075536;0.681173;-0.729545;-0.060976;0.078406;-0.078703;0.075536;0.372692;-0.60622;0.702536;0.629555;0.424091;0.217009;0.372692;-0.60622;0.702536;-0.010246;-0.063217;0.135929;0.372692;-0.60622;0.702536;-0.010246;-0.063217;0.135929;-0.531968;0.76043;-0.372448;0.629555;0.424091;0.217009;-0.531968;0.76043;-0.372448;0.066297;-0.08261;-0.012994;-0.531968;0.76043;-0.372448;0.110491;-0.07161;0.124745;0.46202;-0.47499;0.748924;-0.076088;0.47201;0.584639;0.46202;-0.47499;0.748924;-3.54E-4;-0.123007;0.160533;0.46202;-0.47499;0.748924;-3.54E-4;-0.123007;0.160533;-0.804163;-0.409436;0.43083;-0.076088;0.47201;0.584639;-0.804163;-0.409436;0.43083;-0.075903;-0.057859;0.08143;-0.804163;-0.409436;0.43083;-0.075903;-0.057859;0.08143;0.214209;0.672658;-0.708243;-0.076088;0.47201;0.584639;0.214209;0.672658;-0.708243;0.110491;-0.07161;0.124745;0.214209;0.672658;-0.708243
-1.301888;-0.170734;-1.273851;1.642558;0.987855;1.369438;2
117;2
45;0.8;0.691958;0.45734;0.2
0.008157;-0.077522;0.077733;-0.843928;0.533952;-0.051302;0.636602;0.870093;-0.397121;-0.843928;0.533952;-0.051302;0.014899;-0.076479;-0.022311;-0.843928;0.533952;-0.051302;0.098162;-0.07853;0.033533;0.436903;0.154302;0.886166;0.636602;0.870093;-0.397121;0.436903;0.154302;0.886166;0.008157;-0.077522;0.077733;0.436903;0.154302;0.886166;0.014899;-0.076479;-0.022311;0.448744;-0.567919;-0.689932;0.636602;0.870093;-0.397121;0.448744;-0.567919;-0.689932;0.098162;-0.07853;0.033533;0.448744;-0.567919;-0.689932;0.04735;-0.077522;0.05027;-0.199316;0.533952;0.82165;-0.309223;0.870093;-0.652073;-0.199316;0.533952;0.82165;-0.049937;-0.076479;0.025989;-0.199316;0.533952;0.82165;0.019717;-0.07853;-0.046119;0.949309;0.154302;-0.273751;-0.309223;0.870093;-0.652073;0.949309;0.154302;-0.273751;0.04735;-0.077522;0.05027;0.949309;0.154302;-0.273751;-0.049937;-0.076479;0.025989;-0.599963;-0.567919;-0.563402;-0.309223;0.870093;-0.652073;-0.599963;-0.567919;-0.563402;0.019717;-0.07853;-0.046119;-0.599963;-0.567919;-0.563402;-0.010536;-0.077522;0.009623;0.70455;0.533952;0.46736;-0.792346;0.870093;0.105556;0.70455;0.533952;0.46736;-0.066512;-0.076479;0.092817;0.70455;0.533952;0.46736;-0.110574;-0.07853;0.002761;0.066042;0.154302;-0.985809;-0.792346;0.870093;0.105556;0.066042;0.154302;-0.985809;-0.010536;-0.077522;0.009623;0.066042;0.154302;-0.985809;-0.066512;-0.076479;0.092817;-0.734123;-0.567919;0.372112;-0.792346;0.870093;0.105556;-0.734123;-0.567919;0.372112;-0.110574;-0.07853;0.002761;-0.734123;-0.567919;0.372112;-0.017568;-0.077522;0.016372;0.824702;0.533952;-0.186316;-0.48846;0.870093;0.647792;0.824702;0.533952;-0.186316;0.003888;-0.076479;0.114322;0.824702;0.533952;-0.186316;-0.091654;-0.07853;0.083942;-0.666921;0.154302;-0.728935;-0.48846;0.870093;0.647792;-0.666921;0.154302;-0.728935;-0.017568;-0.077522;0.016372;-0.666921;0.154302;-0.728935;0.003888;-0.076479;0.114322;-0.238289;-0.567919;0.787805;-0.48846;0.870093;0.647792;-0.238289;-0.567919;0.787805;-0.091654;-0.07853;0.083942;-0.238289;-0.567919;0.787805;-0.003193;-0.077522;0.046361;0.085025;0.533952;-0.841182;0.446122;0.870093;0.693312;0.085025;0.533952;-0.841182;0.096502;-0.076479;0.057102;0.085025;0.533952;-0.841182;0.037369;-0.07853;0.138063;-0.902921;0.154302;0.401074;0.446122;0.870093;0.693312;-0.902921;0.154302;0.401074;-0.003193;-0.077522;0.046361;-0.902921;0.154302;0.401074;0.096502;-0.076479;0.057102;0.671438;-0.567919;0.476028;0.446122;0.870093;0.693312;0.671438;-0.567919;0.476028;0.037369;-0.07853;0.138063;0.671438;-0.567919;0.476028
72;-1;0;0;0.2
0.458952;0.483588;0.412523;-0.837153;0.546953;-7.32E-4;0.53977;0.606926;0.149771;-0.837153;0.546953;-7.32E-4;0.031763;-0.170734;0.052487;-0.837153;0.546953;-7.32E-4;0.71023;0.419204;-0.044556;0.625416;-0.647694;0.435041;0.458952;0.483588;0.412523;0.625416;-0.647694;0.435041;0.031763;-0.170734;0.052487;0.625416;-0.647694;0.435041;0.458952;0.483588;0.412523;-0.326395;0.890286;0.317515;1.642558;0.902737;0.453963;-0.326395;0.890286;0.317515;0.53977;0.606926;0.149771;-0.326395;0.890286;0.317515;0.53977;0.606926;0.149771;-0.46144;0.400464;-0.79162;0.71023;0.419204;-0.044556;-0.46144;0.400464;-0.79162;0.031763;-0.170734;0.052487;-0.46144;0.400464;-0.79162;0.71023;0.419204;-0.044556;0.309427;-0.903226;0.297342;1.642558;0.902737;0.453963;0.309427;-0.903226;0.297342;0.458952;0.483588;0.412523;0.309427;-0.903226;0.297342;0.53977;0.606926;0.149771;-0.001007;0.718772;-0.695242;1.642558;0.902737;0.453963;-0.001007;0.718772;-0.695242;0.71023;0.419204;-0.044556;-0.001007;0.718772;-0.695242;0.184155;0.705516;-0.536422;-0.787866;0.615711;0.010193;0.39524;0.987855;-1.273851;-0.787866;0.615711;0.010193;-0.002158;0.467285;-0.546854;-0.787866;0.615711;0.010193;-0.002158;0.467285;-0.546854;0.363872;-0.839961;-0.402539;0.39524;0.987855;-1.273851;0.363872;-0.839961;-0.402539;0.41838;0.562369;-0.365113;0.363872;-0.839961;-0.402539;-0.481611;0.566795;-0.211468;0.186285;0.443434;0.876705;-0.650139;0.37128;-0.076769;0.186285;0.443434;0.876705;0.031763;-0.170734;0.052487;0.186285;0.443434;0.876705;0.41838;0.562369;-0.365113;0.241279;0.881222;0.406446;0.39524;0.987855;-1.273851;0.241279;0.881222;0.406446;0.184155;0.705516;-0.536422;0.241279;0.881222;0.406446;-0.650139;0.37128;-0.076769;-0.413709;-0.66802;-0.618519;-0.319204;0.480181;-0.415752;-0.413709;-0.66802;-0.618519;0.031763;-0.170734;0.052487;-0.413709;-0.66802;-0.618519;-0.319204;0.480181;-0.415752;0.722953;0.615528;0.313761;-0.481611;0.566795;-0.211468;0.722953;0.615528;0.313761;0.031763;-0.170734;0.052487;0.722953;0.615528;0.313761;-0.319204;0.480181;-0.415752;0.457198;0.889218;-0.01352;-1.301888;0.981939;-0.646551;0.457198;0.889218;-0.01352;-0.481611;0.566795;-0.211468;0.457198;0.889218;-0.01352;-0.650139;0.37128;-0.076769;-0.28251;-0.79809;-0.532182;-1.301888;0.981939;-0.646551;-0.28251;-0.79809;-0.532182;-0.319204;0.480181;-0.415752;-0.28251;-0.79809;-0.532182;-0.481611;0.566795;-0.211468;-0.098392;0.620716;0.777825;-1.301888;0.981939;-0.646551;-0.098392;0.620716;0.777825;-0.650139;0.37128;-0.076769;-0.098392;0.620716;0.777825;-0.006321;0.566844;0.550565;0.695212;0.691;-0.197913;-0.161003;0.957015;1.369438;0.695212;0.691;-0.197913;0.163811;0.449129;0.737211;0.695212;0.691;-0.197913;0.163811;0.449129;0.737211;-0.437117;-0.797388;0.415998;-0.161003;0.957015;1.369438;-0.437117;-0.797388;0.415998;-0.265092;0.596148;0.568353;-0.437117;-0.797388;0.415998;0.41838;0.562369;-0.365113;-0.228706;0.570086;0.789087;0.184155;0.705516;-0.536422;-0.228706;0.570086;0.789087;0.031763;-0.170734;0.052487;-0.228706;0.570086;0.789087;-0.265092;0.596148;0.568353;0.073824;0.905637;-0.417554;-0.161003;0.957015;1.369438;0.073824;0.905637;-0.417554;-0.006321;0.566844;0.550565;0.073824;0.905637;-0.417554;-0.002158;0.467285;-0.546854;0.426893;-0.606952;-0.670309;0.41838;0.562369;-0.365113;0.426893;-0.606952;-0.670309;0.031763;-0.170734;0.052487;0.426893;-0.606952;-0.670309;0.184155;0.705516;-0.536422;-0.66274;0.493667;0.563036;-0.002158;0.467285;-0.546854;-0.66274;0.493667;0.563036;0.031763;-0.170734;0.052487;-0.66274;0.493667;0.563036;-0.006321;0.566844;0.550565;0.790826;0.370006;-0.487472;0.163811;0.449129;0.737211;0.790826;0.370006;-0.487472;0.031763;-0.170734;0.052487;0.790826;0.370006;-0.487472;0.163811;0.449129;0.737211;-0.462386;-0.611133;0.642415;-0.265092;0.596148;0.568353;-0.462386;-0.611133;0.642415;0.031763;-0.170734;0.052487;-0.462386;-0.611133;0.642415;-0.265092;0.596148;0.568353;0.006439;0.559832;-0.828547;-0.006321;0.566844;0.550565;0.006439;0.559832;-0.828547;0.031763;-0.170734;0.052487;0.006439;0.559832;-0.828547
-2.167951;-0.287204;-2.464231;2.755281;1.884467;2.626165;2
261;2
27;0.8;0.691958;0.45734;0.15
-0.16345;-0.086923;0.121227;-0.806879;-0.36317;-0.465835;-0.90571;1.816883;-0.07731;-0.806879;-0.36317;-0.465835;-0.063173;-0.086923;-0.052459;-0.806879;-0.36317;-0.465835;-0.063173;-0.086923;-0.052459;0.810419;0.352519;-0.467879;-0.90571;1.816883;-0.07731;0.810419;0.352519;-0.467879;0.037105;-0.086923;0.121227;0.810419;0.352519;-0.467879;0.037105;-0.086923;0.121227;0.0;0.103702;0.994598;-0.90571;1.816883;-0.07731;0.0;0.103702;0.994598;-0.16345;-0.086923;0.121227;0.0;0.103702;0.994598;-0.05774;-0.084;-0.116067;0.520493;-0.328532;-0.78811;1.219062;1.809144;-0.062033;0.520493;-0.328532;-0.78811;0.108785;-0.088101;-0.004378;0.520493;-0.328532;-0.78811;0.108785;-0.088101;-0.004378;0.427595;-0.223609;0.875851;1.219062;1.809144;-0.062033;0.427595;-0.223609;0.875851;-0.071224;-0.086085;0.084023;0.427595;-0.223609;0.875851;-0.071224;-0.086085;0.084023;-0.827357;0.559404;-0.049898;1.219062;1.809144;-0.062033;-0.827357;0.559404;-0.049898;-0.05774;-0.084;-0.116067;-0.827357;0.559404;-0.049898;0.049671;-0.084;0.219621;-0.560869;-0.31431;0.765893;0.026115;1.884467;1.010193;-0.560869;-0.31431;0.765893;-0.111296;-0.088101;0.100059;-0.560869;-0.31431;0.765893;-0.111296;-0.088101;0.100059;-0.365886;0.410779;-0.835078;0.026115;1.884467;1.010193;-0.365886;0.410779;-0.835078;0.072753;-0.086085;0.02041;-0.365886;0.410779;-0.835078;0.072753;-0.086085;0.02041;0.992706;-0.034455;0.11536;0.026115;1.884467;1.010193;0.992706;-0.034455;0.11536;0.049671;-0.084;0.219621;0.992706;-0.034455;0.11536
234;-1;0;0;0.15
-1.614471;1.154015;-0.520029;-0.467452;-0.855007;-0.224494;-1.282848;1.132577;-1.128894;-0.467452;-0.855007;-0.224494;-0.89111;0.621624;0.001321;-0.467452;-0.855007;-0.224494;-1.614471;1.154015;-0.520029;0.022004;-0.998627;0.047121;-2.167951;1.094467;-1.522893;0.022004;-0.998627;0.047121;-1.282848;1.132577;-1.128894;0.022004;-0.998627;0.047121;-1.341291;1.28919;-0.771085;-0.339457;0.931272;0.132023;-2.167951;1.094467;-1.522893;-0.339457;0.931272;0.132023;-1.614471;1.154015;-0.520029;-0.339457;0.931272;0.132023;-1.282848;1.132577;-1.128894;0.129582;0.915952;-0.379742;-2.167951;1.094467;-1.522893;0.129582;0.915952;-0.379742;-1.341291;1.28919;-0.771085;0.129582;0.915952;-0.379742;-0.684933;0.836146;0.113523;0.359325;0.574389;0.735466;-1.956167;1.451126;0.2543;0.359325;0.574389;0.735466;-0.807282;0.608299;0.35125;0.359325;0.574389;0.735466;-0.807282;0.608299;0.35125;-0.564409;-0.794946;-0.222449;-1.956167;1.451126;0.2543;-0.564409;-0.794946;-0.222449;-0.684604;0.666969;-0.169655;-0.564409;-0.794946;-0.222449;-0.684933;0.836146;0.113523;0.602161;0.39845;0.691794;-0.807282;0.608299;0.35125;0.602161;0.39845;0.691794;-0.009066;-0.129904;0.08165;0.602161;0.39845;0.691794;-1.341291;1.28919;-0.771085;0.175329;0.774468;0.607807;-1.614471;1.154015;-0.520029;0.175329;0.774468;0.607807;-0.710644;0.829631;-0.367448;0.175329;0.774468;0.607807;-1.282848;1.132577;-1.128894;0.659597;0.72216;-0.20835;-1.341291;1.28919;-0.771085;0.659597;0.72216;-0.20835;-0.710644;0.829631;-0.367448;0.659597;0.72216;-0.20835;-0.710644;0.829631;-0.367448;0.555406;0.57799;0.597827;-0.89111;0.621624;0.001321;0.555406;0.57799;0.597827;-0.001106;-0.283396;0.049429;0.555406;0.57799;0.597827;-0.89111;0.621624;0.001321;-0.663594;-0.670247;-0.332224;-0.583507;0.625253;-0.620383;-0.663594;-0.670247;-0.332224;-0.001106;-0.283396;0.049429;-0.663594;-0.670247;-0.332224;-0.583507;0.625253;-0.620383;0.844569;0.535356;-0.008057;-0.710644;0.829631;-0.367448;0.844569;0.535356;-0.008057;-0.001106;-0.283396;0.049429;0.844569;0.535356;-0.008057;0.256255;1.049526;-1.754156;0.173345;-0.897214;-0.406079;0.908611;1.069249;-1.519224;0.173345;-0.897214;-0.406079;0.605531;0.605719;-0.624483;0.173345;-0.897214;-0.406079;0.256255;1.049526;-1.754156;-0.011048;-0.993378;0.114139;1.116018;0.958355;-2.464231;-0.011048;-0.993378;0.114139;0.908611;1.069249;-1.519224;-0.011048;-0.993378;0.114139;0.608694;1.316177;-1.746291;-0.457533;0.623432;-0.634022;1.116018;0.958355;-2.464231;-0.457533;0.623432;-0.634022;0.256255;1.049526;-1.754156;-0.457533;0.623432;-0.634022;0.908611;1.069249;-1.519224;0.615528;0.78692;0.042726;1.116018;0.958355;-2.464231;0.615528;0.78692;0.042726;0.608694;1.316177;-1.746291;0.615528;0.78692;0.042726;0.608694;1.316177;-1.746291;-0.599048;0.78753;0.144505;0.256255;1.049526;-1.754156;-0.599048;0.78753;0.144505;0.226033;0.813121;-0.59106;-0.599048;0.78753;0.144505;0.908611;1.069249;-1.519224;0.324809;0.822993;0.465957;0.608694;1.316177;-1.746291;0.324809;0.822993;0.465957;0.226033;0.813121;-0.59106;0.324809;0.822993;0.465957;0.226033;0.813121;-0.59106;-0.77279;0.431715;0.465163;-0.0487;0.605719;-0.854986;-0.77279;0.431715;0.465163;-1.35E-4;-0.283409;0.050871;-0.77279;0.431715;0.465163;-0.0487;0.605719;-0.854986;0.241768;-0.685965;-0.68627;0.605531;0.605719;-0.624483;0.241768;-0.685965;-0.68627;-1.35E-4;-0.283409;0.050871;0.241768;-0.685965;-0.68627;0.605531;0.605719;-0.624483;0.310526;0.431715;0.846858;0.226033;0.813121;-0.59106;0.310526;0.431715;0.846858;-1.35E-4;-0.283409;0.050871;0.310526;0.431715;0.846858;1.767159;1.209;0.081366;0.535051;-0.836665;0.116825;1.619182;1.209;0.759047;0.535051;-0.836665;0.116825;0.795298;0.66036;0.603337;0.535051;-0.836665;0.116825;1.767159;1.209;0.081366;0.264504;-0.962645;0.057741;2.755281;1.517986;0.705983;0.264504;-0.962645;0.057741;1.619182;1.209;0.759047;0.264504;-0.962645;0.057741;1.4554;1.280148;0.468913;-0.124271;0.953368;-0.275002;2.755281;1.517986;0.705983;-0.124271;0.953368;-0.275002;1.767159;1.209;0.081366;-0.124271;0.953368;-0.275002;1.619182;1.209;0.759047;-0.230232;0.907071;0.352397;2.755281;1.517986;0.705983;-0.230232;0.907071;0.352397;1.4554;1.280148;0.468913;-0.230232;0.907071;0.352397;1.4554;1.280148;0.468913;-0.344188;0.834559;-0.430097;1.767159;1.209;0.081366;-0.344188;0.834559;-0.430097;0.664542;0.813121;0.195595;-0.344188;0.834559;-0.430097;1.619182;1.209;0.759047;-0.562975;0.671072;0.482376;1.4554;1.280148;0.468913;-0.562975;0.671072;0.482376;0.664542;0.813121;0.195595;-0.562975;0.671072;0.482376;0.664542;0.813121;0.195595;-0.553331;0.430006;-0.71334;0.953361;0.66036;-0.120528;-0.553331;0.430006;-0.71334;-3.98E-4;-0.283409;0.050399;-0.553331;0.430006;-0.71334;0.953361;0.66036;-0.120528;0.708762;-0.688223;0.154759;0.795298;0.66036;0.603337;0.708762;-0.688223;0.154759;-3.98E-4;-0.283409;0.050399;0.708762;-0.688223;0.154759;0.795298;0.66036;0.603337;-0.800348;0.430006;0.417737;0.664542;0.813121;0.195595;-0.800348;0.430006;0.417737;-3.98E-4;-0.283409;0.050399;-0.800348;0.430006;0.417737;0.578161;0.762763;-0.040922;-0.557146;0.423994;0.713981;0.410394;0.929498;-0.270845;-0.557146;0.423994;0.713981;-0.017151;-0.129348;0.024307;-0.557146;0.423994;0.713981;0.422364;0.722913;-0.554705;0.807764;-0.553789;-0.201972;0.578161;0.762763;-0.040922;0.807764;-0.553789;-0.201972;-0.017151;-0.129348;0.024307;0.807764;-0.553789;-0.201972;0.578161;0.762763;-0.040922;-0.18656;0.725608;0.662313;1.402701;1.7559;-0.896696;-0.18656;0.725608;0.662313;0.410394;0.929498;-0.270845;-0.18656;0.725608;0.662313;0.410394;0.929498;-0.270845;-0.918912;0.299478;-0.256691;0.422364;0.722913;-0.554705;-0.918912;0.299478;-0.256691;-0.017151;-0.129348;0.024307;-0.918912;0.299478;-0.256691;0.422364;0.722913;-0.554705;0.690542;-0.706534;-0.154576;1.402701;1.7559;-0.896696;0.690542;-0.706534;-0.154576;0.578161;0.762763;-0.040922;0.690542;-0.706534;-0.154576;0.410394;0.929498;-0.270845;-0.722312;0.544267;-0.426557;1.402701;1.7559;-0.896696;-0.722312;0.544267;-0.426557;0.422364;0.722913;-0.554705;-0.722312;0.544267;-0.426557;-0.330177;1.121586;-0.687624;-0.57152;0.566607;0.593524;-0.839244;1.700209;-1.730207;-0.57152;0.566607;0.593524;-0.525246;0.791106;-0.55996;-0.57152;0.566607;0.593524;-0.525246;0.791106;-0.55996;-0.149968;-0.79986;-0.581133;-0.839244;1.700209;-1.730207;-0.149968;-0.79986;-0.581133;-0.018793;0.826312;-0.739123;-0.149968;-0.79986;-0.581133;-0.330177;1.121586;-0.687624;-0.216926;0.460524;0.860714;-0.525246;0.791106;-0.55996;-0.216926;0.460524;0.860714;-0.072251;-0.129094;0.046582;-0.216926;0.460524;0.860714;-0.568415;1.176851;1.642246;-0.551622;0.830714;-0.074801;-0.265876;1.466376;2.626165;-0.551622;0.830714;-0.074801;-0.121636;1.46571;1.555447;-0.551622;0.830714;-0.074801;-0.121636;1.46571;1.555447;0.452803;0.889523;0.060427;-0.265876;1.466376;2.626165;0.452803;0.889523;0.060427;0.13925;1.328121;1.625887;0.452803;0.889523;0.060427;0.13925;1.328121;1.625887;0.208838;-0.953673;0.216407;-0.265876;1.466376;2.626165;0.208838;-0.953673;0.216407;-0.568415;1.176851;1.642246;0.208838;-0.953673;0.216407;0.13925;1.328121;1.625887;0.162908;-0.685385;0.709708;-0.568415;1.176851;1.642246;0.162908;-0.685385;0.709708;0.271687;0.653936;0.944407;0.162908;-0.685385;0.709708;-0.121636;1.46571;1.555447;0.506088;0.705985;-0.495407;0.13925;1.328121;1.625887;0.506088;0.705985;-0.495407;-0.076002;0.86438;0.745133;0.506088;0.705985;-0.495407;-0.568415;1.176851;1.642246;-0.531938;0.665365;-0.523728;-0.121636;1.46571;1.555447;-0.531938;0.665365;-0.523728;-0.076002;0.86438;0.745133;-0.531938;0.665365;-0.523728;-0.076002;0.86438;0.745133;0.630726;0.431043;-0.645253;0.271687;0.653936;0.944407;0.630726;0.431043;-0.645253;0.001012;-0.287204;0.051115;0.630726;0.431043;-0.645253;0.271687;0.653936;0.944407;-0.059053;-0.678213;0.732444;-0.44909;0.645483;0.878451;-0.059053;-0.678213;0.732444;0.001012;-0.287204;0.051115;-0.059053;-0.678213;0.732444;-0.44909;0.645483;0.878451;-0.512986;0.417615;-0.749901;-0.076002;0.86438;0.745133;-0.512986;0.417615;-0.749901;0.001012;-0.287204;0.051115;-0.512986;0.417615;-0.749901;-0.018793;0.826312;-0.739123;0.692099;0.719169;0.06119;-0.839244;1.700209;-1.730207;0.692099;0.719169;0.06119;-0.330177;1.121586;-0.687624;0.692099;0.719169;0.06119;-0.525246;0.791106;-0.55996;-0.225837;-0.611164;-0.758568;-0.018793;0.826312;-0.739123;-0.225837;-0.611164;-0.758568;-0.072251;-0.129094;0.046582;-0.225837;-0.611164;-0.758568;-0.018793;0.826312;-0.739123;0.57915;0.498215;0.645222;-0.330177;1.121586;-0.687624;0.57915;0.498215;0.645222;-0.072251;-0.129094;0.046582;0.57915;0.498215;0.645222;-0.645337;0.832423;0.250923;0.269417;0.350261;-0.897031;-0.36714;0.999233;0.399613;0.269417;0.350261;-0.897031;-0.059346;-0.129094;0.051477;0.269417;0.350261;-0.897031;-0.219942;0.792141;0.681038;-0.635731;-0.507981;0.581164;-0.645337;0.832423;0.250923;-0.635731;-0.507981;0.581164;-0.059346;-0.129094;0.051477;-0.635731;-0.507981;0.581164;-0.645337;0.832423;0.250923;-0.080111;0.734397;-0.67394;-1.100349;1.808376;1.368503;-0.080111;0.734397;-0.67394;-0.36714;0.999233;0.399613;-0.080111;0.734397;-0.67394;-0.36714;0.999233;0.399613;0.915067;0.323771;-0.240364;-0.219942;0.792141;0.681038;0.915067;0.323771;-0.240364;-0.059346;-0.129094;0.051477;0.915067;0.323771;-0.240364;-0.219942;0.792141;0.681038;-0.51204;-0.739341;0.437178;-1.100349;1.808376;1.368503;-0.51204;-0.739341;0.437178;-0.645337;0.832423;0.250923;-0.51204;-0.739341;0.437178;-0.36714;0.999233;0.399613;0.773919;0.630482;0.059145;-1.100349;1.808376;1.368503;0.773919;0.630482;0.059145;-0.219942;0.792141;0.681038;0.773919;0.630482;0.059145;0.470227;0.874579;0.639301;0.436079;0.706351;-0.557543;1.027508;1.5456;1.925305;0.436079;0.706351;-0.557543;0.814342;0.740115;0.738093;0.436079;0.706351;-0.557543;0.814342;0.740115;0.738093;-0.070254;-0.819544;0.568651;1.027508;1.5456;1.925305;-0.070254;-0.819544;0.568651;0.23331;0.903886;0.90234;-0.070254;-0.819544;0.568651;0.470227;0.874579;0.639301;0.374859;0.320139;-0.870022;0.814342;0.740115;0.738093;0.374859;0.320139;-0.870022;0.067522;-0.129094;0.096448;0.374859;0.320139;-0.870022;0.23331;0.903886;0.90234;-0.275613;0.896023;-0.348064;1.027508;1.5456;1.925305;-0.275613;0.896023;-0.348064;0.470227;0.874579;0.639301;-0.275613;0.896023;-0.348064;0.814342;0.740115;0.738093;0.04706;-0.619098;0.783868;0.23331;0.903886;0.90234;0.04706;-0.619098;0.783868;0.067522;-0.129094;0.096448;0.04706;-0.619098;0.783868;0.23331;0.903886;0.90234;-0.586627;0.554552;-0.590167;0.470227;0.874579;0.639301;-0.586627;0.554552;-0.590167;0.067522;-0.129094;0.096448;-0.586627;0.554552;-0.590167;-1.282848;1.132577;-1.128894;-0.455916;-0.859615;-0.230598;-0.583507;0.625253;-0.620383;-0.455916;-0.859615;-0.230598;-0.89111;0.621624;0.001321;-0.455916;-0.859615;-0.230598;-0.684604;0.666969;-0.169655;0.337565;0.808222;-0.482467;-1.956167;1.451126;0.2543;0.337565;0.808222;-0.482467;-0.684933;0.836146;0.113523;0.337565;0.808222;-0.482467;-0.807282;0.608299;0.35125;-0.701559;-0.670675;-0.240761;-0.684604;0.666969;-0.169655;-0.701559;-0.670675;-0.240761;-0.009066;-0.129904;0.08165;-0.701559;-0.670675;-0.240761;-1.614471;1.154015;-0.520029;0.19715;0.809442;0.553056;-0.89111;0.621624;0.001321;0.19715;0.809442;0.553056;-0.710644;0.829631;-0.367448;0.19715;0.809442;0.553056;-0.583507;0.625253;-0.620383;0.674856;0.701834;-0.227882;-1.282848;1.132577;-1.128894;0.674856;0.701834;-0.227882;-0.710644;0.829631;-0.367448;0.674856;0.701834;-0.227882;-0.0487;0.605719;-0.854986;0.140721;-0.905881;-0.399396;0.256255;1.049526;-1.754156;0.140721;-0.905881;-0.399396;0.605531;0.605719;-0.624483;0.140721;-0.905881;-0.399396;0.256255;1.049526;-1.754156;-0.674032;0.727103;0.130253;-0.0487;0.605719;-0.854986;-0.674032;0.727103;0.130253;0.226033;0.813121;-0.59106;-0.674032;0.727103;0.130253;0.605531;0.605719;-0.624483;0.443037;0.725852;0.526109;0.908611;1.069249;-1.519224;0.443037;0.725852;0.526109;0.226033;0.813121;-0.59106;0.443037;0.725852;0.526109;0.953361;0.66036;-0.120528;0.535051;-0.836665;0.116825;1.767159;1.209;0.081366;0.535051;-0.836665;0.116825;0.795298;0.66036;0.603337;0.535051;-0.836665;0.116825;1.767159;1.209;0.081366;-0.318949;0.705832;-0.632466;0.953361;0.66036;-0.120528;-0.318949;0.705832;-0.632466;0.664542;0.813121;0.195595;-0.318949;0.705832;-0.632466;0.795298;0.66036;0.603337;-0.553545;0.705832;0.441969;1.619182;1.209;0.759047;-0.553545;0.705832;0.441969;0.664542;0.813121;0.195595;-0.553545;0.705832;0.441969;-0.568415;1.176851;1.642246;-0.042146;-0.823206;0.566118;-0.44909;0.645483;0.878451;-0.042146;-0.823206;0.566118;0.271687;0.653936;0.944407;-0.042146;-0.823206;0.566118;0.13925;1.328121;1.625887;0.63863;0.605457;-0.474868;0.271687;0.653936;0.944407;0.63863;0.605457;-0.474868;-0.076002;0.86438;0.745133;0.63863;0.605457;-0.474868;-0.44909;0.645483;0.878451;-0.561998;0.635243;-0.52971;-0.568415;1.176851;1.642246;-0.561998;0.635243;-0.52971;-0.076002;0.86438;0.745133;-0.561998;0.635243;-0.52971;-0.684604;0.666969;-0.169655;0.769189;0.548936;-0.327036;-0.684933;0.836146;0.113523;0.769189;0.548936;-0.327036;-0.009066;-0.129904;0.08165;0.769189;0.548936;-0.327036
6
MATERIAL;second;0;count;4;CUSTOM;0.463143;0.6;0.344953;8000;LIGHT_GREEN;14000;BEIGE;60000;YELLOW;80000
SPREADER;3;0;0;0;10;7
INFO;NameId;300;DescId;301;price;4050;dpPerMin;0;range;2;placeSound;thud
LIFE;averagePop;4.0;averageLife;18.0;popFactors;1;0.05;breedMat;9.0;breedTime;6.5144424;parentId;-1;FADE_DEATH;0.5;enviroReqCount;3;reqId;2;barren;1;goodBiomes;3;3;5;9;idealFactor;80;influence;0.9;reqId;1;minAltitude;0;maxAltitude;50;influence;0.8;reqId;6;dislikedSpecies;1;ers;influence;0.8
GROWTH;dynamic;0;growthTime;6.0;modelStages;3;subStages;2
FOOD;1;902;35;WHOLE;PARTICLE_DEATH;isColour;1;Spawn;0;PPS;8;Speed;0.6;Gravity;0.2;Life;0.5;Scale;0.05;Colour;0.463143;0.6;0.344953;Additive;0;Alpha;1;FadeIn;0.1;FadeOut;0.8;HasDir;1;Dir;0;1;0;Deviation;0.3;Offset;0;0;0;LifeError;0.4;ScaleError;0.1;SpeedError;0.1;RandomRot;1;HasXRot;0
