1
afb
1;0;-0.3
2
-0.195245;-0.086019;-0.73623;0.206547;0.586164;0.531016;1
57;3
9;0.522;0.631;0.631
0.206547;0.006971;0.21034;0.0;-0.98175;0.1901;0.005651;0.069069;0.531016;0.0;-0.98175;0.1901;-0.195245;0.006971;0.21034;0.0;-0.98175;0.1901;0.005651;0.350623;0.253345;0.804285;0.417219;0.423078;0.005651;0.069069;0.531016;0.804285;0.417219;0.423078;0.206547;0.006971;0.21034;0.804285;0.417219;0.423078;-0.195245;0.006971;0.21034;-0.804285;0.417219;0.423078;0.005651;0.069069;0.531016;-0.804285;0.417219;0.423078;0.005651;0.350623;0.253345;-0.804285;0.417219;0.423078
30;0.522;0.631;0.631
0.005651;0.256871;-0.73623;0.992035;0.125828;0.005249;0.005651;0.24383;-0.423672;0.992035;0.125828;0.005249;0.048875;-0.086019;-0.68564;0.992035;0.125828;0.005249;-0.029891;0.135782;-0.378274;-0.95587;0.24897;-0.155766;0.005651;0.24383;-0.423672;-0.95587;0.24897;-0.155766;-0.037574;-0.086019;-0.68564;-0.95587;0.24897;-0.155766;0.041193;0.135782;-0.378274;0.0;-0.810907;0.585162;-0.029891;0.135782;-0.378274;0.0;-0.810907;0.585162;0.048875;-0.086019;-0.68564;0.0;-0.810907;0.585162;0.005651;0.256871;-0.73623;0.0;-0.14594;-0.989288;0.048875;-0.086019;-0.68564;0.0;-0.14594;-0.989288;-0.037574;-0.086019;-0.68564;0.0;-0.14594;-0.989288;-0.010728;0.280519;-0.169693;0.051271;0.674001;-0.73693;0.010131;0.586164;0.111302;0.051271;0.674001;-0.73693;0.025776;0.287645;-0.160634;0.051271;0.674001;-0.73693;0.005651;0.350623;0.253345;-0.998718;0.038453;0.032289;0.010131;0.586164;0.111302;-0.998718;0.038453;0.032289;-0.010728;0.280519;-0.169693;-0.998718;0.038453;0.032289;0.025776;0.287645;-0.160634;0.99884;0.0094;0.047121;0.010131;0.586164;0.111302;0.99884;0.0094;0.047121;0.005651;0.350623;0.253345;0.99884;0.0094;0.047121;0.005651;0.24383;-0.423672;-0.992035;0.125828;0.005249;0.005651;0.256871;-0.73623;-0.992035;0.125828;0.005249;-0.037574;-0.086019;-0.68564;-0.992035;0.125828;0.005249;-0.029891;0.135782;-0.378274;0.0;-0.810907;0.585162;-0.037574;-0.086019;-0.68564;0.0;-0.810907;0.585162;0.048875;-0.086019;-0.68564;0.0;-0.810907;0.585162;0.005651;0.24383;-0.423672;0.95587;0.24897;-0.155766;0.041193;0.135782;-0.378274;0.95587;0.24897;-0.155766;0.048875;-0.086019;-0.68564;0.95587;0.24897;-0.155766
18;-1;0;0
0.005651;0.350623;0.253345;0.849391;0.512375;-0.126469;0.206547;0.006971;0.21034;0.849391;0.512375;-0.126469;0.041193;0.135782;-0.378274;0.849391;0.512375;-0.126469;-0.195245;0.006971;0.21034;-0.849391;0.512375;-0.126469;0.005651;0.350623;0.253345;-0.849391;0.512375;-0.126469;-0.029891;0.135782;-0.378274;-0.849391;0.512375;-0.126469;0.206547;0.006971;0.21034;0.0;-0.976867;-0.213752;-0.195245;0.006971;0.21034;0.0;-0.976867;-0.213752;0.041193;0.135782;-0.378274;0.0;-0.976867;-0.213752;-0.195245;0.006971;0.21034;0.0;-0.976867;-0.213752;-0.029891;0.135782;-0.378274;0.0;-0.976867;-0.213752;0.041193;0.135782;-0.378274;0.0;-0.976867;-0.213752;0.005651;0.24383;-0.423672;0.954527;0.294443;-0.046449;0.005651;0.350623;0.253345;0.954527;0.294443;-0.046449;0.041193;0.135782;-0.378274;0.954527;0.294443;-0.046449;0.005651;0.350623;0.253345;-0.954527;0.294443;-0.046449;0.005651;0.24383;-0.423672;-0.954527;0.294443;-0.046449;-0.029891;0.135782;-0.378274;-0.954527;0.294443;-0.046449
-0.556146;-0.241237;-2.237013;0.504061;1.635847;1.559529;3
111;5
18;1.0;1.0;1.0
0.064879;0.419647;1.301263;0.072359;-0.365551;0.927946;0.186881;0.102906;1.166967;0.072359;-0.365551;0.927946;0.111091;0.422759;1.298885;0.072359;-0.365551;0.927946;0.197014;0.489557;1.137028;-0.772759;-0.028809;-0.633992;0.186881;0.102906;1.166967;-0.772759;-0.028809;-0.633992;0.064879;0.419647;1.301263;-0.772759;-0.028809;-0.633992;0.111091;0.422759;1.298885;0.880825;0.01355;0.47319;0.186881;0.102906;1.166967;0.880825;0.01355;0.47319;0.197014;0.489557;1.137028;0.880825;0.01355;0.47319;-0.061137;0.428427;1.301263;0.071841;0.354869;-0.932127;-0.195589;0.102906;1.166967;0.071841;0.354869;-0.932127;-0.107349;0.431539;1.298885;0.071841;0.354869;-0.932127;-0.208338;0.496907;1.137028;-0.738701;0.027253;0.673452;-0.195589;0.102906;1.166967;-0.738701;0.027253;0.673452;-0.061137;0.428427;1.301263;-0.738701;0.027253;0.673452;-0.107349;0.431539;1.298885;0.845912;-0.013123;-0.533097;-0.195589;0.102906;1.166967;0.845912;-0.013123;-0.533097;-0.208338;0.496907;1.137028;0.845912;-0.013123;-0.533097
18;0.522;0.631;0.631
-0.008789;1.025307;0.726845;0.711631;0.64745;0.272683;-0.054738;0.83351;1.302149;0.711631;0.64745;0.272683;0.367445;0.572788;0.819423;0.711631;0.64745;0.272683;-0.008789;0.127438;0.733295;-0.730644;-0.653676;0.196936;0.005124;0.360832;1.559529;-0.730644;-0.653676;0.196936;-0.384008;0.572788;0.819423;-0.730644;-0.653676;0.196936;0.367445;0.572788;0.819423;0.73571;-0.654897;0.172582;0.005124;0.360832;1.559529;0.73571;-0.654897;0.172582;-0.008789;0.127438;0.733295;0.73571;-0.654897;0.172582;-0.384008;0.572788;0.819423;-0.853694;0.161443;0.495071;0.005124;0.360832;1.559529;-0.853694;0.161443;0.495071;-0.054738;0.83351;1.302149;-0.853694;0.161443;0.495071;-0.054738;0.83351;1.302149;0.7893;0.367687;0.491714;0.005124;0.360832;1.559529;0.7893;0.367687;0.491714;0.367445;0.572788;0.819423;0.7893;0.367687;0.491714;-0.008789;1.025307;0.726845;-0.744224;0.64919;0.156987;-0.384008;0.572788;0.819423;-0.744224;0.64919;0.156987;-0.054738;0.83351;1.302149;-0.744224;0.64919;0.156987
24;-1;0;0
0.134347;0.536036;-1.190418;0.792932;-0.52324;0.312143;-0.008788;0.352977;-1.133678;0.792932;-0.52324;0.312143;-0.008788;-0.241237;-2.129777;0.792932;-0.52324;0.312143;-0.008788;0.719096;-1.247159;0.778008;0.625721;0.056093;0.134347;0.536036;-1.190418;0.778008;0.625721;0.056093;-0.008788;0.807838;-2.237013;0.778008;0.625721;0.056093;-0.008788;0.352977;-1.133678;-0.792932;-0.52324;0.312143;-0.151924;0.536036;-1.190418;-0.792932;-0.52324;0.312143;-0.008788;-0.241237;-2.129777;-0.792932;-0.52324;0.312143;-0.151924;0.536036;-1.190418;-0.778008;0.625721;0.056093;-0.008788;0.719096;-1.247159;-0.778008;0.625721;0.056093;-0.008788;0.807838;-2.237013;-0.778008;0.625721;0.056093;0.504061;0.608225;-0.163395;0.791711;0.519395;-0.321512;0.134347;0.536036;-1.190418;0.791711;0.519395;-0.321512;-0.008788;0.719096;-1.247159;0.791711;0.519395;-0.321512;0.134347;0.536036;-1.190418;0.734458;-0.642232;-0.219245;0.504061;0.608225;-0.163395;0.734458;-0.642232;-0.219245;-0.008788;0.352977;-1.133678;0.734458;-0.642232;-0.219245;-0.556146;0.640035;-0.090403;-0.737449;-0.641804;-0.210303;-0.151924;0.536036;-1.190418;-0.737449;-0.641804;-0.210303;-0.008788;0.352977;-1.133678;-0.737449;-0.641804;-0.210303;-0.151924;0.536036;-1.190418;-0.7893;0.512253;-0.33845;-0.556146;0.640035;-0.090403;-0.7893;0.512253;-0.33845;-0.008788;0.719096;-1.247159;-0.7893;0.512253;-0.33845
15;0.522;0.631;0.631
-0.075223;1.04507;-0.071918;0.0;0.764824;-0.644215;0.041237;1.635847;0.629471;0.0;0.764824;-0.644215;0.074306;1.04507;-0.071918;0.0;0.764824;-0.644215;-0.008788;0.807838;-2.237013;0.990173;-0.014191;-0.139103;0.134347;0.536036;-1.190418;0.990173;-0.014191;-0.139103;-0.008788;-0.241237;-2.129777;0.990173;-0.014191;-0.139103;-0.151924;0.536036;-1.190418;-0.990173;-0.014191;-0.139103;-0.008788;0.807838;-2.237013;-0.990173;-0.014191;-0.139103;-0.008788;-0.241237;-2.129777;-0.990173;-0.014191;-0.139103;-0.008789;1.025307;0.726845;-0.991852;0.09479;0.084811;0.041237;1.635847;0.629471;-0.991852;0.09479;0.084811;-0.075223;1.04507;-0.071918;-0.991852;0.09479;0.084811;0.074306;1.04507;-0.071918;0.992676;-0.065096;0.101657;0.041237;1.635847;0.629471;0.992676;-0.065096;0.101657;-0.008789;1.025307;0.726845;0.992676;-0.065096;0.101657
36;-1;0;0
-0.008789;0.02214;-0.092004;-0.74575;-0.660848;0.084292;-0.008789;0.127438;0.733295;-0.74575;-0.660848;0.084292;-0.556146;0.640035;-0.090403;-0.74575;-0.660848;0.084292;-0.008789;1.025307;0.726845;-0.64629;0.759392;0.074862;-0.013898;1.102173;-0.096916;-0.64629;0.759392;0.074862;-0.556146;0.640035;-0.090403;-0.64629;0.759392;0.074862;-0.556146;0.640035;-0.090403;-0.630116;0.735862;-0.247871;-0.013898;1.102173;-0.096916;-0.630116;0.735862;-0.247871;-0.008788;0.719096;-1.247159;-0.630116;0.735862;-0.247871;-0.008789;0.02214;-0.092004;-0.732749;-0.648549;-0.205969;-0.556146;0.640035;-0.090403;-0.732749;-0.648549;-0.205969;-0.008788;0.352977;-1.133678;-0.732749;-0.648549;-0.205969;-0.384008;0.572788;0.819423;-0.736961;0.649403;0.187414;-0.008789;1.025307;0.726845;-0.736961;0.649403;0.187414;-0.556146;0.640035;-0.090403;-0.736961;0.649403;0.187414;-0.008789;0.127438;0.733295;-0.752281;-0.652028;0.094119;-0.384008;0.572788;0.819423;-0.752281;-0.652028;0.094119;-0.556146;0.640035;-0.090403;-0.752281;-0.652028;0.094119;-0.013898;1.102173;-0.096916;0.65453;0.718131;-0.236244;0.504061;0.608225;-0.163395;0.65453;0.718131;-0.236244;-0.008788;0.719096;-1.247159;0.65453;0.718131;-0.236244;0.367445;0.572788;0.819423;0.753563;-0.652303;0.08121;-0.008789;0.127438;0.733295;0.753563;-0.652303;0.08121;0.504061;0.608225;-0.163395;0.753563;-0.652303;0.08121;-0.008789;1.025307;0.726845;0.749657;0.649373;0.127598;0.367445;0.572788;0.819423;0.749657;0.649373;0.127598;0.504061;0.608225;-0.163395;0.749657;0.649373;0.127598;0.504061;0.608225;-0.163395;0.723167;-0.658254;-0.209052;-0.008789;0.02214;-0.092004;0.723167;-0.658254;-0.209052;-0.008788;0.352977;-1.133678;0.723167;-0.658254;-0.209052;-0.013898;1.102173;-0.096916;0.692953;0.718223;0.062716;-0.008789;1.025307;0.726845;0.692953;0.718223;0.062716;0.504061;0.608225;-0.163395;0.692953;0.718223;0.062716;-0.008789;0.127438;0.733295;0.754936;-0.650502;0.08298;-0.008789;0.02214;-0.092004;0.754936;-0.650502;0.08298;0.504061;0.608225;-0.163395;0.754936;-0.650502;0.08298
8
MATERIAL;second;0;count;7;CUSTOM;0.612;0.678;0.49;100;LIGHT_BLUE;30000;PURPLE;50000;LILAC;60000;GREY;200000;PINK;300000;YELLOW;340000
INFO;NameId;479;DescId;480;price;32310;dpPerMin;100;range;3;placeSound;splash
LIFE;averagePop;3.0;averageLife;30.0;popFactors;0;breedMat;15.0;breedTime;10.855469;parentId;167;count;150;reqs;1;LIFE;type;2;enviroType;0;classification;pnw143;count;3;FLOAT_DEATH;deathRot;180;enviroReqCount;1;reqId;2;barren;0;goodBiomes;2;2;9;idealFactor;60;influence;0.7
GROWTH;dynamic;1;growthTime;10.0;modelStages;2
MOVEMENT;9;speed;0.7;xRot;2;minRot;-15;maxRot;15;rockSpeed;2.5;swimHeight;4;eggStage;0;swimFactor;1;swimInertia;0.25
AI;SWIM
FISH_HUNT
EATING;maxHunger;50;HungerPerHour;2.5;eatRadius;0.15;EatingAnims;1;4;DietOptionCount;1;afs;WHOLE;0;runsToFood;1;aiId;1
