1.3
pt
0;1
4
-0.273418;-0.017053;-0.439216;0.477967;1.796092;0.370815;1
21;2
9;0.255;0.204;0.188
-0.12918;-0.017053;0.086626;-0.861446;0.102542;-0.49736;0.007796;1.013655;0.061924;-0.861446;0.102542;-0.49736;0.007796;-0.017053;-0.150624;-0.861446;0.102542;-0.49736;0.007796;-0.017053;-0.150624;0.861446;0.102542;-0.49736;0.007796;1.013655;0.061924;0.861446;0.102542;-0.49736;0.144773;-0.017053;0.086626;0.861446;0.102542;-0.49736;0.144773;-0.017053;0.086626;0.0;0.023957;0.999695;0.007796;1.013655;0.061924;0.0;0.023957;0.999695;-0.12918;-0.017053;0.086626;0.0;0.023957;0.999695
12;0.27;0.45;0.376;0.15
-0.273418;0.372404;0.370815;-0.977355;0.208319;-0.036287;0.032657;1.796092;0.301024;-0.977355;0.208319;-0.036287;-0.206021;0.547377;-0.439216;-0.977355;0.208319;-0.036287;-0.206021;0.547377;-0.439216;0.559923;0.340678;-0.755242;0.032657;1.796092;0.301024;0.559923;0.340678;-0.755242;0.477967;0.447567;0.022851;0.559923;0.340678;-0.755242;0.477967;0.447567;0.022851;0.423597;-0.046693;0.90463;0.032657;1.796092;0.301024;0.423597;-0.046693;0.90463;-0.273418;0.372404;0.370815;0.423597;-0.046693;0.90463;-0.206021;0.547377;-0.439216;0.0;-0.977447;-0.211127;0.477967;0.447567;0.022851;0.0;-0.977447;-0.211127;-0.273418;0.372404;0.370815;0.0;-0.977447;-0.211127
-0.805346;-0.040705;-0.852682;1.149391;3.550335;0.873546;2
57;2
9;0.255;0.204;0.188
-0.186546;-0.040705;0.184953;-0.861538;0.101474;-0.497391;0.083122;2.009931;0.136323;-0.861538;0.101474;-0.497391;0.083122;-0.040705;-0.282126;-0.861538;0.101474;-0.497391;0.083122;-0.040705;-0.282126;0.861538;0.101474;-0.497391;0.083122;2.009931;0.136323;0.861538;0.101474;-0.497391;0.35279;-0.040705;0.184953;0.861538;0.101474;-0.497391;0.35279;-0.040705;0.184953;0.0;0.023682;0.999695;0.083122;2.009931;0.136323;0.0;0.023682;0.999695;-0.186546;-0.040705;0.184953;0.0;0.023682;0.999695
48;0.27;0.45;0.376;0.15
-0.339547;2.011377;-0.391461;0.22483;0.278481;-0.933744;0.574078;1.981756;-0.180287;0.22483;0.278481;-0.933744;-0.805346;0.841015;-0.852682;0.22483;0.278481;-0.933744;-0.805346;0.841015;-0.852682;-0.052248;-0.993988;-0.096103;1.149391;0.699546;-0.452447;-0.052248;-0.993988;-0.096103;-0.09083;0.636543;0.873546;-0.052248;-0.993988;-0.096103;0.574078;1.981756;-0.180287;0.688467;0.204718;0.69573;-0.067244;1.85298;0.49225;0.688467;0.204718;0.69573;-0.09083;0.636543;0.873546;0.688467;0.204718;0.69573;-0.067244;1.85298;0.49225;-0.915769;0.236549;0.324564;-0.339547;2.011377;-0.391461;-0.915769;0.236549;0.324564;-0.805346;0.841015;-0.852682;-0.915769;0.236549;0.324564;-0.553952;1.605174;0.858423;-0.942473;0.333964;0.012177;0.132066;3.550335;0.607041;-0.942473;0.333964;0.012177;-0.477967;1.880361;-0.806304;-0.942473;0.333964;0.012177;-0.477967;1.880361;-0.806304;0.385144;0.510147;-0.769005;0.132066;3.550335;0.607041;0.385144;0.510147;-0.769005;1.114994;1.701929;-0.126867;0.385144;0.510147;-0.769005;1.114994;1.701929;-0.126867;0.510117;-0.069094;0.857295;0.132066;3.550335;0.607041;0.510117;-0.069094;0.857295;-0.553952;1.605174;0.858423;0.510117;-0.069094;0.857295;-0.553952;1.605174;0.858423;0.783563;-0.617725;-0.066347;-0.477967;1.880361;-0.806304;0.783563;-0.617725;-0.066347;-0.339547;2.011377;-0.391461;0.783563;-0.617725;-0.066347;1.114994;1.701929;-0.126867;-0.472427;-0.2978;-0.829493;-0.553952;1.605174;0.858423;-0.472427;-0.2978;-0.829493;-0.067244;1.85298;0.49225;-0.472427;-0.2978;-0.829493;-0.477967;1.880361;-0.806304;-0.373028;-0.583392;0.721427;1.114994;1.701929;-0.126867;-0.373028;-0.583392;0.721427;0.574078;1.981756;-0.180287;-0.373028;-0.583392;0.721427;0.574078;1.981756;-0.180287;0.212073;0.293039;-0.932249;1.149391;0.699546;-0.452447;0.212073;0.293039;-0.932249;-0.805346;0.841015;-0.852682;0.212073;0.293039;-0.932249;1.149391;0.699546;-0.452447;0.714591;0.176977;0.676778;0.574078;1.981756;-0.180287;0.714591;0.176977;0.676778;-0.09083;0.636543;0.873546;0.714591;0.176977;0.676778;-0.09083;0.636543;0.873546;-0.90875;0.140751;0.392804;-0.067244;1.85298;0.49225;-0.90875;0.140751;0.392804;-0.805346;0.841015;-0.852682;-0.90875;0.140751;0.392804;-0.067244;1.85298;0.49225;0.281289;-0.925748;-0.252602;-0.553952;1.605174;0.858423;0.281289;-0.925748;-0.252602;-0.339547;2.011377;-0.391461;0.281289;-0.925748;-0.252602;0.574078;1.981756;-0.180287;-0.360179;-0.790765;-0.494888;1.114994;1.701929;-0.126867;-0.360179;-0.790765;-0.494888;-0.067244;1.85298;0.49225;-0.360179;-0.790765;-0.494888;-0.339547;2.011377;-0.391461;-0.107059;-0.937254;0.331706;-0.477967;1.880361;-0.806304;-0.107059;-0.937254;0.331706;0.574078;1.981756;-0.180287;-0.107059;-0.937254;0.331706
-1.443063;-0.067516;-1.505838;1.495723;5.297441;1.428279;1.5
138;2
18;0.255;0.204;0.188
-0.009851;-0.067516;0.25892;-0.706168;0.051454;0.706168;-0.009851;3.374089;0.00814;-0.706168;0.051454;0.706168;-0.260631;-0.067516;0.00814;-0.706168;0.051454;0.706168;-0.009851;-0.067516;-0.24264;0.706168;0.051454;-0.706168;-0.009851;3.374089;0.00814;0.706168;0.051454;-0.706168;0.240929;-0.067516;0.00814;0.706168;0.051454;-0.706168;-0.260631;-0.067516;0.00814;-0.706168;0.051454;-0.706168;-0.009851;3.374089;0.00814;-0.706168;0.051454;-0.706168;-0.009851;-0.067516;-0.24264;-0.706168;0.051454;-0.706168;0.240929;-0.067516;0.00814;0.706168;0.051454;0.706168;-0.009851;3.374089;0.00814;0.706168;0.051454;0.706168;-0.009851;-0.067516;0.25892;0.706168;0.051454;0.706168;-0.009851;-0.067516;-0.24264;0.0;-1.0;0.0;0.240929;-0.067516;0.00814;0.0;-1.0;0.0;-0.009851;-0.067516;0.25892;0.0;-1.0;0.0;-0.260631;-0.067516;0.00814;0.0;-1.0;0.0;-0.009851;-0.067516;-0.24264;0.0;-1.0;0.0;-0.009851;-0.067516;0.25892;0.0;-1.0;0.0
120;0.27;0.45;0.376;0.15
-1.080511;1.93589;-0.945646;-0.937407;0.341411;0.068026;-0.869037;2.12526;1.017313;-0.937407;0.341411;0.068026;-0.451363;3.387307;0.438796;-0.937407;0.341411;0.068026;0.431826;2.08457;-0.878256;0.08301;-0.962157;0.259468;-0.803994;2.10929;-0.391139;0.08301;-0.962157;0.259468;-1.080511;1.93589;-0.945646;0.08301;-0.962157;0.259468;-0.316974;2.099548;0.844929;-0.086673;-0.981597;-0.17011;0.918846;2.074828;0.357812;-0.086673;-0.981597;-0.17011;1.172277;1.962096;0.879064;-0.086673;-0.981597;-0.17011;0.918846;2.074828;0.357812;0.017518;-0.999725;-0.014771;0.431826;2.08457;-0.878256;0.017518;-0.999725;-0.014771;0.949617;2.097887;-1.164346;0.017518;-0.999725;-0.014771;1.172277;1.962096;0.879064;0.946287;0.312632;-0.082308;0.949617;2.097887;-1.164346;0.946287;0.312632;-0.082308;0.604816;3.32386;-0.472123;0.946287;0.312632;-0.082308;0.949617;2.097887;-1.164346;-0.126713;0.320933;-0.938566;-1.080511;1.93589;-0.945646;-0.126713;0.320933;-0.938566;-0.377913;3.382895;-0.545705;-0.126713;0.320933;-0.938566;-0.869037;2.12526;1.017313;0.088107;0.296548;0.950926;1.172277;1.962096;0.879064;0.088107;0.296548;0.950926;0.531366;3.328273;0.512378;0.088107;0.296548;0.950926;-0.803994;2.10929;-0.391139;0.483749;-0.874599;0.032228;-0.869037;2.12526;1.017313;0.483749;-0.874599;0.032228;-1.080511;1.93589;-0.945646;0.483749;-0.874599;0.032228;0.949617;2.097887;-1.164346;0.0918;-0.988495;0.120151;0.431826;2.08457;-0.878256;0.0918;-0.988495;0.120151;-1.080511;1.93589;-0.945646;0.0918;-0.988495;0.120151;-0.869037;2.12526;1.017313;-0.087985;-0.986969;-0.134617;-0.316974;2.099548;0.844929;-0.087985;-0.986969;-0.134617;1.172277;1.962096;0.879064;-0.087985;-0.986969;-0.134617;1.172277;1.962096;0.879064;-0.368999;-0.929167;-0.021516;0.918846;2.074828;0.357812;-0.368999;-0.929167;-0.021516;0.949617;2.097887;-1.164346;-0.368999;-0.929167;-0.021516;0.531366;3.328273;0.512378;0.896603;0.438032;0.064913;1.172277;1.962096;0.879064;0.896603;0.438032;0.064913;0.604816;3.32386;-0.472123;0.896603;0.438032;0.064913;0.604816;3.32386;-0.472123;0.094638;0.509507;-0.85522;0.949617;2.097887;-1.164346;0.094638;0.509507;-0.85522;-0.377913;3.382895;-0.545705;0.094638;0.509507;-0.85522;-0.377913;3.382895;-0.545705;-0.889889;0.450972;-0.068392;-1.080511;1.93589;-0.945646;-0.889889;0.450972;-0.068392;-0.451363;3.387307;0.438796;-0.889889;0.450972;-0.068392;-0.451363;3.387307;0.438796;-0.041902;0.427747;0.90289;-0.869037;2.12526;1.017313;-0.041902;0.427747;0.90289;0.531366;3.328273;0.512378;-0.041902;0.427747;0.90289;-0.316974;2.099548;0.844929;-0.043611;-0.998993;0.009308;-0.869037;2.12526;1.017313;-0.043611;-0.998993;0.009308;-0.803994;2.10929;-0.391139;-0.043611;-0.998993;0.009308;-1.443063;0.797356;-0.598759;-0.853694;0.355663;0.380352;-0.592876;0.670295;1.428279;-0.853694;0.355663;0.380352;-0.803994;2.10929;-0.391139;-0.853694;0.355663;0.380352;-0.592876;0.670295;1.428279;0.324992;0.326609;0.887509;1.495723;0.618132;0.682663;0.324992;0.326609;0.887509;0.918846;2.074828;0.357812;0.324992;0.326609;0.887509;1.495723;0.618132;0.682663;0.895352;0.32075;-0.308908;0.67372;0.804975;-1.505838;0.895352;0.32075;-0.308908;0.431826;2.08457;-0.878256;0.895352;0.32075;-0.308908;0.67372;0.804975;-1.505838;-0.369732;0.351848;-0.85992;-1.443063;0.797356;-0.598759;-0.369732;0.351848;-0.85992;0.431826;2.08457;-0.878256;-0.369732;0.351848;-0.85992;-0.451363;3.387307;0.438796;-0.026948;-0.924039;-0.381268;0.531366;3.328273;0.512378;-0.026948;-0.924039;-0.381268;0.414213;3.104046;1.064065;-0.026948;-0.924039;-0.381268;0.531366;3.328273;0.512378;-0.039186;-0.999207;0.001526;0.604816;3.32386;-0.472123;-0.039186;-0.999207;0.001526;1.083843;3.305156;-0.416295;-0.039186;-0.999207;0.001526;1.083843;3.305156;-0.416295;-0.042787;-0.998535;0.032746;0.604816;3.32386;-0.472123;-0.042787;-0.998535;0.032746;-0.191251;3.33996;-1.021605;-0.042787;-0.998535;0.032746;-0.377913;3.382895;-0.545705;0.066256;-0.997742;0.0094;-0.451363;3.387307;0.438796;0.066256;-0.997742;0.0094;-1.077308;3.34443;0.300536;0.066256;-0.997742;0.0094;-1.077308;3.34443;0.300536;-0.379376;0.357097;0.853542;0.414213;3.104046;1.064065;-0.379376;0.357097;0.853542;0.047362;5.297441;-0.016665;-0.379376;0.357097;0.853542;0.414213;3.104046;1.064065;0.835047;0.349132;0.425153;1.083843;3.305156;-0.416295;0.835047;0.349132;0.425153;0.047362;5.297441;-0.016665;0.835047;0.349132;0.425153;1.083843;3.305156;-0.416295;0.405438;0.37788;-0.832331;-0.191251;3.33996;-1.021605;0.405438;0.37788;-0.832331;0.047362;5.297441;-0.016665;0.405438;0.37788;-0.832331;-0.191251;3.33996;-1.021605;-0.77401;0.361278;-0.519944;-1.077308;3.34443;0.300536;-0.77401;0.361278;-0.519944;0.047362;5.297441;-0.016665;-0.77401;0.361278;-0.519944;-0.592876;0.670295;1.428279;0.072604;-0.993042;-0.092685;-1.443063;0.797356;-0.598759;0.072604;-0.993042;-0.092685;0.033376;0.849274;0.001586;0.072604;-0.993042;-0.092685;1.495723;0.618132;0.682663;-0.081362;-0.983886;-0.159154;-0.592876;0.670295;1.428279;-0.081362;-0.983886;-0.159154;0.033376;0.849274;0.001586;-0.081362;-0.983886;-0.159154;0.67372;0.804975;-1.505838;-0.14185;-0.98938;-0.031159;1.495723;0.618132;0.682663;-0.14185;-0.98938;-0.031159;0.033376;0.849274;0.001586;-0.14185;-0.98938;-0.031159;-1.443063;0.797356;-0.598759;0.019776;-0.999084;0.037751;0.67372;0.804975;-1.505838;0.019776;-0.999084;0.037751;0.033376;0.849274;0.001586;0.019776;-0.999084;0.037751;-0.316974;2.099548;0.844929;0.355602;0.293497;0.887326;-0.592876;0.670295;1.428279;0.355602;0.293497;0.887326;0.918846;2.074828;0.357812;0.355602;0.293497;0.887326;0.918846;2.074828;0.357812;0.894894;0.276254;-0.350414;1.495723;0.618132;0.682663;0.894894;0.276254;-0.350414;0.431826;2.08457;-0.878256;0.894894;0.276254;-0.350414;-0.592876;0.670295;1.428279;-0.882656;0.313334;0.35023;-0.316974;2.099548;0.844929;-0.882656;0.313334;0.35023;-0.803994;2.10929;-0.391139;-0.882656;0.313334;0.35023;-1.077308;3.34443;0.300536;0.187231;-0.771111;-0.608509;-0.451363;3.387307;0.438796;0.187231;-0.771111;-0.608509;0.414213;3.104046;1.064065;0.187231;-0.771111;-0.608509;0.414213;3.104046;1.064065;-0.687643;-0.609882;-0.393902;0.531366;3.328273;0.512378;-0.687643;-0.609882;-0.393902;1.083843;3.305156;-0.416295;-0.687643;-0.609882;-0.393902;-1.443063;0.797356;-0.598759;-0.343547;0.307749;-0.887234;-0.803994;2.10929;-0.391139;-0.343547;0.307749;-0.887234;0.431826;2.08457;-0.878256;-0.343547;0.307749;-0.887234;-0.191251;3.33996;-1.021605;0.292245;-0.935392;0.199011;-0.377913;3.382895;-0.545705;0.292245;-0.935392;0.199011;-1.077308;3.34443;0.300536;0.292245;-0.935392;0.199011;0.604816;3.32386;-0.472123;-0.064638;-0.995819;0.064455;-0.377913;3.382895;-0.545705;-0.064638;-0.995819;0.064455;-0.191251;3.33996;-1.021605;-0.064638;-0.995819;0.064455
-2.678076;-0.034522;-2.51671;2.161958;7.976849;2.520114;1.5
228;2
18;0.255;0.204;0.188
0.021714;-0.034522;0.508318;-0.705863;0.058901;0.705863;0.021714;6.206514;-0.012479;-0.705863;0.058901;0.705863;-0.499083;-0.034522;-0.012479;-0.705863;0.058901;0.705863;0.021714;-0.034522;-0.533277;0.705863;0.058901;-0.705863;0.021714;6.206514;-0.012479;0.705863;0.058901;-0.705863;0.542512;-0.034522;-0.012479;0.705863;0.058901;-0.705863;-0.499083;-0.034522;-0.012479;-0.705863;0.058901;-0.705863;0.021714;6.206514;-0.012479;-0.705863;0.058901;-0.705863;0.021714;-0.034522;-0.533277;-0.705863;0.058901;-0.705863;0.542512;-0.034522;-0.012479;0.705863;0.058901;0.705863;0.021714;6.206514;-0.012479;0.705863;0.058901;0.705863;0.021714;-0.034522;0.508318;0.705863;0.058901;0.705863;0.021714;-0.034522;-0.533277;0.0;-0.999969;0.0;0.542512;-0.034522;-0.012479;0.0;-1.0;0.0;0.021714;-0.034522;0.508318;0.0;-1.0;0.0;-0.499083;-0.034522;-0.012479;0.0;-1.0;0.0;0.021714;-0.034522;-0.533277;0.0;-0.999969;0.0;0.021714;-0.034522;0.508318;0.0;-1.0;0.0
210;0.27;0.45;0.376;0.15
-0.470453;4.36994;1.140058;-0.079134;-0.95056;-0.30018;1.035324;4.369932;0.743115;-0.079134;-0.95056;-0.30018;0.401196;4.077169;1.837332;-0.079134;-0.95056;-0.30018;-0.82417;5.901913;0.407773;-0.328715;0.493881;0.804987;-1.579314;4.166707;1.164017;-0.328715;0.493881;0.804987;0.238861;5.901913;0.841859;-0.328715;0.493881;0.804987;-1.312517;4.275819;-0.166463;0.179144;-0.982788;-0.044649;-0.470453;4.36994;1.140058;0.179144;-0.982788;-0.044649;-1.579314;4.166707;1.164017;0.179144;-0.982788;-0.044649;-0.327164;4.21764;-1.370882;0.019562;-0.997742;0.06418;-1.312517;4.275819;-0.166463;0.019562;-0.997742;0.06418;-1.591106;4.18902;-1.430436;0.019562;-0.997742;0.06418;1.035324;4.369932;0.743115;-0.019684;-0.998016;0.059389;1.123882;4.275805;-0.808732;-0.019684;-0.998016;0.059389;2.161958;4.30722;0.062971;-0.019684;-0.998016;0.059389;1.123882;4.275805;-0.808732;0.046083;-0.99881;-0.015595;-0.327164;4.21764;-1.370882;0.046083;-0.99881;-0.015595;0.71763;4.273981;-1.891419;0.046083;-0.99881;-0.015595;-1.591106;4.18902;-1.430436;-0.915677;0.401807;0.007599;-1.579314;4.166707;1.164017;-0.915677;0.401807;0.007599;-0.82417;5.901913;0.407773;-0.915677;0.401807;0.007599;2.161958;4.30722;0.062971;0.698996;0.485733;-0.524827;0.71763;4.273981;-1.891419;0.698996;0.485733;-0.524827;0.980196;5.901913;-0.035003;0.698996;0.485733;-0.524827;0.71763;4.273981;-1.891419;-0.190863;0.448195;-0.873287;-1.591106;4.18902;-1.430436;-0.190863;0.448195;-0.873287;-0.739823;5.901913;-0.73737;-0.190863;0.448195;-0.873287;0.401196;4.077169;1.837332;0.591571;0.478256;0.649037;2.161958;4.30722;0.062971;0.591571;0.478256;0.649037;0.980196;5.901913;-0.035003;0.591571;0.478256;0.649037;1.366259;2.647558;-1.03634;0.067385;-0.996612;0.04709;-0.475924;2.494987;-1.628031;0.067385;-0.996612;0.04709;-0.56389;2.450431;-2.444751;0.067385;-0.996612;0.04709;1.953869;2.779201;1.629224;0.866207;0.499649;-9.16E-4;2.103631;2.513926;-1.444808;0.866207;0.499649;-9.16E-4;1.035324;4.369932;0.743115;0.866207;0.499649;-9.16E-4;-0.492047;3.042559;1.464231;-0.091983;-0.976501;-0.194739;1.356295;2.985977;0.874783;-0.091983;-0.976501;-0.194739;1.953869;2.779201;1.629224;-0.091983;-0.976501;-0.194739;1.356295;2.985977;0.874783;-0.08182;-0.981445;0.173345;1.366259;2.647558;-1.03634;-0.08182;-0.981445;0.173345;2.103631;2.513926;-1.444808;-0.08182;-0.981445;0.173345;-1.62442;2.739111;-0.082593;0.381848;-0.918851;-0.099277;-0.492047;3.042559;1.464231;0.381848;-0.918851;-0.099277;-0.918147;2.78205;2.236498;0.381848;-0.918851;-0.099277;-0.475924;2.494987;-1.628031;-0.069185;-0.992004;0.105258;-1.62442;2.739111;-0.082593;-0.069185;-0.992004;0.105258;-2.458611;2.775105;-0.291811;-0.069185;-0.992004;0.105258;2.103631;2.513926;-1.444808;0.300912;0.465468;-0.832331;-0.56389;2.450431;-2.444751;0.300912;0.465468;-0.832331;-0.327164;4.21764;-1.370882;0.300912;0.465468;-0.832331;-0.918147;2.78205;2.236498;0.17655;0.525071;0.832514;1.953869;2.779201;1.629224;0.17655;0.525071;0.832514;-0.470453;4.36994;1.140058;0.17655;0.525071;0.832514;-2.458611;2.775105;-0.291811;-0.72985;0.520371;0.443251;-0.918147;2.78205;2.236498;-0.72985;0.520371;0.443251;-1.312517;4.275819;-0.166463;-0.72985;0.520371;0.443251;-0.56389;2.450431;-2.444751;-0.629383;0.463363;-0.623798;-2.458611;2.775105;-0.291811;-0.629383;0.463363;-0.623798;-0.327164;4.21764;-1.370882;-0.629383;0.463363;-0.623798;-0.834599;1.16902;-2.51671;-0.673635;0.528459;-0.516617;-2.678076;1.228722;-0.051992;-0.673635;0.528459;-0.516617;-0.475924;2.494987;-1.628031;-0.673635;0.528459;-0.516617;2.035954;1.231855;-1.255235;0.350017;0.454329;-0.819147;-0.834599;1.16902;-2.51671;0.350017;0.454329;-0.819147;-0.475924;2.494987;-1.628031;0.350017;0.454329;-0.819147;-0.761318;1.306631;2.520114;0.385998;0.34962;0.853664;2.106669;1.020136;1.340614;0.385998;0.34962;0.853664;1.356295;2.985977;0.874783;0.385998;0.34962;0.853664;1.356295;2.985977;0.874783;0.937132;0.344401;-0.056093;2.106669;1.020136;1.340614;0.937132;0.344401;-0.056093;1.366259;2.647558;-1.03634;0.937132;0.344401;-0.056093;-2.678076;1.228722;-0.051992;-0.701682;0.499771;0.507767;-0.761318;1.306631;2.520114;-0.701682;0.499771;0.507767;-1.62442;2.739111;-0.082593;-0.701682;0.499771;0.507767;-0.739823;5.901913;-0.73737;0.164068;-0.986358;0.012055;-0.82417;5.901913;0.407773;0.164068;-0.986358;0.012055;-1.575707;5.764435;-0.60973;0.164068;-0.986358;0.012055;0.980196;5.901913;-0.035003;-0.035157;-0.999115;0.02179;0.375336;5.901913;-1.01102;-0.035157;-0.999115;0.02179;1.469718;5.874542;-0.499254;-0.035157;-0.999115;0.02179;0.375336;5.901913;-1.01102;0.050386;-0.977355;0.205359;-0.739823;5.901913;-0.73737;0.050386;-0.977355;0.205359;0.283187;5.741392;-1.752281;0.050386;-0.977355;0.205359;0.238861;5.901913;0.841859;-0.310984;-0.913297;-0.262917;0.980196;5.901913;-0.035003;-0.310984;-0.913297;-0.262917;0.79439;5.634586;1.113408;-0.310984;-0.913297;-0.262917;-0.82417;5.901913;0.407773;0.02002;-0.998566;-0.049043;0.238861;5.901913;0.841859;0.02002;-0.998566;-0.049043;-0.840208;5.863111;1.190988;0.02002;-0.998566;-0.049043;0.283187;5.741392;-1.752281;-0.456465;0.475082;-0.752251;-1.575707;5.764435;-0.60973;-0.456465;0.475082;-0.752251;-0.008839;7.976849;-0.163306;-0.456465;0.475082;-0.752251;0.79439;5.634586;1.113408;0.779015;0.484237;0.398267;1.469718;5.874542;-0.499254;0.779015;0.484237;0.398267;-0.008839;7.976849;-0.163306;0.779015;0.484237;0.398267;-0.840208;5.863111;1.190988;0.111179;0.504746;0.856044;0.79439;5.634586;1.113408;0.111179;0.504746;0.856044;-0.008839;7.976849;-0.163306;0.111179;0.504746;0.856044;-1.575707;5.764435;-0.60973;-0.80578;0.509873;0.301157;-0.840208;5.863111;1.190988;-0.80578;0.509873;0.301157;-0.008839;7.976849;-0.163306;-0.80578;0.509873;0.301157;1.469718;5.874542;-0.499254;0.593799;0.516221;-0.617145;0.283187;5.741392;-1.752281;0.593799;0.516221;-0.617145;-0.008839;7.976849;-0.163306;0.593799;0.516221;-0.617145;-1.62442;2.739111;-0.082593;-0.051637;-0.998077;0.034181;-0.918147;2.78205;2.236498;-0.051637;-0.998077;0.034181;-2.458611;2.775105;-0.291811;-0.051637;-0.998077;0.034181;1.035324;4.369932;0.743115;-0.290262;-0.868984;-0.400708;2.161958;4.30722;0.062971;-0.290262;-0.868984;-0.400708;0.401196;4.077169;1.837332;-0.290262;-0.868984;-0.400708;2.103631;2.513926;-1.444808;0.876949;0.480087;0.020905;1.123882;4.275805;-0.808732;0.876949;0.480087;0.020905;1.035324;4.369932;0.743115;0.876949;0.480087;0.020905;-0.470453;4.36994;1.140058;0.141942;-0.836787;-0.528794;0.401196;4.077169;1.837332;0.141942;-0.836787;-0.528794;-1.579314;4.166707;1.164017;0.141942;-0.836787;-0.528794;-1.312517;4.275819;-0.166463;0.336985;-0.941435;-0.009613;-1.579314;4.166707;1.164017;0.336985;-0.941435;-0.009613;-1.591106;4.18902;-1.430436;0.336985;-0.941435;-0.009613;1.123882;4.275805;-0.808732;0.042055;-0.998993;-0.0141;0.71763;4.273981;-1.891419;0.042055;-0.998993;-0.0141;2.161958;4.30722;0.062971;0.042055;-0.998993;-0.0141;-0.327164;4.21764;-1.370882;0.025269;-0.998016;-0.057222;-1.591106;4.18902;-1.430436;0.025269;-0.998016;-0.057222;0.71763;4.273981;-1.891419;0.025269;-0.998016;-0.057222;-0.739823;5.901913;-0.73737;-0.88287;0.465072;-0.065004;-1.591106;4.18902;-1.430436;-0.88287;0.465072;-0.065004;-0.82417;5.901913;0.407773;-0.88287;0.465072;-0.065004;0.71763;4.273981;-1.891419;0.771142;0.420576;-0.477889;0.375336;5.901913;-1.01102;0.771142;0.420576;-0.477889;0.980196;5.901913;-0.035003;0.771142;0.420576;-0.477889;0.375336;5.901913;-1.01102;-0.215247;0.429121;-0.877194;0.71763;4.273981;-1.891419;-0.215247;0.429121;-0.877194;-0.739823;5.901913;-0.73737;-0.215247;0.429121;-0.877194;0.238861;5.901913;0.841859;0.704031;0.387341;0.595203;0.401196;4.077169;1.837332;0.704031;0.387341;0.595203;0.980196;5.901913;-0.035003;0.704031;0.387341;0.595203;-0.475924;2.494987;-1.628031;-0.096774;-0.993194;0.064608;-2.458611;2.775105;-0.291811;-0.096774;-0.993194;0.064608;-0.56389;2.450431;-2.444751;-0.096774;-0.993194;0.064608;-0.761318;1.306631;2.520114;0.04886;-0.998779;-0.006165;-2.678076;1.228722;-0.051992;0.04886;-0.998779;-0.006165;0.121523;1.365349;0.007358;0.04886;-0.998779;-0.006165;1.356295;2.985977;0.874783;-0.393231;-0.917447;0.059999;2.103631;2.513926;-1.444808;-0.393231;-0.917447;0.059999;1.953869;2.779201;1.629224;-0.393231;-0.917447;0.059999;1.366259;2.647558;-1.03634;-0.057436;-0.974853;0.215186;-0.56389;2.450431;-2.444751;-0.057436;-0.974853;0.215186;2.103631;2.513926;-1.444808;-0.057436;-0.974853;0.215186;-0.492047;3.042559;1.464231;-0.076235;-0.931272;-0.356212;1.953869;2.779201;1.629224;-0.076235;-0.931272;-0.356212;-0.918147;2.78205;2.236498;-0.076235;-0.931272;-0.356212;1.123882;4.275805;-0.808732;0.302835;0.468093;-0.830134;2.103631;2.513926;-1.444808;0.302835;0.468093;-0.830134;-0.327164;4.21764;-1.370882;0.302835;0.468093;-0.830134;1.953869;2.779201;1.629224;0.210211;0.565569;0.797418;1.035324;4.369932;0.743115;0.210211;0.565569;0.797418;-0.470453;4.36994;1.140058;0.210211;0.565569;0.797418;-0.918147;2.78205;2.236498;-0.738578;0.51146;0.439161;-0.470453;4.36994;1.140058;-0.738578;0.51146;0.439161;-1.312517;4.275819;-0.166463;-0.738578;0.51146;0.439161;-2.458611;2.775105;-0.291811;-0.640858;0.535356;-0.550157;-1.312517;4.275819;-0.166463;-0.640858;0.535356;-0.550157;-0.327164;4.21764;-1.370882;-0.640858;0.535356;-0.550157;-2.678076;1.228722;-0.051992;0.047395;-0.99707;0.059603;-0.834599;1.16902;-2.51671;0.047395;-0.99707;0.059603;0.121523;1.365349;0.007358;0.047395;-0.99707;0.059603;-2.678076;1.228722;-0.051992;-0.67626;0.460097;-0.575243;-1.62442;2.739111;-0.082593;-0.67626;0.460097;-0.575243;-0.475924;2.494987;-1.628031;-0.67626;0.460097;-0.575243;-0.834599;1.16902;-2.51671;-0.014679;-0.996429;0.083071;2.035954;1.231855;-1.255235;-0.014679;-0.996429;0.083071;0.121523;1.365349;0.007358;-0.014679;-0.996429;0.083071;2.106669;1.020136;1.340614;-0.126652;-0.989624;-0.067629;-0.761318;1.306631;2.520114;-0.126652;-0.989624;-0.067629;0.121523;1.365349;0.007358;-0.126652;-0.989624;-0.067629;2.035954;1.231855;-1.255235;-0.12009;-0.989715;-0.077425;2.106669;1.020136;1.340614;-0.12009;-0.989715;-0.077425;0.121523;1.365349;0.007358;-0.12009;-0.989715;-0.077425;1.366259;2.647558;-1.03634;0.273751;0.272134;-0.922483;2.035954;1.231855;-1.255235;0.273751;0.272134;-0.922483;-0.475924;2.494987;-1.628031;0.273751;0.272134;-0.922483;-0.492047;3.042559;1.464231;0.281686;0.466353;0.838527;-0.761318;1.306631;2.520114;0.281686;0.466353;0.838527;1.356295;2.985977;0.874783;0.281686;0.466353;0.838527;-1.579314;4.166707;1.164017;-0.270669;0.442335;0.855007;0.401196;4.077169;1.837332;-0.270669;0.442335;0.855007;0.238861;5.901913;0.841859;-0.270669;0.442335;0.855007;-0.761318;1.306631;2.520114;-0.771355;0.413739;0.483505;-0.492047;3.042559;1.464231;-0.771355;0.413739;0.483505;-1.62442;2.739111;-0.082593;-0.771355;0.413739;0.483505;-0.82417;5.901913;0.407773;0.236122;-0.970733;-0.043245;-0.840208;5.863111;1.190988;0.236122;-0.970733;-0.043245;-1.575707;5.764435;-0.60973;0.236122;-0.970733;-0.043245;0.375336;5.901913;-1.01102;-0.12946;-0.965667;0.225196;0.283187;5.741392;-1.752281;-0.12946;-0.965667;0.225196;1.469718;5.874542;-0.499254;-0.12946;-0.965667;0.225196;-0.739823;5.901913;-0.73737;0.203803;-0.914274;0.350047;-1.575707;5.764435;-0.60973;0.203803;-0.914274;0.350047;0.283187;5.741392;-1.752281;0.203803;-0.914274;0.350047;0.980196;5.901913;-0.035003;-0.299783;-0.917295;-0.262032;1.469718;5.874542;-0.499254;-0.299783;-0.917295;-0.262032;0.79439;5.634586;1.113408;-0.299783;-0.917295;-0.262032;0.238861;5.901913;0.841859;-0.141942;-0.834986;-0.531571;0.79439;5.634586;1.113408;-0.141942;-0.834986;-0.531571;-0.840208;5.863111;1.190988;-0.141942;-0.834986;-0.531571;2.106669;1.020136;1.340614;0.904508;0.426313;0.010102;2.035954;1.231855;-1.255235;0.904508;0.426313;0.010102;1.366259;2.647558;-1.03634;0.904508;0.426313;0.010102
5
MATERIAL;second;1;count;2;CUSTOM;0.365;0.49;0.337;1000;CUSTOM;0.278;0.388;0.255;1000
SPREADER;4;0;0;0;25;5
INFO;Fir Tree;A tall tree which doesn't really do much.;470;15;3;fir.png;thud
LIFE;4.5;28.88;1;0.6;FALL_DEATH;3;5;60;1;0.975;1;1;2;9;0;1;0;25;1.5;0.4;2.8;0.15;1;0;0;0;1;0.1;0.8;1;0;1;0;0.3;0;8;0;0.3;0.3;0.3;1;1;140;1;2;-1;0;15.0;10.0;1;1;3;100;0.8
GROWTH;0;10.0;4;2
