0.83
ptg
0;1
3
-0.216178;-0.073869;-0.663874;0.551046;2.62785;0.490282;1
63;2
9;0.835;0.76;0.675;0.1
0.070181;-0.073869;-0.004706;0.5086;0.0338;0.8603;-0.021704;1.870833;-0.026817;0.5086;0.0338;0.8603;-0.066824;-0.073869;0.076292;0.5086;0.0338;0.8603;-0.066824;-0.073869;0.076292;-0.9997;0.0237;0.0103;-0.021704;1.870833;-0.026817;-0.9997;0.0237;0.0103;-0.068468;-0.073869;-0.082857;-0.9997;0.0237;0.0103;-0.068468;-0.073869;-0.082857;0.491;0.0133;-0.8711;-0.021704;1.870833;-0.026817;0.491;0.0133;-0.8711;0.070181;-0.073869;-0.004706;0.491;0.0133;-0.8711
54;-1;0;0;0.1
0.34086;1.84395;-0.047645;0.5494;-0.2489;0.7976;-0.169024;1.836335;0.301201;0.5494;-0.2489;0.7976;-0.029563;1.111571;-0.021057;0.5494;-0.2489;0.7976;-0.170137;1.282649;-0.472624;-0.3828;-0.7683;-0.5129;0.177535;1.17187;-0.566123;-0.3828;-0.7683;-0.5129;0.035659;0.883828;-0.02878;-0.3828;-0.7683;-0.5129;-0.170137;1.282649;-0.472624;-0.3076;-0.1763;-0.935;0.09905;1.827008;-0.663874;-0.3076;-0.1763;-0.935;0.177535;1.17187;-0.566123;-0.3076;-0.1763;-0.935;0.34086;1.84395;-0.047645;0.5437;0.2529;0.8002;-0.034615;2.62785;-0.040246;0.5437;0.2529;0.8002;-0.169024;1.836335;0.301201;0.5437;0.2529;0.8002;0.177535;1.17187;-0.566123;0.973;-0.0671;0.2209;0.128219;1.372591;-0.287972;0.973;-0.0671;0.2209;0.035659;0.883828;-0.02878;0.973;-0.0671;0.2209;0.177535;1.17187;-0.566123;0.9881;0.1305;0.081;0.09905;1.827008;-0.663874;0.9881;0.1305;0.081;0.128219;1.372591;-0.287972;0.9881;0.1305;0.081;-0.216178;1.835631;-0.314817;0.4222;-0.2452;-0.8727;0.34086;1.84395;-0.047645;0.4222;-0.2452;-0.8727;-0.029563;1.111571;-0.021057;0.4222;-0.2452;-0.8727;-0.216178;1.835631;-0.314817;0.4203;0.2096;-0.8828;-0.034615;2.62785;-0.040246;0.4203;0.2096;-0.8828;0.34086;1.84395;-0.047645;0.4203;0.2096;-0.8828;0.128219;1.372591;-0.287972;-0.5589;0.5069;0.6562;0.09905;1.827008;-0.663874;-0.5589;0.5069;0.6562;-0.170137;1.282649;-0.472624;-0.5589;0.5069;0.6562;0.128219;1.372591;-0.287972;-0.5628;0.4679;0.6814;-0.170137;1.282649;-0.472624;-0.5628;0.4679;0.6814;0.035659;0.883828;-0.02878;-0.5628;0.4679;0.6814;-0.169024;1.836335;0.301201;-0.9773;0.1981;0.0746;-0.034615;2.62785;-0.040246;-0.9773;0.1981;0.0746;-0.216178;1.835631;-0.314817;-0.9773;0.1981;0.0746;-0.169024;1.836335;0.301201;-0.9725;-0.2203;0.0747;-0.216178;1.835631;-0.314817;-0.9725;-0.2203;0.0747;-0.029563;1.111571;-0.021057;-0.9725;-0.2203;0.0747;0.551046;1.115221;0.383291;0.0136;-0.6735;0.739;0.081878;1.223116;0.490282;0.0136;-0.6735;0.739;0.044011;0.669302;-0.01376;0.0136;-0.6735;0.739;0.551046;1.115221;0.383291;0.2297;0.0342;0.9727;0.505857;1.845314;0.368257;0.2297;0.0342;0.9727;0.081878;1.223116;0.490282;0.2297;0.0342;0.9727;0.313555;1.30003;0.01813;0.7328;-0.2819;-0.6193;0.551046;1.115221;0.383291;0.7328;-0.2819;-0.6193;0.044011;0.669302;-0.01376;0.7328;-0.2819;-0.6193;0.313555;1.30003;0.01813;0.847;0.0415;-0.5299;0.505857;1.845314;0.368257;0.847;0.0415;-0.5299;0.551046;1.115221;0.383291;0.847;0.0415;-0.5299;0.081878;1.223116;0.490282;-0.8113;0.4904;-0.3182;0.505857;1.845314;0.368257;-0.8113;0.4904;-0.3182;0.313555;1.30003;0.01813;-0.8113;0.4904;-0.3182;0.081878;1.223116;0.490282;-0.8526;0.3824;-0.3561;0.313555;1.30003;0.01813;-0.8526;0.3824;-0.3561;0.044011;0.669302;-0.01376;-0.8526;0.3824;-0.3561
-0.959115;-0.323883;-1.924684;1.997646;7.882455;1.453323;3;0;extraBounds;2;-0.84665;2.583916;-1.919654;1.894925;7.677354;1.369309;-0.183955;-0.021477;-0.183955;0.183955;3.451974;0.183955
186;2
150;-1;0;0;0.085
-0.246911;6.294694;0.731193;-0.4433;0.5893;0.6754;-0.330857;7.598872;-0.461897;-0.4433;0.5893;0.6754;-0.799852;6.392372;0.282994;-0.4433;0.5893;0.6754;-0.959115;4.560174;-0.403849;-0.3733;-0.0894;-0.9234;-0.133328;6.153961;-0.891971;-0.3733;-0.0894;-0.9234;0.026111;3.983337;-0.746285;-0.3733;-0.0894;-0.9234;-0.110399;4.49452;0.875292;0.5543;-0.5043;0.662;0.020719;3.44268;-0.035772;0.5543;-0.5043;0.662;0.92033;4.614737;0.103808;0.5543;-0.5043;0.662;-0.133328;6.153961;-0.891971;0.194;0.3041;-0.9326;-0.330857;7.598872;-0.461897;0.194;0.3041;-0.9326;0.403675;7.882455;-0.216608;0.194;0.3041;-0.9326;-0.110399;4.49452;0.875292;-0.8291;-0.1316;0.5434;-0.799852;6.392372;0.282994;-0.8291;-0.1316;0.5434;-0.959115;4.560174;-0.403849;-0.8291;-0.1316;0.5434;0.92033;4.614737;0.103808;0.7504;-0.5287;-0.3966;0.020719;3.44268;-0.035772;0.7504;-0.5287;-0.3966;0.026111;3.983337;-0.746285;0.7504;-0.5287;-0.3966;0.026111;3.983337;-0.746285;0.6894;-0.0012;-0.7243;0.556301;6.470224;-0.245815;0.6894;-0.0012;-0.7243;0.92033;4.614737;0.103808;0.6894;-0.0012;-0.7243;-0.246911;6.294694;0.731193;0.7664;0.0673;0.6388;0.403675;7.882455;-0.216608;0.7664;0.0673;0.6388;0.026111;7.335906;0.293937;0.7664;0.0673;0.6388;0.026111;3.983337;-0.746285;-0.5601;-0.6572;-0.5043;0.020719;3.44268;-0.035772;-0.5601;-0.6572;-0.5043;-0.959115;4.560174;-0.403849;-0.5601;-0.6572;-0.5043;-0.133328;6.153961;-0.891971;0.6597;0.0867;-0.7465;0.403675;7.882455;-0.216608;0.6597;0.0867;-0.7465;0.556301;6.470224;-0.245815;0.6597;0.0867;-0.7465;0.026111;7.335906;0.293937;-0.4505;0.7555;0.4756;0.403675;7.882455;-0.216608;-0.4505;0.7555;0.4756;-0.330857;7.598872;-0.461897;-0.4505;0.7555;0.4756;-0.959115;4.560174;-0.403849;-0.7364;-0.4931;0.4633;0.020719;3.44268;-0.035772;-0.7364;-0.4931;0.4633;-0.110399;4.49452;0.875292;-0.7364;-0.4931;0.4633;-0.110399;4.49452;0.875292;0.7582;0.109;0.6429;0.556301;6.470224;-0.245815;0.7582;0.109;0.6429;-0.246911;6.294694;0.731193;0.7582;0.109;0.6429;-0.246911;6.294694;0.731193;-0.7611;0.4105;0.5022;0.026111;7.335906;0.293937;-0.7611;0.4105;0.5022;-0.330857;7.598872;-0.461897;-0.7611;0.4105;0.5022;-0.959115;4.560174;-0.403849;-0.8149;0.2642;-0.5159;-0.799852;6.392372;0.282994;-0.8149;0.2642;-0.5159;-0.133328;6.153961;-0.891971;-0.8149;0.2642;-0.5159;-0.133328;6.153961;-0.891971;-0.8668;0.0296;-0.4977;-0.799852;6.392372;0.282994;-0.8668;0.0296;-0.4977;-0.330857;7.598872;-0.461897;-0.8668;0.0296;-0.4977;-0.110399;4.49452;0.875292;-0.628;0.0146;0.778;-0.246911;6.294694;0.731193;-0.628;0.0146;0.778;-0.799852;6.392372;0.282994;-0.628;0.0146;0.778;0.026111;3.983337;-0.746285;0.6834;0.0012;-0.73;-0.133328;6.153961;-0.891971;0.6834;0.0012;-0.73;0.556301;6.470224;-0.245815;0.6834;0.0012;-0.73;-0.246911;6.294694;0.731193;0.7644;0.0693;0.6409;0.556301;6.470224;-0.245815;0.7644;0.0693;0.6409;0.403675;7.882455;-0.216608;0.7644;0.0693;0.6409;0.288653;4.810846;-1.345785;0.1014;0.8417;0.5303;0.33421;5.163942;-1.915002;0.1014;0.8417;0.5303;0.037026;5.062738;-1.69752;0.1014;0.8417;0.5303;-0.110399;4.49452;0.875292;0.5594;0.2582;0.7876;0.92033;4.614737;0.103808;0.5594;0.2582;0.7876;0.556301;6.470224;-0.245815;0.5594;0.2582;0.7876;0.170981;3.842502;-0.694704;0.6282;-0.1436;0.7647;0.103115;2.979223;-0.801098;0.6282;-0.1436;0.7647;0.747805;3.556023;-1.222381;0.6282;-0.1436;0.7647;0.91878;2.669949;1.241276;-0.8679;0.2185;0.4462;1.200853;4.745718;0.773396;-0.8679;0.2185;0.4462;0.465514;3.196403;0.1018;-0.8679;0.2185;0.4462;0.170981;3.842502;-0.694704;-0.7274;0.3862;0.5672;0.037026;5.062738;-1.69752;-0.7274;0.3862;0.5672;-0.365345;3.706886;-1.290168;-0.7274;0.3862;0.5672;0.747805;3.556023;-1.222381;0.3184;-0.7649;-0.56;0.103115;2.979223;-0.801098;0.3184;-0.7649;-0.56;0.122266;3.735382;-1.823024;0.3184;-0.7649;-0.56;0.122266;3.735382;-1.823024;0.58;-0.3836;-0.7186;0.582955;4.622512;-1.924684;0.58;-0.3836;-0.7186;0.747805;3.556023;-1.222381;0.58;-0.3836;-0.7186;0.91878;2.669949;1.241276;-0.0556;-0.9327;0.3562;0.838836;2.319392;0.310997;-0.0556;-0.9327;0.3562;1.662431;2.513799;0.948627;-0.0556;-0.9327;0.3562;0.122266;3.735382;-1.823024;-0.5216;-0.6811;-0.5137;0.103115;2.979223;-0.801098;-0.5216;-0.6811;-0.5137;-0.365345;3.706886;-1.290168;-0.5216;-0.6811;-0.5137;0.122266;3.735382;-1.823024;-0.134;-0.0439;-0.99;0.33421;5.163942;-1.915002;-0.134;-0.0439;-0.99;0.582955;4.622512;-1.924684;-0.134;-0.0439;-0.99;1.234576;4.497495;1.453323;-0.7089;0.6505;0.2726;1.686852;5.196841;0.960784;-0.7089;0.6505;0.2726;1.200853;4.745718;0.773396;-0.7089;0.6505;0.2726;-0.365345;3.706886;-1.290168;-0.74;-0.0247;0.6721;0.103115;2.979223;-0.801098;-0.74;-0.0247;0.6721;0.170981;3.842502;-0.694704;-0.74;-0.0247;0.6721;0.170981;3.842502;-0.694704;0.8999;0.1627;0.4046;0.582955;4.622512;-1.924684;0.8999;0.1627;0.4046;0.288653;4.810846;-1.345785;0.8999;0.1627;0.4046;0.465514;3.196403;0.1018;-0.1066;0.2746;-0.9556;1.49831;4.369476;0.323659;-0.1066;0.2746;-0.9556;1.559991;2.990568;-0.079446;-0.1066;0.2746;-0.9556;-0.365345;3.706886;-1.290168;-0.7381;0.0164;-0.6745;0.037026;5.062738;-1.69752;-0.7381;0.0164;-0.6745;0.122266;3.735382;-1.823024;-0.7381;0.0164;-0.6745;0.122266;3.735382;-1.823024;-0.5984;0.0372;-0.8003;0.037026;5.062738;-1.69752;-0.5984;0.0372;-0.8003;0.33421;5.163942;-1.915002;-0.5984;0.0372;-0.8003;0.170981;3.842502;-0.694704;-0.459;0.5334;0.7104;0.288653;4.810846;-1.345785;-0.459;0.5334;0.7104;0.037026;5.062738;-1.69752;-0.459;0.5334;0.7104;0.288653;4.810846;-1.345785;0.8653;0.3919;0.3124;0.582955;4.622512;-1.924684;0.8653;0.3919;0.3124;0.33421;5.163942;-1.915002;0.8653;0.3919;0.3124;0.170981;3.842502;-0.694704;0.7129;0.4592;0.53;0.747805;3.556023;-1.222381;0.7129;0.4592;0.53;0.582955;4.622512;-1.924684;0.7129;0.4592;0.53;1.662431;2.513799;0.948627;0.4953;-0.7682;-0.4056;0.838836;2.319392;0.310997;0.4953;-0.7682;-0.4056;1.559991;2.990568;-0.079446;0.4953;-0.7682;-0.4056;1.559991;2.990568;-0.079446;0.964;-0.191;-0.1846;1.997646;4.176991;0.97819;0.964;-0.191;-0.1846;1.662431;2.513799;0.948627;0.964;-0.191;-0.1846;1.559991;2.990568;-0.079446;-0.2119;-0.3112;-0.9264;0.838836;2.319392;0.310997;-0.2119;-0.3112;-0.9264;0.465514;3.196403;0.1018;-0.2119;-0.3112;-0.9264;1.49831;4.369476;0.323659;0.8048;0.236;-0.5446;1.686852;5.196841;0.960784;0.8048;0.236;-0.5446;1.997646;4.176991;0.97819;0.8048;0.236;-0.5446;0.465514;3.196403;0.1018;-0.917;-0.3409;0.2073;0.838836;2.319392;0.310997;-0.917;-0.3409;0.2073;0.91878;2.669949;1.241276;-0.917;-0.3409;0.2073;0.91878;2.669949;1.241276;0.464;-0.1808;0.8672;1.997646;4.176991;0.97819;0.464;-0.1808;0.8672;1.234576;4.497495;1.453323;0.464;-0.1808;0.8672;0.465514;3.196403;0.1018;-0.4392;0.5246;-0.7293;1.200853;4.745718;0.773396;-0.4392;0.5246;-0.7293;1.49831;4.369476;0.323659;-0.4392;0.5246;-0.7293;1.49831;4.369476;0.323659;-0.3011;0.6239;-0.7211;1.200853;4.745718;0.773396;-0.3011;0.6239;-0.7211;1.686852;5.196841;0.960784;-0.3011;0.6239;-0.7211;0.91878;2.669949;1.241276;-0.9818;0.1573;0.1061;1.234576;4.497495;1.453323;-0.9818;0.1573;0.1061;1.200853;4.745718;0.773396;-0.9818;0.1573;0.1061;1.559991;2.990568;-0.079446;0.8065;0.1988;-0.5568;1.49831;4.369476;0.323659;0.8065;0.1988;-0.5568;1.997646;4.176991;0.97819;0.8065;0.1988;-0.5568;1.234576;4.497495;1.453323;0.575;0.1888;0.7961;1.997646;4.176991;0.97819;0.575;0.1888;0.7961;1.686852;5.196841;0.960784;0.575;0.1888;0.7961;0.91878;2.669949;1.241276;0.3489;-0.0869;0.9331;1.662431;2.513799;0.948627;0.3489;-0.0869;0.9331;1.997646;4.176991;0.97819;0.3489;-0.0869;0.9331
36;0.835;0.76;0.675;0.065
0.017766;5.994792;-0.063813;-0.7111;0.0163;0.7029;-0.164751;-0.323883;-0.101566;-0.7111;0.0163;0.7029;0.065693;-0.323883;0.131553;-0.7111;0.0163;0.7029;0.017766;5.994792;-0.063813;-0.2532;0.0131;-0.9673;0.152357;-0.323883;-0.184579;-0.2532;0.0131;-0.9673;-0.164751;-0.323883;-0.101566;-0.2532;0.0131;-0.9673;0.031859;3.404658;-1.290854;-0.7649;0.5512;0.3331;-0.031509;2.58233;-0.075727;-0.7649;0.5512;0.3331;0.042693;2.664467;-0.041256;-0.7649;0.5512;0.3331;0.031859;3.404658;-1.290854;-0.5405;-0.6834;-0.4906;0.061528;2.526078;-0.09988;-0.5405;-0.6834;-0.4906;-0.031509;2.58233;-0.075727;-0.5405;-0.6834;-0.4906;0.152357;-0.323883;-0.184579;0.0;-1.0;0.0;0.065693;-0.323883;0.131553;0.0;-1.0;0.0;-0.164751;-0.323883;-0.101566;0.0;-1.0;0.0;0.061528;2.526078;-0.09988;0.0035;-0.3896;0.9209;0.042693;2.664467;-0.041256;0.0035;-0.3896;0.9209;-0.031509;2.58233;-0.075727;0.0035;-0.3896;0.9209;0.031859;3.404658;-1.290854;0.9922;0.1108;0.0571;0.042693;2.664467;-0.041256;0.9922;0.1108;0.0571;0.061528;2.526078;-0.09988;0.9922;0.1108;0.0571;0.017766;5.994792;-0.063813;0.9643;0.0155;0.2644;0.065693;-0.323883;0.131553;0.9643;0.0155;0.2644;0.152357;-0.323883;-0.184579;0.9643;0.0155;0.2644;1.635069;2.88723;0.75607;-0.6049;0.3769;0.7014;-0.007069;1.868209;-0.112731;-0.6049;0.3769;0.7014;0.011287;1.730196;-0.02274;-0.6049;0.3769;0.7014;1.635069;2.88723;0.75607;0.3563;0.2034;-0.912;0.059774;1.709415;-0.122029;0.3563;0.2034;-0.912;-0.007069;1.868209;-0.112731;0.3563;0.2034;-0.912;0.059774;1.709415;-0.122029;-0.8697;-0.3455;-0.3524;0.011287;1.730196;-0.02274;-0.8697;-0.3455;-0.3524;-0.007069;1.868209;-0.112731;-0.8697;-0.3455;-0.3524;1.635069;2.88723;0.75607;0.4119;-0.8305;0.375;0.011287;1.730196;-0.02274;0.4119;-0.8305;0.375;0.059774;1.709415;-0.122029;0.4119;-0.8305;0.375
-1.990687;-0.571505;-3.688667;3.183945;13.805451;2.920152;1.7;0;extraBounds;3;0.853625;4.045094;-0.304421;3.155954;8.903618;2.947542;-1.859111;5.304494;-3.219336;1.095199;13.472357;1.373069;-0.275087;0.009486;-0.326687;0.357598;6.4223;0.305998
363;2
282;-1;0;0;0.06
2.59598;4.251147;0.844654;0.191;-0.6728;-0.7147;1.148408;3.975984;0.716888;0.191;-0.6728;-0.7147;1.353452;5.114527;-0.300158;0.191;-0.6728;-0.7147;1.353452;5.114527;-0.300158;-0.9004;-0.1882;-0.3922;1.148408;3.975984;0.716888;-0.9004;-0.1882;-0.3922;0.64935;5.246417;1.252849;-0.9004;-0.1882;-0.3922;1.353452;5.114527;-0.300158;0.6267;-0.367;-0.6874;2.288931;6.00907;0.075137;0.6267;-0.367;-0.6874;3.183945;5.729321;1.040494;0.6267;-0.367;-0.6874;1.353452;5.114527;-0.300158;-0.5813;0.7451;-0.3269;0.64935;5.246417;1.252849;-0.5813;0.7451;-0.3269;2.288931;6.00907;0.075137;-0.5813;0.7451;-0.3269;1.332815;4.756533;2.430166;0.7239;-0.2304;0.6502;2.59598;4.251147;0.844654;0.7239;-0.2304;0.6502;1.450623;6.509016;2.920152;0.7239;-0.2304;0.6502;0.64935;5.246417;1.252849;-0.81;0.1972;0.5523;1.332815;4.756533;2.430166;-0.81;0.1972;0.5523;0.831678;6.580285;1.043851;-0.81;0.1972;0.5523;2.288931;6.00907;0.075137;-0.4282;0.3326;-0.8402;0.831678;6.580285;1.043851;-0.4282;0.3326;-0.8402;1.811252;8.407005;1.267786;-0.4282;0.3326;-0.8402;1.450623;6.509016;2.920152;0.4817;-0.1187;0.8682;2.999453;5.526695;1.926431;0.4817;-0.1187;0.8682;2.921413;8.136676;2.326711;0.4817;-0.1187;0.8682;0.831678;6.580285;1.043851;-0.9345;0.1666;0.3146;1.450623;6.509016;2.920152;-0.9345;0.1666;0.3146;1.63181;8.391289;2.461493;-0.9345;0.1666;0.3146;2.921413;8.136676;2.326711;0.8323;0.5536;-0.0277;2.66733;8.460798;1.170774;0.8323;0.5536;-0.0277;2.443388;8.849156;2.202629;0.8323;0.5536;-0.0277;3.183945;5.729321;1.040494;0.7467;0.1718;-0.6425;2.288931;6.00907;0.075137;0.7467;0.1718;-0.6425;2.66733;8.460798;1.170774;0.7467;0.1718;-0.6425;2.999453;5.526695;1.926431;0.9564;0.1695;0.2379;3.183945;5.729321;1.040494;0.9564;0.1695;0.2379;2.66733;8.460798;1.170774;0.9564;0.1695;0.2379;2.443388;8.849156;2.202629;-0.0785;0.8037;0.5898;2.481632;9.272635;1.630663;-0.0785;0.8037;0.5898;1.918223;8.929285;2.023559;-0.0785;0.8037;0.5898;1.63181;8.391289;2.461493;0.1941;0.555;0.8088;2.921413;8.136676;2.326711;0.1941;0.555;0.8088;1.918223;8.929285;2.023559;0.1941;0.555;0.8088;1.811252;8.407005;1.267786;-0.9156;0.3795;-0.1326;1.63181;8.391289;2.461493;-0.9156;0.3795;-0.1326;1.918223;8.929285;2.023559;-0.9156;0.3795;-0.1326;2.66733;8.460798;1.170774;-0.1146;0.8248;-0.5537;1.811252;8.407005;1.267786;-0.1146;0.8248;-0.5537;1.918223;8.929285;2.023559;-0.1146;0.8248;-0.5537;1.148408;3.975984;0.716888;-0.8391;-0.4552;0.2977;1.332815;4.756533;2.430166;-0.8391;-0.4552;0.2977;0.64935;5.246417;1.252849;-0.8391;-0.4552;0.2977;1.332815;4.756533;2.430166;0.1372;-0.9069;0.3984;1.148408;3.975984;0.716888;0.1372;-0.9069;0.3984;2.59598;4.251147;0.844654;0.1372;-0.9069;0.3984;2.59598;4.251147;0.844654;0.6155;-0.1421;-0.7752;1.353452;5.114527;-0.300158;0.6155;-0.1421;-0.7752;3.183945;5.729321;1.040494;0.6155;-0.1421;-0.7752;2.999453;5.526695;1.926431;0.9192;-0.3795;0.1046;2.59598;4.251147;0.844654;0.9192;-0.3795;0.1046;3.183945;5.729321;1.040494;0.9192;-0.3795;0.1046;0.64935;5.246417;1.252849;-0.5667;-0.0514;-0.8223;0.831678;6.580285;1.043851;-0.5667;-0.0514;-0.8223;2.288931;6.00907;0.075137;-0.5667;-0.0514;-0.8223;2.59598;4.251147;0.844654;0.0649;-0.6573;0.7508;2.999453;5.526695;1.926431;0.0649;-0.6573;0.7508;1.450623;6.509016;2.920152;0.0649;-0.6573;0.7508;1.332815;4.756533;2.430166;-0.9496;-0.0235;0.3124;1.450623;6.509016;2.920152;-0.9496;-0.0235;0.3124;0.831678;6.580285;1.043851;-0.9496;-0.0235;0.3124;2.66733;8.460798;1.170774;-0.1282;0.421;-0.8979;2.288931;6.00907;0.075137;-0.1282;0.421;-0.8979;1.811252;8.407005;1.267786;-0.1282;0.421;-0.8979;1.63181;8.391289;2.461493;0.1444;0.2211;0.9645;1.450623;6.509016;2.920152;0.1444;0.2211;0.9645;2.921413;8.136676;2.326711;0.1444;0.2211;0.9645;1.811252;8.407005;1.267786;-0.868;0.4807;-0.1241;0.831678;6.580285;1.043851;-0.868;0.4807;-0.1241;1.63181;8.391289;2.461493;-0.868;0.4807;-0.1241;2.66733;8.460798;1.170774;0.9778;0.1315;0.1627;2.481632;9.272635;1.630663;0.9778;0.1315;0.1627;2.443388;8.849156;2.202629;0.9778;0.1315;0.1627;2.921413;8.136676;2.326711;0.9783;0.0597;-0.1983;2.999453;5.526695;1.926431;0.9783;0.0597;-0.1983;2.66733;8.460798;1.170774;0.9783;0.0597;-0.1983;2.921413;8.136676;2.326711;-0.33;-0.0573;0.9422;2.443388;8.849156;2.202629;-0.33;-0.0573;0.9422;1.918223;8.929285;2.023559;-0.33;-0.0573;0.9422;2.481632;9.272635;1.630663;-0.6528;0.2548;-0.7134;2.66733;8.460798;1.170774;-0.6528;0.2548;-0.7134;1.918223;8.929285;2.023559;-0.6528;0.2548;-0.7134;-1.355804;6.860853;-0.357221;-0.5078;-0.8331;0.2192;-0.121123;6.183477;-0.071696;-0.5078;-0.8331;0.2192;-0.809329;6.955844;1.269581;-0.5078;-0.8331;0.2192;-0.809329;6.955844;1.269581;-0.3329;-0.1192;0.9354;-0.264093;8.09143;1.608383;-0.3329;-0.1192;0.9354;-1.662475;8.614821;1.177486;-0.3329;-0.1192;0.9354;0.459249;6.697432;0.875739;0.8726;-0.4847;0.0599;0.71707;6.908172;-1.175395;0.8726;-0.4847;0.0599;1.267999;8.136288;0.736035;0.8726;-0.4847;0.0599;0.71707;6.908172;-1.175395;-0.3264;-0.4118;-0.8508;-1.355804;6.860853;-0.357221;-0.3264;-0.4118;-0.8508;-0.355869;8.800898;-1.67997;-0.3264;-0.4118;-0.8508;-0.809329;6.955844;1.269581;0.2061;-0.3693;0.9062;0.459249;6.697432;0.875739;0.2061;-0.3693;0.9062;-0.264093;8.09143;1.608383;0.2061;-0.3693;0.9062;-1.662475;8.614821;1.177486;-0.2592;0.0984;0.9608;-0.264093;8.09143;1.608383;-0.2592;0.0984;0.9608;-0.161467;11.251494;1.312297;-0.2592;0.0984;0.9608;-1.990687;8.174875;-0.7064;-0.9858;0.0512;0.1598;-1.662475;8.614821;1.177486;-0.9858;0.0512;0.1598;-1.718141;11.241282;-0.007152;-0.9858;0.0512;0.1598;-0.161467;11.251494;1.312297;0.9299;0.1122;0.3503;0.650103;11.467501;-0.911244;0.9299;0.1122;0.3503;-0.11317;13.313846;0.52365;0.9299;0.1122;0.3503;-0.264093;8.09143;1.608383;0.4923;0.0653;0.8679;1.267999;8.136288;0.736035;0.4923;0.0653;0.8679;-0.161467;11.251494;1.312297;0.4923;0.0653;0.8679;-1.016322;11.54089;-1.361373;-0.8661;0.3294;-0.3759;-1.718141;11.241282;-0.007152;-0.8661;0.3294;-0.3759;-0.879923;13.308814;-0.126257;-0.8661;0.3294;-0.3759;-0.355869;8.800898;-1.67997;-0.5616;0.2311;-0.7945;-1.990687;8.174875;-0.7064;-0.5616;0.2311;-0.7945;-1.718141;11.241282;-0.007152;-0.5616;0.2311;-0.7945;0.984678;8.46508;-0.76794;0.5664;0.0238;-0.8238;-0.355869;8.800898;-1.67997;0.5664;0.0238;-0.8238;0.650103;11.467501;-0.911244;0.5664;0.0238;-0.8238;1.267999;8.136288;0.736035;0.9814;0.1016;-0.1627;0.984678;8.46508;-0.76794;0.9814;0.1016;-0.1627;0.650103;11.467501;-0.911244;0.9814;0.1016;-0.1627;-1.718141;11.241282;-0.007152;-0.6193;0.293;0.7284;-0.161467;11.251494;1.312297;-0.6193;0.293;0.7284;-0.879923;13.308814;-0.126257;-0.6193;0.293;0.7284;0.650103;11.467501;-0.911244;0.2635;0.2127;-0.9409;-1.016322;11.54089;-1.361373;0.2635;0.2127;-0.9409;-0.534236;13.45639;-0.79329;0.2635;0.2127;-0.9409;-0.11317;13.313846;0.52365;-0.2923;0.8946;0.3379;0.427976;13.805451;-0.309833;-0.2923;0.8946;0.3379;-0.879923;13.308814;-0.126257;-0.2923;0.8946;0.3379;-0.121123;6.183477;-0.071696;0.658;-0.753;0.0053;0.71707;6.908172;-1.175395;0.658;-0.753;0.0053;0.459249;6.697432;0.875739;0.658;-0.753;0.0053;0.71707;6.908172;-1.175395;-0.2419;-0.7166;-0.6542;-0.121123;6.183477;-0.071696;-0.2419;-0.7166;-0.6542;-1.355804;6.860853;-0.357221;-0.2419;-0.7166;-0.6542;-1.355804;6.860853;-0.357221;-0.8521;-0.421;0.3108;-0.809329;6.955844;1.269581;-0.8521;-0.4209;0.3108;-1.662475;8.614821;1.177486;-0.8521;-0.421;0.3108;-1.990687;8.174875;-0.7064;-0.8972;-0.369;0.2425;-1.355804;6.860853;-0.357221;-0.8972;-0.369;0.2425;-1.662475;8.614821;1.177486;-0.8972;-0.369;0.2425;0.71707;6.908172;-1.175395;0.578;0.1122;-0.8083;-0.355869;8.800898;-1.67997;0.578;0.1122;-0.8083;0.984678;8.46508;-0.76794;0.578;0.1122;-0.8083;1.267999;8.136288;0.736035;0.9717;-0.1126;-0.2077;0.71707;6.908172;-1.175395;0.9717;-0.1126;-0.2077;0.984678;8.46508;-0.76794;0.9717;-0.1126;-0.2077;-1.355804;6.860853;-0.357221;-0.3532;-0.3959;-0.8477;-1.990687;8.174875;-0.7064;-0.3532;-0.3959;-0.8477;-0.355869;8.800898;-1.67997;-0.3532;-0.3959;-0.8477;0.459249;6.697432;0.875739;0.4898;-0.1927;0.8503;1.267999;8.136288;0.736035;0.4898;-0.1927;0.8503;-0.264093;8.09143;1.608383;0.4898;-0.1927;0.8503;-1.662475;8.614821;1.177486;-0.6152;0.3132;0.7234;-0.161467;11.251494;1.312297;-0.6152;0.3132;0.7234;-1.718141;11.241282;-0.007152;-0.6152;0.3132;0.7234;0.650103;11.467501;-0.911244;0.8516;-0.0532;0.5215;0.427976;13.805451;-0.309833;0.8516;-0.0532;0.5215;-0.11317;13.313846;0.52365;0.8516;-0.0532;0.5215;1.267999;8.136288;0.736035;0.8738;0.3359;0.3515;0.650103;11.467501;-0.911244;0.8738;0.3359;0.3515;-0.161467;11.251494;1.312297;0.8738;0.3359;0.3515;-0.534236;13.45639;-0.79329;-0.8661;0.3294;-0.3759;-1.016322;11.54089;-1.361373;-0.8661;0.3294;-0.3759;-0.879923;13.308814;-0.126257;-0.8661;0.3294;-0.3759;-1.016322;11.54089;-1.361373;-0.8633;-0.1522;-0.4811;-0.355869;8.800898;-1.67997;-0.8633;-0.1522;-0.4811;-1.718141;11.241282;-0.007152;-0.8633;-0.1522;-0.4811;-0.355869;8.800898;-1.67997;0.2639;0.1739;-0.9487;-1.016322;11.54089;-1.361373;0.2639;0.1739;-0.9487;0.650103;11.467501;-0.911244;0.2639;0.1739;-0.9487;-0.161467;11.251494;1.312297;-0.6193;0.293;0.7284;-0.11317;13.313846;0.52365;-0.6193;0.293;0.7284;-0.879923;13.308814;-0.126257;-0.6193;0.293;0.7284;0.427976;13.805451;-0.309833;0.3547;0.2644;-0.8968;0.650103;11.467501;-0.911244;0.3547;0.2644;-0.8968;-0.534236;13.45639;-0.79329;0.3547;0.2644;-0.8968;0.427976;13.805451;-0.309833;-0.3518;0.9357;0.0247;-0.534236;13.45639;-0.79329;-0.3518;0.9357;0.0247;-0.879923;13.308814;-0.126257;-0.3518;0.9357;0.0247;-0.121123;6.183477;-0.071696;-0.0258;-0.872;0.4888;0.459249;6.697432;0.875739;-0.0258;-0.872;0.4888;-0.809329;6.955844;1.269581;-0.0258;-0.872;0.4888;-0.478199;5.550772;-2.358791;-0.711;-0.7029;0.018;-0.112698;5.206801;-1.353599;-0.711;-0.7029;0.018;-0.899409;6.007591;-1.158802;-0.711;-0.7029;0.018;-0.899409;6.007591;-1.158802;0.0496;-0.1898;0.9806;-0.112698;5.206801;-1.353599;0.0496;-0.1898;0.9806;0.29217;6.260039;-1.170242;0.0496;-0.1898;0.9806;-0.899409;6.007591;-1.158802;-0.8772;0.3178;0.3598;-0.653959;6.820169;-1.278088;-0.8772;0.3178;0.3598;-1.12587;6.642591;-2.271755;-0.8772;0.3178;0.3598;-0.899409;6.007591;-1.158802;-0.0227;0.1519;0.9881;0.29217;6.260039;-1.170242;-0.0227;0.1519;0.9881;-0.653959;6.820169;-1.278088;-0.0227;0.1519;0.9881;0.872771;6.059139;-1.997481;0.4188;-0.762;-0.4938;-0.478199;5.550772;-2.358791;0.4188;-0.762;-0.4938;0.819383;6.943473;-3.407525;0.4188;-0.762;-0.4938;0.29217;6.260039;-1.170242;0.7888;-0.1617;0.5929;0.872771;6.059139;-1.997481;0.7888;-0.1617;0.5929;0.809126;7.035404;-1.646522;0.7888;-0.1617;0.5929;-0.653959;6.820169;-1.278088;0.103;0.6246;0.7741;0.809126;7.035404;-1.646522;0.103;0.6246;0.7741;-0.442599;8.315974;-2.513053;0.103;0.6246;0.7741;0.819383;6.943473;-3.407525;-0.1813;-0.3186;-0.9304;-0.776058;6.395117;-2.908865;-0.1813;-0.3186;-0.9304;-0.047567;8.258045;-3.688667;-0.1813;-0.3186;-0.9304;0.809126;7.035404;-1.646522;0.9733;0.2292;-0.0063;0.819383;6.943473;-3.407525;0.9733;0.2292;-0.0063;0.468961;8.448461;-2.790894;0.9733;0.2292;-0.0063;-0.047567;8.258045;-3.688667;-0.5922;0.1681;-0.788;-0.813834;8.36397;-3.090284;-0.5922;0.1681;-0.788;-0.04338;8.947522;-3.544709;-0.5922;0.1681;-0.788;-1.12587;6.642591;-2.271755;-0.8746;0.3282;0.3567;-0.653959;6.820169;-1.278088;-0.8746;0.3282;0.3567;-0.813834;8.36397;-3.090284;-0.8746;0.3282;0.3567;-0.776058;6.395117;-2.908865;-0.8846;-0.0596;-0.4625;-1.12587;6.642591;-2.271755;-0.8846;-0.0596;-0.4625;-0.813834;8.36397;-3.090284;-0.8846;-0.0596;-0.4625;-0.04338;8.947522;-3.544709;0.4556;0.8836;-0.1075;-0.506528;9.210371;-3.34714;0.4556;0.8836;-0.1075;0.003248;8.977407;-3.101361;0.4556;0.8836;-0.1075;0.468961;8.448461;-2.790894;0.7687;0.371;-0.521;-0.047567;8.258045;-3.688667;0.7687;0.371;-0.521;0.003248;8.977407;-3.101361;0.7687;0.371;-0.521;-0.442599;8.315974;-2.513053;0.1532;0.5971;0.7874;0.468961;8.448461;-2.790894;0.1532;0.5971;0.7874;0.003248;8.977407;-3.101361;0.1532;0.5971;0.7874;-0.813834;8.36397;-3.090284;-0.5439;0.7318;0.4106;-0.442599;8.315974;-2.513053;-0.5439;0.7318;0.4106;0.003248;8.977407;-3.101361;-0.5439;0.7318;0.4106;-0.112698;5.206801;-1.353599;0.7126;-0.3769;0.5917;0.872771;6.059139;-1.997481;0.7126;-0.3769;0.5917;0.29217;6.260039;-1.170242;0.7126;-0.3769;0.5917;0.872771;6.059139;-1.997481;0.4162;-0.8032;-0.4262;-0.112698;5.206801;-1.353599;0.4162;-0.8032;-0.4262;-0.478199;5.550772;-2.358791;0.4162;-0.8032;-0.4262;-0.478199;5.550772;-2.358791;-0.8586;-0.5005;-0.1108;-0.899409;6.007591;-1.158802;-0.8586;-0.5005;-0.1108;-1.12587;6.642591;-2.271755;-0.8586;-0.5005;-0.1108;-0.776058;6.395117;-2.908865;-0.8363;-0.4742;-0.275;-0.478199;5.550772;-2.358791;-0.8363;-0.4742;-0.275;-1.12587;6.642591;-2.271755;-0.8363;-0.4742;-0.275;0.29217;6.260039;-1.170242;0.1584;0.4379;0.8849;0.809126;7.035404;-1.646522;0.1584;0.4379;0.8849;-0.653959;6.820169;-1.278088;0.1584;0.4379;0.8849;-0.478199;5.550772;-2.358791;-0.0652;-0.5607;-0.8254;-0.776058;6.395117;-2.908865;-0.0652;-0.5607;-0.8254;0.819383;6.943473;-3.407525;-0.0652;-0.5607;-0.8254;0.872771;6.059139;-1.997481;0.9979;0.0641;0.0024;0.819383;6.943473;-3.407525;0.9979;0.0641;0.0024;0.809126;7.035404;-1.646522;0.9979;0.0641;0.0024;-0.813834;8.36397;-3.090284;-0.7044;0.5084;0.4953;-0.653959;6.820169;-1.278088;-0.7044;0.5084;0.4953;-0.442599;8.315974;-2.513053;-0.7044;0.5084;0.4953;0.468961;8.448461;-2.790894;0.7599;0.39;-0.5199;0.819383;6.943473;-3.407525;0.7599;0.39;-0.5199;-0.047567;8.258045;-3.688667;0.7599;0.39;-0.5199;-0.442599;8.315974;-2.513053;0.1362;0.6431;0.7536;0.809126;7.035404;-1.646522;0.1362;0.6431;0.7536;0.468961;8.448461;-2.790894;0.1362;0.6431;0.7536;-0.813834;8.36397;-3.090284;-0.442;-0.1097;-0.8903;-0.506528;9.210371;-3.34714;-0.442;-0.1097;-0.8903;-0.04338;8.947522;-3.544709;-0.442;-0.1097;-0.8903;-0.047567;8.258045;-3.688667;-0.6205;-0.0837;-0.7797;-0.776058;6.395117;-2.908865;-0.6205;-0.0837;-0.7797;-0.813834;8.36397;-3.090284;-0.6205;-0.0837;-0.7797;-0.047567;8.258045;-3.688667;0.9943;0.016;-0.1056;-0.04338;8.947522;-3.544709;0.9943;0.016;-0.1056;0.003248;8.977407;-3.101361;0.9943;0.016;-0.1056;-0.506528;9.210371;-3.34714;-0.2629;0.3663;0.8925;-0.813834;8.36397;-3.090284;-0.2629;0.3663;0.8925;0.003248;8.977407;-3.101361;-0.2629;0.3663;0.8925
81;0.835;0.76;0.675;0.04
-0.192335;-0.571505;0.192692;0.0;-0.002;1.0;0.299298;-0.571505;0.192692;0.0;-0.002;1.0;-0.241769;2.956863;0.19967;0.0;-0.002;1.0;0.299298;-0.571505;0.192692;0.8658;0.019;-0.4999;0.053481;-0.571505;-0.233074;0.8658;0.019;-0.4999;0.112583;2.956863;0.003846;0.8658;0.019;-0.4999;0.053481;-0.571505;-0.233074;-0.8641;-0.0665;-0.4989;-0.192335;-0.571505;0.192692;-0.8641;-0.0665;-0.4989;-0.234182;2.956863;-0.20512;-0.8641;-0.0665;-0.4989;-0.241769;2.956863;0.19967;0.4835;0.0256;0.8749;0.112583;2.956863;0.003846;0.4835;0.0256;0.8749;-0.121123;9.954311;-0.071696;0.4835;0.0256;0.8749;0.112583;2.956863;0.003846;0.5161;0.008;-0.8565;-0.234182;2.956863;-0.20512;0.5161;0.008;-0.8565;-0.121123;9.954311;-0.071696;0.5161;0.008;-0.8565;-0.234182;2.956863;-0.20512;-0.9997;0.0165;-0.0187;-0.241769;2.956863;0.19967;-0.9997;0.0165;-0.0187;-0.121123;9.954311;-0.071696;-0.9997;0.0165;-0.0187;0.299298;-0.571505;0.192692;0.4824;0.0722;0.873;0.112583;2.956863;0.003846;0.4824;0.0722;0.873;-0.241769;2.956863;0.19967;0.4824;0.0722;0.873;0.053481;-0.571505;-0.233074;0.5155;0.0488;-0.8555;-0.234182;2.956863;-0.20512;0.5155;0.0488;-0.8555;0.112583;2.956863;0.003846;0.5155;0.0488;-0.8555;-0.192335;-0.571505;0.192692;-0.9997;-0.0139;-0.0187;-0.241769;2.956863;0.19967;-0.9997;-0.0139;-0.0187;-0.234182;2.956863;-0.20512;-0.9997;-0.0139;-0.0187;-0.202758;4.552242;-0.073609;-0.0696;0.9477;0.3115;0.044455;4.547995;-0.005426;-0.0696;0.9477;0.3115;-0.145839;4.830646;-0.907872;-0.0696;0.9477;0.3115;0.044455;4.547995;-0.005426;0.8252;-0.548;-0.1367;-0.113482;4.325146;-0.06548;0.8252;-0.548;-0.1367;0.007985;4.728672;-0.950179;0.8252;-0.548;-0.1367;-0.113482;4.325146;-0.06548;-0.9254;-0.3671;-0.0937;-0.202758;4.552242;-0.073609;-0.9254;-0.3671;-0.0937;-0.158862;4.685245;-1.028451;-0.9254;-0.3671;-0.0937;-0.145839;4.830646;-0.907872;0.5423;0.557;0.629;0.007985;4.728672;-0.950179;0.5423;0.557;0.629;-0.154463;6.626676;-2.490844;0.5423;0.557;0.629;0.007985;4.728672;-0.950179;0.4691;-0.532;-0.7049;-0.158862;4.685245;-1.028451;0.4691;-0.532;-0.7049;-0.154463;6.626676;-2.490844;0.4691;-0.532;-0.7049;-0.158862;4.685245;-1.028451;-0.9975;0.0437;0.055;-0.145839;4.830646;-0.907872;-0.9975;0.0437;0.055;-0.154463;6.626676;-2.490844;-0.9975;0.0437;0.055;0.044455;4.547995;-0.005426;0.5727;0.8089;0.1326;0.007985;4.728672;-0.950179;0.5727;0.8089;0.1326;-0.145839;4.830646;-0.907872;0.5727;0.8089;0.1326;-0.202758;4.552242;-0.073609;-0.993;0.1137;-0.0298;-0.145839;4.830646;-0.907872;-0.993;0.1137;-0.0298;-0.158862;4.685245;-1.028451;-0.993;0.1137;-0.0298;-0.113482;4.325146;-0.06548;0.3828;-0.8592;-0.3393;-0.158862;4.685245;-1.028451;0.3828;-0.8592;-0.3393;0.007985;4.728672;-0.950179;0.3828;-0.8592;-0.3393;-0.066507;3.346278;-0.070071;-0.3296;0.9436;-0.0313;-0.194031;3.30877;0.142178;-0.3296;0.9436;-0.0313;0.672145;3.618485;0.357675;-0.3296;0.9436;-0.0313;-0.194031;3.30877;0.142178;-0.2247;-0.6453;0.7302;-0.095517;3.080589;-0.029151;-0.2247;-0.6453;0.7302;0.632639;3.462322;0.5323;-0.2247;-0.6453;0.7302;-0.095517;3.080589;-0.029151;0.4613;-0.184;-0.8679;-0.066507;3.346278;-0.070071;0.4613;-0.184;-0.8679;0.810685;3.426678;0.379097;0.4613;-0.184;-0.8679;0.672145;3.618485;0.357675;-0.7563;0.5632;0.3326;0.632639;3.462322;0.5323;-0.7563;0.5632;0.3326;1.866722;4.760126;1.140808;-0.7563;0.5632;0.3326;0.632639;3.462322;0.5323;0.4006;-0.6727;0.6221;0.810685;3.426678;0.379097;0.4006;-0.6727;0.6221;1.866722;4.760126;1.140808;0.4006;-0.6727;0.6221;0.810685;3.426678;0.379097;0.4035;0.1915;-0.8947;0.672145;3.618485;0.357675;0.4035;0.1915;-0.8947;1.866722;4.760126;1.140808;0.4035;0.1915;-0.8947;-0.194031;3.30877;0.142178;-0.3989;0.7265;0.5594;0.632639;3.462322;0.5323;-0.3989;0.7265;0.5594;0.672145;3.618485;0.357675;-0.3989;0.7265;0.5594;-0.066507;3.346278;-0.070071;0.4299;0.2125;-0.8775;0.672145;3.618485;0.357675;0.4299;0.2125;-0.8775;0.810685;3.426678;0.379097;0.4299;0.2125;-0.8775;-0.095517;3.080589;-0.029151;0.164;-0.9016;0.4003;0.810685;3.426678;0.379097;0.164;-0.9016;0.4003;0.632639;3.462322;0.5323;0.164;-0.9016;0.4003
6
MATERIAL;second;0;count;9;CUSTOM;0.678;0.812;0.447;5000;MUD_GREEN;10000;GREEN;15000;RED;26000;BEIGE;80000;LILAC;150000;LIGHT_PINK;200000;CYAN;300000;DARK_PURPLE;450000
INFO;NameId;373;DescId;374;price;1260;dpPerMin;0;range;3;placeSound;thud
LIFE;averagePop;5.75;averageLife;58.0;popFactors;2;0;0.4;breedMat;29.0;breedTime;20.97103;parentId;-1;FALL_DEATH;fallTime;3;totalTime;5;fallenAngle;60;particleEffect;1;ExplodeTime;0.975;UseMaterial;0;Colour;1;Spawn;2;5;0;1;0;PPS;30;Speed;1.5;Gravity;0.3;Life;3;Scale;0.1;Colour;0.678;0.812;0.447;Additive;0;Alpha;1;FadeIn;0.1;FadeOut;0.8;HasDir;1;Dir;0;1;0;Varience;0.25;Offset;0;6.5;0;LifeError;0.4;ScaleError;0.3;SpeedError;0.4;RandRot;1;HasXRot;1;XRotSpeed;180;Stages;1;2;enviroReqCount;2;reqId;1;minAltitude;0;maxAltitude;60;influence;0.75;reqId;2;barren;0;goodBiomes;1;0;idealFactor;60;influence;0.85
GROWTH;dynamic;0;growthTime;19.333334;modelStages;3;subStages;2
WOOD;cut time;3;bark factor;0.75;colour;0.835;0.76;0.675
PERCH;2;-0.06467;3.91;-0.445;0.3446;2.922;0.1892
