1.0
ptl
0;1
3
-0.378444;-0.113612;-0.477291;0.69299;2.251797;0.461444;1
57;2
9;0.643;0.624;0.58;0.1
0.002333;-0.113612;-0.049643;0.864;-0.0685;-0.4988;0.272295;2.069303;0.118301;0.864;-0.0685;-0.4988;0.05814;-0.113612;0.047016;0.864;-0.0685;-0.4988;0.05814;-0.113612;0.047016;0.0;-0.0326;0.9995;0.272295;2.069303;0.118301;0.0;-0.0326;0.9995;-0.053473;-0.113612;0.047016;0.0;-0.0326;0.9995;-0.053473;-0.113612;0.047016;-0.857;0.144;-0.4948;0.272295;2.069303;0.118301;-0.857;0.144;-0.4948;0.002333;-0.113612;-0.049643;-0.857;0.144;-0.4948
48;-1.0;0.0;0.0;0.1
0.46394;0.904965;-0.129669;-0.2925;0.6691;0.6831;0.306424;1.011306;-0.30129;-0.2925;0.6691;0.6831;0.117017;0.557905;0.061721;-0.2925;0.6691;0.6831;0.275711;1.676972;-0.234205;0.873;-0.3393;-0.3503;0.485972;1.499693;0.461444;0.873;-0.3393;-0.3503;0.139721;1.012119;0.070914;0.873;-0.3393;-0.3503;0.275711;1.676972;-0.234205;0.9481;0.2188;-0.2308;0.266284;2.251797;0.272076;0.9481;0.2188;-0.2308;0.485972;1.499693;0.461444;0.9481;0.2188;-0.2308;0.46394;0.904965;-0.129669;-0.0315;0.8364;0.5471;0.69299;1.14098;-0.477291;-0.0315;0.8364;0.5471;0.306424;1.011306;-0.30129;-0.0315;0.8364;0.5471;0.485972;1.499693;0.461444;-0.0804;-0.5877;0.805;-0.110522;1.516175;0.413937;-0.0804;-0.5877;0.805;0.139721;1.012119;0.070914;-0.0804;-0.5877;0.805;0.485972;1.499693;0.461444;-0.0712;0.2239;0.972;0.266284;2.251797;0.272076;-0.0712;0.2239;0.972;-0.110522;1.516175;0.413937;-0.0712;0.2239;0.972;0.565731;0.697565;-0.386285;0.7096;-0.3833;0.5912;0.46394;0.904965;-0.129669;0.7096;-0.3833;0.5912;0.117017;0.557905;0.061721;0.7096;-0.3833;0.5912;0.565731;0.697565;-0.386285;0.8698;-0.1534;0.4689;0.69299;1.14098;-0.477291;0.8698;-0.1534;0.4689;0.46394;0.904965;-0.129669;0.8698;-0.1534;0.4689;-0.110522;1.516175;0.413937;-0.8402;0.3506;-0.4137;0.266284;2.251797;0.272076;-0.8402;0.3506;-0.4137;0.275711;1.676972;-0.234205;-0.8402;0.3506;-0.4137;-0.110522;1.516175;0.413937;-0.8498;-0.0661;-0.5228;0.275711;1.676972;-0.234205;-0.8498;-0.0661;-0.5228;0.139721;1.012119;0.070914;-0.8498;-0.0661;-0.5228;0.306424;1.011306;-0.30129;-0.392;-0.0756;-0.9168;0.69299;1.14098;-0.477291;-0.392;-0.0756;-0.9168;0.565731;0.697565;-0.386285;-0.392;-0.0756;-0.9168;0.306424;1.011306;-0.30129;-0.6189;-0.3168;-0.7187;0.565731;0.697565;-0.386285;-0.6189;-0.3168;-0.7187;0.117017;0.557905;0.061721;-0.6189;-0.3168;-0.7187;-0.297636;0.997836;-0.39463;-0.7515;-0.2148;0.6238;0.109709;0.851862;0.045789;-0.7515;-0.2148;0.6238;-0.378444;1.419149;-0.346872;-0.7515;-0.2148;0.6238;-0.124897;1.216411;-0.369885;-1.0E-4;0.1126;-0.9936;-0.297636;0.997836;-0.39463;-1.0E-4;0.1126;-0.9936;-0.378444;1.419149;-0.346872;-1.0E-4;0.1126;-0.9936;-0.124897;1.216411;-0.369885;0.6035;-0.3988;-0.6904;0.109709;0.851862;0.045789;0.6035;-0.3988;-0.6904;-0.297636;0.997836;-0.39463;0.6035;-0.3988;-0.6904;-0.378444;1.419149;-0.346872;0.6127;0.7325;0.2966;0.109709;0.851862;0.045789;0.6127;0.7325;0.2966;-0.124897;1.216411;-0.369885;0.6127;0.7325;0.2966
-1.987319;-0.263435;-1.484412;2.904579;6.346493;1.638953;3
117;2
72;-1.0;0.0;0.0;0.06
0.642738;5.061923;1.638953;0.8532;0.2989;0.4274;1.35454;4.96265;0.287286;0.8532;0.2989;0.4274;0.779328;6.346493;0.467811;0.8532;0.2989;0.4274;-0.585385;5.544687;0.1254;0.2103;0.4611;-0.862;1.35454;4.96265;0.287286;0.2103;0.4611;-0.862;0.483365;3.471843;-0.72269;0.2103;0.4611;-0.862;0.642738;5.061923;1.638953;-0.0143;-0.3908;0.9203;-0.850245;3.92986;1.134996;-0.0143;-0.3908;0.9203;1.151478;2.967087;0.757471;-0.0143;-0.3908;0.9203;1.35454;4.96265;0.287286;0.8669;-0.1962;-0.4582;1.151478;2.967087;0.757471;0.8669;-0.1962;-0.4582;0.483365;3.471843;-0.72269;0.8669;-0.1962;-0.4582;1.35454;4.96265;0.287286;0.1363;0.1837;-0.9735;-0.585385;5.544687;0.1254;0.1363;0.1837;-0.9735;0.779328;6.346493;0.467811;0.1363;0.1837;-0.9735;-0.585385;5.544687;0.1254;-0.51;0.6085;0.6079;0.642738;5.061923;1.638953;-0.51;0.6085;0.6079;0.779328;6.346493;0.467811;-0.51;0.6085;0.6079;-0.850245;3.92986;1.134996;-0.8119;-0.2747;-0.5151;0.483365;3.471843;-0.72269;-0.8119;-0.2747;-0.5151;0.197986;2.785511;0.093163;-0.8119;-0.2747;-0.5151;0.483365;3.471843;-0.72269;0.4683;-0.75;-0.4671;1.151478;2.967087;0.757471;0.4683;-0.75;-0.4671;0.197986;2.785511;0.093163;0.4683;-0.75;-0.4671;1.35454;4.96265;0.287286;0.8852;0.0194;0.4647;0.642738;5.061923;1.638953;0.8852;0.0194;0.4647;1.151478;2.967087;0.757471;0.8852;0.0194;0.4647;-0.585385;5.544687;0.1254;-0.8185;-0.202;-0.5378;0.483365;3.471843;-0.72269;-0.8185;-0.202;-0.5378;-0.850245;3.92986;1.134996;-0.8185;-0.202;-0.5378;1.151478;2.967087;0.757471;-0.26;-0.7694;0.5835;-0.850245;3.92986;1.134996;-0.26;-0.7694;0.5835;0.197986;2.785511;0.093163;-0.26;-0.7694;0.5835;0.642738;5.061923;1.638953;-0.5906;0.4952;0.6371;-0.585385;5.544687;0.1254;-0.5906;0.4952;0.6371;-0.850245;3.92986;1.134996;-0.5906;0.4952;0.6371;-0.784825;2.86064;-1.124843;0.9408;0.2796;0.1916;-1.12824;3.333181;-0.128211;0.9408;0.2796;0.1916;-0.726013;2.00562;-0.16543;0.9408;0.2796;0.1916;-0.784825;2.86064;-1.124843;0.5292;0.8226;-0.2077;-1.987319;3.672936;-0.971613;0.5292;0.8226;-0.2077;-1.12824;3.333181;-0.128211;0.5292;0.8226;-0.2077;-1.12824;3.333181;-0.128211;-0.2734;-0.1096;0.9556;-1.74139;2.184505;-0.4354;-0.2734;-0.1096;0.9556;-0.726013;2.00562;-0.16543;-0.2734;-0.1096;0.9556;-1.12824;3.333181;-0.128211;-0.66;0.1557;0.7349;-1.987319;3.672936;-0.971613;-0.66;0.1557;0.7349;-1.74139;2.184505;-0.4354;-0.66;0.1557;0.7349;-1.74139;2.184505;-0.4354;-0.3581;-0.3682;-0.858;-1.987319;3.672936;-0.971613;-0.3581;-0.3682;-0.858;-0.784825;2.86064;-1.124843;-0.3581;-0.3682;-0.858;-1.74139;2.184505;-0.4354;0.046;-0.7443;-0.6662;-0.784825;2.86064;-1.124843;0.046;-0.7443;-0.6662;-0.726013;2.00562;-0.16543;0.046;-0.7443;-0.6662;2.904579;3.071903;-0.497416;-0.0667;0.1199;0.9905;1.458061;3.070257;-0.594557;-0.0667;0.1199;0.9905;1.554896;1.86901;-0.442571;-0.0667;0.1199;0.9905;2.904579;3.071903;-0.497416;-0.052;0.6431;0.764;2.187057;4.011011;-1.336688;-0.052;0.6431;0.764;1.458061;3.070257;-0.594557;-0.052;0.6431;0.764;1.458061;3.070257;-0.594557;-0.9181;-0.1217;-0.3772;1.907608;2.436925;-1.484412;-0.9181;-0.1217;-0.3772;1.554896;1.86901;-0.442571;-0.9181;-0.1217;-0.3772;1.458061;3.070257;-0.594557;-0.8121;0.1957;-0.5496;2.187057;4.011011;-1.336688;-0.8121;0.1957;-0.5496;1.907608;2.436925;-1.484412;-0.8121;0.1957;-0.5496;1.907608;2.436925;-1.484412;0.7223;-0.0636;-0.6887;2.187057;4.011011;-1.336688;0.7223;-0.0636;-0.6887;2.904579;3.071903;-0.497416;0.7223;-0.0636;-0.6887;1.907608;2.436925;-1.484412;0.6501;-0.7377;-0.182;2.904579;3.071903;-0.497416;0.6501;-0.7377;-0.182;1.554896;1.86901;-0.442571;0.6501;-0.7377;-0.182
45;0.643;0.624;0.58;0.03
0.007234;-0.263435;-0.164817;0.8659;-0.0124;-0.5;0.212388;1.27054;0.152408;0.8659;-0.0124;-0.5;0.195049;-0.263435;0.160489;0.8659;-0.0124;-0.5;0.212388;1.27054;0.152408;0.0;0.0052;1.0;-0.180581;-0.263435;0.160489;0.0;0.0052;1.0;0.195049;-0.263435;0.160489;0.0;0.0052;1.0;0.039906;1.292055;-0.148654;-0.8382;0.2257;-0.4964;-0.132575;1.31357;0.152408;-0.8382;0.2257;-0.4964;0.753292;5.187433;0.418211;-0.8382;0.2257;-0.4964;-0.180581;-0.263435;0.160489;-0.8658;0.0234;-0.4999;0.039906;1.292055;-0.148654;-0.8658;0.0234;-0.4999;0.007234;-0.263435;-0.164817;-0.8658;0.0234;-0.4999;-0.132575;1.31357;0.152408;-0.0083;-0.0666;0.9977;0.212388;1.27054;0.152408;-0.0083;-0.0666;0.9977;0.753292;5.187433;0.418211;-0.0083;-0.0666;0.9977;0.212388;1.27054;0.152408;0.8619;-0.0851;-0.4999;0.039906;1.292055;-0.148654;0.8619;-0.0851;-0.4999;0.753292;5.187433;0.418211;0.8619;-0.0851;-0.4999;0.11905;1.009099;0.035458;0.5498;-0.3579;0.7547;2.238169;2.632539;-0.738205;0.5498;-0.3579;0.7547;0.151582;1.217234;0.110472;0.5498;-0.3579;0.7547;0.151582;1.217234;0.110472;-0.4761;0.8459;0.2403;2.238169;2.632539;-0.738205;-0.4761;0.8459;0.2403;0.049756;1.217234;-0.091268;-0.4761;0.8459;0.2403;0.049756;1.217234;-0.091268;0.0696;-0.5018;-0.8622;2.238169;2.632539;-0.738205;0.0696;-0.5018;-0.8622;0.11905;1.009099;0.035458;0.0696;-0.5018;-0.8622;0.092985;1.747727;0.064204;0.152;-0.4363;-0.8869;-1.263237;2.355554;-0.467312;0.152;-0.4363;-0.8869;0.168974;1.955862;-0.02516;0.152;-0.4363;-0.8869;0.168974;1.955862;-0.02516;0.2387;0.9659;0.0998;-1.263237;2.355554;-0.467312;0.2387;0.9659;0.0998;0.081922;1.955862;0.183017;0.2387;0.9659;0.0998;0.081922;1.955862;0.183017;-0.4935;-0.4508;0.7438;-1.263237;2.355554;-0.467312;-0.4935;-0.4508;0.7438;0.092985;1.747727;0.064204;-0.4935;-0.4508;0.7438;0.007234;-0.263435;-0.164817;0.8672;-0.013;-0.4978;0.039906;1.292055;-0.148654;0.8672;-0.013;-0.4978;0.212388;1.27054;0.152408;0.8672;-0.013;-0.4978;0.212388;1.27054;0.152408;6.0E-4;0.0051;1.0;-0.132575;1.31357;0.152408;6.0E-4;0.0051;1.0;-0.180581;-0.263435;0.160489;6.0E-4;0.0051;1.0;-0.180581;-0.263435;0.160489;-0.8667;0.0238;-0.4982;-0.132575;1.31357;0.152408;-0.8667;0.0238;-0.4982;0.039906;1.292055;-0.148654;-0.8667;0.0238;-0.4982
-3.508977;-0.293238;-3.316631;4.60558;11.168505;2.587037;1.6;0;extraBounds;2;-3.397744;3.708618;-2.86701;4.467506;10.756971;1.907454;-0.327756;0.009886;-0.401533;0.419977;4.896266;0.383089
198;2
108;-1.0;0.0;0.0;0.035
0.981437;8.951058;2.587037;0.84;0.3552;0.41;2.463572;8.420897;0.010056;0.84;0.3552;0.41;1.316728;11.168505;-0.02074;0.84;0.3552;0.41;-1.352914;9.500921;-0.565373;0.2352;0.3475;-0.9077;2.463572;8.420897;0.010056;0.2352;0.3475;-0.9077;0.806918;5.240841;-1.636936;0.2352;0.3475;-0.9077;0.981437;8.951058;2.587037;-0.0411;-0.2694;0.9621;-1.931203;6.595341;1.802872;-0.0411;-0.2694;0.9621;2.03907;4.634435;1.42361;-0.0411;-0.2694;0.9621;2.463572;8.420897;0.010056;0.8802;-0.2494;-0.4038;2.03907;4.634435;1.42361;0.8802;-0.2494;-0.4038;0.806918;5.240841;-1.636936;0.8802;-0.2494;-0.4038;2.463572;8.420897;0.010056;0.1648;0.0577;-0.9846;-1.352914;9.500921;-0.565373;0.1648;0.0577;-0.9846;1.316728;11.168505;-0.02074;0.1648;0.0577;-0.9846;-1.352914;9.500921;-0.565373;-0.5282;0.6792;0.5096;0.981437;8.951058;2.587037;-0.5282;0.6792;0.5096;1.316728;11.168505;-0.02074;-0.5282;0.6792;0.5096;-1.931203;6.595341;1.802872;-0.7961;-0.3423;-0.4989;0.806918;5.240841;-1.636936;-0.7961;-0.3423;-0.4989;0.197943;4.102325;0.11594;-0.7961;-0.3423;-0.4989;0.806918;5.240841;-1.636936;0.4824;-0.8016;-0.353;2.03907;4.634435;1.42361;0.4824;-0.8016;-0.353;0.197943;4.102325;0.11594;0.4824;-0.8016;-0.353;2.463572;8.420897;0.010056;0.8711;0.083;0.4839;0.981437;8.951058;2.587037;0.8711;0.083;0.4839;2.03907;4.634435;1.42361;0.8711;0.083;0.4839;-1.352914;9.500921;-0.565373;-0.8021;-0.2731;-0.531;0.806918;5.240841;-1.636936;-0.8021;-0.2731;-0.531;-1.931203;6.595341;1.802872;-0.8021;-0.2731;-0.531;2.03907;4.634435;1.42361;-0.2764;-0.6893;0.6697;-1.931203;6.595341;1.802872;-0.2764;-0.6893;0.6697;0.197943;4.102325;0.11594;-0.2764;-0.6893;0.6697;0.981437;8.951058;2.587037;-0.6095;0.5702;0.5508;-1.352914;9.500921;-0.565373;-0.6095;0.5702;0.5508;-1.931203;6.595341;1.802872;-0.6095;0.5702;0.5508;4.60558;5.65181;-1.163449;0.7726;-0.505;0.3848;2.520212;3.570876;0.292441;0.7726;-0.505;0.3848;3.639165;3.61855;-1.891458;0.7726;-0.505;0.3848;2.892181;6.690129;-3.316631;-0.3164;-0.4615;-0.8288;3.639165;3.61855;-1.891458;-0.3164;-0.4615;-0.8288;1.182431;5.102095;-1.779684;-0.3164;-0.4615;-0.8288;2.892181;6.690129;-3.316631;0.7474;-0.1213;-0.6532;4.60558;5.65181;-1.163449;0.7474;-0.1213;-0.6532;3.639165;3.61855;-1.891458;0.7474;-0.1213;-0.6532;3.639165;3.61855;-1.891458;0.4537;-0.8652;0.2136;2.520212;3.570876;0.292441;0.4537;-0.8652;0.2136;1.748185;2.939472;-0.625233;0.4537;-0.8652;0.2136;2.837067;6.754943;-0.411212;0.5371;0.3325;0.7752;4.60558;5.65181;-1.163449;0.5371;0.3325;0.7752;4.569374;7.66859;-2.003331;0.5371;0.3325;0.7752;4.60558;5.65181;-1.163449;0.6862;-0.2691;-0.6758;2.892181;6.690129;-3.316631;0.6862;-0.2691;-0.6758;4.569374;7.66859;-2.003331;0.6862;-0.2691;-0.6758;1.182431;5.102095;-1.779684;-0.3442;-0.5106;-0.7879;3.639165;3.61855;-1.891458;-0.3442;-0.5106;-0.7879;1.748185;2.939472;-0.625233;-0.3442;-0.5106;-0.7879;2.892181;6.690129;-3.316631;-0.4868;0.873;-0.0287;2.837067;6.754943;-0.411212;-0.4868;0.873;-0.0287;4.569374;7.66859;-2.003331;-0.4868;0.873;-0.0287;4.60558;5.65181;-1.163449;0.4634;0.147;0.8739;2.837067;6.754943;-0.411212;0.4634;0.147;0.8739;2.520212;3.570876;0.292441;0.4634;0.147;0.8739;2.837067;6.754943;-0.411212;-0.7407;0.2144;0.6366;1.182431;5.102095;-1.779684;-0.7407;0.2144;0.6366;2.520212;3.570876;0.292441;-0.7407;0.2144;0.6366;2.837067;6.754943;-0.411212;-0.6942;0.7191;-0.0292;2.892181;6.690129;-3.316631;-0.6942;0.7191;-0.0292;1.182431;5.102095;-1.779684;-0.6942;0.7191;-0.0292;2.520212;3.570876;0.292441;-0.7964;0.1092;0.5948;1.182431;5.102095;-1.779684;-0.7964;0.1092;0.5948;1.748185;2.939472;-0.625233;-0.7964;0.1092;0.5948;-2.79849;5.308196;-1.786132;-0.8795;-0.3253;-0.3474;-3.508977;5.149672;0.160981;-0.8795;-0.3253;-0.3474;-3.492579;6.5477;-1.189579;-0.8795;-0.3253;-0.3474;-1.754202;6.33892;-0.451671;0.8357;0.3428;0.4291;-1.645107;4.336205;0.936029;0.8357;0.3428;0.4291;-0.661658;4.360845;-0.998962;0.8357;0.3428;0.4291;-3.508977;5.149672;0.160981;-0.5005;-0.7701;0.3955;-2.384341;3.659965;-1.316396;-0.5005;-0.7701;0.3955;-1.645107;4.336205;0.936029;-0.5005;-0.7701;0.3955;-1.754202;6.33892;-0.451671;0.3789;0.565;-0.7329;-2.79849;5.308196;-1.786132;0.3789;0.565;-0.7329;-3.492579;6.5477;-1.189579;0.3789;0.565;-0.7329;-3.508977;5.149672;0.160981;-0.2159;0.6797;0.7009;-1.754202;6.33892;-0.451671;-0.2159;0.6797;0.7009;-3.492579;6.5477;-1.189579;-0.2159;0.6797;0.7009;-2.79849;5.308196;-1.786132;0.2572;-0.2045;-0.9444;-0.661658;4.360845;-0.998962;0.2572;-0.2045;-0.9444;-2.384341;3.659965;-1.316396;0.2572;-0.2045;-0.9444;-2.384341;3.659965;-1.316396;0.3729;-0.5936;-0.7131;-0.661658;4.360845;-0.998962;0.3729;-0.5936;-0.7131;-0.825825;3.46713;-0.340764;0.3729;-0.5936;-0.7131;-1.754202;6.33892;-0.451671;-0.0953;0.5634;0.8206;-3.508977;5.149672;0.160981;-0.0953;0.5634;0.8206;-1.645107;4.336205;0.936029;-0.0953;0.5634;0.8206;-1.645107;4.336205;0.936029;-0.3391;-0.8645;0.3709;-2.384341;3.659965;-1.316396;-0.3391;-0.8645;0.3709;-0.825825;3.46713;-0.340764;-0.3391;-0.8645;0.3709;-0.661658;4.360845;-0.998962;0.8778;0.1689;0.4483;-1.645107;4.336205;0.936029;0.8778;0.1689;0.4483;-0.825825;3.46713;-0.340764;0.8778;0.1689;0.4483;-3.508977;5.149672;0.160981;-0.8812;-0.3205;-0.3476;-2.79849;5.308196;-1.786132;-0.8812;-0.3205;-0.3476;-2.384341;3.659965;-1.316396;-0.8812;-0.3205;-0.3476;-2.79849;5.308196;-1.786132;0.4811;0.4704;-0.7398;-1.754202;6.33892;-0.451671;0.4811;0.4704;-0.7398;-0.661658;4.360845;-0.998962;0.4811;0.4704;-0.7398
90;0.643;0.624;0.58;0.01
0.08583;2.415071;0.28302;-0.3354;-0.0108;0.942;-0.315868;0.638665;0.119556;-0.3354;-0.0108;0.942;0.238244;0.881514;0.319634;-0.3354;-0.0108;0.942;-0.211071;2.559937;0.01829;-0.7088;0.0015;-0.7054;0.05246;1.047002;-0.249711;-0.7088;0.0015;-0.7054;-0.315868;0.638665;0.119556;-0.7088;0.0015;-0.7054;0.05246;1.047002;-0.249711;0.7819;-0.0822;-0.6179;0.367569;2.415071;-0.032957;0.7819;-0.0822;-0.6179;0.256988;0.77801;0.044865;0.7819;-0.0822;-0.6179;0.367569;2.415071;-0.032957;0.9938;-0.0628;0.0914;0.238244;0.881514;0.319634;0.9938;-0.0628;0.0914;0.256988;0.77801;0.044865;0.9938;-0.0628;0.0914;0.05246;1.047002;-0.249711;-0.8184;0.5233;-0.2376;-0.916488;-0.293238;0.135895;-0.8184;0.5233;-0.2376;-0.315868;0.638665;0.119556;-0.8184;0.5233;-0.2376;0.070668;2.559937;-0.297687;0.6724;0.0262;-0.7397;0.652619;4.522861;0.300691;0.6724;0.0262;-0.7397;0.367569;2.415071;-0.032957;0.6724;0.0262;-0.7397;-0.211071;2.559937;0.01829;-0.6581;0.0262;0.7524;0.449845;4.522861;0.528107;-0.6581;0.0262;0.7524;0.236159;4.627125;0.337575;-0.6581;0.0262;0.7524;0.367569;2.415071;-0.032957;0.731;-0.202;0.6518;0.449845;4.522861;0.528107;0.731;-0.202;0.6518;0.08583;2.415071;0.28302;0.731;-0.202;0.6518;-0.211071;2.559937;0.01829;-0.7216;0.2555;-0.6434;0.438933;4.627125;0.110158;-0.7216;0.2555;-0.6434;0.070668;2.559937;-0.297687;-0.7216;0.2555;-0.6434;0.035748;3.170953;-0.045229;0.2553;-0.1758;-0.9507;-2.079387;4.149203;-0.794195;0.2553;-0.1758;-0.9507;0.293306;3.501878;-0.037278;0.2553;-0.1758;-0.9507;0.293306;3.501878;-0.037278;0.2043;0.9618;0.1821;-2.079387;4.149203;-0.794195;0.2043;0.9618;0.1821;0.073058;3.501878;0.209736;0.2043;0.9618;0.1821;0.073058;3.501878;0.209736;-0.485;-0.4987;0.7183;-2.079387;4.149203;-0.794195;-0.485;-0.4987;0.7183;0.035748;3.170953;-0.045229;-0.485;-0.4987;0.7183;0.019191;2.144507;-0.163745;0.0046;-0.3953;-0.9185;3.581596;4.550027;-1.181124;0.0046;-0.3953;-0.9185;0.332657;1.930451;-0.070034;0.0046;-0.3953;-0.9185;0.332657;1.930451;-0.070034;0.3576;-0.0479;0.9326;3.581596;4.550027;-1.181124;0.3576;-0.0479;0.9326;0.302871;2.358562;-0.036627;0.3576;-0.0479;0.9326;0.302871;2.358562;-0.036627;-0.5746;0.8137;-0.088;3.581596;4.550027;-1.181124;-0.5746;0.8137;-0.088;0.019191;2.144507;-0.163745;-0.5746;0.8137;-0.088;-0.315868;0.638665;0.119556;-0.4566;0.3786;0.805;0.140331;-0.293238;0.816607;-0.4566;0.3786;0.805;0.238244;0.881514;0.319634;-0.4566;0.3786;0.805;0.256988;0.77801;0.044865;0.8792;0.1901;-0.4368;0.044966;-0.293238;-0.848226;0.8792;0.1901;-0.4368;0.05246;1.047002;-0.249711;0.8792;0.1901;-0.4368;0.238244;0.881514;0.319634;0.833;0.5341;-0.1444;0.925065;-0.293238;-0.063492;0.833;0.5341;-0.1444;0.256988;0.77801;0.044865;0.833;0.5341;-0.1444;0.08583;2.415071;0.28302;-0.6429;0.0752;0.7622;-0.211071;2.559937;0.01829;-0.6429;0.0752;0.7622;-0.315868;0.638665;0.119556;-0.6429;0.0752;0.7622;-0.211071;2.559937;0.01829;-0.7463;-0.0121;-0.6655;0.070668;2.559937;-0.297687;-0.7463;-0.0121;-0.6655;0.05246;1.047002;-0.249711;-0.7463;-0.0121;-0.6655;0.05246;1.047002;-0.249711;0.6565;-0.0318;-0.7537;0.070668;2.559937;-0.297687;0.6565;-0.0318;-0.7537;0.367569;2.415071;-0.032957;0.6565;-0.0318;-0.7537;0.367569;2.415071;-0.032957;0.7434;0.0897;0.6628;0.08583;2.415071;0.28302;0.7434;0.0897;0.6628;0.238244;0.881514;0.319634;0.7434;0.0897;0.6628;0.05246;1.047002;-0.249711;-0.682;0.3014;-0.6663;0.044966;-0.293238;-0.848226;-0.682;0.3014;-0.6663;-0.916488;-0.293238;0.135895;-0.682;0.3014;-0.6663;0.070668;2.559937;-0.297687;0.6724;0.0262;-0.7397;0.438933;4.627125;0.110158;0.6724;0.0262;-0.7397;0.652619;4.522861;0.300691;0.6724;0.0262;-0.7397;-0.211071;2.559937;0.01829;-0.6581;0.0262;0.7524;0.08583;2.415071;0.28302;-0.6581;0.0262;0.7524;0.449845;4.522861;0.528107;-0.6581;0.0262;0.7524;0.367569;2.415071;-0.032957;0.731;-0.202;0.6518;0.652619;4.522861;0.300691;0.731;-0.202;0.6518;0.449845;4.522861;0.528107;0.731;-0.202;0.6518;-0.211071;2.559937;0.01829;-0.7216;0.2555;-0.6434;0.236159;4.627125;0.337575;-0.7216;0.2555;-0.6434;0.438933;4.627125;0.110158;-0.7216;0.2555;-0.6434;-0.315868;0.638665;0.119556;-0.5089;0.3418;0.79;-0.916488;-0.293238;0.135895;-0.5089;0.3418;0.79;0.140331;-0.293238;0.816607;-0.5089;0.3418;0.79;0.256988;0.77801;0.044865;0.5975;0.4404;-0.6701;0.925065;-0.293238;-0.063492;0.5975;0.4404;-0.6701;0.044966;-0.293238;-0.848226;0.5975;0.4404;-0.6701;0.238244;0.881514;0.319634;0.7291;0.2142;0.65;0.140331;-0.293238;0.816607;0.7291;0.2142;0.65;0.925065;-0.293238;-0.063492;0.7291;0.2142;0.65
6
SPREADER;7;0.1;0.1;0.1;10;5;
MATERIAL;second;0;count;4;CUSTOM;0.886;0.729;0.886;1000;RED;200000;PURPLE;300000;LIGHT_BLUE;700000;
INFO;NameId;336;DescId;337;price;38060;dpPerMin;0;range;2;placeSound;thud
LIFE;averagePop;3.0;averageLife;51.0;popFactors;2;0;0.2;breedMat;25.5;breedTime;18.44729;parentId;-1;FALL_DEATH;fallTime;3;totalTime;5;fallenAngle;60;particleEffect;1;ExplodeTime;0.975;UseMaterial;1;Colour;1;Spawn;2;5;0;1;0;PPS;30;Speed;1.5;Gravity;0.3;Life;3;Scale;0.1;Colour;1;0;0;Additive;0;Alpha;1;FadeIn;0.1;FadeOut;0.8;HasDir;1;Dir;0;1;0;Varience;0.25;Offset;0;5;0;LifeError;0.4;ScaleError;0.3;SpeedError;0.4;RandRot;1;HasXRot;1;XRotSpeed;180;Stages;1;2;enviroReqCount;2;reqId;1;minAltitude;0;maxAltitude;68;influence;0.9;reqId;2;barren;0;goodBiomes;1;7;idealFactor;80;influence;0.8
GROWTH;dynamic;0;growthTime;17.0;modelStages;3;subStages;2
WOOD;cut time;4.5;bark factor;0.5;colour;0.643;0.624;0.58
