1.15
ptt
0;1
4
-0.298272;-0.053373;-0.911625;0.818968;1.613007;0.52897;1
57;2
48;-1.0;0.0;0.0;0.15
-0.265512;1.592826;0.52897;0.1869;0.5975;-0.7798;-0.001688;0.687592;-0.101392;0.1869;0.5975;-0.7798;-0.298272;1.111188;0.152084;0.1869;0.5975;-0.7798;0.540328;1.613007;-0.324452;-0.6094;0.5108;0.6064;0.021198;0.691119;-0.069622;-0.6094;0.5108;0.6064;0.376758;1.042574;-0.008336;-0.6094;0.5108;0.6064;-0.25311;1.051114;-0.416343;-0.2712;-0.7443;-0.6103;-0.25418;1.45765;-0.911625;-0.2712;-0.7443;-0.6103;0.026243;1.031771;-0.516894;-0.2712;-0.7443;-0.6103;-0.06122;0.99816;0.43382;0.9372;0.3365;-0.091;-0.001688;0.687592;-0.101392;0.9373;0.3365;-0.091;-0.265512;1.592826;0.52897;0.9373;0.3365;-0.091;0.260722;1.002698;-0.373425;-0.8708;0.4195;-0.2563;0.021198;0.691119;-0.069622;-0.8708;0.4195;-0.2563;0.540328;1.613007;-0.324452;-0.8708;0.4195;-0.2563;0.026243;1.031771;-0.516894;0.7242;0.6605;0.1982;-0.25418;1.45765;-0.911625;0.7242;0.6605;0.1982;0.034514;0.874675;-0.023498;0.7242;0.6605;0.1982;0.376758;1.042574;-0.008336;0.708;-0.6901;-0.1496;0.021198;0.691119;-0.069622;0.708;-0.6901;-0.1496;0.260722;1.002698;-0.373425;0.708;-0.6901;-0.1496;0.376758;1.042574;-0.008336;0.8896;-0.3883;-0.2403;0.260722;1.002698;-0.373425;0.8896;-0.3883;-0.2403;0.540328;1.613007;-0.324452;0.8896;-0.3883;-0.2403;0.034514;0.874675;-0.023498;-0.366;0.7189;0.5909;-0.25418;1.45765;-0.911625;-0.366;0.7189;0.5909;-0.25311;1.051114;-0.416343;-0.366;0.7189;0.5909;-0.25311;1.051114;-0.416343;-0.1717;-0.9395;-0.2962;0.026243;1.031771;-0.516894;-0.1717;-0.9395;-0.2962;0.034514;0.874675;-0.023498;-0.1717;-0.9395;-0.2962;-0.298272;1.111188;0.152084;-0.6825;-0.6625;0.3085;-0.001688;0.687592;-0.101392;-0.6825;-0.6625;0.3085;-0.06122;0.99816;0.43382;-0.6825;-0.6625;0.3085;-0.298272;1.111188;0.152084;-0.7811;-0.351;0.5164;-0.06122;0.99816;0.43382;-0.7811;-0.351;0.5164;-0.265512;1.592826;0.52897;-0.7811;-0.351;0.5164;0.818968;1.471088;0.513243;0.7728;-0.453;-0.4444;0.009997;0.658778;-0.065525;0.7728;-0.453;-0.4444;0.37987;1.19161;0.034551;0.7728;-0.453;-0.4444;0.213326;1.064994;0.426978;0.4527;-0.7705;0.4486;0.009997;0.658778;-0.065525;0.4527;-0.7705;0.4486;0.818968;1.471088;0.513243;0.4527;-0.7705;0.4486;0.37987;1.19161;0.034551;-0.7985;0.5827;-0.1509;0.009997;0.658778;-0.065525;-0.7985;0.5827;-0.1509;0.213326;1.064994;0.426978;-0.7985;0.5827;-0.1509;0.37987;1.19161;0.034551;-0.5596;0.8282;0.0297;0.213326;1.064994;0.426978;-0.5596;0.8282;0.0297;0.818968;1.471088;0.513243;-0.5596;0.8282;0.0297
9;0.663;0.576;0.404;0.1
0.017793;-0.053373;-0.042482;0.8657;-0.0248;-0.4998;0.017793;0.92087;-0.090944;0.8657;-0.0248;-0.4998;0.07451;-0.053373;0.055755;0.8657;-0.0248;-0.4998;0.07451;-0.053373;0.055755;0.0;0.1489;0.9888;0.017793;0.92087;-0.090944;0.0;0.1489;0.9888;-0.038924;-0.053373;0.055755;0.0;0.1489;0.9888;-0.038924;-0.053373;0.055755;-0.8657;-0.0248;-0.4998;0.017793;0.92087;-0.090944;-0.8657;-0.0248;-0.4998;0.017793;-0.053373;-0.042482;-0.8657;-0.0248;-0.4998
-2.616632;-0.256924;-3.524532;2.420347;4.39962;1.554206;3;0;extraBounds;2;-2.365053;2.891587;-2.805524;2.018586;4.165242;1.087065;-0.26786;-0.010635;-0.683281;0.25899;3.62784;0.239326
111;2
90;-1.0;0.0;0.0;0.07
-0.953704;3.456339;-0.628697;0.1097;-0.9837;0.1426;-1.785568;3.16416;-2.004465;0.1097;-0.9837;0.1426;-0.265427;3.423414;-1.385121;0.1097;-0.9837;0.1426;-0.265427;3.423414;-1.385121;0.0516;0.8697;-0.4907;-1.785568;3.16416;-2.004465;0.0516;0.8697;-0.4907;-0.030976;3.872727;-0.564136;0.0516;0.8697;-0.4907;-0.030976;3.872727;-0.564136;-0.414;0.9085;0.0573;-1.785568;3.16416;-2.004465;-0.414;0.9085;0.0573;-0.953704;3.456339;-0.628697;-0.414;0.9085;0.0573;-0.953704;3.456339;-0.628697;0.3613;-0.8575;0.3661;-0.265427;3.423414;-1.385121;0.3613;-0.8575;0.3661;-0.030976;3.872727;-0.564136;0.3613;-0.8575;0.3661;0.825583;3.787645;-1.854275;0.1757;0.9802;0.0915;-0.142239;3.83868;-0.54222;0.1757;0.9802;0.0915;1.416591;3.60564;-1.039062;0.1757;0.9802;0.0915;1.416591;3.60564;-1.039062;-0.0225;-0.9304;0.3657;-0.142239;3.83868;-0.54222;-0.0225;-0.9304;0.3657;1.709393;3.254876;-1.913447;-0.0225;-0.9304;0.3657;1.709393;3.254876;-1.913447;-0.5022;-0.7953;-0.3395;-0.142239;3.83868;-0.54222;-0.5022;-0.7953;-0.3395;0.825583;3.787645;-1.854275;-0.5022;-0.7953;-0.3395;0.825583;3.787645;-1.854275;0.5;0.8486;-0.173;1.416591;3.60564;-1.039062;0.5;0.8486;-0.173;1.709393;3.254876;-1.913447;0.5;0.8486;-0.173;0.58083;3.477457;0.423989;0.1426;0.956;0.2562;-0.093201;3.859099;-0.625054;0.1426;0.956;0.2562;-0.511316;3.585328;0.629448;0.1426;0.956;0.2562;-0.511316;3.585328;0.629448;-0.4303;-0.8413;-0.327;-0.093201;3.859099;-0.625054;-0.4303;-0.8413;-0.327;0.12865;2.898581;1.554206;-0.4303;-0.8413;-0.327;0.12865;2.898581;1.554206;0.1285;-0.9026;-0.4109;-0.093201;3.859099;-0.625054;0.1285;-0.9026;-0.4109;0.58083;3.477457;0.423989;0.1285;-0.9026;-0.4109;0.58083;3.477457;0.423989;0.1783;0.845;0.5041;-0.511316;3.585328;0.629448;0.1783;0.845;0.5041;0.12865;2.898581;1.554206;0.1783;0.845;0.5041;-0.00737;4.18756;-2.419599;0.5002;0.5095;-0.7002;0.620106;3.896224;-2.183342;0.5002;0.5095;-0.7002;0.015898;2.646332;-3.524532;0.5002;0.5095;-0.7002;-0.00737;4.18756;-2.419599;0.371;0.9171;0.1456;-0.001239;3.866324;-0.412247;0.371;0.9171;0.1456;0.620106;3.896224;-2.183342;0.371;0.9171;0.1456;0.620106;3.896224;-2.183342;0.0;-0.7316;0.6818;-0.645704;3.896228;-2.1833;0.0;-0.7316;0.6818;0.015898;2.646332;-3.524532;0.0;-0.7316;0.6818;0.620106;3.896224;-2.183342;0.0;-0.9998;-0.0169;-0.001239;3.866324;-0.412247;0.0;-0.9998;-0.0169;-0.645704;3.896228;-2.1833;0.0;-0.9998;-0.0169;-0.645704;3.896228;-2.1833;-0.3647;0.9192;0.1482;-0.001239;3.866324;-0.412247;-0.3647;0.9192;0.1482;-0.00737;4.18756;-2.419599;-0.3647;0.9192;0.1482;-0.645704;3.896228;-2.1833;-0.4924;0.5022;-0.7109;-0.00737;4.18756;-2.419599;-0.4924;0.5022;-0.7109;0.015898;2.646332;-3.524532;-0.4924;0.5022;-0.7109;1.136337;3.20648;0.673101;-0.6356;-0.6344;-0.4399;1.769558;3.402869;-0.525066;-0.6356;-0.6344;-0.4399;2.420347;1.997524;0.561297;-0.6356;-0.6344;-0.4399;1.136337;3.20648;0.673101;-0.2332;-0.9324;-0.2761;-0.168723;3.924998;-0.651007;-0.2332;-0.9324;-0.2761;1.769558;3.402869;-0.525066;-0.2332;-0.9324;-0.2761;1.625451;3.713527;0.150032;0.4449;0.3983;0.8021;1.136337;3.20648;0.673101;0.4449;0.3983;0.8021;2.420347;1.997524;0.561297;0.4449;0.3983;0.8021;1.625451;3.713527;0.150032;-0.174;0.7834;0.5966;-0.168723;3.924998;-0.651007;-0.174;0.7834;0.5966;1.136337;3.20648;0.673101;-0.174;0.7834;0.5966;1.769558;3.402869;-0.525066;0.2645;0.8963;-0.3559;-0.168723;3.924998;-0.651007;0.2645;0.8963;-0.3559;1.625451;3.713527;0.150032;0.2645;0.8963;-0.3559;1.769558;3.402869;-0.525066;0.9073;0.4204;2.0E-4;1.625451;3.713527;0.150032;0.9073;0.4204;2.0E-4;2.420347;1.997524;0.561297;0.9073;0.4204;2.0E-4;-1.744053;3.76354;-0.423451;0.6062;-0.7882;-0.1061;-1.218285;4.022543;0.655667;0.6062;-0.7882;-0.1061;-2.616632;2.892236;1.062952;0.6062;-0.7882;-0.1061;-1.744053;3.76354;-0.423451;0.057;-0.9767;0.2066;0.134943;3.834967;-0.604543;0.057;-0.9767;0.2066;-1.218285;4.022543;0.655667;0.057;-0.9767;0.2066;-1.529805;4.39962;0.053351;-0.856;0.462;-0.2317;-1.744053;3.76354;-0.423451;-0.856;0.462;-0.2317;-2.616632;2.892236;1.062952;-0.856;0.462;-0.2317;-1.529805;4.39962;0.053351;-0.0986;0.6179;-0.78;0.134943;3.834967;-0.604543;-0.0986;0.6179;-0.78;-1.744053;3.76354;-0.423451;-0.0986;0.6179;-0.78;-1.218285;4.022543;0.655667;0.415;0.8521;0.3188;0.134943;3.834967;-0.604543;0.415;0.8521;0.3188;-1.529805;4.39962;0.053351;0.415;0.8521;0.3188;-1.218285;4.022543;0.655667;-0.3737;0.6869;0.6233;-1.529805;4.39962;0.053351;-0.3737;0.6869;0.6233;-2.616632;2.892236;1.062952;-0.3737;0.6869;0.6233
21;0.663;0.576;0.404;0.05
-0.300676;-0.245953;0.098988;-0.4752;-0.141;-0.8685;-0.021137;3.784091;-0.708242;-0.4752;-0.141;-0.8685;0.285567;-0.227176;-0.224833;-0.4752;-0.141;-0.8685;0.128238;3.807463;-0.532192;0.1282;0.9631;-0.2367;-0.021137;3.784091;-0.708242;0.1282;0.9631;-0.2367;-0.170512;3.85031;-0.519715;0.1282;0.9631;-0.2367;-0.300676;-0.245953;0.098988;0.0623;0.1471;0.9872;0.128238;3.807463;-0.532192;0.0623;0.1471;0.9872;-0.170512;3.85031;-0.519715;0.0623;0.1471;0.9872;0.215612;-0.256924;0.317215;0.7649;-0.116;-0.6336;-0.021137;3.784091;-0.708242;0.7649;-0.116;-0.6336;0.128238;3.807463;-0.532192;0.7649;-0.116;-0.6336;-0.300676;-0.245953;0.098988;-0.7932;-0.0662;-0.6052;-0.170512;3.85031;-0.519715;-0.7932;-0.0662;-0.6052;-0.021137;3.784091;-0.708242;-0.7932;-0.0662;-0.6052;-0.300676;-0.245953;0.098988;-0.3796;0.1814;0.9072;0.215612;-0.256924;0.317215;-0.3796;0.1814;0.9072;0.128238;3.807463;-0.532192;-0.3796;0.1814;0.9072;0.215612;-0.256924;0.317215;0.987;0.0914;0.1324;0.285567;-0.227176;-0.224833;0.987;0.0914;0.1324;-0.021137;3.784091;-0.708242;0.987;0.0914;0.1324
-4.434946;-0.193101;-6.394094;4.263503;8.887767;3.35715;2;0;extraBounds;2;-4.199698;5.174121;-5.344582;3.573252;8.423737;2.372881;-0.404193;-0.046703;-0.919269;0.488899;6.563028;0.328919
150;2
108;-1.0;0.0;0.0;0.045
2.832126;6.732635;-2.966213;-0.5935;-0.5498;0.5878;1.362936;6.561344;-4.609901;-0.5935;-0.5498;0.5878;3.373607;4.102463;-4.87956;-0.5935;-0.5498;0.5878;0.03063;7.474427;-5.317158;0.5002;0.2934;-0.8147;1.126765;7.101181;-4.77861;0.5002;0.2934;-0.8147;0.071276;4.349771;-6.417635;0.5002;0.2934;-0.8147;0.03063;7.474427;-5.317158;0.3759;0.9176;-0.1292;0.021296;8.019448;-1.472498;0.3759;0.9176;-0.1292;1.126765;7.101181;-4.77861;0.3759;0.9176;-0.1292;2.832126;6.732635;-2.966213;-0.2705;-0.9023;0.3358;-0.147183;8.031029;-1.877464;-0.2705;-0.9023;0.3358;1.362936;6.561344;-4.609901;-0.2705;-0.9023;0.3358;1.126765;7.101181;-4.77861;0.0;-0.5118;0.8591;-1.084473;7.101208;-4.778541;0.0;-0.5118;0.8591;0.071276;4.349771;-6.417635;0.0;-0.5118;0.8591;1.126765;7.101181;-4.77861;-0.0;-0.9635;0.2676;0.021296;8.019448;-1.472498;-0.0;-0.9635;0.2676;-1.084473;7.101208;-4.778541;-0.0;-0.9635;0.2676;2.325858;7.261441;-4.05617;0.9001;0.3618;-0.2426;2.832126;6.732635;-2.966213;0.9001;0.3618;-0.2426;3.373607;4.102463;-4.87956;0.9001;0.3618;-0.2426;2.325858;7.261441;-4.05617;0.4539;0.8661;0.2093;-0.147183;8.031029;-1.877464;0.4539;0.8661;0.2093;2.832126;6.732635;-2.966213;0.4539;0.8661;0.2093;-1.084473;7.101208;-4.778541;-0.3711;0.9193;-0.1312;0.021296;8.019448;-1.472498;-0.3711;0.9193;-0.1312;0.03063;7.474427;-5.317158;-0.3711;0.9193;-0.1312;-1.084473;7.101208;-4.778541;-0.4924;0.2834;-0.8229;0.03063;7.474427;-5.317158;-0.4924;0.2834;-0.8229;0.071276;4.349771;-6.417635;-0.4924;0.2834;-0.8229;1.362936;6.561344;-4.609901;-0.2499;0.7884;-0.5622;-0.147183;8.031029;-1.877464;-0.2499;0.7884;-0.5622;2.325858;7.261441;-4.05617;-0.2499;0.7884;-0.5622;1.362936;6.561344;-4.609901;0.2802;0.3281;-0.9021;2.325858;7.261441;-4.05617;0.2802;0.3281;-0.9021;3.373607;4.102463;-4.87956;0.2802;0.3281;-0.9021;2.013688;7.343068;0.331083;-0.6356;-0.7321;-0.245;3.112012;7.089077;-1.759504;-0.6356;-0.7321;-0.245;4.240811;5.275536;0.731169;-0.6356;-0.7321;-0.245;2.013688;7.343068;0.331083;-0.222;-0.9751;0.0018;-0.150199;7.830934;-2.186837;-0.222;-0.9751;0.0018;3.112012;7.089077;-1.759504;-0.222;-0.9751;0.0018;2.862059;7.933812;-0.785893;0.4449;0.6067;0.6588;2.013688;7.343068;0.331083;0.4449;0.6067;0.6588;4.240811;5.275536;0.731169;0.4449;0.6067;0.6588;2.862059;7.933812;-0.785893;-0.1905;0.9202;0.342;-0.150199;7.830934;-2.186837;-0.1905;0.9202;0.342;2.013688;7.343068;0.331083;-0.1905;0.9202;0.342;3.112012;7.089077;-1.759504;0.2515;0.7621;-0.5967;-0.150199;7.830934;-2.186837;0.2515;0.7621;-0.5967;2.862059;7.933812;-0.785893;0.2515;0.7621;-0.5967;3.112012;7.089077;-1.759504;0.9074;0.4037;-0.1173;2.862059;7.933812;-0.785893;0.9074;0.4037;-0.1173;4.240811;5.275536;0.731169;0.9074;0.4037;-0.1173;-1.313105;8.314764;0.614623;-0.0545;-0.9029;-0.4264;0.866117;8.05531;0.885277;-0.0545;-0.9029;-0.4264;-0.579248;6.986424;3.333609;-0.0545;-0.9029;-0.4264;-1.313105;8.314764;0.614623;-0.1321;-0.9839;0.1201;0.141368;7.723544;-2.630471;-0.1321;-0.9839;0.1201;0.866117;8.05531;0.885277;-0.1321;-0.9839;0.1201;-0.137514;8.887767;0.731271;-0.4212;0.7649;0.4874;-1.313105;8.314764;0.614623;-0.4212;0.7649;0.4874;-0.579248;6.986424;3.333609;-0.4212;0.7649;0.4874;-0.137514;8.887767;0.731271;-0.3869;0.861;-0.3303;0.141368;7.723544;-2.630471;-0.3869;0.861;-0.3303;-1.313105;8.314764;0.614623;-0.3869;0.861;-0.3303;0.866117;8.05531;0.885277;0.6434;0.7383;-0.2023;0.141368;7.723544;-2.630471;0.6434;0.7383;-0.2023;-0.137514;8.887767;0.731271;0.6434;0.7383;-0.2023;0.866117;8.05531;0.885277;0.4703;0.6727;0.5713;-0.137514;8.887767;0.731271;0.4703;0.6727;0.5713;-0.579248;6.986424;3.333609;0.4703;0.6727;0.5713;-3.027131;7.17384;-1.814332;0.7242;-0.6874;0.0547;-2.251728;8.136574;0.0191;0.7242;-0.6874;0.0547;-4.457637;5.897445;1.087132;0.7242;-0.6874;0.0547;-3.027131;7.17384;-1.814332;0.1941;-0.8999;0.3905;0.472026;7.726314;-2.280169;0.1941;-0.8999;0.3905;-2.251728;8.136574;0.0191;0.1941;-0.8999;0.3905;-2.860892;8.504896;-1.183079;-0.9056;0.2688;-0.3282;-3.027131;7.17384;-1.814332;-0.9056;0.2688;-0.3282;-4.457637;5.897445;1.087132;-0.9056;0.2688;-0.3282;-2.860892;8.504896;-1.183079;-0.1864;0.4399;-0.8785;0.472026;7.726314;-2.280169;-0.1864;0.4399;-0.8785;-3.027131;7.17384;-1.814332;-0.1864;0.4399;-0.8785;-2.251728;8.136574;0.0191;0.2723;0.95;0.1531;0.472026;7.726314;-2.280169;0.2723;0.95;0.1531;-2.860892;8.504896;-1.183079;0.2723;0.95;0.1531;-2.251728;8.136574;0.0191;-0.5024;0.7219;0.4758;-2.860892;8.504896;-1.183079;-0.5024;0.7219;0.4758;-4.457637;5.897445;1.087132;-0.5024;0.7219;0.4758;-1.914597;6.210549;-4.219422;0.4708;-0.601;0.6459;-3.168144;6.995302;-2.575537;0.4708;-0.601;0.6459;-4.434921;4.489193;-3.984265;0.4708;-0.601;0.6459;-1.914597;6.210549;-4.219422;0.1257;-0.8546;0.5038;0.252157;7.903569;-1.888216;0.1257;-0.8546;0.5038;-3.168144;6.995302;-2.575537;0.1257;-0.8546;0.5038;-2.684514;7.180077;-3.782158;-0.2451;0.2301;-0.9418;-1.914597;6.210549;-4.219422;-0.2451;0.2301;-0.9418;-4.434921;4.489193;-3.984265;-0.2451;0.2301;-0.9418;-2.684514;7.180077;-3.782158;0.3284;0.5925;-0.7356;0.252157;7.903569;-1.888216;0.3284;0.5925;-0.7356;-1.914597;6.210549;-4.219422;0.3284;0.5925;-0.7356;-3.168144;6.995302;-2.575537;-0.2642;0.9636;0.0416;0.252157;7.903569;-1.888216;-0.2642;0.9636;0.0416;-2.684514;7.180077;-3.782158;-0.2642;0.9636;0.0416;-3.168144;6.995302;-2.575537;-0.8055;0.542;-0.2398;-2.684514;7.180077;-3.782158;-0.8055;0.542;-0.2398;-4.434921;4.489193;-3.984265;-0.8055;0.542;-0.2398
42;0.663;0.576;0.404;0.035
0.326565;4.39699;-0.893443;0.8593;-0.1098;-0.4995;0.486195;-0.193101;0.390377;0.8593;-0.1098;-0.4995;0.021147;-0.169956;-0.414777;0.8593;-0.1098;-0.4995;0.486195;-0.193101;0.390377;-0.0;0.1935;0.9811;-0.376803;4.674642;-0.56964;-0.0;0.1935;0.9811;-0.443902;-0.193101;0.390377;-0.0;0.1935;0.9811;-0.376803;4.674642;-0.56964;-0.5043;-0.3648;-0.7827;0.021147;7.673244;-2.223846;-0.5043;-0.3648;-0.7827;0.326565;4.39699;-0.893443;-0.5043;-0.3648;-0.7827;-0.443902;-0.193101;0.390377;-0.866;0.0055;-0.5;0.326565;4.39699;-0.893443;-0.866;0.0055;-0.5;0.021147;-0.169956;-0.414777;-0.866;0.0055;-0.5;0.021147;-0.169956;-0.414777;0.0;-0.9996;-0.0287;0.486195;-0.193101;0.390377;0.0;-0.9996;-0.0287;-0.443902;-0.193101;0.390377;0.0;-0.9996;-0.0287;0.261413;7.811672;-1.962479;0.174;0.7951;-0.581;0.021147;7.673244;-2.223846;0.174;0.7951;-0.581;-0.21912;7.916804;-1.962479;0.174;0.7951;-0.581;-0.376803;4.674642;-0.56964;0.0853;0.3898;0.917;0.261413;7.811672;-1.962479;0.0853;0.3898;0.917;-0.21912;7.916804;-1.962479;0.0853;0.3898;0.917;0.242634;4.544549;-0.259055;0.7762;-0.295;-0.5573;0.021147;7.673244;-2.223846;0.7762;-0.295;-0.5573;0.261413;7.811672;-1.962479;0.7762;-0.295;-0.5573;0.326565;4.39699;-0.893443;0.991;0.0668;0.1156;0.242634;4.544549;-0.259055;0.991;0.0668;0.1156;0.486195;-0.193101;0.390377;0.991;0.0668;0.1156;0.486195;-0.193101;0.390377;-0.4289;0.101;0.8977;0.242634;4.544549;-0.259055;-0.4289;0.101;0.8977;-0.376803;4.674642;-0.56964;-0.4289;0.101;0.8977;-0.376803;4.674642;-0.56964;-0.807;-0.1996;-0.5559;-0.21912;7.916804;-1.962479;-0.807;-0.1996;-0.5559;0.021147;7.673244;-2.223846;-0.807;-0.1996;-0.5559;-0.443902;-0.193101;0.390377;-0.4655;-0.1651;-0.8695;-0.376803;4.674642;-0.56964;-0.4655;-0.1651;-0.8695;0.326565;4.39699;-0.893443;-0.4655;-0.1651;-0.8695;-0.376803;4.674642;-0.56964;-0.3276;0.4383;0.837;0.242634;4.544549;-0.259055;-0.3276;0.4383;0.837;0.261413;7.811672;-1.962479;-0.3276;0.4383;0.837;0.242634;4.544549;-0.259055;0.9862;0.1324;0.0997;0.326565;4.39699;-0.893443;0.9862;0.1324;0.0997;0.021147;7.673244;-2.223846;0.9862;0.1324;0.0997
-1.299522;6.133957;-2.947631;1.072839;7.945091;1.4E-45;1;1
72;1
72;0.412;0.369;0.266;0.035
0.014538;7.07038;-2.947631;0.8409;-0.2861;-0.4594;0.447245;6.802246;-1.988731;0.8409;-0.2861;-0.4594;-0.071532;6.133957;-2.521974;0.8409;-0.2861;-0.4594;0.014538;7.07038;-2.947631;0.8857;0.3535;-0.3008;0.023026;7.762588;-2.109236;0.8857;0.3535;-0.3008;0.447245;6.802246;-1.988731;0.8857;0.3535;-0.3008;0.447245;6.802246;-1.988731;-0.0796;-0.5832;0.8084;-0.540384;6.871556;-2.035957;-0.0796;-0.5832;0.8084;-0.071532;6.133957;-2.521974;-0.0796;-0.5832;0.8084;0.447245;6.802246;-1.988731;-0.04;0.107;0.9935;0.023026;7.762588;-2.109236;-0.04;0.107;0.9935;-0.540384;6.871556;-2.035957;-0.04;0.107;0.9935;-0.540384;6.871556;-2.035957;-0.7952;0.4715;-0.3812;0.023026;7.762588;-2.109236;-0.7952;0.4715;-0.3812;0.014538;7.07038;-2.947631;-0.7952;0.4715;-0.3812;-0.540384;6.871556;-2.035957;-0.8251;-0.1692;-0.5391;0.014538;7.07038;-2.947631;-0.8251;-0.1692;-0.5391;-0.071532;6.133957;-2.521974;-0.8251;-0.1692;-0.5391;-0.267255;6.941774;-1.33023;0.6637;-0.7339;0.1449;0.468589;7.671214;-1.006083;0.6637;-0.7339;0.1449;-0.15063;7.2409;-0.349209;0.6637;-0.7339;0.1449;-0.267255;6.941774;-1.33023;0.7162;-0.5114;-0.4749;-0.032648;7.821746;-1.924146;0.7162;-0.5114;-0.4749;0.468589;7.671214;-1.006083;0.7162;-0.5114;-0.4749;0.468589;7.671214;-1.006083;0.2238;0.7051;0.6729;-0.483543;7.945091;-0.976402;0.2238;0.7051;0.6729;-0.15063;7.2409;-0.349209;0.2238;0.7051;0.6729;0.468589;7.671214;-1.006083;0.2766;0.961;0.0065;-0.032648;7.821746;-1.924146;0.2766;0.961;0.0065;-0.483543;7.945091;-0.976402;0.2766;0.961;0.0065;-0.483543;7.945091;-0.976402;-0.9044;-0.0453;-0.4244;-0.032648;7.821746;-1.924146;-0.9044;-0.0453;-0.4244;-0.267255;6.941774;-1.33023;-0.9044;-0.0453;-0.4244;-0.483543;7.945091;-0.976402;-0.9424;-0.2719;0.1949;-0.267255;6.941774;-1.33023;-0.9424;-0.2719;0.1949;-0.15063;7.2409;-0.349209;-0.9424;-0.2719;0.1949;-0.429635;6.978055;-1.919151;0.296;-0.5967;0.7458;-0.83095;7.4849;-1.354321;0.296;-0.5967;0.7458;-1.299522;6.783473;-1.729546;0.296;-0.5967;0.7458;-0.429635;6.978055;-1.919151;0.687;-0.2257;0.6907;-0.124729;7.772885;-1.96267;0.687;-0.2257;0.6907;-0.83095;7.4849;-1.354321;0.687;-0.2257;0.6907;-0.83095;7.4849;-1.354321;-0.8594;0.4799;0.1761;-1.012392;7.489018;-2.251194;-0.8594;0.4799;0.1761;-1.299522;6.783473;-1.729546;-0.8594;0.4799;0.1761;-0.83095;7.4849;-1.354321;-0.3244;0.9433;0.07;-0.124729;7.772885;-1.96267;-0.3244;0.9433;0.07;-1.012392;7.489018;-2.251194;-0.3244;0.9433;0.07;-1.012392;7.489018;-2.251194;0.3573;-0.1872;-0.9151;-0.124729;7.772885;-1.96267;0.3573;-0.1872;-0.9151;-0.429635;6.978055;-1.919151;0.3573;-0.1872;-0.9151;-1.012392;7.489018;-2.251194;-0.047;-0.5814;-0.8122;-0.429635;6.978055;-1.919151;-0.047;-0.5814;-0.8122;-1.299522;6.783473;-1.729546;-0.047;-0.5814;-0.8122;0.294177;7.209868;-1.259942;-0.535;-0.7439;0.4004;0.440895;6.679428;-2.049296;-0.535;-0.7439;0.4004;1.072839;6.631251;-1.294413;-0.535;-0.7439;0.4004;0.294177;7.209868;-1.259942;-0.9702;-0.2415;-0.0181;0.209215;7.606675;-1.999779;-0.9702;-0.2415;-0.0181;0.440895;6.679428;-2.049296;-0.9702;-0.2415;-0.0181;0.440895;6.679428;-2.049296;0.7151;-0.3241;-0.6193;1.027159;7.480639;-1.791618;0.7151;-0.3241;-0.6193;1.072839;6.631251;-1.294413;0.7151;-0.3241;-0.6193;0.440895;6.679428;-2.049296;0.2618;0.1166;-0.9581;0.209215;7.606675;-1.999779;0.2618;0.1166;-0.9581;1.027159;7.480639;-1.791618;0.2618;0.1166;-0.9581;1.027159;7.480639;-1.791618;0.016;0.8819;0.4712;0.209215;7.606675;-1.999779;0.016;0.8819;0.4712;0.294177;7.209868;-1.259942;0.016;0.8819;0.4712;1.027159;7.480639;-1.791618;0.3917;0.4804;0.7847;0.294177;7.209868;-1.259942;0.3917;0.4804;0.7847;1.072839;6.631251;-1.294413;0.3917;0.4804;0.7847
7
MATERIAL;second;0;count;6;CUSTOM;0.647;0.721;0.443;1000;GREEN;200000;MUD_GREEN;250000;LIGHT_GREEN;200000;DARK_GREEN;300000;GOLD;1500000
INFO;NameId;366;DescId;367;price;26000;dpPerMin;0;range;2;placeSound;thud
LIFE;averagePop;3.5;averageLife;55.0;popFactors;2;0;0.3;breedMat;27.5;breedTime;19.89295;parentId;-1;FALL_DEATH;fallTime;3;totalTime;5;fallenAngle;60;particleEffect;1;ExplodeTime;0.975;UseMaterial;0;Colour;1;Spawn;2;5;0;1;0;PPS;30;Speed;1.5;Gravity;0.3;Life;3;Scale;0.1;Colour;0.647;0.721;0.443;Additive;0;Alpha;1;FadeIn;0.1;FadeOut;0.8;HasDir;1;Dir;0;1;0;Varience;0.25;Offset;0;5;0;LifeError;0.4;ScaleError;0.3;SpeedError;0.4;RandRot;1;HasXRot;1;XRotSpeed;180;Stages;1;2;enviroReqCount;3;reqId;1;minAltitude;0;maxAltitude;20;influence;0.3;reqId;2;barren;0;goodBiomes;1;9;idealFactor;90;influence;0.8;reqId;5;likedSpecies;1;erl;influence;0.45
GROWTH;dynamic;0;growthTime;18.333334;modelStages;3;subStages;2
FRUITER;modelStage;3;stageCount;1;time;29
FRUIT_FALL;fruitID;40;spawnTime;0.4;spawnHeight;8.05;spawnRadius;1
WOOD;cut time;5.8;bark factor;0.7;colour;0.663;0.576;0.404
