1.0
ptf
0;1
3
-0.452057;-0.210397;-0.38603;0.425349;3.382045;0.526866;1
33;2
24;-1;0;0;0.15
-0.06405;0.991445;-0.38603;-0.8249;0.1263;-0.5509;-0.452057;1.087395;0.216932;-0.8249;0.1263;-0.5509;-0.003297;3.382045;0.070848;-0.8249;0.1263;-0.5509;-0.003297;0.602266;0.070848;0.5886;-0.5751;-0.5681;-0.06405;0.991445;-0.38603;0.5886;-0.5751;-0.5681;0.425349;1.185274;-0.075209;0.5886;-0.5751;-0.5681;-0.452057;1.087395;0.216932;-0.4665;0.1468;0.8722;0.094269;0.982245;0.526866;-0.4665;0.1468;0.8722;-0.003297;3.382045;0.070848;-0.4665;0.1468;0.8722;-0.003297;0.602266;0.070848;0.8072;-0.5268;0.2662;0.425349;1.185274;-0.075209;0.8072;-0.5268;0.2662;0.094269;0.982245;0.526866;0.8072;-0.5268;0.2662;0.094269;0.982245;0.526866;0.8492;0.1317;0.5114;0.425349;1.185274;-0.075209;0.8492;0.1317;0.5114;-0.003297;3.382045;0.070848;0.8492;0.1317;0.5114;0.425349;1.185274;-0.075209;0.4863;0.1521;-0.8605;-0.06405;0.991445;-0.38603;0.4863;0.1521;-0.8605;-0.003297;3.382045;0.070848;0.4863;0.1521;-0.8605;-0.003297;0.602266;0.070848;-0.4728;-0.6245;0.6216;0.094269;0.982245;0.526866;-0.4728;-0.6245;0.6216;-0.452057;1.087395;0.216932;-0.4728;-0.6245;0.6216;-0.003297;0.602266;0.070848;-0.7329;-0.5629;-0.382;-0.452057;1.087395;0.216932;-0.7329;-0.5629;-0.382;-0.06405;0.991445;-0.38603;-0.7329;-0.5629;-0.382
9;0.69;0.557;0.46;0.1
-0.011937;-0.210397;0.008561;0.8659;0.0172;-0.4999;-0.011937;1.822847;0.078744;0.8659;0.0172;-0.4999;0.064548;-0.210397;0.141036;0.8659;0.0172;-0.4999;0.064548;-0.210397;0.141036;0.0;0.0306;0.9995;-0.011937;1.822847;0.078744;0.0;0.0306;0.9995;-0.088421;-0.210397;0.141036;0.0;0.0306;0.9995;-0.088421;-0.210397;0.141036;-0.8659;0.0172;-0.4999;-0.011937;1.822847;0.078744;-0.8659;0.0172;-0.4999;-0.011937;-0.210397;0.008561;-0.8659;0.0172;-0.4999
-0.951917;-0.101132;-0.825822;0.973684;7.173523;1.024856;3
66;2
48;-1;0;0;0.1
0.009615;0.958149;0.099517;0.6036;-0.6879;-0.403;0.318153;1.746886;-0.78468;0.6036;-0.6879;-0.403;0.973684;1.804052;0.099517;0.6036;-0.6879;-0.403;0.009615;0.958149;0.099517;0.6293;-0.7172;0.2992;0.973684;1.804052;0.099517;0.6293;-0.7172;0.2992;0.163568;1.399858;0.834513;0.6293;-0.7172;0.2992;0.318153;1.746886;-0.78468;0.8033;-0.076;-0.5907;0.80212;3.643846;-0.370523;0.8033;-0.076;-0.5907;0.973684;1.804052;0.099517;0.8033;-0.076;-0.5907;0.009615;0.958149;0.099517;-0.4897;-0.6982;0.5222;0.163568;1.399858;0.834513;-0.4897;-0.6982;0.5222;-0.951917;1.632553;0.099517;-0.4897;-0.6982;0.5222;0.009615;0.958149;0.099517;-0.4203;-0.5993;-0.6813;-0.951917;1.632553;0.099517;-0.4203;-0.5993;-0.6813;0.318153;1.746886;-0.78468;-0.4203;-0.5993;-0.6813;-0.438567;2.916207;-0.825822;-0.9329;0.1638;-0.3208;-0.866103;3.214405;0.569558;-0.9329;0.1638;-0.3208;0.032321;7.173523;-0.021535;-0.9329;0.1638;-0.3208;-0.951917;1.632553;0.099517;-0.5114;-0.3584;-0.781;-0.438567;2.916207;-0.825822;-0.5114;-0.3584;-0.781;0.318153;1.746886;-0.78468;-0.5114;-0.3584;-0.781;0.973684;1.804052;0.099517;0.7034;-0.1444;0.6959;0.288835;2.92734;1.024856;0.7034;-0.1444;0.6959;0.163568;1.399858;0.834513;0.7034;-0.1444;0.6959;-0.951917;1.632553;0.099517;-0.407;-0.2398;0.8813;0.288835;2.92734;1.024856;-0.407;-0.2398;0.8813;-0.866103;3.214405;0.569558;-0.407;-0.2398;0.8813;0.318153;1.746886;-0.78468;0.2678;0.1398;-0.9532;-0.438567;2.916207;-0.825822;0.2678;0.1398;-0.9532;0.80212;3.643846;-0.370523;0.2678;0.1398;-0.9532;0.288835;2.92734;1.024856;0.8986;0.1554;0.4103;0.80212;3.643846;-0.370523;0.8986;0.1554;0.4103;0.032321;7.173523;-0.021535;0.8986;0.1554;0.4103;-0.866103;3.214405;0.569558;-0.3131;0.2094;0.9263;0.288835;2.92734;1.024856;-0.3131;0.2094;0.9263;0.032321;7.173523;-0.021535;-0.3131;0.2094;0.9263;0.80212;3.643846;-0.370523;0.2611;0.1512;-0.9534;-0.438567;2.916207;-0.825822;0.2611;0.1512;-0.9534;0.032321;7.173523;-0.021535;0.2611;0.1512;-0.9534;-0.951917;1.632553;0.099517;-0.9368;0.1453;-0.3181;-0.866103;3.214405;0.569558;-0.9368;0.1453;-0.3181;-0.438567;2.916207;-0.825822;-0.9368;0.1453;-0.3181;0.973684;1.804052;0.099517;0.8855;0.1908;0.4237;0.80212;3.643846;-0.370523;0.8855;0.1908;0.4237;0.288835;2.92734;1.024856;0.8855;0.1908;0.4237;-0.951917;1.632553;0.099517;-0.5576;-0.0574;0.8281;0.163568;1.399858;0.834513;-0.5576;-0.0574;0.8281;0.288835;2.92734;1.024856;-0.5576;-0.0574;0.8281
18;0.69;0.557;0.46;0.1
-0.006338;-0.101132;-0.084518;0.7068;0.0293;-0.7068;0.081409;2.222013;0.099517;0.7068;0.0293;-0.7068;0.177697;-0.101132;0.099517;0.7068;0.0293;-0.7068;0.177697;-0.101132;0.099517;0.7068;0.0293;0.7068;0.081409;2.222013;0.099517;0.7068;0.0293;0.7068;-0.006338;-0.101132;0.283552;0.7068;0.0293;0.7068;-0.006338;-0.101132;0.283552;-0.7047;0.0824;0.7047;0.081409;2.222013;0.099517;-0.7047;0.0824;0.7047;-0.190374;-0.101132;0.099517;-0.7047;0.0824;0.7047;-0.190374;-0.101132;0.099517;-0.7047;0.0824;-0.7047;0.081409;2.222013;0.099517;-0.7047;0.0824;-0.7047;-0.006338;-0.101132;-0.084518;-0.7047;0.0824;-0.7047;-0.006338;-0.101132;-0.084518;0.0;-1.0;0.0;-0.006338;-0.101132;0.283552;0.0;-1.0;0.0;-0.190374;-0.101132;0.099517;0.0;-1.0;0.0;-0.006338;-0.101132;-0.084518;0.0;-1.0;0.0;0.177697;-0.101132;0.099517;0.0;-1.0;0.0;-0.006338;-0.101132;0.283552;0.0;-1.0;0.0
-1.618598;-0.2795;-1.709296;1.68571;11.393009;1.318431;2
144;2
18;0.69;0.557;0.46;0.1
-0.022937;-0.2795;-0.271013;0.7064;0.0439;-0.7064;0.080152;3.041384;0.038253;0.7064;0.0439;-0.7064;0.286329;-0.2795;0.038253;0.7064;0.0439;-0.7064;0.286329;-0.2795;0.038253;0.7064;0.0439;0.7064;0.080152;3.041384;0.038253;0.7064;0.0439;0.7064;-0.022937;-0.2795;0.347519;0.7064;0.0439;0.7064;-0.022937;-0.2795;0.347519;-0.7044;0.0874;0.7044;0.080152;3.041384;0.038253;-0.7044;0.0874;0.7044;-0.332203;-0.2795;0.038253;-0.7044;0.0874;0.7044;0.080152;3.041384;0.038253;-0.7044;0.0874;-0.7044;-0.022937;-0.2795;-0.271013;-0.7044;0.0874;-0.7044;-0.332203;-0.2795;0.038253;-0.7044;0.0874;-0.7044;0.286329;-0.2795;0.038253;0.0;-1.0;0.0;-0.332203;-0.2795;0.038253;0.0;-1.0;0.0;-0.022937;-0.2795;-0.271013;0.0;-1.0;0.0;0.286329;-0.2795;0.038253;0.0;-1.0;0.0;-0.022937;-0.2795;0.347519;0.0;-1.0;0.0;-0.332203;-0.2795;0.038253;0.0;-1.0;0.0
126;-1;0;0;0.1
-1.618598;3.78194;-0.383518;-0.5972;0.0358;-0.8013;-0.730446;6.564737;-0.921001;-0.5972;0.0358;-0.8013;0.161856;3.80949;-1.709296;-0.5972;0.0358;-0.8013;1.001524;2.161033;0.788315;0.1543;-0.1027;0.9827;-1.29246;3.785989;1.318431;0.1543;-0.1027;0.9827;-0.720433;1.963529;1.03808;0.1543;-0.1027;0.9827;0.24796;1.48366;0.037998;0.6506;-0.7587;0.0315;1.185793;2.262388;-0.574126;0.6506;-0.7587;0.0315;1.001524;2.161033;0.788315;0.6506;-0.7587;0.0315;0.941745;3.671742;0.993189;0.1437;-0.0072;0.9896;0.127513;7.496195;1.139273;0.1437;-0.0072;0.9896;-1.29246;3.785989;1.318431;0.1437;-0.0072;0.9896;-0.128581;2.240364;-1.314621;0.4881;0.0826;-0.8688;1.68571;3.925552;-0.135124;0.4881;0.0826;-0.8688;1.185793;2.262388;-0.574126;0.4881;0.0826;-0.8688;0.24796;1.48366;0.037998;0.174;-0.8115;0.5578;1.001524;2.161033;0.788315;0.174;-0.8115;0.5578;-0.720433;1.963529;1.03808;0.174;-0.8115;0.5578;0.161856;3.80949;-1.709296;0.7157;0.0512;-0.6966;0.62453;6.708655;-1.020656;0.7157;0.0512;-0.6966;1.68571;3.925552;-0.135124;0.7157;0.0512;-0.6966;-1.525407;2.50774;-0.201844;-0.6302;-0.0776;-0.7725;0.161856;3.80949;-1.709296;-0.6302;-0.0776;-0.7725;-0.128581;2.240364;-1.314621;-0.6302;-0.0776;-0.7725;-0.720433;1.963529;1.03808;-0.1293;-0.937;0.3244;-1.124825;1.716907;0.164592;-0.1293;-0.937;0.3244;0.24796;1.48366;0.037998;-0.1293;-0.937;0.3244;1.001524;2.161033;0.788315;0.8383;-0.0405;0.5436;1.68571;3.925552;-0.135124;0.8383;-0.0405;0.5436;0.941745;3.671742;0.993189;0.8383;-0.0405;0.5436;-0.720433;1.963529;1.03808;-0.8351;0.0173;0.5498;-1.618598;3.78194;-0.383518;-0.8351;0.0173;0.5498;-1.525407;2.50774;-0.201844;-0.8351;0.0173;0.5498;-1.124825;1.716907;0.164592;-0.1897;-0.8784;-0.4386;-0.128581;2.240364;-1.314621;-0.1897;-0.8784;-0.4386;0.24796;1.48366;0.037998;-0.1897;-0.8784;-0.4386;1.68571;3.925552;-0.135124;0.8209;0.096;0.5629;1.102306;6.727734;0.237512;0.8209;0.096;0.5629;0.941745;3.671742;0.993189;0.8209;0.096;0.5629;0.62453;6.708655;-1.020656;0.9259;0.1325;-0.3536;0.525691;10.037261;-0.031647;0.9259;0.1325;-0.3536;1.102306;6.727734;0.237512;0.9259;0.1325;-0.3536;0.24796;1.48366;0.037998;0.311;-0.7899;-0.5285;-0.128581;2.240364;-1.314621;0.311;-0.7899;-0.5285;1.185793;2.262388;-0.574126;0.311;-0.7899;-0.5285;-1.29246;3.785989;1.318431;-0.9753;0.1183;0.1866;-1.169648;6.564737;0.197991;-0.9753;0.1183;0.1866;-1.618598;3.78194;-0.383518;-0.9753;0.1183;0.1866;0.331707;9.725023;0.452511;0.8273;0.259;0.4985;0.525691;10.037261;-0.031647;0.8273;0.259;0.4985;0.016617;11.393009;0.108717;0.8273;0.259;0.4985;0.127513;7.496195;1.139273;-0.6323;0.1049;0.7675;-0.359963;9.242472;0.499007;-0.6323;0.1049;0.7675;-1.169648;6.564737;0.197991;-0.6323;0.1049;0.7675;-1.169648;6.564737;0.197991;-0.9234;0.1261;-0.3624;-0.593454;9.554711;-0.229567;-0.9234;0.1261;-0.3624;-0.730446;6.564737;-0.921001;-0.9234;0.1261;-0.3624;-0.730446;6.564737;-0.921001;-0.0901;0.169;-0.9815;0.14552;9.465839;-0.501823;-0.0901;0.169;-0.9815;0.62453;6.708655;-1.020656;-0.0901;0.169;-0.9815;1.102306;6.727734;0.237512;0.7295;0.1395;0.6696;0.331707;9.725023;0.452511;0.7295;0.1395;0.6696;0.127513;7.496195;1.139273;0.7295;0.1395;0.6696;0.14552;9.465839;-0.501823;-0.3043;0.2691;-0.9138;-0.593454;9.554711;-0.229567;-0.3043;0.2691;-0.9138;0.016617;11.393009;0.108717;-0.3043;0.2691;-0.9138;-0.359963;9.242472;0.499007;-0.0663;0.1894;0.9796;0.331707;9.725023;0.452511;-0.0663;0.1894;0.9796;0.016617;11.393009;0.108717;-0.0663;0.1894;0.9796;0.525691;10.037261;-0.031647;0.5448;0.2861;-0.7882;0.14552;9.465839;-0.501823;0.5448;0.2861;-0.7882;0.016617;11.393009;0.108717;0.5448;0.2861;-0.7882;-0.593454;9.554711;-0.229567;-0.8952;0.2264;0.3839;-0.359963;9.242472;0.499007;-0.8952;0.2264;0.3839;0.016617;11.393009;0.108717;-0.8952;0.2264;0.3839;-1.618598;3.78194;-0.383518;-0.9078;0.2209;-0.3563;-1.169648;6.564737;0.197991;-0.9078;0.2209;-0.3563;-0.730446;6.564737;-0.921001;-0.9078;0.2209;-0.3563;1.001524;2.161033;0.788315;0.1364;-0.1278;0.9824;0.941745;3.671742;0.993189;0.1364;-0.1278;0.9824;-1.29246;3.785989;1.318431;0.1364;-0.1278;0.9824;0.941745;3.671742;0.993189;0.7262;0.1288;0.6753;1.102306;6.727734;0.237512;0.7262;0.1288;0.6753;0.127513;7.496195;1.139273;0.7262;0.1288;0.6753;-0.128581;2.240364;-1.314621;0.6976;-0.2935;-0.6536;0.161856;3.80949;-1.709296;0.6976;-0.2935;-0.6536;1.68571;3.925552;-0.135124;0.6976;-0.2935;-0.6536;0.161856;3.80949;-1.709296;-0.0969;0.2446;-0.9648;-0.730446;6.564737;-0.921001;-0.0969;0.2446;-0.9648;0.62453;6.708655;-1.020656;-0.0969;0.2446;-0.9648;-1.525407;2.50774;-0.201844;-0.5883;-0.1561;-0.7934;-1.618598;3.78194;-0.383518;-0.5883;-0.1561;-0.7934;0.161856;3.80949;-1.709296;-0.5883;-0.1561;-0.7934;-0.720433;1.963529;1.03808;-0.8594;-0.2219;0.4605;-1.525407;2.50774;-0.201844;-0.8594;-0.2219;0.4605;-1.124825;1.716907;0.164592;-0.8594;-0.2219;0.4605;1.001524;2.161033;0.788315;0.9445;-0.3115;0.1046;1.185793;2.262388;-0.574126;0.9445;-0.3115;0.1046;1.68571;3.925552;-0.135124;0.9445;-0.3115;0.1046;-0.720433;1.963529;1.03808;-0.9305;-0.3196;0.1791;-1.29246;3.785989;1.318431;-0.9305;-0.3196;0.1791;-1.618598;3.78194;-0.383518;-0.9305;-0.3196;0.1791;-1.124825;1.716907;0.164592;-0.5774;-0.5654;-0.589;-1.525407;2.50774;-0.201844;-0.5774;-0.5654;-0.589;-0.128581;2.240364;-1.314621;-0.5774;-0.5654;-0.589;1.68571;3.925552;-0.135124;0.9074;0.2352;-0.3482;0.62453;6.708655;-1.020656;0.9074;0.2352;-0.3482;1.102306;6.727734;0.237512;0.9074;0.2352;-0.3482;0.62453;6.708655;-1.020656;0.5846;0.247;-0.7728;0.14552;9.465839;-0.501823;0.5846;0.247;-0.7728;0.525691;10.037261;-0.031647;0.5846;0.247;-0.7728;-1.29246;3.785989;1.318431;-0.6911;0.2963;0.6592;0.127513;7.496195;1.139273;-0.6911;0.2963;0.6592;-1.169648;6.564737;0.197991;-0.6911;0.2963;0.6592;0.127513;7.496195;1.139273;-0.1485;0.3036;0.9411;0.331707;9.725023;0.452511;-0.1485;0.3036;0.9411;-0.359963;9.242472;0.499007;-0.1485;0.3036;0.9411;-1.169648;6.564737;0.197991;-0.8948;0.2274;0.3842;-0.359963;9.242472;0.499007;-0.8948;0.2274;0.3842;-0.593454;9.554711;-0.229567;-0.8948;0.2274;0.3842;-0.730446;6.564737;-0.921001;-0.3124;0.2276;-0.9223;-0.593454;9.554711;-0.229567;-0.3124;0.2276;-0.9223;0.14552;9.465839;-0.501823;-0.3124;0.2276;-0.9223;1.102306;6.727734;0.237512;0.8636;0.1885;0.4676;0.525691;10.037261;-0.031647;0.8636;0.1885;0.4676;0.331707;9.725023;0.452511;0.8636;0.1885;0.4676
6
SPREADER;1;0;0;0;7;6
MATERIAL;second;0;count;4;CUSTOM;0.522;0.71;0.472;2000;DARK_GREEN;50000;LIGHT_GREEN;80000;ORANGE;100000
INFO;NameId;247;DescId;248;price;2200;dpPerMin;0;range;3;placeSound;thud
LIFE;averagePop;7.5;averageLife;49.0;popFactors;2;0;0.15;breedMat;24.5;breedTime;17.723837;parentId;-1;FALL_DEATH;fallTime;3;totalTime;5;fallenAngle;60;particleEffect;1;ExplodeTime;0.975;UseMaterial;0;Colour;1;Spawn;2;5;0;1;0;PPS;30;Speed;1.5;Gravity;0.3;Life;3;Scale;0.1;Colour;0.522;0.71;0.472;Additive;0;Alpha;1;FadeIn;0.1;FadeOut;0.8;HasDir;1;Dir;0;1;0;Varience;0.25;Offset;0;5;0;LifeError;0.4;ScaleError;0.3;SpeedError;0.4;RandRot;1;HasXRot;1;XRotSpeed;180;Stages;1;2;enviroReqCount;3;reqId;1;minAltitude;0;maxAltitude;75;influence;1;reqId;3;badBiomes;5;3;4;5;6;7;influence;0.9;reqId;2;growsBarren;0;biomes;1;1;idealFactor;50;influence;0.7
GROWTH;dynamic;0;growthTime;16.333334;modelStages;3;subStages;2
WOOD;cut time;3.5;bark factor;0.7;colour;0.69;0.557;0.46
