0.55
ahm
0;1
2
-0.401752;-0.015726;-1.350869;0.411629;1.812108;1.564955;1
231;5
51;0.318539;0.211115;0.183645
-5.35E-4;1.120705;1.072713;0.9212;-0.3862;0.0465;0.100461;1.394932;1.349535;0.9212;-0.3862;0.0465;-5.35E-4;1.170533;1.486467;0.9212;-0.3862;0.0465;-5.35E-4;1.120705;1.072713;-0.7271;-0.6016;0.3307;-0.101532;1.394931;1.349535;-0.7271;-0.6016;0.3307;-0.251101;1.411441;1.050753;-0.7271;-0.6016;0.3307;-5.35E-4;1.170533;1.486467;-0.9326;-0.2832;0.2237;-5.35E-4;1.23252;1.564955;-0.9326;-0.2832;0.2237;-0.101532;1.394931;1.349535;-0.9326;-0.2832;0.2237;-0.143455;0.871668;-0.869316;-0.8045;0.3881;0.4496;-5.35E-4;1.102502;-0.812836;-0.8045;0.3881;0.4496;-0.125189;1.087706;-1.023119;-0.8045;0.3881;0.4496;0.124118;1.087706;-1.023119;0.788;0.434;0.4366;-5.35E-4;1.643735;-1.350869;0.788;0.434;0.4366;-5.35E-4;1.102502;-0.812836;0.788;0.434;0.4366;0.124118;1.087706;-1.023119;0.0;-0.5799;-0.8146;-0.143455;0.871668;-0.869316;0.0;-0.5799;-0.8146;-0.125189;1.087706;-1.023119;0.0;-0.5799;-0.8146;-5.35E-4;1.23252;1.564955;0.0;0.7985;0.602;0.100461;1.394932;1.349535;0.0;0.7985;0.602;-0.101532;1.394931;1.349535;0.0;0.7985;0.602;-0.143455;0.871668;-0.869316;0.0;0.8316;-0.5553;-7.8E-5;1.166962;-0.427064;0.0;0.8316;-0.5553;0.142384;0.871668;-0.869316;0.0;0.8316;-0.5553;-5.35E-4;1.120705;1.072713;0.7271;-0.6016;0.3307;0.250031;1.411441;1.050753;0.7271;-0.6016;0.3307;0.100461;1.394932;1.349535;0.7271;-0.6016;0.3307;-5.35E-4;1.120705;1.072713;-0.9212;-0.3862;0.0465;-5.35E-4;1.170533;1.486467;-0.9212;-0.3862;0.0465;-0.101532;1.394931;1.349535;-0.9212;-0.3862;0.0465;-5.35E-4;1.170533;1.486467;0.9326;-0.2832;0.2237;0.100461;1.394932;1.349535;0.9326;-0.2832;0.2237;-5.35E-4;1.23252;1.564955;0.9326;-0.2832;0.2237;0.142384;0.871668;-0.869316;0.8045;0.3881;0.4496;0.124118;1.087706;-1.023119;0.8045;0.3881;0.4496;-5.35E-4;1.102502;-0.812836;0.8045;0.3881;0.4496;-0.125189;1.087706;-1.023119;-0.788;0.434;0.4366;-5.35E-4;1.102502;-0.812836;-0.788;0.434;0.4366;-5.35E-4;1.643735;-1.350869;-0.788;0.434;0.4366;0.124118;1.087706;-1.023119;0.0;-0.5799;-0.8146;0.142384;0.871668;-0.869316;0.0;-0.5799;-0.8146;-0.143455;0.871668;-0.869316;0.0;-0.5799;-0.8146;-5.35E-4;1.643735;-1.350869;0.0;-0.5078;-0.8615;0.124118;1.087706;-1.023119;0.0;-0.5078;-0.8615;-0.125189;1.087706;-1.023119;0.0;-0.5078;-0.8615;-0.276239;-0.01425;0.702306;0.0;-0.9997;0.0223;-0.211945;-0.015726;0.636117;0.0;-0.9997;0.0223;-0.211701;-0.012783;0.768073;0.0;-0.9997;0.0223;-0.401752;0.02324;-0.630738;-0.1228;-0.9817;-0.1454;-0.332731;0.023679;-0.691998;-0.1228;-0.9817;-0.1454;-0.34332;0.005699;-0.561668;-0.1228;-0.9817;-0.1454
6;0.638271;0.237925;0.385683
-0.016294;1.525148;1.190907;-0.4444;-0.0484;0.8945;-0.225434;1.812108;1.102525;-0.4444;-0.0484;0.8945;-0.144236;1.452025;1.123386;-0.4444;-0.0484;0.8945;0.150059;1.45847;1.116175;0.481;-0.0663;0.8742;0.209866;1.802188;1.109361;0.481;-0.0663;0.8742;0.022734;1.524967;1.191287;0.481;-0.0663;0.8742
6;0.412881;0.654656;0.772276
-0.251101;1.411441;1.050753;-0.6151;0.7378;0.2779;-5.35E-4;1.525184;1.303379;-0.6151;0.7378;0.2779;-5.35E-4;1.644754;0.985965;-0.6151;0.7378;0.2779;0.250031;1.411441;1.050753;0.6151;0.7378;0.2779;-5.35E-4;1.644754;0.985965;0.6151;0.7378;0.2779;-5.35E-4;1.525184;1.303379;0.6151;0.7378;0.2779
111;0.742517;0.701989;0.71147
-0.283238;1.125188;0.853132;-0.6724;0.717;-0.1839;-5.35E-4;1.17277;0.004969;-0.6724;0.717;-0.1839;-0.212786;0.876451;-0.374251;-0.6724;0.717;-0.1839;0.212629;0.876451;-0.374251;0.8074;0.5899;-0.007;-7.8E-5;1.166962;-0.427064;0.8074;0.5899;-0.007;-5.35E-4;1.17277;0.004969;0.8074;0.5899;-0.007;-5.35E-4;1.644754;0.985965;-0.6173;0.4927;-0.6133;-0.283238;1.125188;0.853132;-0.6173;0.4927;-0.6133;-0.251101;1.411441;1.050753;-0.6173;0.4927;-0.6133;-5.35E-4;1.17277;0.004969;0.6712;0.7181;-0.1838;0.282701;1.125187;0.853132;0.6712;0.7181;-0.1838;0.212629;0.876451;-0.374251;0.6712;0.7181;-0.1838;-0.212786;0.876451;-0.374251;-0.8113;0.5723;-0.1191;-7.8E-5;1.166962;-0.427064;-0.8113;0.5723;-0.1191;-0.143455;0.871668;-0.869316;-0.8113;0.5723;-0.1191;0.250031;1.411441;1.050753;0.6664;0.6476;0.3694;-5.35E-4;1.525184;1.303379;0.6664;0.6476;0.3694;0.100461;1.394932;1.349535;0.6664;0.6476;0.3694;0.282701;1.125187;0.853132;0.6177;0.4933;-0.6124;-5.35E-4;1.644754;0.985965;0.6177;0.4933;-0.6124;0.250031;1.411441;1.050753;0.6177;0.4933;-0.6124;0.142384;0.871668;-0.869316;0.8365;0.5402;-0.0913;-5.35E-4;1.102502;-0.812836;0.8365;0.5402;-0.0913;-7.8E-5;1.166962;-0.427064;0.8365;0.5402;-0.0913;-0.283238;1.125188;0.853132;-0.707;0.679;-0.1975;-5.35E-4;1.363849;0.661729;-0.707;0.679;-0.1975;-5.35E-4;1.17277;0.004969;-0.707;0.679;-0.1975;0.212629;0.876451;-0.374251;0.8113;0.5721;-0.1206;0.142384;0.871668;-0.869316;0.8113;0.5721;-0.1206;-7.8E-5;1.166962;-0.427064;0.8113;0.5721;-0.1206;-5.35E-4;1.363849;0.661729;0.7063;0.6797;-0.1977;0.282701;1.125187;0.853132;0.7063;0.6797;-0.1977;-5.35E-4;1.17277;0.004969;0.7063;0.6797;-0.1977;-0.212786;0.876451;-0.374251;-0.8076;0.5897;-0.0088;-5.35E-4;1.17277;0.004969;-0.8076;0.5897;-0.0088;-7.8E-5;1.166962;-0.427064;-0.8076;0.5897;-0.0088;0.100461;1.394932;1.349535;0.0;0.334;0.9426;-5.35E-4;1.525184;1.303379;0.0;0.334;0.9426;-0.101532;1.394931;1.349535;0.0;0.334;0.9426;-0.251101;1.411441;1.050753;-0.6664;0.6476;0.3694;-0.101532;1.394931;1.349535;-0.6664;0.6476;0.3694;-5.35E-4;1.525184;1.303379;-0.6664;0.6476;0.3694;-0.143455;0.871668;-0.869316;-0.8369;0.54;-0.0892;-7.8E-5;1.166962;-0.427064;-0.8369;0.54;-0.0892;-5.35E-4;1.102502;-0.812836;-0.8369;0.54;-0.0892;-0.144236;1.452025;1.123386;-0.4977;-0.1616;-0.8521;-0.225434;1.812108;1.102525;-0.4977;-0.1616;-0.8521;-0.051853;1.504825;1.059412;-0.4977;-0.1616;-0.8521;-0.051853;1.504825;1.059412;0.8129;0.5009;-0.2972;-0.225434;1.812108;1.102525;0.8129;0.5009;-0.2972;-0.016294;1.525148;1.190907;0.8129;0.5009;-0.2972;0.022734;1.524967;1.191287;-0.8389;0.5103;-0.1894;0.209866;1.802188;1.109361;-0.8389;0.5103;-0.1894;0.019369;1.476952;1.076839;-0.8389;0.5103;-0.1894;0.019369;1.476952;1.076839;0.2788;-0.0675;-0.958;0.209866;1.802188;1.109361;0.2788;-0.0675;-0.958;0.150059;1.45847;1.116175;0.2788;-0.0675;-0.958;0.286116;-0.014249;0.702306;0.7083;0.1394;0.692;0.096643;0.878786;0.716382;0.7083;0.1394;0.692;0.221578;-0.012783;0.768073;0.7083;0.1394;0.692;0.097154;0.873876;0.420627;0.7164;-0.0678;-0.6944;0.286116;-0.014249;0.702306;0.7164;-0.0678;-0.6944;0.221822;-0.015726;0.636117;0.7164;-0.0678;-0.6944;0.087742;0.901074;-0.512937;0.6285;0.3266;-0.7058;0.411629;0.02324;-0.630738;0.6285;0.3266;-0.7058;0.342608;0.023679;-0.691998;0.6285;0.3266;-0.7058;0.411629;0.02324;-0.630738;0.7607;0.0204;0.6487;0.108681;0.757641;-0.298603;0.7607;0.0204;0.6487;0.353197;0.005699;-0.561668;0.7607;0.0204;0.6487;-0.276239;-0.01425;0.702306;-0.6327;0.122;0.7647;-0.086944;0.878786;0.716382;-0.6327;0.122;0.7647;-0.232574;1.046217;0.569166;-0.6327;0.122;0.7647;-0.276239;-0.01425;0.702306;-0.7164;-0.0679;-0.6944;-0.087455;0.873876;0.420627;-0.7164;-0.0679;-0.6944;-0.211945;-0.015726;0.636117;-0.7164;-0.0679;-0.6944;-0.401752;0.02324;-0.630738;-0.6286;0.3263;-0.7059;-0.078322;0.901074;-0.512937;-0.6286;0.3263;-0.7059;-0.332731;0.023679;-0.691998;-0.6286;0.3263;-0.7059;-0.401752;0.02324;-0.630738;-0.634;-0.0864;0.7685;-0.099261;0.757641;-0.298603;-0.634;-0.0864;0.7685;-0.141672;0.878378;-0.320012;-0.634;-0.0864;0.7685;-0.283238;1.125188;0.853132;-0.7342;0.5131;-0.4446;-5.35E-4;1.644754;0.985965;-0.7342;0.5131;-0.4446;-5.35E-4;1.363849;0.661729;-0.7342;0.5131;-0.4446;-5.35E-4;1.363849;0.661729;0.7335;0.5137;-0.445;-5.35E-4;1.644754;0.985965;0.7335;0.5137;-0.445;0.282701;1.125187;0.853132;0.7335;0.5137;-0.445;0.286116;-0.014249;0.702306;0.6326;0.1222;0.7647;0.242273;1.046217;0.569166;0.6326;0.1222;0.7647;0.096643;0.878786;0.716382;0.6326;0.1222;0.7647;0.097154;0.873876;0.420627;0.7442;-0.0528;-0.6658;0.242273;1.046217;0.569166;0.7442;-0.0528;-0.6658;0.286116;-0.014249;0.702306;0.7442;-0.0528;-0.6658;0.087742;0.901074;-0.512937;0.8965;0.3645;-0.2515;0.151091;0.878378;-0.320012;0.8965;0.3645;-0.2515;0.411629;0.02324;-0.630738;0.8965;0.3645;-0.2515;0.411629;0.02324;-0.630738;0.6337;-0.0862;0.7688;0.151091;0.878378;-0.320012;0.6337;-0.0862;0.7688;0.108681;0.757641;-0.298603;0.6337;-0.0862;0.7688;-0.276239;-0.01425;0.702306;-0.7083;0.1392;0.692;-0.211701;-0.012783;0.768073;-0.7083;0.1392;0.692;-0.086944;0.878786;0.716382;-0.7083;0.1392;0.692;-0.276239;-0.01425;0.702306;-0.7443;-0.0529;-0.6657;-0.232574;1.046217;0.569166;-0.7443;-0.0529;-0.6657;-0.087455;0.873876;0.420627;-0.7443;-0.0529;-0.6657;-0.401752;0.02324;-0.630738;-0.8967;0.3641;-0.2516;-0.141672;0.878378;-0.320012;-0.8967;0.3641;-0.2516;-0.078322;0.901074;-0.512937;-0.8967;0.3641;-0.2516;-0.401752;0.02324;-0.630738;-0.7608;0.02;0.6487;-0.34332;0.005699;-0.561668;-0.7608;0.02;0.6487;-0.099261;0.757641;-0.298603;-0.7608;0.02;0.6487
57;0.527719;0.378059;0.306639
-5.35E-4;0.551103;0.544865;0.8867;-0.4604;0.0427;0.212629;0.876451;-0.374251;0.8867;-0.4604;0.0427;0.282701;1.125187;0.853132;0.8867;-0.4604;0.0427;-0.212786;0.876451;-0.374251;-0.8871;-0.4595;0.0422;-5.35E-4;0.551103;0.544865;-0.8871;-0.4595;0.0422;-0.283238;1.125188;0.853132;-0.8871;-0.4595;0.0422;-0.143455;0.871668;-0.869316;0.0;-0.6105;-0.792;0.142384;0.871668;-0.869316;0.0;-0.6105;-0.792;-5.35E-4;0.699703;-0.736749;0.0;-0.6105;-0.792;0.212629;0.876451;-0.374251;0.7275;-0.6792;-0.0967;-5.35E-4;0.699703;-0.736749;0.7275;-0.6792;-0.0967;0.142384;0.871668;-0.869316;0.7275;-0.6792;-0.0967;-0.212786;0.876451;-0.374251;-0.7154;-0.6941;-0.0804;-5.35E-4;0.699703;-0.736749;-0.7154;-0.6941;-0.0804;-5.35E-4;0.551103;0.544865;-0.7154;-0.6941;-0.0804;-0.283238;1.125188;0.853132;-0.5586;-0.4278;0.7105;-5.35E-4;1.120705;1.072713;-0.5586;-0.4278;0.7105;-0.251101;1.411441;1.050753;-0.5586;-0.4278;0.7105;0.282701;1.125187;0.853132;0.5013;-0.5881;0.6346;-5.35E-4;1.120705;1.072713;0.5013;-0.5881;0.6346;-5.35E-4;0.551103;0.544865;0.5013;-0.5881;0.6346;0.212629;0.876451;-0.374251;0.7139;-0.6956;-0.0806;-5.35E-4;0.551103;0.544865;0.7139;-0.6956;-0.0806;-5.35E-4;0.699703;-0.736749;0.7139;-0.6956;-0.0806;-0.212786;0.876451;-0.374251;-0.7281;-0.6787;-0.0954;-0.143455;0.871668;-0.869316;-0.7281;-0.6787;-0.0954;-5.35E-4;0.699703;-0.736749;-0.7281;-0.6787;-0.0954;-0.283238;1.125188;0.853132;-0.502;-0.5878;0.6343;-5.35E-4;0.551103;0.544865;-0.502;-0.5878;0.6343;-5.35E-4;1.120705;1.072713;-0.502;-0.5878;0.6343;0.282701;1.125187;0.853132;0.5582;-0.4273;0.7112;0.250031;1.411441;1.050753;0.5582;-0.4273;0.7112;-5.35E-4;1.120705;1.072713;0.5582;-0.4273;0.7112;0.096643;0.878786;0.716382;-0.9903;-0.1387;0.0013;0.221822;-0.015726;0.636117;-0.9903;-0.1387;0.0013;0.221578;-0.012783;0.768073;-0.9903;-0.1387;0.0013;0.108681;0.757641;-0.298603;-0.947;-0.3194;0.0329;0.342608;0.023679;-0.691998;-0.947;-0.3194;0.0329;0.353197;0.005699;-0.561668;-0.947;-0.3194;0.0329;-0.211945;-0.015726;0.636117;0.9904;-0.1385;0.0013;-0.086944;0.878786;0.716382;0.9904;-0.1385;0.0013;-0.211701;-0.012783;0.768073;0.9904;-0.1385;0.0013;-0.332731;0.023679;-0.691998;0.9472;-0.3189;0.0329;-0.099261;0.757641;-0.298603;0.9472;-0.3189;0.0329;-0.34332;0.005699;-0.561668;0.9472;-0.3189;0.0329;0.096643;0.878786;0.716382;-0.9903;-0.1386;6.0E-4;0.097154;0.873876;0.420627;-0.9903;-0.1386;6.0E-4;0.221822;-0.015726;0.636117;-0.9903;-0.1386;6.0E-4;0.108681;0.757641;-0.298603;-0.9614;-0.2626;-0.0818;0.087742;0.901074;-0.512937;-0.9614;-0.2626;-0.0818;0.342608;0.023679;-0.691998;-0.9614;-0.2626;-0.0818;-0.211945;-0.015726;0.636117;0.9904;-0.1384;6.0E-4;-0.087455;0.873876;0.420627;0.9904;-0.1384;6.0E-4;-0.086944;0.878786;0.716382;0.9904;-0.1384;6.0E-4;-0.332731;0.023679;-0.691998;0.9615;-0.2622;-0.0815;-0.078322;0.901074;-0.512937;0.9615;-0.2622;-0.0815;-0.099261;0.757641;-0.298603;0.9615;-0.2622;-0.0815
-0.953202;0.048517;-4.7474;1.011356;5.596795;5.057557;3
546;7
144;0.5596;0.526758;0.48921
0.472334;3.290663;-0.847974;0.6975;0.7157;-0.0357;-0.009787;3.819289;0.327517;0.6975;0.7157;-0.0357;0.81798;3.071988;1.518248;0.6975;0.7157;-0.0357;-0.009787;3.819289;0.327517;-0.6975;0.7157;-0.0357;-0.49191;3.290663;-0.847973;-0.6975;0.7157;-0.0357;-0.837552;3.071987;1.518249;-0.6975;0.7157;-0.0357;-0.009787;3.819289;0.327517;-0.8138;0.5331;-0.2312;-0.837552;3.071987;1.518249;-0.8138;0.5331;-0.2312;-0.830075;3.470383;2.410654;-0.8138;0.5331;-0.2312;0.81798;3.071988;1.518248;0.8063;0.5426;-0.2355;-0.028764;4.647853;2.250301;0.8063;0.5426;-0.2355;0.810504;3.470383;2.410653;0.8063;0.5426;-0.2355;-0.009787;3.819289;0.327517;0.7985;0.5991;0.0581;0.472334;3.290663;-0.847974;0.7985;0.5991;0.0581;-0.009788;3.950045;-1.020618;0.7985;0.5991;0.0581;-0.49191;3.290663;-0.847973;-0.7985;0.5991;0.0581;-0.009787;3.819289;0.327517;-0.7985;0.5991;0.0581;-0.009788;3.950045;-1.020618;-0.7985;0.5991;0.0581;-0.009787;3.819289;0.327517;0.811;0.5401;-0.2247;-0.028764;4.647853;2.250301;0.811;0.5401;-0.2247;0.81798;3.071988;1.518248;0.811;0.5401;-0.2247;-0.028764;4.647853;2.250301;-0.8182;0.5249;-0.2343;-0.009787;3.819289;0.327517;-0.8182;0.5249;-0.2343;-0.830075;3.470383;2.410654;-0.8182;0.5249;-0.2343;-0.009785;5.14695;3.204377;-0.8151;0.5199;-0.2557;-0.028764;4.647853;2.250301;-0.8151;0.5199;-0.2557;-0.830075;3.470383;2.410654;-0.8151;0.5199;-0.2557;-0.028764;4.647853;2.250301;0.7971;0.5284;-0.2922;-0.009785;5.14695;3.204377;0.7971;0.5284;-0.2922;0.810504;3.470383;2.410653;0.7971;0.5284;-0.2922;0.472334;3.290663;-0.847974;0.7901;0.4768;-0.3851;0.17976;3.069731;-1.721642;0.7901;0.4768;-0.3851;-0.009788;3.950045;-1.020618;0.7901;0.4768;-0.3851;-0.199336;3.069731;-1.721642;-0.7901;0.4768;-0.3851;-0.49191;3.290663;-0.847973;-0.7901;0.4768;-0.3851;-0.009788;3.950045;-1.020618;-0.7901;0.4768;-0.3851;0.810504;3.470383;2.410653;0.6102;0.5626;-0.5578;-0.009785;5.14695;3.204377;0.6102;0.5626;-0.5578;0.652553;4.59518;3.372392;0.6102;0.5626;-0.5578;-0.009785;5.14695;3.204377;-0.6102;0.5626;-0.5578;-0.830075;3.470383;2.410654;-0.6102;0.5626;-0.5578;-0.672123;4.595179;3.372392;-0.6102;0.5626;-0.5578;-4.4E-4;5.302414;3.718138;-0.5883;0.7436;0.3177;-0.680053;4.771809;3.701602;-0.5883;0.7436;0.3177;-0.009784;5.045422;4.302331;-0.5883;0.7436;0.3177;0.660484;4.771809;3.701602;0.5957;0.7317;0.3314;-4.4E-4;5.302414;3.718138;0.5957;0.7317;0.3314;-0.009784;5.045422;4.302331;0.5957;0.7317;0.3314;-0.009785;4.052085;3.779212;0.7334;-0.6786;0.0403;0.660484;4.771809;3.701602;0.7334;-0.6786;0.0403;0.295753;4.424257;4.485294;0.7334;-0.6786;0.0403;-0.680053;4.771809;3.701602;-0.7334;-0.6786;0.0403;-0.009785;4.052085;3.779212;-0.7334;-0.6786;0.0403;-0.315321;4.424257;4.485294;-0.7334;-0.6786;0.0403;-0.315321;4.424257;4.485294;-0.7523;-0.6435;-0.1414;-0.009784;4.134108;4.179982;-0.7523;-0.6435;-0.1414;-0.009784;3.976707;4.89641;-0.7523;-0.6435;-0.1414;-0.009784;4.134108;4.179982;0.7523;-0.6435;-0.1414;0.295753;4.424257;4.485294;0.7523;-0.6435;-0.1414;-0.009784;3.976707;4.89641;0.7523;-0.6435;-0.1414;-0.672123;4.595179;3.372392;-0.5415;-0.5011;0.675;-0.830075;3.470383;2.410654;-0.5415;-0.5011;0.675;-0.009785;4.112781;3.545587;-0.5415;-0.5011;0.675;0.810504;3.470383;2.410653;0.5415;-0.5011;0.675;0.652553;4.59518;3.372392;0.5415;-0.5011;0.675;-0.009785;4.112781;3.545587;0.5415;-0.5011;0.675;-0.680053;4.771809;3.701602;-0.6833;0.4943;0.5372;-0.315321;4.424257;4.485294;-0.6833;0.4943;0.5372;-0.009784;5.045422;4.302331;-0.6833;0.4943;0.5372;0.295753;4.424257;4.485294;0.6833;0.4943;0.5372;0.660484;4.771809;3.701602;0.6833;0.4943;0.5372;-0.009784;5.045422;4.302331;0.6833;0.4943;0.5372;-0.009784;4.134108;4.179982;0.5896;-0.7913;0.1619;-0.009785;4.052085;3.779212;0.5896;-0.7913;0.1619;0.295753;4.424257;4.485294;0.5896;-0.7913;0.1619;-0.009785;4.052085;3.779212;-0.5896;-0.7913;0.1619;-0.009784;4.134108;4.179982;-0.5896;-0.7913;0.1619;-0.315321;4.424257;4.485294;-0.5896;-0.7913;0.1619;-0.179283;4.173628;5.057557;-0.7871;-0.6115;-0.0807;-0.315321;4.424257;4.485294;-0.7871;-0.6115;-0.0807;-0.009784;3.976707;4.89641;-0.7871;-0.6115;-0.0807;0.295753;4.424257;4.485294;0.7871;-0.6115;-0.0807;0.159716;4.173628;5.057557;0.7871;-0.6115;-0.0807;-0.009784;3.976707;4.89641;0.7871;-0.6115;-0.0807;-0.009788;3.950045;-1.020618;0.8898;0.3857;-0.2438;0.17976;3.069731;-1.721642;0.8898;0.3857;-0.2438;-0.009789;3.4462;-1.817873;0.8898;0.3857;-0.2438;-0.199336;3.069731;-1.721642;-0.8898;0.3857;-0.2438;-0.009788;3.950045;-1.020618;-0.8898;0.3857;-0.2438;-0.009789;3.4462;-1.817873;-0.8898;0.3857;-0.2438;-0.199336;3.069731;-1.721642;-0.8986;0.42;-0.127;-0.009789;3.4462;-1.817873;-0.8986;0.42;-0.127;-0.009789;3.197892;-2.639066;-0.8986;0.42;-0.127;-0.009789;3.4462;-1.817873;0.8986;0.42;-0.127;0.17976;3.069731;-1.721642;0.8986;0.42;-0.127;-0.009789;3.197892;-2.639066;0.8986;0.42;-0.127;-0.173777;2.951779;-2.561455;-0.6453;0.5849;0.4914;-0.009789;3.197892;-2.639066;-0.6453;0.5849;0.4914;-0.00979;4.068109;-3.674867;-0.6453;0.5849;0.4914;-0.009789;3.197892;-2.639066;0.9697;0.1871;0.1572;0.093492;2.668342;-2.645878;0.9697;0.1871;0.1572;-0.00979;4.068109;-3.674867;0.9697;0.1871;0.1572;-0.313928;3.462469;-3.540567;-0.8108;0.4811;0.3335;-0.00979;4.068109;-3.674867;-0.8108;0.4811;0.3335;-0.247835;4.277247;-4.555276;-0.8108;0.4811;0.3335;-0.00979;4.068109;-3.674867;0.9066;0.387;0.1679;0.425649;3.207508;-4.04246;0.9066;0.387;0.1679;0.310202;3.783702;-4.7474;0.9066;0.387;0.1679;-0.173777;2.951779;-2.561455;-0.8422;0.5296;-0.1;-0.199336;3.069731;-1.721642;-0.8422;0.5296;-0.1;-0.009789;3.197892;-2.639066;-0.8422;0.5296;-0.1;0.17976;3.069731;-1.721642;0.9663;0.1907;-0.173;0.093492;2.668342;-2.645878;0.9663;0.1907;-0.173;-0.009789;3.197892;-2.639066;0.9663;0.1907;-0.173;-0.313928;3.462469;-3.540567;-0.797;0.4812;0.365;-0.173777;2.951779;-2.561455;-0.797;0.4812;0.365;-0.00979;4.068109;-3.674867;-0.797;0.4812;0.365;0.093492;2.668342;-2.645878;0.8913;0.3094;0.3314;0.425649;3.207508;-4.04246;0.8913;0.3094;0.3314;-0.00979;4.068109;-3.674867;0.8913;0.3094;0.3314;-0.173777;2.951779;-2.561455;-0.714;-0.6959;0.076;0.093492;2.668342;-2.645878;-0.714;-0.6959;0.076;-0.199336;3.069731;-1.721642;-0.714;-0.6959;0.076;-0.313928;3.462469;-3.540567;-0.5341;-0.7382;-0.412;0.425649;3.207508;-4.04246;-0.5341;-0.7382;-0.412;0.093492;2.668342;-2.645878;-0.5341;-0.7382;-0.412;-0.247835;4.277247;-4.555276;-0.6814;-0.6174;-0.393;0.310202;3.783702;-4.7474;-0.6814;-0.6174;-0.393;0.425649;3.207508;-4.04246;-0.6814;-0.6174;-0.393;-0.173777;2.951779;-2.561455;-0.7415;-0.6325;-0.2238;-0.313928;3.462469;-3.540567;-0.7415;-0.6325;-0.2238;0.093492;2.668342;-2.645878;-0.7415;-0.6325;-0.2238;-0.313928;3.462469;-3.540567;-0.5759;-0.6187;-0.5343;-0.247835;4.277247;-4.555276;-0.5759;-0.6187;-0.5343;0.425649;3.207508;-4.04246;-0.5759;-0.6187;-0.5343;0.093492;2.668342;-2.645878;0.0;-0.9172;0.3983;0.17976;3.069731;-1.721642;0.0;-0.9172;0.3983;-0.199336;3.069731;-1.721642;0.0;-0.9172;0.3983;-0.134108;5.209255;3.601874;0.7267;-0.6861;-0.0346;-0.382322;4.947226;3.584409;0.7267;-0.6861;-0.0346;-0.248111;5.099148;3.390726;0.7267;-0.6861;-0.0346;0.409849;4.924458;3.565071;-0.7274;-0.6861;0.0056;0.179433;5.169145;3.615373;-0.7274;-0.6861;0.0056;0.253811;5.088437;3.389116;-0.7274;-0.6861;0.0056
108;0.318539;0.211115;0.183645
-0.746613;0.213497;-2.267999;-0.4566;-0.8884;-0.0469;-0.519803;0.102748;-2.37808;-0.4566;-0.8884;-0.0469;-0.526367;0.048517;-1.288249;-0.4566;-0.8884;-0.0469;-0.753176;0.159265;-1.178167;-0.4566;-0.8884;-0.0469;-0.746613;0.213497;-2.267999;-0.4566;-0.8884;-0.0469;-0.526367;0.048517;-1.288249;-0.4566;-0.8884;-0.0469;0.723868;0.216447;-2.268;0.4669;-0.8831;-0.0469;0.505556;0.048916;-1.288249;0.4669;-0.8831;-0.0469;0.498361;0.103067;-2.378081;0.4669;-0.8831;-0.0469;0.731062;0.162295;-1.178168;0.4669;-0.8831;-0.0469;0.505556;0.048916;-1.288249;0.4669;-0.8831;-0.0469;0.723868;0.216447;-2.268;0.4669;-0.8831;-0.0469;-0.909722;0.129897;3.048153;-0.084;-0.985;0.1508;-0.783764;0.091017;2.864331;-0.084;-0.985;0.1508;-0.779437;0.139428;3.183016;-0.084;-0.985;0.1508;-0.909722;0.129897;3.048153;-0.3507;-0.9355;-0.0424;-0.953202;0.16941;2.536561;-0.3507;-0.9355;-0.0424;-0.783764;0.091017;2.864331;-0.3507;-0.9355;-0.0424;0.967877;0.108104;2.871538;0.084;-0.9907;0.1068;0.837592;0.111633;3.006691;0.084;-0.9907;0.1068;0.841918;0.077431;2.68617;0.084;-0.9907;0.1068;0.967877;0.108104;2.871538;0.3507;-0.9327;-0.084;0.841918;0.077431;2.68617;0.3507;-0.9327;-0.084;1.011356;0.170311;2.362207;0.3507;-0.9327;-0.084;-0.391698;1.161244;-2.3948;0.9963;-0.0849;0.0062;-0.235914;3.042827;-1.642638;0.9963;-0.0849;0.0062;-0.397379;1.114304;-2.123525;0.9963;-0.0849;0.0062;-0.391698;1.161244;-2.3948;0.9927;-0.1201;0.0;-0.397379;1.114304;-2.123525;0.9927;-0.1201;0.0;-0.486464;0.37822;-2.12429;0.9927;-0.1201;0.0;-0.235914;3.042827;-1.642638;0.9964;-0.0727;-0.0429;-0.216531;2.513198;-0.294702;0.9964;-0.0727;-0.0429;-0.397379;1.114304;-2.123525;0.9964;-0.0727;-0.0429;-0.519803;0.102748;-2.37808;0.9927;-0.1201;0.0;-0.391698;1.161244;-2.3948;0.9927;-0.1201;0.0;-0.486464;0.37822;-2.12429;0.9927;-0.1201;0.0;0.357953;1.160001;-2.3948;-0.9953;-0.0965;0.0062;0.36418;1.113131;-2.123525;-0.9953;-0.0965;0.0062;0.180298;3.039645;-1.642639;-0.9953;-0.0965;0.0062;0.357953;1.160001;-2.3948;-0.9913;-0.1317;0.0;0.461821;0.378133;-2.12429;-0.9913;-0.1317;0.0;0.36418;1.113131;-2.123525;-0.9913;-0.1317;0.0;0.180298;3.039645;-1.642639;-0.9955;-0.0843;-0.0429;0.36418;1.113131;-2.123525;-0.9955;-0.0843;-0.0429;0.167076;2.509827;-0.294703;-0.9955;-0.0843;-0.0429;0.498361;0.103067;-2.378081;-0.9913;-0.1317;0.0;0.461821;0.378133;-2.12429;-0.9913;-0.1317;0.0;0.357953;1.160001;-2.3948;-0.9913;-0.1317;0.0;-0.763105;1.171834;2.088003;0.992;0.0217;-0.1241;-0.841251;3.086218;1.798347;0.992;0.0217;-0.1241;-0.729288;1.233643;2.368964;0.992;0.0217;-0.1241;-0.763105;1.171834;2.088003;0.989;-0.1145;-0.0938;-0.729288;1.233643;2.368964;0.989;-0.1145;-0.0938;-0.820455;0.234584;2.627247;0.989;-0.1145;-0.0938;-0.841251;3.086218;1.798347;0.9609;-0.0268;-0.2756;-0.566572;3.128265;2.751704;0.9609;-0.0268;-0.2756;-0.729288;1.233643;2.368964;0.9609;-0.0268;-0.2756;-0.858294;0.077141;2.424435;0.9888;-0.1152;-0.095;-0.763105;1.171834;2.088003;0.9888;-0.1152;-0.095;-0.820455;0.234584;2.627247;0.9888;-0.1152;-0.095;0.821259;1.191677;1.958636;-0.9931;-0.0284;-0.1136;0.787442;1.240941;2.242067;-0.9931;-0.0284;-0.1136;0.78962;3.117042;1.754335;-0.9931;-0.0284;-0.1136;0.821259;1.191677;1.958636;-0.989;-0.1102;-0.0988;0.878609;0.231391;2.4557;-0.989;-0.1102;-0.0988;0.787442;1.240941;2.242067;-0.989;-0.1102;-0.0988;0.78962;3.117042;1.754335;-0.9845;-0.0431;-0.1701;0.787442;1.240941;2.242067;-0.9845;-0.0431;-0.1701;0.624726;3.116684;2.708619;-0.9845;-0.0431;-0.1701;0.916448;0.083116;2.246092;-0.9888;-0.1108;-0.1001;0.878609;0.231391;2.4557;-0.9888;-0.1108;-0.1001;0.821259;1.191677;1.958636;-0.9888;-0.1108;-0.1001;0.253811;5.088437;3.389116;0.6316;-0.2021;-0.7485;0.533433;5.596795;3.48778;0.6316;-0.2021;-0.7485;0.409849;4.924458;3.565071;0.6316;-0.2021;-0.7485;-0.382322;4.947226;3.584409;-0.7186;-0.2103;-0.6629;-0.481133;5.591781;3.487027;-0.7186;-0.2103;-0.6629;-0.248111;5.099148;3.390726;-0.7186;-0.2103;-0.6629;0.179433;5.169145;3.615373;-0.7553;0.4981;-0.4259;0.533433;5.596795;3.48778;-0.7553;0.4981;-0.4259;0.253811;5.088437;3.389116;-0.7553;0.4981;-0.4259;-0.248111;5.099148;3.390726;0.6769;0.4361;-0.5929;-0.481133;5.591781;3.487027;0.6769;0.4361;-0.5929;-0.134108;5.209255;3.601874;0.6769;0.4361;-0.5929;-0.009784;5.045422;4.302331;-0.3855;0.4301;0.8163;-0.315321;4.424257;4.485294;-0.3855;0.4301;0.8163;-0.009784;4.660339;4.505215;-0.3855;0.4301;0.8163;0.295753;4.424257;4.485294;0.3855;0.4301;0.8163;-0.009784;5.045422;4.302331;0.3855;0.4301;0.8163;-0.009784;4.660339;4.505215;0.3855;0.4301;0.8163;-0.009784;4.660339;4.505215;0.0;0.7503;0.6611;-0.179283;4.173628;5.057557;0.0;0.7503;0.6611;0.159716;4.173628;5.057557;0.0;0.7503;0.6611;-0.315321;4.424257;4.485294;-0.5669;0.6965;0.4398;-0.179283;4.173628;5.057557;-0.5669;0.6965;0.4398;-0.009784;4.660339;4.505215;-0.5669;0.6965;0.4398;0.159716;4.173628;5.057557;0.5669;0.6965;0.4398;0.295753;4.424257;4.485294;0.5669;0.6965;0.4398;-0.009784;4.660339;4.505215;0.5669;0.6965;0.4398;-0.00979;4.068109;-3.674867;-0.935;0.1915;0.2983;-0.002325;5.425012;-4.522682;-0.935;0.1915;0.2983;-0.247835;4.277247;-4.555276;-0.935;0.1915;0.2983;-0.002325;5.425012;-4.522682;0.9577;0.1486;0.2463;-0.00979;4.068109;-3.674867;0.9577;0.1486;0.2463;0.310202;3.783702;-4.7474;0.9577;0.1486;0.2463;-0.247835;4.277247;-4.555276;-0.2583;0.0826;-0.9625;-0.002325;5.425012;-4.522682;-0.2583;0.0826;-0.9625;0.310202;3.783702;-4.7474;-0.2583;0.0826;-0.9625
45;0.527719;0.378059;0.306639
-0.49191;3.290663;-0.847973;-0.7801;-0.6022;-0.1696;-0.009787;2.329183;0.348504;-0.7801;-0.6022;-0.1696;-0.837552;3.071987;1.518249;-0.7801;-0.6022;-0.1696;-0.009787;2.329183;0.348504;0.7801;-0.6022;-0.1696;0.472334;3.290663;-0.847974;0.7801;-0.6022;-0.1696;0.81798;3.071988;1.518248;0.7801;-0.6022;-0.1696;-0.837552;3.071987;1.518249;-0.76;-0.571;0.3103;-0.009786;1.963032;1.50492;-0.76;-0.571;0.3103;-0.009785;2.733574;2.922894;-0.76;-0.571;0.3103;-0.009786;1.963032;1.50492;0.76;-0.571;0.3103;0.81798;3.071988;1.518248;0.76;-0.571;0.3103;-0.009785;2.733574;2.922894;0.76;-0.571;0.3103;-0.009787;2.329183;0.348504;-0.8327;-0.5442;-0.1018;-0.49191;3.290663;-0.847973;-0.8327;-0.5442;-0.1018;-0.009788;2.667343;-1.45953;-0.8327;-0.5442;-0.1018;0.472334;3.290663;-0.847974;0.8327;-0.5442;-0.1018;-0.009787;2.329183;0.348504;0.8327;-0.5442;-0.1018;-0.009788;2.667343;-1.45953;0.8327;-0.5442;-0.1018;-0.009787;2.329183;0.348504;-0.7885;-0.5863;-0.1856;-0.009786;1.963032;1.50492;-0.7885;-0.5863;-0.1856;-0.837552;3.071987;1.518249;-0.7885;-0.5863;-0.1856;-0.009786;1.963032;1.50492;0.7885;-0.5863;-0.1856;-0.009787;2.329183;0.348504;0.7885;-0.5863;-0.1856;0.81798;3.071988;1.518248;0.7885;-0.5863;-0.1856;-0.830075;3.470383;2.410654;-0.7326;-0.6192;0.2825;-0.837552;3.071987;1.518249;-0.7326;-0.6192;0.2825;-0.009785;2.733574;2.922894;-0.7326;-0.6192;0.2825;0.81798;3.071988;1.518248;0.7326;-0.6192;0.2825;0.810504;3.470383;2.410653;0.7326;-0.6192;0.2825;-0.009785;2.733574;2.922894;0.7326;-0.6192;0.2825;-0.49191;3.290663;-0.847973;-0.8499;-0.5029;-0.1574;-0.199336;3.069731;-1.721642;-0.8499;-0.5029;-0.1574;-0.009788;2.667343;-1.45953;-0.8499;-0.5029;-0.1574;0.17976;3.069731;-1.721642;0.8499;-0.5029;-0.1574;0.472334;3.290663;-0.847974;0.8499;-0.5029;-0.1574;-0.009788;2.667343;-1.45953;0.8499;-0.5029;-0.1574;-0.830075;3.470383;2.410654;-0.6844;-0.3;0.6645;-0.009785;2.733574;2.922894;-0.6844;-0.3;0.6645;-0.009785;4.112781;3.545587;-0.6844;-0.3;0.6645;-0.009785;2.733574;2.922894;0.6844;-0.3;0.6645;0.810504;3.470383;2.410653;0.6844;-0.3;0.6645;-0.009785;4.112781;3.545587;0.6844;-0.3;0.6645;0.17976;3.069731;-1.721642;0.0;-0.5458;-0.8379;-0.009788;2.667343;-1.45953;0.0;-0.5458;-0.8379;-0.199336;3.069731;-1.721642;0.0;-0.5458;-0.8379
168;0.742517;0.701989;0.71147
-0.611082;1.333339;-2.212459;-0.7685;0.3477;-0.5371;-0.653495;3.524722;-0.733278;-0.7685;0.3477;-0.5371;-0.235914;3.042827;-1.642638;-0.7685;0.3477;-0.5371;-0.235914;3.042827;-1.642638;0.8776;0.4503;0.1643;-0.653495;3.524722;-0.733278;0.8776;0.4503;0.1643;-0.216531;2.513198;-0.294702;0.8776;0.4503;0.1643;-0.397379;1.114304;-2.123525;-0.7207;-0.5144;0.4647;-0.216531;2.513198;-0.294702;-0.7207;-0.5144;0.4647;-0.611082;1.333339;-2.212459;-0.7207;-0.5144;0.4647;-0.611082;1.333339;-2.212459;-0.5826;0.1104;-0.8052;-0.391698;1.161244;-2.3948;-0.5826;0.1104;-0.8052;-0.746613;0.213497;-2.267999;-0.5826;0.1104;-0.8052;-0.486464;0.37822;-2.12429;-0.5902;0.7909;0.1619;-0.746613;0.213497;-2.267999;-0.5902;0.7909;0.1619;-0.493028;0.246606;-1.505243;-0.5902;0.7909;0.1619;-0.397379;1.114304;-2.123525;-0.3477;0.0411;0.9367;-0.611082;1.333339;-2.212459;-0.3477;0.0411;0.9367;-0.486464;0.37822;-2.12429;-0.3477;0.0411;0.9367;-0.753176;0.159265;-1.178167;0.5668;0.5632;0.6012;-0.526367;0.048517;-1.288249;0.5668;0.5632;0.6012;-0.493028;0.246606;-1.505243;0.5668;0.5632;0.6012;-0.526367;0.048517;-1.288249;0.9857;-0.1686;-0.0024;-0.519803;0.102748;-2.37808;0.9857;-0.1686;-0.0024;-0.493028;0.246606;-1.505243;0.9857;-0.1686;-0.0024;-0.391698;1.161244;-2.3948;-0.4064;0.368;-0.8363;-0.611082;1.333339;-2.212459;-0.4064;0.368;-0.8363;-0.235914;3.042827;-1.642638;-0.4064;0.368;-0.8363;-0.216531;2.513198;-0.294702;-0.9084;-0.2458;0.3381;-0.653495;3.524722;-0.733278;-0.9084;-0.2458;0.3381;-0.611082;1.333339;-2.212459;-0.9084;-0.2458;0.3381;-0.391698;1.161244;-2.3948;-0.4218;0.0367;-0.9059;-0.519803;0.102748;-2.37808;-0.4218;0.0367;-0.9059;-0.746613;0.213497;-2.267999;-0.4218;0.0367;-0.9059;-0.746613;0.213497;-2.267999;-0.2651;0.9631;0.0463;-0.753176;0.159265;-1.178167;-0.2651;0.9631;0.0463;-0.493028;0.246606;-1.505243;-0.2651;0.9631;0.0463;-0.611082;1.333339;-2.212459;-0.4913;0.0163;0.8708;-0.746613;0.213497;-2.267999;-0.4913;0.0163;0.8708;-0.486464;0.37822;-2.12429;-0.4913;0.0163;0.8708;-0.519803;0.102748;-2.37808;0.994;-0.1087;-0.0126;-0.486464;0.37822;-2.12429;0.994;-0.1087;-0.0126;-0.493028;0.246606;-1.505243;0.994;-0.1087;-0.0126;0.575322;1.334637;-2.21246;0.7579;0.3579;-0.5455;0.180298;3.039645;-1.642639;0.7579;0.3579;-0.5455;0.605227;3.525788;-0.733279;0.7579;0.3579;-0.5455;0.180298;3.039645;-1.642639;-0.8766;0.4508;0.1686;0.167076;2.509827;-0.294703;-0.8766;0.4508;0.1686;0.605227;3.525788;-0.733279;-0.8766;0.4508;0.1686;0.36418;1.113131;-2.123525;0.7266;-0.506;0.4647;0.575322;1.334637;-2.21246;0.7266;-0.506;0.4647;0.167076;2.509827;-0.294703;0.7266;-0.506;0.4647;0.575322;1.334637;-2.21246;0.5813;0.1172;-0.8052;0.723868;0.216447;-2.268;0.5813;0.1172;-0.8052;0.357953;1.160001;-2.3948;0.5813;0.1172;-0.8052;0.461821;0.378133;-2.12429;0.5812;0.7973;0.1627;0.469015;0.246599;-1.505244;0.5812;0.7973;0.1627;0.723868;0.216447;-2.268;0.5812;0.7973;0.1627;0.36418;1.113131;-2.123525;0.3472;0.0451;0.9367;0.461821;0.378133;-2.12429;0.3472;0.0451;0.9367;0.575322;1.334637;-2.21246;0.3472;0.0451;0.9367;0.731062;0.162295;-1.178168;-0.5733;0.5553;0.6024;0.469015;0.246599;-1.505244;-0.5733;0.5553;0.6024;0.505556;0.048916;-1.288249;-0.5733;0.5553;0.6024;0.505556;0.048916;-1.288249;-0.9828;-0.1846;-0.0027;0.469015;0.246599;-1.505244;-0.9828;-0.1846;-0.0027;0.498361;0.103067;-2.378081;-0.9828;-0.1846;-0.0027;0.357953;1.160001;-2.3948;0.4021;0.3727;-0.8363;0.180298;3.039645;-1.642639;0.4021;0.3727;-0.8363;0.575322;1.334637;-2.21246;0.4021;0.3727;-0.8363;0.167076;2.509827;-0.294703;0.9074;-0.2435;0.3424;0.575322;1.334637;-2.21246;0.9074;-0.2435;0.3424;0.605227;3.525788;-0.733279;0.9074;-0.2435;0.3424;0.357953;1.160001;-2.3948;0.4213;0.0416;-0.9059;0.723868;0.216447;-2.268;0.4213;0.0416;-0.9059;0.498361;0.103067;-2.378081;0.4213;0.0416;-0.9059;0.723868;0.216447;-2.268;0.253;0.9663;0.0463;0.469015;0.246599;-1.505244;0.253;0.9663;0.0463;0.731062;0.162295;-1.178168;0.253;0.9663;0.0463;0.575322;1.334637;-2.21246;0.4911;0.022;0.8708;0.461821;0.378133;-2.12429;0.4911;0.022;0.8708;0.723868;0.216447;-2.268;0.4911;0.022;0.8708;0.498361;0.103067;-2.378081;-0.9928;-0.1191;-0.0138;0.469015;0.246599;-1.505244;-0.9928;-0.1191;-0.0138;0.461821;0.378133;-2.12429;-0.9928;-0.1191;-0.0138;-0.729288;1.233643;2.368964;-0.5163;0.2582;0.8166;-0.94045;1.217858;2.240449;-0.5163;0.2582;0.8166;-0.820455;0.234584;2.627247;-0.5163;0.2582;0.8166;-0.858294;0.077141;2.424435;0.9858;-0.0227;-0.1663;-0.820455;0.234584;2.627247;0.9858;-0.0227;-0.1663;-0.783764;0.091017;2.864331;0.9858;-0.0227;-0.1663;-0.94045;1.217858;2.240449;-0.9982;0.0432;-0.0414;-0.847144;3.602066;2.478679;-0.9982;0.0432;-0.0414;-0.841251;3.086218;1.798347;-0.9982;0.0432;-0.0414;-0.841251;3.086218;1.798347;0.8885;0.3692;-0.2723;-0.847144;3.602066;2.478679;0.8885;0.3692;-0.2723;-0.566572;3.128265;2.751704;0.8885;0.3692;-0.2723;-0.94045;1.217858;2.240449;-0.668;-0.1947;-0.7183;-0.763105;1.171834;2.088003;-0.668;-0.1947;-0.7183;-0.953202;0.16941;2.536561;-0.668;-0.1947;-0.7183;-0.729288;1.233643;2.368964;-0.5086;-0.1283;0.8514;-0.566572;3.128265;2.751704;-0.5086;-0.1283;0.8514;-0.94045;1.217858;2.240449;-0.5086;-0.1283;0.8514;-0.953202;0.16941;2.536561;-0.6095;-0.7824;0.1279;-0.858294;0.077141;2.424435;-0.6095;-0.7824;0.1279;-0.783764;0.091017;2.864331;-0.6095;-0.7824;0.1279;-0.820455;0.234584;2.627247;-0.497;0.8609;0.1087;-0.953202;0.16941;2.536561;-0.497;0.8609;0.1087;-0.909722;0.129897;3.048153;-0.497;0.8609;0.1087;-0.94045;1.217858;2.240449;-0.6216;0.2199;0.7518;-0.953202;0.16941;2.536561;-0.6216;0.2199;0.7518;-0.820455;0.234584;2.627247;-0.6216;0.2199;0.7518;-0.820455;0.234584;2.627247;0.9822;0.1831;-0.0411;-0.779437;0.139428;3.183016;0.9822;0.1831;-0.0411;-0.783764;0.091017;2.864331;0.9822;0.1831;-0.0411;-0.763105;1.171834;2.088003;-0.666;-0.1381;-0.7331;-0.94045;1.217858;2.240449;-0.666;-0.1381;-0.7331;-0.841251;3.086218;1.798347;-0.666;-0.1381;-0.7331;-0.763105;1.171834;2.088003;-0.8017;-0.1108;-0.5874;-0.858294;0.077141;2.424435;-0.8017;-0.1108;-0.5874;-0.953202;0.16941;2.536561;-0.8017;-0.1108;-0.5874;-0.566572;3.128265;2.751704;-0.7303;-0.0396;0.6819;-0.847144;3.602066;2.478679;-0.7303;-0.0396;0.6819;-0.94045;1.217858;2.240449;-0.7303;-0.0396;0.6819;-0.779437;0.139428;3.183016;-0.2573;0.9491;0.1815;-0.820455;0.234584;2.627247;-0.2573;0.9491;0.1815;-0.909722;0.129897;3.048153;-0.2573;0.9491;0.1815;0.787442;1.240941;2.242067;0.5819;0.2183;0.7834;0.878609;0.231391;2.4557;0.5819;0.2183;0.7834;0.965;1.230882;2.112977;0.5819;0.2183;0.7834;0.916448;0.083116;2.246092;-0.9858;-0.0153;-0.1671;0.841918;0.077431;2.68617;-0.9858;-0.0153;-0.1671;0.878609;0.231391;2.4557;-0.9858;-0.0153;-0.1671;0.965;1.230882;2.112977;0.9835;0.0589;-0.1712;0.78962;3.117042;1.754335;0.9835;0.0589;-0.1712;0.882896;3.602149;2.456918;0.9835;0.0589;-0.1712;0.78962;3.117042;1.754335;-0.9033;0.3995;-0.1559;0.624726;3.116684;2.708619;-0.9033;0.3995;-0.1559;0.882896;3.602149;2.456918;-0.9033;0.3995;-0.1559;0.965;1.230882;2.112977;0.7416;-0.1226;-0.6595;1.011356;0.170311;2.362207;0.7416;-0.1226;-0.6595;0.821259;1.191677;1.958636;0.7416;-0.1226;-0.6595;0.787442;1.240941;2.242067;0.5758;-0.1499;0.8037;0.965;1.230882;2.112977;0.5758;-0.1499;0.8037;0.624726;3.116684;2.708619;0.5758;-0.1499;0.8037;1.011356;0.170311;2.362207;0.6095;-0.7873;0.093;0.841918;0.077431;2.68617;0.6095;-0.7873;0.093;0.916448;0.083116;2.246092;0.6095;-0.7873;0.093;0.878609;0.231391;2.4557;0.497;0.8552;0.1469;0.967877;0.108104;2.871538;0.497;0.8552;0.1469;1.011356;0.170311;2.362207;0.497;0.8552;0.1469;0.965;1.230882;2.112977;0.6248;0.2044;0.7536;0.878609;0.231391;2.4557;0.6248;0.2044;0.7536;1.011356;0.170311;2.362207;0.6248;0.2044;0.7536;0.878609;0.231391;2.4557;-0.9822;0.1847;-0.033;0.841918;0.077431;2.68617;-0.9822;0.1847;-0.033;0.837592;0.111633;3.006691;-0.9822;0.1847;-0.033;0.821259;1.191677;1.958636;0.7379;-0.0592;-0.6722;0.78962;3.117042;1.754335;0.7379;-0.0592;-0.6722;0.965;1.230882;2.112977;0.7379;-0.0592;-0.6722;0.821259;1.191677;1.958636;0.8017;-0.0846;-0.5917;1.011356;0.170311;2.362207;0.8017;-0.0846;-0.5917;0.916448;0.083116;2.246092;0.8017;-0.0846;-0.5917;0.624726;3.116684;2.708619;0.7588;-0.0677;0.6478;0.965;1.230882;2.112977;0.7588;-0.0677;0.6478;0.882896;3.602149;2.456918;0.7588;-0.0677;0.6478;0.837592;0.111633;3.006691;0.2573;0.9401;0.2235;0.967877;0.108104;2.871538;0.2573;0.9401;0.2235;0.878609;0.231391;2.4557;0.2573;0.9401;0.2235
6;1.0;1.0;1.0
0.409849;4.924458;3.565071;0.2734;0.0601;0.96;0.533433;5.596795;3.48778;0.2734;0.0601;0.96;0.179433;5.169145;3.615373;0.2734;0.0601;0.96;-0.134108;5.209255;3.601874;-0.1927;0.1176;0.9742;-0.481133;5.591781;3.487027;-0.1927;0.1176;0.9742;-0.382322;4.947226;3.584409;-0.1927;0.1176;0.9742
72;0.412881;0.654656;0.772276
0.652553;4.59518;3.372392;-0.3577;-0.6373;-0.6825;-0.009785;5.14695;3.204377;-0.3577;-0.6373;-0.6825;-0.009786;5.533015;2.843934;-0.3577;-0.6373;-0.6825;-0.009785;4.112781;3.545587;-0.4287;0.2803;-0.8588;0.652553;4.59518;3.372392;-0.4287;0.2803;-0.8588;-0.014195;3.421034;3.322003;-0.4287;0.2803;-0.8588;-0.009785;5.14695;3.204377;0.3577;-0.6373;-0.6825;-0.672123;4.595179;3.372392;0.3577;-0.6373;-0.6825;-0.009786;5.533015;2.843934;0.3577;-0.6373;-0.6825;-0.828104;4.574655;3.349553;0.1291;0.1146;-0.985;-0.672123;4.595179;3.372392;0.1291;0.1146;-0.985;-0.014195;3.421034;3.322003;0.1291;0.1146;-0.985;-0.009786;5.533015;2.843934;-0.7689;0.6384;-0.0342;-0.828104;4.574655;3.349553;-0.7689;0.6384;-0.0342;-0.680053;4.771809;3.701602;-0.7689;0.6384;-0.0342;-0.828104;4.574655;3.349553;-0.6242;-0.4555;0.6347;-0.014195;3.421034;3.322003;-0.6242;-0.4555;0.6347;-0.009785;4.052085;3.779212;-0.6242;-0.4555;0.6347;0.808534;4.574656;3.349551;0.7689;0.6384;-0.0342;-0.009786;5.533015;2.843934;0.7689;0.6384;-0.0342;0.660484;4.771809;3.701602;0.7689;0.6384;-0.0342;-0.014195;3.421034;3.322003;0.625;-0.4608;0.63;0.808534;4.574656;3.349551;0.625;-0.4608;0.63;-0.009785;4.052085;3.779212;0.625;-0.4608;0.63;0.808534;4.574656;3.349551;-0.1922;-0.5813;-0.7906;0.652553;4.59518;3.372392;-0.1922;-0.5813;-0.7906;-0.009786;5.533015;2.843934;-0.1922;-0.5813;-0.7906;-0.672123;4.595179;3.372392;0.1922;-0.5813;-0.7906;-0.828104;4.574655;3.349553;0.1922;-0.5813;-0.7906;-0.009786;5.533015;2.843934;0.1922;-0.5813;-0.7906;0.652553;4.59518;3.372392;-0.129;0.1155;-0.9849;0.808534;4.574656;3.349551;-0.129;0.1155;-0.9849;-0.014195;3.421034;3.322003;-0.129;0.1155;-0.9849;-4.4E-4;5.302414;3.718138;-0.6049;0.7683;0.2091;-0.009786;5.533015;2.843934;-0.6049;0.7683;0.2091;-0.680053;4.771809;3.701602;-0.6049;0.7683;0.2091;-0.680053;4.771809;3.701602;-0.6341;-0.5297;0.5633;-0.828104;4.574655;3.349553;-0.6341;-0.5297;0.5633;-0.009785;4.052085;3.779212;-0.6341;-0.5297;0.5633;-0.009786;5.533015;2.843934;0.617;0.7625;0.1945;-4.4E-4;5.302414;3.718138;0.617;0.7625;0.1945;0.660484;4.771809;3.701602;0.617;0.7625;0.1945;0.808534;4.574656;3.349551;0.6341;-0.5297;0.5633;0.660484;4.771809;3.701602;0.6341;-0.5297;0.5633;-0.009785;4.052085;3.779212;0.6341;-0.5297;0.5633;-0.672123;4.595179;3.372392;0.4261;0.2758;-0.8616;-0.009785;4.112781;3.545587;0.4261;0.2758;-0.8616;-0.014195;3.421034;3.322003;0.4261;0.2758;-0.8616;0.706248;4.596184;3.206027;0.6341;0.7718;0.0458;1.11E-4;5.221939;2.43695;0.6341;0.7718;0.0458;7.25E-4;5.136354;3.8708;0.6341;0.7718;0.0458;7.25E-4;5.136354;3.8708;-0.6065;0.7936;0.0476;1.11E-4;5.221939;2.43695;-0.6065;0.7936;0.0476;-0.730882;4.616084;3.223843;-0.6065;0.7936;0.0476;-0.730882;4.616084;3.223843;-0.0185;-0.7838;-0.6207;1.11E-4;5.221939;2.43695;-0.0185;-0.7838;-0.6207;0.706248;4.596184;3.206027;-0.0185;-0.7838;-0.6207;7.25E-4;5.136354;3.8708;-0.003;-0.7776;0.6287;-0.730882;4.616084;3.223843;-0.003;-0.7776;0.6287;0.706248;4.596184;3.206027;-0.003;-0.7776;0.6287;0.706248;4.416831;3.023576;0.6168;0.7832;-0.078;1.11E-4;4.880183;2.091968;0.6168;0.7832;-0.078;7.25E-4;5.038497;3.686798;0.6168;0.7832;-0.078;7.25E-4;5.038497;3.686798;-0.5877;0.8051;-0.0797;1.11E-4;4.880183;2.091968;-0.5877;0.8051;-0.0797;-0.730882;4.440135;3.036626;-0.5877;0.8051;-0.0797;-0.730882;4.440135;3.036626;-0.0185;-0.9007;-0.4339;1.11E-4;4.880183;2.091968;-0.0185;-0.9007;-0.4339;0.706248;4.416831;3.023576;-0.0185;-0.9007;-0.4339;7.25E-4;5.038497;3.686798;-0.0057;-0.7326;0.6806;-0.730882;4.440135;3.036626;-0.0057;-0.7326;0.6806;0.706248;4.416831;3.023576;-0.0057;-0.7326;0.6806
3;0.638271;0.237925;0.385683
0.159716;4.173628;5.057557;0.0;-0.6333;0.7739;-0.179283;4.173628;5.057557;0.0;-0.6333;0.7739;-0.009784;3.976707;4.89641;0.0;-0.6333;0.7739
6
INFO;Snow Wolf;A big bad wolf! Doesn't hunt sheep just yet, but it will in future versions.;5000;30;2;wolf.png;sheepBaa2
LIFE;4.2;8;0;FALL_DEATH;1.5;2.5;60;0;50;0.01;1;LIFE;2;SNOW;5;2.135;2;2;0;1;0;0.15;5;1;pt;0.3
GROWTH;1;4;2
MOVEMENT;13;speed;1.3;bounce;1.8;upRot;300;gravFactor;0.85;frontZ;2;0.385;1.32;backZ;2;-0.358;-1.265;
AI;PATROL
NAME;1
