1;
ptw
0;1
3
-0.8;-0.033335;-0.86;0.8;1.406963;0.8;1
57;2
36;-1.0;0.0;0.0;0.12
0.309081;0.879849;-0.288258;0.523392;-0.850032;0.058901;0.275139;0.897599;0.269438;0.523392;-0.850032;0.058901;-0.107217;0.635281;-0.118625;0.523392;-0.850032;0.058901;0.130914;1.406963;0.029893;-0.033845;0.417463;0.908048;-0.298146;0.983996;0.208351;-0.033845;0.417463;0.908048;0.275139;0.897599;0.269438;-0.033845;0.417463;0.908048;0.130914;1.406963;0.029893;0.954772;0.293252;0.048769;0.275139;0.897599;0.269438;0.954772;0.293252;0.048769;0.309081;0.879849;-0.288258;0.954772;0.293252;0.048769;0.130914;1.406963;0.029893;0.318033;0.566393;-0.760277;0.309081;0.879849;-0.288258;0.318033;0.566393;-0.760277;-0.216462;1.133525;-0.319126;0.318033;0.566393;-0.760277;0.130914;1.406963;0.029893;-0.676534;0.729301;0.101962;-0.216462;1.133525;-0.319126;-0.676534;0.729301;0.101962;-0.298146;0.983996;0.208351;-0.676534;0.729301;0.101962;0.275139;0.897599;0.269438;-0.180029;-0.723472;0.666433;-0.298146;0.983996;0.208351;-0.180029;-0.723472;0.666433;-0.107217;0.635281;-0.118625;-0.180029;-0.723472;0.666433;-0.298146;0.983996;0.208351;-0.928037;-0.294961;-0.227332;-0.216462;1.133525;-0.319126;-0.928037;-0.294961;-0.227332;-0.107217;0.635281;-0.118625;-0.928037;-0.294961;-0.227332;-0.216462;1.133525;-0.319126;-0.137608;-0.395581;-0.908048;0.309081;0.879849;-0.288258;-0.137608;-0.395581;-0.908048;-0.107217;0.635281;-0.118625;-0.137608;-0.395581;-0.908048;-0.218581;0.619609;0.067955;0.431196;0.80517;-0.407086;-0.303126;0.806458;0.347969;0.431196;0.80517;-0.407086;-0.054695;0.614748;0.231928;0.431196;0.80517;-0.407086;-0.054695;0.614748;0.231928;0.351726;-0.107059;0.929929;-0.303126;0.806458;0.347969;0.351726;-0.107059;0.929929;-0.312355;0.511615;0.317508;0.351726;-0.107059;0.929929;-0.312355;0.511615;0.317508;-0.9429;0.063265;-0.326914;-0.303126;0.806458;0.347969;-0.9429;0.063265;-0.326914;-0.218581;0.619609;0.067955;-0.9429;0.063265;-0.326914;-0.054695;0.614748;0.231928;0.268685;-0.916684;-0.295724;-0.312355;0.511615;0.317508;0.268685;-0.916684;-0.295724;-0.218581;0.619609;0.067955;0.268685;-0.916684;-0.295724
21;0.76;0.57;0.45;0.08
0.002237;-0.033335;-0.092751;0.0;-1.0;0.0;0.076834;-0.033335;0.036455;0.0;-1.0;0.0;-0.07236;-0.033335;0.036455;0.0;-1.0;0.0;0.002237;-0.033335;-0.092751;0.865108;0.045961;-0.499466;0.002237;0.902682;-0.006613;0.865108;0.045961;-0.499466;0.076834;-0.033335;0.036455;0.865108;0.045961;-0.499466;0.076834;-0.033335;0.036455;0.0;0.045961;0.998932;0.002237;0.902682;-0.006613;0.0;0.045961;0.998932;-0.07236;-0.033335;0.036455;0.0;0.045961;0.998932;-0.07236;-0.033335;0.036455;-0.865108;0.045961;-0.499466;0.002237;0.902682;-0.006613;-0.865108;0.045961;-0.499466;0.002237;-0.033335;-0.092751;-0.865108;0.045961;-0.499466;0.004885;0.457464;-0.035699;0.339244;0.895352;-0.288461;-0.244371;0.656443;0.288738;0.339244;0.895352;-0.288461;0.027924;0.464192;0.012278;0.339244;0.895352;-0.288461;0.027924;0.464192;0.012278;0.372204;-0.548967;0.748375;-0.244371;0.656443;0.288738;0.372204;-0.548967;0.748375;-0.001314;0.421617;-0.004413;0.372204;-0.548967;0.748375;-0.001314;0.421617;-0.004413;-0.836421;-0.271065;-0.476333;-0.244371;0.656443;0.288738;-0.836421;-0.271065;-0.476333;0.004885;0.457464;-0.035699;-0.836421;-0.271065;-0.476333
-2.331029;-0.301961;-1.984793;1.170375;5.045503;2.192912;3;0;extraBounds;2;-2.166002;2.711325;-1.926692;0.962352;4.872562;1.999855;-0.341124;-0.059012;-0.334799;0.241769;3.092271;0.194348
192;2
120;-1.0;0.0;0.0;0.05
0.908817;3.011601;-0.147359;-0.271615;-0.938261;0.214148;0.722634;3.231159;0.578391;-0.271615;-0.938261;0.214148;0.226144;3.21899;-0.104638;-0.271615;-0.938261;0.214148;1.170375;3.793418;0.201534;0.074435;0.513627;0.854762;0.295339;3.841039;0.249123;0.074435;0.513627;0.854762;0.722634;3.231159;0.578391;0.074435;0.513627;0.854762;1.170375;3.793418;0.201534;0.833155;-0.432508;0.344584;0.722634;3.231159;0.578391;0.833155;-0.432508;0.344584;0.908817;3.011601;-0.147359;0.833155;-0.432508;0.344584;1.170375;3.793418;0.201534;0.783776;0.014801;-0.620808;0.908817;3.011601;-0.147359;0.783776;0.014801;-0.620808;0.683214;3.749078;-0.414563;0.783776;0.014801;-0.620808;1.170375;3.793418;0.201534;0.048067;0.992798;-0.109439;0.683214;3.749078;-0.414563;0.048067;0.992798;-0.109439;0.295339;3.841039;0.249123;0.048067;0.992798;-0.109439;0.722634;3.231159;0.578391;-0.78338;-0.239113;0.573687;0.295339;3.841039;0.249123;-0.78338;-0.239113;0.573687;0.226144;3.21899;-0.104638;-0.78338;-0.239113;0.573687;0.295339;3.841039;0.249123;-0.777093;0.374187;-0.505997;0.683214;3.749078;-0.414563;-0.777093;0.374187;-0.505997;0.226144;3.21899;-0.104638;-0.777093;0.374187;-0.505997;0.683214;3.749078;-0.414563;-0.172796;-0.381817;-0.907926;0.908817;3.011601;-0.147359;-0.172796;-0.381817;-0.907926;0.226144;3.21899;-0.104638;-0.172796;-0.381817;-0.907926;-1.337792;4.639751;-1.590106;-0.292001;-0.054872;-0.954833;-0.054065;4.676031;-1.984793;-0.292001;-0.054872;-0.954833;-0.154155;3.206146;-1.869694;-0.292001;-0.054872;-0.954833;-0.054065;4.676031;-1.984793;0.754784;0.600513;-0.263833;0.085885;5.045503;-0.743515;0.754784;0.600513;-0.263833;0.84707;3.865124;-1.252563;0.754784;0.600513;-0.263833;-0.054065;4.676031;-1.984793;0.569994;-0.102634;-0.81518;0.84707;3.865124;-1.252563;0.569994;-0.102634;-0.81518;-0.154155;3.206146;-1.869694;0.569994;-0.102634;-0.81518;-1.337792;4.639751;-1.590106;-0.587207;-0.341716;-0.733726;-0.154155;3.206146;-1.869694;-0.587207;-0.341716;-0.733726;-0.937964;2.988622;-1.14109;-0.587207;-0.341716;-0.733726;-0.937964;2.988622;-1.14109;0.253883;-0.9429;0.215491;0.410425;3.563924;-0.212648;0.253883;-0.9429;0.215491;-0.957643;3.231378;-0.055785;0.253883;-0.9429;0.215491;-0.154155;3.206146;-1.869694;0.340098;-0.936399;0.086276;0.410425;3.563924;-0.212648;0.340098;-0.936399;0.086276;-0.937964;2.988622;-1.14109;0.340098;-0.936399;0.086276;0.84707;3.865124;-1.252563;0.827357;0.341105;0.446181;0.085885;5.045503;-0.743515;0.827357;0.341105;0.446181;0.410425;3.563924;-0.212648;0.827357;0.341105;0.446181;-1.337792;4.639751;-1.590106;-0.84814;-0.320139;-0.42204;-0.937964;2.988622;-1.14109;-0.84814;-0.320139;-0.42204;-1.621185;3.991342;-0.528759;-0.84814;-0.320139;-0.42204;-0.154155;3.206146;-1.869694;0.553514;-0.832759;-0.008759;0.84707;3.865124;-1.252563;0.553514;-0.832759;-0.008759;0.410425;3.563924;-0.212648;0.553514;-0.832759;-0.008759;0.085885;5.045503;-0.743515;0.585894;0.384014;0.713584;-0.705506;4.561493;0.166715;0.585894;0.384014;0.713584;0.410425;3.563924;-0.212648;0.585894;0.384014;0.713584;-1.621185;3.991342;-0.528759;-0.78399;-0.608631;0.121921;-0.937964;2.988622;-1.14109;-0.78399;-0.608631;0.121921;-0.957643;3.231378;-0.055785;-0.78399;-0.608631;0.121921;-0.705506;4.561493;0.166715;-0.596271;-0.02118;0.802454;-1.621185;3.991342;-0.528759;-0.596271;-0.02118;0.802454;-0.957643;3.231378;-0.055785;-0.596271;-0.02118;0.802454;0.410425;3.563924;-0.212648;0.15772;-0.191931;0.968627;-0.705506;4.561493;0.166715;0.15772;-0.191931;0.968627;-0.957643;3.231378;-0.055785;0.15772;-0.191931;0.968627;-0.054065;4.676031;-1.984793;-0.11063;0.95587;-0.272042;-1.337792;4.639751;-1.590106;-0.11063;0.95587;-0.272042;0.085885;5.045503;-0.743515;-0.11063;0.95587;-0.272042;0.085885;5.045503;-0.743515;-0.362957;0.915891;0.171422;-1.337792;4.639751;-1.590106;-0.362957;0.915891;0.171422;-0.705506;4.561493;0.166715;-0.362957;0.915891;0.171422;-1.337792;4.639751;-1.590106;-0.646474;0.715567;0.264534;-1.621185;3.991342;-0.528759;-0.646474;0.715567;0.264534;-0.705506;4.561493;0.166715;-0.646474;0.715567;0.264534;-1.502215;4.395416;1.602566;0.547349;0.650014;0.527116;-1.010704;3.502786;2.192912;0.547349;0.650014;0.527116;-0.121272;3.57284;1.182928;0.547349;0.650014;0.527116;-1.010704;3.502786;2.192912;-0.084475;-0.62627;0.774987;-1.946544;2.986939;1.674054;-0.084475;-0.62627;0.774987;-0.85246;2.680371;1.545585;-0.084475;-0.62627;0.774987;-1.010704;3.502786;2.192912;0.717185;-0.340526;0.607959;-0.85246;2.680371;1.545585;0.717185;-0.340526;0.607959;-0.121272;3.57284;1.182928;0.717185;-0.340526;0.607959;-1.502215;4.395416;1.602566;0.540361;0.82635;0.158422;-0.121272;3.57284;1.182928;0.540361;0.82635;0.158422;-0.575971;4.017153;0.416412;0.540361;0.82635;0.158422;-0.575971;4.017153;0.416412;0.602893;-0.207526;-0.770348;-1.071496;2.703046;0.382629;0.602893;-0.207526;-0.770348;-1.372681;3.6888;-0.118652;0.602893;-0.207526;-0.770348;-0.121272;3.57284;1.182928;0.752281;-0.268197;-0.601733;-1.071496;2.703046;0.382629;0.752281;-0.268197;-0.601733;-0.575971;4.017153;0.416412;0.752281;-0.268197;-0.601733;-0.85246;2.680371;1.545585;-0.266243;-0.963378;0.031343;-1.946544;2.986939;1.674054;-0.266243;-0.963378;0.031343;-1.071496;2.703046;0.382629;-0.266243;-0.963378;0.031343;-1.502215;4.395416;1.602566;0.142155;0.969756;-0.198218;-0.575971;4.017153;0.416412;0.142155;0.969787;-0.198218;-1.872749;4.239834;0.575746;0.142155;0.969787;-0.198218;-0.121272;3.57284;1.182928;0.733665;-0.662465;-0.151097;-0.85246;2.680371;1.545585;0.733665;-0.662465;-0.151097;-1.071496;2.703046;0.382629;0.733665;-0.662465;-0.151097;-1.946544;2.986939;1.674054;-0.492203;-0.858333;-0.14481;-2.331029;3.384287;0.625758;-0.492203;-0.858333;-0.14481;-1.071496;2.703046;0.382629;-0.492203;-0.858333;-0.14481;-1.872749;4.239834;0.575746;0.065462;0.804041;-0.590899;-0.575971;4.017153;0.416412;0.065462;0.804041;-0.590899;-1.372681;3.6888;-0.118652;0.065462;0.804041;-0.590899;-2.331029;3.384287;0.625758;-0.642781;0.303171;-0.703482;-1.872749;4.239834;0.575746;-0.642781;0.303171;-0.703482;-1.372681;3.6888;-0.118652;-0.642781;0.303171;-0.703482;-1.071496;2.703046;0.382629;-0.420667;-0.510025;-0.750237;-2.331029;3.384287;0.625758;-0.420667;-0.510025;-0.750237;-1.372681;3.6888;-0.118652;-0.420667;-0.510025;-0.750237;-1.010704;3.502786;2.192912;-0.562334;0.217872;0.797662;-1.502215;4.395416;1.602566;-0.562334;0.217872;0.797662;-1.946544;2.986939;1.674054;-0.562334;0.217872;0.797662;-1.946544;2.986939;1.674054;-0.856868;0.291879;0.424909;-1.502215;4.395416;1.602566;-0.856868;0.291879;0.424909;-2.331029;3.384287;0.625758;-0.856868;0.291879;0.424909;-1.502215;4.395416;1.602566;-0.850795;0.469527;0.235878;-1.872749;4.239834;0.575746;-0.850795;0.469527;0.235878;-2.331029;3.384287;0.625758;-0.850795;0.469527;0.235878
72;0.76;0.57;0.45;0.03
-0.076516;2.685773;-0.348229;-0.776208;-0.630177;0.018128;-0.055568;2.663347;-0.230897;-0.776208;-0.630177;0.018128;-0.139325;2.764451;-0.302594;-0.776208;-0.630177;0.018128;-0.076516;2.685773;-0.348229;0.719779;-0.646779;-0.252113;0.710082;3.423651;0.004487;0.719779;-0.646779;-0.252113;-0.055568;2.663347;-0.230897;0.719779;-0.646779;-0.252113;-0.055568;2.663347;-0.230897;-0.474136;0.212989;0.854274;0.710082;3.423651;0.004487;-0.474136;0.212989;0.854274;-0.139325;2.764451;-0.302594;-0.474136;0.212989;0.854274;-0.139325;2.764451;-0.302594;-0.048158;0.472091;-0.880215;0.710082;3.423651;0.004487;-0.048158;0.472091;-0.880215;-0.076516;2.685773;-0.348229;-0.048158;0.472091;-0.880215;-0.338033;1.912686;-0.100137;-0.920164;-0.173193;-0.351085;-0.277206;1.909032;-0.272404;-0.92938;-0.176;-0.324412;0.108856;-0.301961;-0.17886;-0.738609;-0.125492;-0.662313;-0.277206;1.909032;-0.272404;0.338389;0.019257;-0.940794;-0.106964;1.882113;-0.211721;0.359691;0.021485;-0.932798;0.108856;-0.301961;-0.17886;0.669332;0.054994;-0.740898;-0.106964;1.882113;-0.211721;0.922575;0.157353;0.352245;-0.167792;1.885767;-0.039454;0.932707;0.153844;0.32606;0.120176;-0.301961;0.169153;0.730308;0.190344;0.656026;-0.167792;1.885767;-0.039454;-0.328837;0.046632;0.943205;-0.338033;1.912686;-0.100137;-0.360607;0.038697;0.931883;0.120176;-0.301961;0.169153;-0.666738;-0.047487;0.743736;-0.338033;1.912686;-0.100137;-0.285867;0.266762;0.920377;-0.167792;1.885767;-0.039454;-0.285867;0.266762;0.920377;0.145696;4.023019;-0.561566;-0.285867;0.266762;0.920377;-0.167792;1.885767;-0.039454;0.941038;-0.056551;0.333476;-0.106964;1.882113;-0.211721;0.941038;-0.056551;0.333476;0.145696;4.023019;-0.561566;0.941038;-0.056551;0.333476;-0.277206;1.909032;-0.272404;-0.932554;0.141087;-0.332255;-0.338033;1.912686;-0.100137;-0.932554;0.141087;-0.332255;0.145696;4.023019;-0.561566;-0.932554;0.141087;-0.332255;-0.106964;1.882113;-0.211721;0.303171;-0.188421;-0.934111;-0.277206;1.909032;-0.272404;0.303171;-0.188421;-0.934111;0.145696;4.023019;-0.561566;0.303171;-0.188421;-0.934111;-0.151806;1.942244;-0.087181;0.034425;-0.559313;0.828211;-1.095481;3.190425;0.79497;0.034425;-0.559313;0.828211;-0.304904;1.879799;-0.122982;0.034425;-0.559313;0.828211;-0.258584;1.99757;-0.231974;0.08359;0.683187;-0.725425;-1.095481;3.190425;0.79497;0.08359;0.683187;-0.725425;-0.136314;2.048435;-0.16998;0.08359;0.683187;-0.725425;-0.304904;1.879799;-0.122982;-0.843349;-0.146672;-0.516892;-1.095481;3.190425;0.79497;-0.843349;-0.146672;-0.516892;-0.258584;1.99757;-0.231974;-0.843349;-0.146672;-0.516892;-0.136314;2.048435;-0.16998;0.823298;0.269387;0.499527;-1.095481;3.190425;0.79497;0.823298;0.269387;0.499527;-0.151806;1.942244;-0.087181;0.823298;0.269387;0.499527;-0.258584;1.99757;-0.231974;0.479659;-0.641346;-0.598773;-0.136314;2.048435;-0.16998;0.547929;-0.562609;-0.619037;-0.151806;1.942244;-0.087181;0.483505;-0.637287;-0.600055;0.108856;-0.301961;-0.17886;0.0;-1.0;0.0;0.288522;-0.301961;-0.010513;0.0;-1.0;0.0;0.120176;-0.301961;0.169153;0.0;-1.0;0.0;-0.05949;-0.301961;8.07E-4;-0.724265;-0.122013;-0.67861;-0.338033;1.912686;-0.100137;-0.920164;-0.173193;-0.351085;0.108856;-0.301961;-0.17886;-0.738609;-0.125492;-0.662313;-0.106964;1.882113;-0.211721;0.359691;0.021485;-0.932798;0.288522;-0.301961;-0.010513;0.682638;0.05649;-0.728538;0.108856;-0.301961;-0.17886;0.669332;0.054994;-0.740898;0.288522;-0.301961;-0.010513;0.716208;0.191504;0.671072;-0.106964;1.882113;-0.211721;0.922575;0.157353;0.352245;0.120176;-0.301961;0.169153;0.730308;0.190344;0.656026;-0.338033;1.912686;-0.100137;-0.360607;0.038697;0.931883;-0.05949;-0.301961;8.07E-4;-0.682791;-0.052644;0.72869;0.120176;-0.301961;0.169153;-0.666738;-0.047487;0.743736;-0.304904;1.879799;-0.122982;0.420454;-0.699789;-0.577471;-0.258584;1.99757;-0.231974;0.479659;-0.641346;-0.598773;-0.151806;1.942244;-0.087181;0.483505;-0.637287;-0.600055;-0.05949;-0.301961;8.07E-4;0.0;-1.0;0.0;0.108856;-0.301961;-0.17886;0.0;-1.0;0.0;0.120176;-0.301961;0.169153;0.0;-1.0;0.0
-5.348648;-0.60154;-5.04761;3.63194;8.894755;4.081821;1.8;0;extraBounds;3;-3.273964;4.353018;-4.576091;2.693396;7.833647;1.295875;-5.730135;4.03165;-1.385363;-0.795745;8.705933;3.981596;-0.990409;-0.266271;-0.900961;0.46129;5.183434;0.687609
312;2
180;-1.0;0.0;0.0;0.04
-4.010376;3.814228;0.695593;0.105716;-0.687674;-0.718253;-4.045386;5.660921;-1.077639;0.105716;-0.687674;-0.718253;-1.171814;5.712305;-0.703802;0.105716;-0.687674;-0.718253;-4.045386;5.660921;-1.077639;-0.921262;-0.278298;-0.271645;-4.010376;3.814228;0.695593;-0.921262;-0.278298;-0.271645;-5.348648;5.980815;3.014584;-0.921262;-0.278298;-0.271645;-4.010376;3.814228;0.695593;0.346019;-0.834132;-0.429456;-1.171814;5.712305;-0.703802;0.346019;-0.834132;-0.429456;-1.028799;4.228672;2.293032;0.346019;-0.834132;-0.429456;-4.010376;3.814228;0.695593;-0.063387;-0.930845;0.359844;-1.028799;4.228672;2.293032;-0.063387;-0.930845;0.359844;-3.701606;4.97662;3.756877;-0.063387;-0.930845;0.359844;-4.010376;3.814228;0.695593;-0.596149;-0.728782;0.336833;-3.701606;4.97662;3.756877;-0.596149;-0.728782;0.336833;-5.348648;5.980815;3.014584;-0.596149;-0.728782;0.336833;-4.045386;5.660921;-1.077639;-0.949461;0.063601;-0.307352;-5.348648;5.980815;3.014584;-0.949461;0.063601;-0.307352;-4.705989;8.223064;1.493407;-0.949461;0.063601;-0.307352;-1.171814;5.712305;-0.703802;0.12711;-0.346202;-0.929502;-4.045386;5.660921;-1.077639;0.12711;-0.346202;-0.929502;-2.465518;7.843622;-1.674561;0.12711;-0.346202;-0.929502;-1.028799;4.228672;2.293032;0.823817;-0.491348;-0.282571;-1.171814;5.712305;-0.703802;0.823817;-0.491348;-0.282571;0.006796;6.643986;1.112317;0.823817;-0.491348;-0.282571;-3.701606;4.97662;3.756877;0.255104;-0.589038;0.766747;-1.028799;4.228672;2.293032;0.255104;-0.589038;0.766747;-1.386032;6.402467;4.081821;0.255104;-0.589038;0.766747;-5.348648;5.980815;3.014584;-0.099368;0.480911;0.87109;-3.701606;4.97662;3.756877;-0.099368;0.480911;0.87109;-3.041986;7.392769;2.498177;-0.099368;0.480911;0.87109;-4.045386;5.660921;-1.077639;-0.734275;0.377087;-0.56444;-4.705989;8.223064;1.493407;-0.734275;0.377087;-0.56444;-2.465518;7.843622;-1.674561;-0.734275;0.377087;-0.56444;-1.171814;5.712305;-0.703802;0.773858;0.195318;-0.602435;-2.465518;7.843622;-1.674561;0.773858;0.195318;-0.602435;0.006796;6.643986;1.112317;0.773858;0.195318;-0.602435;-1.028799;4.228672;2.293032;0.89526;-0.18598;0.404797;0.006796;6.643986;1.112317;0.89526;-0.18598;0.404797;-1.386032;6.402467;4.081821;0.89526;-0.18598;0.404797;-3.701606;4.97662;3.756877;-0.41789;0.506851;0.753929;-1.386032;6.402467;4.081821;-0.41789;0.506851;0.753929;-3.041986;7.392769;2.498177;-0.41789;0.506851;0.753929;-5.348648;5.980815;3.014584;-0.182989;0.587298;0.788385;-3.041986;7.392769;2.498177;-0.182989;0.587298;0.788385;-4.705989;8.223064;1.493407;-0.182989;0.587298;0.788385;-2.465518;7.843622;-1.674561;-0.44499;0.796106;-0.410047;-4.705989;8.223064;1.493407;-0.44499;0.796106;-0.410047;-2.59154;8.894755;0.502938;-0.44499;0.796106;-0.410047;0.006796;6.643986;1.112317;0.664296;0.687429;-0.293405;-2.465518;7.843622;-1.674561;0.664296;0.687429;-0.293405;-2.59154;8.894755;0.502938;0.664296;0.687429;-0.293405;-1.386032;6.402467;4.081821;0.572771;0.750481;0.329691;0.006796;6.643986;1.112317;0.572771;0.750481;0.329691;-2.59154;8.894755;0.502938;0.572771;0.750481;0.329691;-3.041986;7.392769;2.498177;-0.080691;0.804987;0.587756;-1.386032;6.402467;4.081821;-0.080691;0.804987;0.587756;-2.59154;8.894755;0.502938;-0.080691;0.804987;0.587756;-4.705989;8.223064;1.493407;0.031068;0.79516;0.605579;-3.041986;7.392769;2.498177;0.031068;0.79516;0.605579;-2.59154;8.894755;0.502938;0.031068;0.79516;0.605579;1.848784;5.17856;0.784673;-0.029633;-0.996918;-0.072512;0.298692;5.281601;0.001974;-0.029633;-0.996918;-0.072512;1.344854;5.371691;-1.663735;-0.029633;-0.996918;-0.072512;0.298692;5.281601;0.001974;-0.442061;-0.337291;0.831111;1.848784;5.17856;0.784673;-0.442061;-0.337291;0.831111;1.624041;7.375987;1.556931;-0.442061;-0.337291;0.831111;1.848784;5.17856;0.784673;0.089297;-0.991302;-0.096561;1.344854;5.371691;-1.663735;0.089297;-0.991302;-0.096561;3.63194;5.502915;-0.895319;0.089297;-0.991302;-0.096561;1.848784;5.17856;0.784673;0.666005;-0.399823;0.629719;3.63194;5.502915;-0.895319;0.666005;-0.399823;0.629719;2.874155;7.156572;0.956103;0.666005;-0.399823;0.629719;1.848784;5.17856;0.784673;0.377514;-0.272408;0.885006;2.874155;7.156572;0.956103;0.377514;-0.272408;0.885006;1.624041;7.375987;1.556931;0.377514;-0.272408;0.885006;0.298692;5.281601;0.001974;-0.585315;-0.210852;0.782891;1.624041;7.375987;1.556931;-0.585315;-0.210852;0.782891;0.331852;7.566051;0.642059;-0.585315;-0.210852;0.782891;1.344854;5.371691;-1.663735;-0.360729;-0.891263;-0.274758;0.298692;5.281601;0.001974;-0.360729;-0.891263;-0.274758;-0.346526;6.033502;-1.589857;-0.360729;-0.891263;-0.274758;3.63194;5.502915;-0.895319;0.295511;-0.541276;-0.787164;1.344854;5.371691;-1.663735;0.295511;-0.541276;-0.787164;2.16763;6.628297;-2.218925;0.295511;-0.541276;-0.787164;2.874155;7.156572;0.956103;0.945616;0.303995;0.115482;3.63194;5.502915;-0.895319;0.945616;0.303995;0.115482;2.904958;7.707429;-0.746013;0.945616;0.303995;0.115482;1.624041;7.375987;1.556931;0.316385;0.887845;0.334056;2.874155;7.156572;0.956103;0.316385;0.887845;0.334056;1.679107;8.108701;-0.442547;0.316385;0.887845;0.334056;0.298692;5.281601;0.001974;-0.936521;-0.081912;0.340892;0.331852;7.566051;0.642059;-0.936521;-0.081912;0.340892;-0.346526;6.033502;-1.589857;-0.936521;-0.081912;0.340892;1.344854;5.371691;-1.663735;-0.161596;-0.308359;-0.937437;-0.346526;6.033502;-1.589857;-0.161596;-0.308359;-0.937437;2.16763;6.628297;-2.218925;-0.161596;-0.308359;-0.937437;3.63194;5.502915;-0.895319;0.75454;0.288736;-0.589251;2.16763;6.628297;-2.218925;0.75454;0.288736;-0.589251;2.904958;7.707429;-0.746013;0.75454;0.288736;-0.589251;2.874155;7.156572;0.956103;0.362163;0.884884;0.292917;2.904958;7.707429;-0.746013;0.362163;0.884884;0.292917;1.679107;8.108701;-0.442547;0.362163;0.884884;0.292917;1.624041;7.375987;1.556931;-0.10303;0.934843;0.339732;1.679107;8.108701;-0.442547;-0.10303;0.934843;0.339732;0.331852;7.566051;0.642059;-0.10303;0.934843;0.339732;-0.346526;6.033502;-1.589857;-0.946074;0.316111;0.070498;0.331852;7.566051;0.642059;-0.946074;0.316111;0.070498;0.185849;7.565076;-1.312848;-0.946074;0.316111;0.070498;2.16763;6.628297;-2.218925;-0.293008;0.26783;-0.917814;-0.346526;6.033502;-1.589857;-0.293008;0.26783;-0.917814;0.185849;7.565076;-1.312848;-0.293008;0.26783;-0.917814;2.904958;7.707429;-0.746013;0.087649;0.782128;-0.616901;2.16763;6.628297;-2.218925;0.087649;0.782128;-0.616901;0.185849;7.565076;-1.312848;0.087649;0.782128;-0.616901;1.679107;8.108701;-0.442547;0.092746;0.76516;-0.637104;2.904958;7.707429;-0.746013;0.092746;0.76516;-0.637104;0.185849;7.565076;-1.312848;0.092746;0.76516;-0.637104;0.331852;7.566051;0.642059;-0.355327;0.934355;0.026063;1.679107;8.108701;-0.442547;-0.355327;0.934355;0.026063;0.185849;7.565076;-1.312848;-0.355327;0.934355;0.026063;-0.666707;4.125737;-3.243032;-0.621174;-0.78283;0.035432;-1.159786;4.602561;-1.352457;-0.621174;-0.78283;0.035432;-2.797051;5.858174;-2.314345;-0.621174;-0.78283;0.035432;-1.159786;4.602561;-1.352457;0.532945;-0.777001;0.334971;-0.666707;4.125737;-3.243032;0.532945;-0.777001;0.334971;1.528977;5.698612;-3.088036;0.532945;-0.777001;0.334971;-0.666707;4.125737;-3.243032;-0.649586;-0.756096;-0.079623;-2.797051;5.858174;-2.314345;-0.649586;-0.756096;-0.079623;-2.249393;5.675538;-5.04761;-0.649586;-0.756096;-0.079623;-0.666707;4.125737;-3.243032;0.221778;-0.63506;-0.739921;-2.249393;5.675538;-5.04761;0.221778;-0.63506;-0.739921;0.672304;5.984633;-4.437145;0.221778;-0.63506;-0.739921;-0.666707;4.125737;-3.243032;0.531663;-0.694418;-0.484817;0.672304;5.984633;-4.437145;0.531663;-0.694418;-0.484817;1.528977;5.698612;-3.088036;0.531663;-0.694418;-0.484817;-1.159786;4.602561;-1.352457;0.599811;-0.54741;0.583544;1.528977;5.698612;-3.088036;0.599811;-0.54741;0.583544;0.779458;6.75578;-1.325932;0.599811;-0.54741;0.583544;-2.797051;5.858174;-2.314345;-0.693564;-0.606128;0.389294;-1.159786;4.602561;-1.352457;-0.693564;-0.606128;0.389294;-2.097767;6.298992;-0.382172;-0.693564;-0.606128;0.389294;-2.249393;5.675538;-5.04761;-0.980102;0.017701;-0.197546;-2.797051;5.858174;-2.314345;-0.980102;0.017701;-0.197546;-2.594219;7.484907;-3.174658;-0.980102;0.017701;-0.197546;0.672304;5.984633;-4.437145;0.192114;0.109806;-0.975188;-2.249393;5.675538;-5.04761;0.192114;0.109806;-0.975188;-0.487935;7.822823;-4.458711;0.192114;0.109806;-0.975188;1.528977;5.698612;-3.088036;0.663625;0.696127;-0.273812;0.672304;5.984633;-4.437145;0.663625;0.696127;-0.273812;0.054583;7.241703;-2.738365;0.663625;0.696127;-0.273812;-1.159786;4.602561;-1.352457;0.340678;-0.317728;0.884854;0.779458;6.75578;-1.325932;0.340678;-0.317728;0.884854;-2.097767;6.298992;-0.382172;0.340678;-0.317728;0.884854;-2.797051;5.858174;-2.314345;-0.92523;0.260964;0.275307;-2.097767;6.298992;-0.382172;-0.92523;0.260964;0.275307;-2.594219;7.484907;-3.174658;-0.92523;0.260964;0.275307;-2.249393;5.675538;-5.04761;-0.489761;0.580218;-0.650716;-2.594219;7.484907;-3.174658;-0.489761;0.580218;-0.650716;-0.487935;7.822823;-4.458711;-0.489761;0.580218;-0.650716;0.672304;5.984633;-4.437145;0.842921;0.531022;-0.086428;-0.487935;7.822823;-4.458711;0.842921;0.531022;-0.086428;0.054583;7.241703;-2.738365;0.842921;0.531022;-0.086428;1.528977;5.698612;-3.088036;0.70397;0.699911;-0.120457;0.054583;7.241703;-2.738365;0.70397;0.699911;-0.120457;0.779458;6.75578;-1.325932;0.70397;0.699911;-0.120457;-2.097767;6.298992;-0.382172;0.274972;0.207495;0.93878;0.779458;6.75578;-1.325932;0.274972;0.207495;0.93878;-0.894251;7.622698;-1.0273;0.274972;0.207495;0.93878;-2.594219;7.484907;-3.174658;-0.569567;0.715232;0.404981;-2.097767;6.298992;-0.382172;-0.569567;0.715232;0.404981;-0.894251;7.622698;-1.0273;-0.569567;0.715232;0.404981;-0.487935;7.822823;-4.458711;-0.133244;0.990173;0.041963;-2.594219;7.484907;-3.174658;-0.133244;0.990173;0.041963;-0.894251;7.622698;-1.0273;-0.133244;0.990173;0.041963;0.054583;7.241703;-2.738365;0.538163;0.835292;0.11243;-0.487935;7.822823;-4.458711;0.538163;0.835292;0.11243;-0.894251;7.622698;-1.0273;0.538163;0.835292;0.11243;0.779458;6.75578;-1.325932;0.467849;0.881527;0.063143;0.054583;7.241703;-2.738365;0.467849;0.881527;0.063143;-0.894251;7.622698;-1.0273;0.467849;0.881527;0.063143
132;0.76;0.57;0.45;0.025
1.041631;-0.60154;0.815559;0.919797;0.254128;0.298868;1.223403;-0.60154;0.256119;0.920591;0.25425;0.296304;0.247075;3.090465;0.121278;0.930723;0.255654;0.261452;0.747515;-0.60154;-0.089634;-0.577624;-0.191565;-0.793481;0.271627;-0.60154;0.256119;-0.576891;-0.191412;-0.794031;-0.25335;3.018325;-0.235073;-0.586261;-0.193701;-0.786584;1.223403;-0.60154;0.256119;0.587512;0.029542;-0.808649;0.747515;-0.60154;-0.089634;0.586901;0.02945;-0.809107;0.365209;3.018325;-0.235073;0.578051;0.02826;-0.815485;0.271627;-0.60154;0.256119;-0.946684;-0.095553;0.307596;0.453401;-0.60154;0.815559;-0.946226;-0.094974;0.309214;-0.25335;3.018325;-0.235073;-0.940703;-0.088626;0.327342;0.453401;-0.60154;0.815559;0.0;0.18479;0.982757;1.041631;-0.60154;0.815559;0.0;0.18479;0.982757;0.247075;3.090465;0.121278;0.0;0.18479;0.982757;-0.135216;3.090465;0.121278;0.0;0.444472;0.895779;0.247075;3.090465;0.121278;0.0;0.444472;0.895779;0.017825;4.711594;-0.6831;0.0;0.444472;0.895779;0.247075;3.090465;0.121278;0.931883;0.264809;0.247871;0.365209;3.018325;-0.235073;0.929228;0.268593;0.25367;0.106254;4.516904;-0.873272;0.948698;0.238411;0.207617;0.05593;2.97374;-0.455309;-0.574511;-0.353557;-0.738151;-0.25335;3.018325;-0.235073;-0.575854;-0.353618;-0.737083;-0.356767;4.516904;-0.873272;-0.565233;-0.353069;-0.745537;0.365209;3.018325;-0.235073;0.586291;-0.22953;-0.776879;0.05593;2.97374;-0.455309;0.581195;-0.230323;-0.78045;0.106254;4.516904;-0.873272;0.543199;-0.235939;-0.80575;-0.25335;3.018325;-0.235073;-0.951048;0.063173;0.302469;-0.135216;3.090465;0.121278;-0.949309;0.066683;0.307138;-0.356767;4.516904;-0.873272;-0.937468;0.088961;0.336436;0.017825;4.711594;-0.6831;0.94583;0.292917;0.139897;0.106254;4.516904;-0.873272;0.94583;0.292917;0.139897;-0.125256;6.075801;-2.572083;0.94583;0.292917;0.139897;-0.125256;4.39658;-0.990804;-0.58742;-0.554765;-0.589129;-0.356767;4.516904;-0.873272;-0.58742;-0.554765;-0.589129;-0.125256;6.075801;-2.572083;-0.58742;-0.554765;-0.589129;0.106254;4.516904;-0.873272;0.58742;-0.554765;-0.589129;-0.125256;4.39658;-0.990804;0.58742;-0.554765;-0.589129;-0.125256;6.075801;-2.572083;0.58742;-0.554765;-0.589129;-0.356767;4.516904;-0.873272;-0.94583;0.292917;0.139897;-0.268337;4.711594;-0.6831;-0.94583;0.292917;0.139897;-0.125256;6.075801;-2.572083;-0.94583;0.292917;0.139897;-0.268337;4.711594;-0.6831;0.0;0.810663;0.585467;0.017825;4.711594;-0.6831;0.0;0.810663;0.585467;-0.125256;6.075801;-2.572083;0.0;0.810663;0.585467;1.098162;6.012898;-1.092482;-0.052065;-0.052034;-0.997284;1.264563;5.853411;-1.092846;-0.052065;-0.052034;-0.997284;-0.188938;4.669683;-0.955188;-0.052065;-0.052034;-0.997284;1.264563;5.853411;-1.092846;0.721946;-0.691946;-0.001556;1.276564;5.865407;-0.862982;0.721946;-0.691946;-0.001556;-0.010536;4.522191;-0.725688;0.721946;-0.691946;-0.001556;1.276564;5.865407;-0.862982;0.052065;0.052034;0.997284;1.110162;6.024893;-0.862617;0.052065;0.052034;0.997284;-0.176938;4.681678;-0.725323;0.052065;0.052034;0.997284;1.110162;6.024893;-0.862617;-0.721946;0.691946;0.001556;1.098162;6.012898;-1.092482;-0.721946;0.691946;0.001556;-0.176938;4.681678;-0.725323;-0.721946;0.691946;0.001556;-1.488194;5.464567;1.171929;0.804437;0.285165;0.521073;-1.551341;5.326218;1.345127;0.804865;0.287545;0.519089;0.14673;3.602516;-0.332899;0.8099;0.318155;0.492752;-1.551341;5.326218;1.345127;-0.194525;-0.697043;0.690085;-1.732879;5.255149;1.22217;-0.19303;-0.696402;0.691183;0.145832;3.353239;-0.169322;-0.176733;-0.688894;0.702963;-1.732879;5.255149;1.22217;-0.817255;-0.25251;-0.51796;-1.669732;5.393497;1.048972;-0.819422;-0.263314;-0.509079;-0.076372;3.488466;-0.530217;-0.778893;-0.119724;-0.615558;-1.669732;5.393497;1.048972;0.184637;0.710868;-0.67861;-1.488194;5.464567;1.171929;0.182653;0.709983;-0.680074;0.14673;3.602516;-0.332899;0.210883;0.72216;-0.658773;0.453401;-0.60154;0.815559;0.0;-1.0;0.0;0.271627;-0.60154;0.256119;0.0;-0.999969;0.0;1.041631;-0.60154;0.815559;0.0;-0.999969;0.0;1.223403;-0.60154;0.256119;0.920591;0.25425;0.296304;0.365209;3.018325;-0.235073;0.931883;0.255806;0.257118;0.247075;3.090465;0.121278;0.930723;0.255654;0.261452;0.05593;2.97374;-0.455309;-0.58742;-0.193976;-0.785668;0.747515;-0.60154;-0.089634;-0.577624;-0.191565;-0.793481;-0.25335;3.018325;-0.235073;-0.586261;-0.193701;-0.786584;0.747515;-0.60154;-0.089634;0.586901;0.02945;-0.809107;0.05593;2.97374;-0.455309;0.577105;0.028138;-0.816157;0.365209;3.018325;-0.235073;0.578051;0.02826;-0.815485;0.453401;-0.60154;0.815559;-0.946226;-0.094974;0.309214;-0.135216;3.090465;0.121278;-0.940062;-0.087924;0.329417;-0.25335;3.018325;-0.235073;-0.940703;-0.088626;0.327342;-0.135216;3.090465;0.121278;0.0;0.18479;0.982757;0.453401;-0.60154;0.815559;0.0;0.18479;0.982757;0.247075;3.090465;0.121278;0.0;0.18479;0.982757;-0.268337;4.711594;-0.6831;0.0;0.444472;0.895779;-0.135216;3.090465;0.121278;0.0;0.444472;0.895779;0.017825;4.711594;-0.6831;0.0;0.444472;0.895779;0.017825;4.711594;-0.6831;0.950865;0.234626;0.20191;0.247075;3.090465;0.121278;0.931883;0.264809;0.247871;0.106254;4.516904;-0.873272;0.948698;0.238411;0.207617;-0.125256;4.39658;-0.990804;-0.562853;-0.352947;-0.747368;0.05593;2.97374;-0.455309;-0.574511;-0.353557;-0.738151;-0.356767;4.516904;-0.873272;-0.565233;-0.353069;-0.745537;0.05593;2.97374;-0.455309;0.581195;-0.230323;-0.78045;-0.125256;4.39658;-0.990804;0.534898;-0.237068;-0.810938;0.106254;4.516904;-0.873272;0.543199;-0.235939;-0.80575;-0.135216;3.090465;0.121278;-0.949309;0.066683;0.307138;-0.268337;4.711594;-0.6831;-0.935636;0.092196;0.340648;-0.356767;4.516904;-0.873272;-0.937468;0.088961;0.336436;1.264563;5.853411;-1.092846;-0.052065;-0.052034;-0.997284;-0.022537;4.510195;-0.955553;-0.052065;-0.052034;-0.997284;-0.188938;4.669683;-0.955188;-0.052065;-0.052034;-0.997284;-0.022537;4.510195;-0.955553;0.721946;-0.691946;-0.001556;1.264563;5.853411;-1.092846;0.721946;-0.691946;-0.001556;-0.010536;4.522191;-0.725688;0.721946;-0.691946;-0.001556;-0.010536;4.522191;-0.725688;0.052065;0.052034;0.997284;1.276564;5.865407;-0.862982;0.052065;0.052034;0.997284;-0.176938;4.681678;-0.725323;0.052065;0.052034;0.997284;1.098162;6.012898;-1.092482;-0.721946;0.691946;0.001556;-0.188938;4.669683;-0.955188;-0.721946;0.691946;0.001556;-0.176938;4.681678;-0.725323;-0.721946;0.691946;0.001556;-1.551341;5.326218;1.345127;0.804865;0.287545;0.519089;0.145832;3.353239;-0.169322;0.810114;0.31959;0.49147;0.14673;3.602516;-0.332899;0.8099;0.318155;0.492752;-1.732879;5.255149;1.22217;-0.19303;-0.696402;0.691183;-0.183527;3.249684;-0.352924;-0.175787;-0.688437;0.703635;0.145832;3.353239;-0.169322;-0.176733;-0.688894;0.702963;-0.183527;3.249684;-0.352924;-0.776147;-0.112339;-0.620411;-1.732879;5.255149;1.22217;-0.817255;-0.25251;-0.51796;-0.076372;3.488466;-0.530217;-0.778893;-0.119724;-0.615558;-0.076372;3.488466;-0.530217;0.212226;0.722739;-0.657704;-1.669732;5.393497;1.048972;0.184637;0.710868;-0.67861;0.14673;3.602516;-0.332899;0.210883;0.72216;-0.658773;0.271627;-0.60154;0.256119;0.0;-0.999969;0.0;0.747515;-0.60154;-0.089634;0.0;-1.0;0.0;1.223403;-0.60154;0.256119;0.0;-1.0;0.0;1.041631;-0.60154;0.815559;0.0;-0.999969;0.0;0.271627;-0.60154;0.256119;0.0;-0.999969;0.0;1.223403;-0.60154;0.256119;0.0;-1.0;0.0
5
INFO;NameId;217;DescId;218;price;600;dpPerMin;0;range;3;placeSound;thud
LIFE;averagePop;5.5;averageLife;45.0;popFactors;2;0;0.25;breedMat;22.5;breedTime;16.280209;parentId;-1;FALL_DEATH;fallTime;3;totalTime;5;fallenAngle;60;particleEffect;1;ExplodeTime;0.975;UseMaterial;1;Colour;1;Spawn;2;5;0;1;0;PPS;30;Speed;1.5;Gravity;0.3;Life;3;Scale;0.1;Colour;1;0;0;Additive;0;Alpha;1;FadeIn;0.1;FadeOut;0.8;HasDir;1;Dir;0;1;0;Varience;0.25;Offset;0;5;0;LifeError;0.4;ScaleError;0.3;SpeedError;0.4;RandRot;1;HasXRot;1;XRotSpeed;180;Stages;1;2;enviroReqCount;3;reqId;1;minAltitude;0;maxAltitude;40;influence;0.75;reqId;2;barren;0;goodBiomes;3;0;1;8;idealFactor;60;influence;0.55;reqId;3;badBiomes;1;3;influence;0.8
MATERIAL;second;1;count;9;CUSTOM;0.486;0.639;0.384;4000;CUSTOM;0.686;0.878;0.545;4000;MUD_GREEN;8000;PALE_GREEN;10000;DARK_GREEN;22000;BEIGE;80000;LIGHT_GREY;150000;LILAC;300000;DARK_PURPLE;500000
GROWTH;dynamic;0;growthTime;15.0;modelStages;3;subStages;2
WOOD;cut time;4.5;bark factor;0.3;colour;0.76;0.57;0.45
