1.0
ptl
0;1
3
-0.756259;-0.129788;-1.764242;1.452498;2.246984;1.175338;1
72;2
54;-1.0;0.0;0.0;0.15
0.498049;1.289466;-0.651035;0.1129;-0.7343;0.6693;-0.756259;1.379318;-0.340832;0.1129;-0.7343;0.6693;-0.296544;1.016529;-0.816421;0.1129;-0.7343;0.6693;0.498049;1.289466;-0.651035;0.1894;0.8294;0.5256;-0.462259;1.582577;-0.767494;0.1894;0.8294;0.5256;-0.756259;1.379318;-0.340832;0.1894;0.8294;0.5256;-0.756259;1.379318;-0.340832;-0.7518;-0.603;-0.2668;-0.251199;1.379318;-1.764242;-0.7518;-0.603;-0.2668;-0.296544;1.016529;-0.816421;-0.7518;-0.603;-0.2668;-0.756259;1.379318;-0.340832;-0.7861;0.5516;-0.2789;-0.462259;1.582577;-0.767494;-0.7861;0.5516;-0.2789;-0.251199;1.379318;-1.764242;-0.7861;0.5516;-0.2789;-0.251199;1.379318;-1.764242;0.3037;0.9441;-0.1282;-0.462259;1.582577;-0.767494;0.3037;0.9441;-0.1282;0.498049;1.289466;-0.651035;0.3037;0.9441;-0.1282;-0.251199;1.379318;-1.764242;0.3665;-0.8747;-0.3173;0.498049;1.289466;-0.651035;0.3665;-0.8747;-0.3173;-0.296544;1.016529;-0.816421;0.3665;-0.8747;-0.3173;1.452498;1.906449;-0.479088;0.7536;-0.6454;0.1244;1.303837;2.005255;0.933962;0.7536;-0.6454;0.1244;1.055733;1.582984;0.246208;0.7536;-0.6454;0.1244;1.452498;1.906449;-0.479088;0.7796;0.6251;0.0383;1.14838;2.246984;0.153064;0.7796;0.6251;0.0383;1.303837;2.005255;0.933962;0.7796;0.6251;0.0383;1.303837;2.005255;0.933962;-0.4757;-0.6626;0.5785;0.021039;2.005255;-0.120969;-0.4757;-0.6626;0.5785;1.055733;1.582984;0.246208;-0.4757;-0.6626;0.5785;1.303837;2.005255;0.933962;-0.2745;0.9018;0.3338;1.14838;2.246984;0.153064;-0.2745;0.9018;0.3338;0.021039;2.005255;-0.120969;-0.2745;0.9018;0.3338;0.021039;2.005255;-0.120969;-0.0647;0.8652;-0.4972;1.14838;2.246984;0.153064;-0.0647;0.8652;-0.4972;1.452498;1.906449;-0.479088;-0.0647;0.8652;-0.4972;0.021039;2.005255;-0.120969;-0.1796;-0.8582;-0.4809;1.452498;1.906449;-0.479088;-0.1796;-0.8582;-0.4809;1.055733;1.582984;0.246208;-0.1796;-0.8582;-0.4809;0.867869;1.126179;0.662705;0.2254;-0.7581;0.612;-0.238705;1.210986;1.175338;0.2254;-0.7581;0.612;0.184293;0.923916;0.663921;0.2254;-0.7581;0.612;0.867869;1.126179;0.662705;0.3182;0.7648;0.5603;0.267942;1.359616;0.684753;0.3182;0.7648;0.5603;-0.238705;1.210986;1.175338;0.3182;0.7648;0.5603;-0.238705;1.210986;1.175338;-0.6357;-0.766;-0.0958;-0.026261;1.210986;-0.234298;-0.6357;-0.766;-0.0958;0.184293;0.923916;0.663921;-0.6357;-0.766;-0.0958;-0.238705;1.210986;1.175338;-0.3245;0.9446;-0.0489;0.267942;1.359616;0.684753;-0.3245;0.9446;-0.0489;-0.026261;1.210986;-0.234298;-0.3245;0.9446;-0.0489;-0.026261;1.210986;-0.234298;0.3424;0.9041;-0.2558;0.267942;1.359616;0.684753;0.3424;0.9041;-0.2558;0.867869;1.126179;0.662705;0.3424;0.9041;-0.2558;-0.026261;1.210986;-0.234298;0.2653;-0.8986;-0.3494;0.867869;1.126179;0.662705;0.2653;-0.8986;-0.3494;0.184293;0.923916;0.663921;0.2653;-0.8986;-0.3494
18;0.522;0.325;0.314;0.08
0.027227;-0.08858;0.034118;0.2242;-0.2192;0.9496;1.017079;2.004127;0.283554;0.2242;-0.2192;0.9496;-0.212098;-0.129788;0.081116;0.2242;-0.2192;0.9496;-0.212098;-0.129788;0.081116;-0.8109;0.4965;-0.3098;1.017079;2.004127;0.283554;-0.8109;0.4965;-0.3098;-0.108249;-0.08858;-0.124704;-0.8109;0.4965;-0.3098;-0.108249;-0.08858;-0.124704;0.7322;-0.2719;-0.6245;1.017079;2.004127;0.283554;0.7322;-0.2719;-0.6245;0.027227;-0.08858;0.034118;0.7322;-0.2719;-0.6245;0.232522;0.455486;0.061704;-0.3523;0.6835;0.6393;-0.218675;1.314965;-1.105962;-0.3523;0.6835;0.6393;0.077988;0.335379;0.104966;-0.3523;0.6835;0.6393;0.077988;0.335379;0.104966;-0.5279;-0.7189;-0.4522;-0.218675;1.314965;-1.105962;-0.5279;-0.7189;-0.4522;0.164276;0.335379;0.004237;-0.5279;-0.7189;-0.4522;0.164276;0.335379;0.004237;0.8349;-0.2367;-0.4968;-0.218675;1.314965;-1.105962;0.8349;-0.2367;-0.4968;0.232522;0.455486;0.061704;0.8349;-0.2367;-0.4968
-3.279419;-0.133666;-4.742898;3.519029;7.097086;3.655231;3;0;extraBounds;2;-3.183451;3.027031;-4.315475;3.354278;6.843985;2.977857;-0.33988;0.002023;-0.348812;0.298791;3.902739;0.224654
303;2
186;-1.0;0.0;0.0;0.06
0.40731;4.017255;-0.954777;0.4591;0.8308;0.3146;1.505152;3.994962;-2.497945;0.4591;0.8308;0.3146;-0.651965;5.049708;-2.135597;0.4591;0.8308;0.3146;-0.634252;3.239734;-2.43576;-0.663;-0.7284;0.1726;-1.600142;4.362843;-1.406708;-0.663;-0.7284;0.1726;-2.313465;4.450526;-3.776428;-0.663;-0.7284;0.1726;-1.600142;4.362843;-1.406708;-0.4842;0.8568;0.1775;-0.651965;5.049708;-2.135597;-0.4842;0.8568;0.1775;-2.313465;4.450526;-3.776428;-0.4842;0.8568;0.1775;0.40731;4.017255;-0.954777;0.7063;-0.4915;0.5096;0.756307;3.02598;-2.394603;0.7063;-0.4915;0.5096;1.505152;3.994962;-2.497945;0.7063;-0.4915;0.5096;-1.600142;4.362843;-1.406708;-0.023;0.7423;0.6697;0.40731;4.017255;-0.954777;-0.023;0.7423;0.6697;-0.651965;5.049708;-2.135597;-0.023;0.7423;0.6697;-0.651965;5.049708;-2.135597;0.4578;0.8632;0.2129;1.505152;3.994962;-2.497945;0.4578;0.8632;0.2129;0.345012;4.85479;-3.489196;0.4578;0.8632;0.2129;0.756307;3.02598;-2.394603;-0.1212;-0.8778;-0.4634;-0.634252;3.239734;-2.43576;-0.1212;-0.8778;-0.4634;1.16451;3.993977;-4.335104;-0.1212;-0.8778;-0.4634;-0.634252;3.239734;-2.43576;-0.4898;-0.8569;-0.1604;-2.313465;4.450526;-3.776428;-0.4898;-0.8569;-0.1604;-1.254742;4.026301;-4.742898;-0.4898;-0.8569;-0.1604;1.505152;3.994962;-2.497945;0.6562;0.7447;-0.1221;1.16451;3.993977;-4.335104;0.6562;0.7447;-0.1221;0.345012;4.85479;-3.489196;0.6562;0.7447;-0.1221;-2.313465;4.450526;-3.776428;-0.1221;0.9657;-0.229;-0.651965;5.049708;-2.135597;-0.1221;0.9657;-0.229;0.345012;4.85479;-3.489196;-0.1221;0.9657;-0.229;-0.634252;3.239734;-2.43576;0.0435;-0.942;-0.3329;-1.254742;4.026301;-4.742898;0.0435;-0.942;-0.3329;1.16451;3.993977;-4.335104;0.0435;-0.942;-0.3329;1.16451;3.993977;-4.335104;0.1194;0.7514;-0.6489;-1.254742;4.026301;-4.742898;0.1194;0.7514;-0.6489;0.345012;4.85479;-3.489196;0.1194;0.7514;-0.6489;0.756307;3.02598;-2.394603;0.7756;-0.6147;-0.1435;1.16451;3.993977;-4.335104;0.7756;-0.6147;-0.1435;1.505152;3.994962;-2.497945;0.7756;-0.6147;-0.1435;0.40731;4.017255;-0.954777;-0.1437;-0.831;0.5373;-0.634252;3.239734;-2.43576;-0.1437;-0.831;0.5373;0.756307;3.02598;-2.394603;-0.1437;-0.831;0.5373;-0.634252;3.239734;-2.43576;-0.2639;-0.7651;0.5873;0.40731;4.017255;-0.954777;-0.2639;-0.7651;0.5873;-1.600142;4.362843;-1.406708;-0.2639;-0.7651;0.5873;-1.254742;4.026301;-4.742898;-0.082;0.8764;-0.4745;-2.313465;4.450526;-3.776428;-0.082;0.8764;-0.4745;0.345012;4.85479;-3.489196;-0.082;0.8764;-0.4745;1.205954;4.763579;-0.795171;-0.9073;-0.3959;0.1417;1.002587;5.648921;0.376692;-0.9073;-0.3959;0.1417;0.688297;5.61927;-1.718843;-0.9073;-0.3959;0.1417;1.002587;5.648921;0.376692;-0.5587;-0.7055;0.436;1.205954;4.763579;-0.795171;-0.5587;-0.7055;0.436;2.273219;4.596835;0.302651;-0.5587;-0.7055;0.436;1.205954;4.763579;-0.795171;-0.1921;-0.7713;-0.6068;0.688297;5.61927;-1.718843;-0.1921;-0.7713;-0.6068;3.519029;4.611466;-1.334005;-0.1921;-0.7713;-0.6068;1.205954;4.763579;-0.795171;-0.082;-0.9941;-0.0713;3.519029;4.611466;-1.334005;-0.082;-0.9941;-0.0713;2.273219;4.596835;0.302651;-0.082;-0.9941;-0.0713;1.002587;5.648921;0.376692;-0.0537;-0.1344;0.9895;2.273219;4.596835;0.302651;-0.0537;-0.1344;0.9895;3.453975;5.645707;0.509198;-0.0537;-0.1344;0.9895;0.688297;5.61927;-1.718843;-0.4881;0.8707;0.0609;1.002587;5.648921;0.376692;-0.4881;0.8707;0.0609;1.593787;6.077894;-1.018842;-0.4881;0.8707;0.0609;3.519029;4.611466;-1.334005;-0.1896;-0.7668;-0.6132;0.688297;5.61927;-1.718843;-0.1896;-0.7668;-0.6132;2.395682;5.720582;-2.373604;-0.1896;-0.7668;-0.6132;2.273219;4.596835;0.302651;0.5604;-0.7137;0.4202;3.519029;4.611466;-1.334005;0.5604;-0.7137;0.4202;3.453975;5.645707;0.509198;0.5604;-0.7137;0.4202;1.002587;5.648921;0.376692;-0.0143;0.9575;0.2882;3.453975;5.645707;0.509198;-0.0143;0.9575;0.2882;1.593787;6.077894;-1.018842;-0.0143;0.9575;0.2882;0.688297;5.61927;-1.718843;-0.1901;0.9157;-0.354;1.593787;6.077894;-1.018842;-0.1901;0.9157;-0.354;2.395682;5.720582;-2.373604;-0.1901;0.9157;-0.354;1.593787;6.077894;-1.018842;0.0348;0.972;0.2325;3.453975;5.645707;0.509198;0.0348;0.972;0.2325;3.482565;6.052308;-1.194587;0.0348;0.972;0.2325;2.395682;5.720582;-2.373604;-0.0112;0.9652;-0.2612;1.593787;6.077894;-1.018842;-0.0112;0.9652;-0.2612;3.482565;6.052308;-1.194587;-0.0112;0.9652;-0.2612;3.519029;4.611466;-1.334005;0.7206;0.0848;-0.6881;2.395682;5.720582;-2.373604;0.7206;0.0848;-0.6881;3.482565;6.052308;-1.194587;0.7206;0.0848;-0.6881;3.453975;5.645707;0.509198;0.9995;0.0231;0.0223;3.519029;4.611466;-1.334005;0.9995;0.0231;0.0223;3.482565;6.052308;-1.194587;0.9995;0.0231;0.0223;-1.544256;3.690712;0.060119;0.475;0.5119;-0.7158;-2.385978;3.236855;-0.823004;0.475;0.5119;-0.7158;-2.028554;4.367676;0.222912;0.475;0.5119;-0.7158;-3.279419;3.49405;0.020427;-0.5784;0.7586;0.3001;-2.028554;4.367676;0.222912;-0.5784;0.7586;0.3001;-2.997319;3.919901;-0.512278;-0.5784;0.7586;0.3001;-2.028554;4.367676;0.222912;0.6984;0.3494;0.6247;-2.392154;3.450202;1.142599;0.6984;0.3494;0.6247;-1.544256;3.690712;0.060119;0.6984;0.3494;0.6247;-2.392154;3.450202;1.142599;-0.1818;-0.9777;0.1055;-3.279419;3.49405;0.020427;-0.1818;-0.9777;0.1055;-2.385978;3.236855;-0.823004;-0.1818;-0.9777;0.1055;-2.028554;4.367676;0.222912;0.2897;0.5989;-0.7466;-2.385978;3.236855;-0.823004;0.2897;0.5989;-0.7466;-2.997319;3.919901;-0.512278;0.2897;0.5989;-0.7466;-1.544256;3.690712;0.060119;0.3883;-0.916;0.1006;-2.392154;3.450202;1.142599;0.3883;-0.916;0.1006;-2.385978;3.236855;-0.823004;0.3883;-0.916;0.1006;-2.392154;3.450202;1.142599;-0.556;0.6879;0.4665;-2.028554;4.367676;0.222912;-0.556;0.6879;0.4665;-3.279419;3.49405;0.020427;-0.556;0.6879;0.4665;-2.385978;3.236855;-0.823004;-0.6961;-0.3339;-0.6356;-3.279419;3.49405;0.020427;-0.6961;-0.3339;-0.6356;-2.997319;3.919901;-0.512278;-0.6961;-0.3339;-0.6356;-0.134093;5.982295;3.655231;0.156;0.9362;0.315;1.224574;6.426038;1.663994;0.156;0.9362;0.315;-1.546499;6.765697;2.026524;0.156;0.9362;0.315;-0.411872;4.973685;1.527714;-0.2864;-0.958;0.012;-2.372977;5.574724;2.701061;-0.2864;-0.958;0.012;-3.088673;5.753953;-0.073347;-0.2864;-0.958;0.012;-2.372977;5.574724;2.701061;-0.7334;0.6395;0.2305;-1.546499;6.765697;2.026524;-0.7334;0.6395;0.2305;-3.088673;5.753953;-0.073347;-0.7334;0.6395;0.2305;-0.134093;5.982295;3.655231;0.8304;-0.187;0.5249;0.976648;5.218786;1.626213;0.8304;-0.187;0.5249;1.224574;6.426038;1.663994;0.8304;-0.187;0.5249;-2.372977;5.574724;2.701061;-0.396;0.645;0.6536;-0.134093;5.982295;3.655231;-0.396;0.645;0.6536;-1.546499;6.765697;2.026524;-0.396;0.645;0.6536;-1.546499;6.765697;2.026524;0.1577;0.9289;0.335;1.224574;6.426038;1.663994;0.1577;0.9289;0.335;-0.320892;7.097086;0.53066;0.1577;0.9289;0.335;0.976648;5.218786;1.626213;0.1836;-0.8261;-0.5328;-0.411872;4.973685;1.527714;0.1836;-0.8261;-0.5328;0.928406;6.564677;-0.477341;0.1836;-0.8261;-0.5328;-0.411872;4.973685;1.527714;-0.1453;-0.9631;-0.2265;-3.088673;5.753953;-0.073347;-0.1453;-0.9631;-0.2265;-1.728736;5.801303;-1.146718;-0.1453;-0.9631;-0.2265;1.224574;6.426038;1.663994;0.3953;0.9185;0.0048;0.928406;6.564677;-0.477341;0.3953;0.9185;0.0048;-0.320892;7.097086;0.53066;0.3953;0.9185;0.0048;-3.088673;5.753953;-0.073347;-0.4086;0.9027;-0.1348;-1.546499;6.765697;2.026524;-0.4086;0.9027;-0.1348;-0.320892;7.097086;0.53066;-0.4086;0.9027;-0.1348;-0.411872;4.973685;1.527714;0.3476;-0.8337;-0.4291;-1.728736;5.801303;-1.146718;0.3476;-0.8337;-0.4291;0.928406;6.564677;-0.477341;0.3476;-0.8337;-0.4291;0.928406;6.564677;-0.477341;-0.097;0.8254;-0.5562;-1.728736;5.801303;-1.146718;-0.097;0.8254;-0.5562;-0.320892;7.097086;0.53066;-0.097;0.8254;-0.5562;0.976648;5.218786;1.626213;0.9698;-0.1946;-0.1467;0.928406;6.564677;-0.477341;0.9698;-0.1946;-0.1467;1.224574;6.426038;1.663994;0.9698;-0.1946;-0.1467;-0.134093;5.982295;3.655231;0.1301;-0.9024;0.4108;-0.411872;4.973685;1.527714;0.1301;-0.9024;0.4108;0.976648;5.218786;1.626213;0.1301;-0.9024;0.4108;-0.411872;4.973685;1.527714;-0.0191;-0.9025;0.4303;-0.134093;5.982295;3.655231;-0.0191;-0.9025;0.4303;-2.372977;5.574724;2.701061;-0.0191;-0.9025;0.4303;-1.728736;5.801303;-1.146718;-0.3337;0.8606;-0.3848;-3.088673;5.753953;-0.073347;-0.3337;0.8606;-0.3848;-0.320892;7.097086;0.53066;-0.3337;0.8606;-0.3848;0.057213;3.714415;0.921947;-0.1566;0.8803;-0.4478;-0.117371;3.972894;1.491156;-0.1566;0.8803;-0.4478;0.985611;3.957174;1.074586;-0.1566;0.8803;-0.4478;0.653361;3.629023;2.059041;0.8209;0.3978;0.4097;0.985611;3.957174;1.074586;0.8209;0.3978;0.4097;0.613465;4.061491;1.719033;0.8209;0.3978;0.4097;0.985611;3.957174;1.074586;0.2863;-0.6556;-0.6987;0.29134;3.341021;1.368223;0.2863;-0.6556;-0.6987;0.057213;3.714415;0.921947;0.2863;-0.6556;-0.6987;0.29134;3.341021;1.368223;-0.6441;-0.5249;0.5564;0.653361;3.629023;2.059041;-0.6441;-0.5249;0.5564;-0.117371;3.972894;1.491156;-0.6441;-0.5249;0.5564;0.985611;3.957174;1.074586;-0.0587;0.9795;-0.1925;-0.117371;3.972894;1.491156;-0.0587;0.9795;-0.1925;0.613465;4.061491;1.719033;-0.0587;0.9795;-0.1925;0.057213;3.714415;0.921947;-0.8407;-0.5414;-0.012;0.29134;3.341021;1.368223;-0.8407;-0.5414;-0.012;-0.117371;3.972894;1.491156;-0.8407;-0.5414;-0.012;0.29134;3.341021;1.368223;0.6564;-0.7538;-0.0297;0.985611;3.957174;1.074586;0.6564;-0.7538;-0.0297;0.653361;3.629023;2.059041;0.6564;-0.7538;-0.0297;-0.117371;3.972894;1.491156;-0.3067;0.5706;0.7618;0.653361;3.629023;2.059041;-0.3067;0.5706;0.7618;0.613465;4.061491;1.719033;-0.3067;0.5706;0.7618
117;0.522;0.325;0.314;0.03
-0.157759;1.985853;-0.400537;0.2563;-0.1084;-0.9605;0.233326;0.65102;-0.145457;0.2563;-0.1084;-0.9605;-0.157759;0.364018;-0.217415;0.2563;-0.1084;-0.9605;0.233326;0.65102;-0.145457;0.8399;0.0586;0.5396;-0.0;2.087915;0.061605;0.8399;0.0586;0.5396;-0.0;0.300005;0.255863;0.8399;0.0586;0.5396;-0.0;2.087915;0.061605;-0.9467;0.0348;0.3203;-0.157759;0.364018;-0.217415;-0.9467;0.0348;0.3203;-0.0;0.300005;0.255863;-0.9467;0.0348;0.3203;0.315519;2.019874;-0.24649;0.6094;0.6266;0.4857;-0.139092;4.23788;-2.537333;0.6094;0.6266;0.4857;-0.0;2.087915;0.061605;0.6094;0.6266;0.4857;-0.157759;1.985853;-0.400537;0.2744;-0.6631;-0.6965;-0.139092;4.23788;-2.537333;0.2744;-0.6631;-0.6965;0.315519;2.019874;-0.24649;0.2744;-0.6631;-0.6965;-0.559794;4.037957;0.681841;-0.8542;-0.3635;0.3719;-0.157759;1.985853;-0.400537;-0.8542;-0.3635;0.3719;-0.0;2.087915;0.061605;-0.8542;-0.3635;0.3719;-0.157759;1.985853;-0.400537;0.2568;0.4036;-0.8782;-0.457242;4.069018;0.469319;0.2568;0.4036;-0.8782;0.315519;2.019874;-0.24649;0.2568;0.4036;-0.8782;0.315519;2.019874;-0.24649;0.6951;-0.0289;0.7183;-0.559794;4.037957;0.681841;0.6951;-0.0289;0.7183;-0.0;2.087915;0.061605;0.6951;-0.0289;0.7183;-0.457242;4.069018;0.469319;0.9017;-0.0219;0.4319;-0.795968;6.401461;1.294486;0.9017;-0.0219;0.4319;-0.559794;4.037957;0.681841;0.9017;-0.0219;0.4319;-0.693227;4.057205;0.41567;0.1907;0.3519;-0.9164;-0.795968;6.401461;1.294486;0.1907;0.3519;-0.9164;-0.457242;4.069018;0.469319;0.1907;0.3519;-0.9164;-0.112925;2.896043;0.047579;0.2809;0.9441;-0.1724;-2.579561;3.634683;0.073818;0.2809;0.9441;-0.1724;-0.211066;2.966464;0.273394;0.2809;0.9441;-0.1724;-0.211066;2.966464;0.273394;-0.1765;-0.3507;0.9197;-2.579561;3.634683;0.073818;-0.1765;-0.3507;0.9197;-0.132859;2.698854;0.18634;-0.1765;-0.3507;0.9197;-0.132859;2.698854;0.18634;-0.1748;-0.5548;-0.8135;-2.579561;3.634683;0.073818;-0.1748;-0.5548;-0.8135;-0.112925;2.896043;0.047579;-0.1748;-0.5548;-0.8135;-0.308573;3.365935;0.415346;0.2028;0.3261;0.9233;1.064932;3.863526;-0.062045;0.2028;0.3261;0.9233;-0.432749;3.613071;0.355342;0.2028;0.3261;0.9233;1.064932;3.863526;-0.062045;-0.3077;0.4067;-0.8602;-0.364877;3.361759;0.212228;-0.3077;0.4067;-0.8602;-0.432749;3.613071;0.355342;-0.3077;0.4067;-0.8602;1.16877;3.730454;0.032989;0.7765;-0.5851;-0.2339;1.125605;3.752846;-0.166286;0.7765;-0.5851;-0.2339;2.459378;5.725418;-0.673299;0.7765;-0.5851;-0.2339;-0.364877;3.361759;0.212228;0.2287;-0.9725;-0.0434;1.16877;3.730454;0.032989;0.2287;-0.9725;-0.0434;-0.308573;3.365935;0.415346;0.2287;-0.9725;-0.0434;1.125605;3.752846;-0.166286;-0.6721;0.278;-0.6863;1.064932;3.863526;-0.062045;-0.6721;0.278;-0.6863;2.459378;5.725418;-0.673299;-0.6721;0.278;-0.6863;1.064932;3.863526;-0.062045;-0.2187;0.4483;0.8667;1.16877;3.730454;0.032989;-0.2187;0.4483;0.8667;2.459378;5.725418;-0.673299;-0.2187;0.4483;0.8667;-0.157759;1.985853;-0.400537;0.314;-0.0886;-0.9453;0.315519;2.019874;-0.24649;0.314;-0.0886;-0.9453;0.233326;0.65102;-0.145457;0.314;-0.0886;-0.9453;0.233326;0.65102;-0.145457;0.6998;0.0107;0.7143;0.315519;2.019874;-0.24649;0.6998;0.0107;0.7143;-0.0;2.087915;0.061605;0.6998;0.0107;0.7143;-0.157759;1.985853;-0.400537;-0.9308;0.2556;0.2613;-0.0;2.087915;0.061605;-0.9308;0.2556;0.2613;-0.139092;4.23788;-2.537333;-0.9308;0.2556;0.2613;-0.0;2.087915;0.061605;-0.9482;0.0357;0.3158;-0.157759;1.985853;-0.400537;-0.9482;0.0357;0.3158;-0.157759;0.364018;-0.217415;-0.9482;0.0357;0.3158;-0.559794;4.037957;0.681841;-0.8401;-0.3725;0.3942;-0.693227;4.057205;0.41567;-0.8401;-0.3725;0.3942;-0.157759;1.985853;-0.400537;-0.8401;-0.3725;0.3942;-0.157759;1.985853;-0.400537;0.1839;0.4011;-0.8974;-0.693227;4.057205;0.41567;0.1839;0.4011;-0.8974;-0.457242;4.069018;0.469319;0.1839;0.4011;-0.8974;0.315519;2.019874;-0.24649;0.8767;0.174;0.4485;-0.457242;4.069018;0.469319;0.8767;0.174;0.4485;-0.559794;4.037957;0.681841;0.8767;0.174;0.4485;-0.693227;4.057205;0.41567;-0.8818;-0.199;0.4277;-0.559794;4.037957;0.681841;-0.8818;-0.199;0.4277;-0.795968;6.401461;1.294486;-0.8818;-0.199;0.4277;-0.308573;3.365935;0.415346;0.0548;0.6083;0.7918;1.16877;3.730454;0.032989;0.0548;0.6083;0.7918;1.064932;3.863526;-0.062045;0.0548;0.6083;0.7918;1.064932;3.863526;-0.062045;-0.3376;0.5407;-0.7705;1.125605;3.752846;-0.166286;-0.3376;0.5407;-0.7705;-0.364877;3.361759;0.212228;-0.3376;0.5407;-0.7705;-0.364877;3.361759;0.212228;0.2138;-0.9646;-0.1547;1.125605;3.752846;-0.166286;0.2138;-0.9646;-0.1547;1.16877;3.730454;0.032989;0.2138;-0.9646;-0.1547;-0.157759;0.364018;-0.217415;-0.8527;0.3983;0.3381;-0.089501;-0.121913;0.527255;-0.8527;0.3983;0.3381;-0.0;0.300005;0.255863;-0.8527;0.3983;0.3381;-0.0;0.300005;0.255863;0.7527;0.2122;0.6232;0.584023;-0.130605;-0.302884;0.7527;0.2122;0.6232;0.233326;0.65102;-0.145457;0.7527;0.2122;0.6232;-0.157759;0.364018;-0.217415;0.1645;0.4023;-0.9006;0.584023;-0.130605;-0.302884;0.1645;0.4023;-0.9006;-0.426263;-0.133666;-0.488807;0.1645;0.4023;-0.9006;-0.116914;3.422791;0.254696;-0.8885;0.3659;0.277;0.440756;3.762919;1.594283;-0.8885;0.3659;0.277;-0.064187;3.583307;0.211815;-0.8885;0.3659;0.277;-0.064187;3.583307;0.211815;0.7984;0.4865;-0.3548;0.440756;3.762919;1.594283;0.7984;0.4865;-0.3548;0.047032;3.420834;0.239317;0.7984;0.4865;-0.3548;0.047032;3.420834;0.239317;0.0111;-0.9703;0.2417;0.440756;3.762919;1.594283;0.0111;-0.9703;0.2417;-0.116914;3.422791;0.254696;0.0111;-0.9703;0.2417;-0.157759;0.364018;-0.217415;-0.8989;0.3246;0.2942;-0.426263;-0.133666;-0.488807;-0.8989;0.3246;0.2942;-0.089501;-0.121913;0.527255;-0.8989;0.3246;0.2942;-0.0;0.300005;0.255863;0.7564;0.2327;0.6113;-0.089501;-0.121913;0.527255;0.7564;0.2327;0.6113;0.584023;-0.130605;-0.302884;0.7564;0.2327;0.6113;-0.157759;0.364018;-0.217415;0.0266;0.2088;-0.9776;0.233326;0.65102;-0.145457;0.0266;0.2088;-0.9776;0.584023;-0.130605;-0.302884;0.0266;0.2088;-0.9776
-5.073102;-0.008777;-9.856648;6.028269;12.076183;6.43408;1.66666666;0;extraBounds;4;-4.459669;3.529104;-3.721209;5.793183;8.752422;6.251951;-5.845266;8.740964;-6.388393;4.051762;14.307545;5.407043;-2.084901;5.155933;-9.496347;3.382089;8.474545;-2.037347;-0.860535;0.03368;-0.919293;1.139465;10.026617;0.323849
519;2
318;-1.0;0.0;0.0;0.045
-1.25265;5.468265;-2.41744;-0.4277;0.4657;0.7747;1.778302;7.088581;-1.717949;-0.4277;0.4657;0.7747;-0.688793;7.997587;-3.626462;-0.4277;0.4657;0.7747;1.778302;7.088581;-1.717949;0.3489;-0.8358;0.4239;-1.25265;5.468265;-2.41744;0.3489;-0.8358;0.4239;2.231538;5.232963;-5.74971;0.3489;-0.8358;0.4239;-1.25265;5.468265;-2.41744;-0.921;0.3149;0.2292;-0.688793;7.997587;-3.626462;-0.921;0.3149;0.2292;-2.2468;5.596516;-6.589166;-0.921;0.3149;0.2292;-1.25265;5.468265;-2.41744;-0.3524;-0.9342;0.0552;-2.2468;5.596516;-6.589166;-0.3524;-0.9342;0.0552;-1.437928;5.153152;-8.925453;-0.3524;-0.9342;0.0552;-1.25265;5.468265;-2.41744;-0.0206;-0.9986;0.0489;-1.437928;5.153152;-8.925453;-0.0206;-0.9986;0.0489;2.231538;5.232963;-5.74971;-0.0206;-0.9986;0.0489;1.778302;7.088581;-1.717949;0.7883;-0.5205;0.3282;2.231538;5.232963;-5.74971;0.7883;-0.5205;0.3282;3.518149;7.131503;-5.828863;0.7883;-0.5205;0.3282;-0.688793;7.997587;-3.626462;-0.0131;0.8961;0.4437;1.778302;7.088581;-1.717949;-0.0131;0.8961;0.4437;1.963261;8.350127;-4.260365;-0.0131;0.8961;0.4437;-2.2468;5.596516;-6.589166;-0.8899;0.4429;0.109;-0.688793;7.997587;-3.626462;-0.8899;0.4429;0.109;-0.663282;8.734049;-6.409616;-0.8899;0.4429;0.109;-1.437928;5.153152;-8.925453;-0.924;0.1554;-0.3494;-2.2468;5.596516;-6.589166;-0.924;0.1554;-0.3494;-1.118577;7.08727;-8.909424;-0.924;0.1554;-0.3494;2.231538;5.232963;-5.74971;0.2747;-0.9153;-0.2944;-1.437928;5.153152;-8.925453;0.2747;-0.9153;-0.2944;1.299184;6.328177;-10.024181;0.2747;-0.9153;-0.2944;1.778302;7.088581;-1.717949;0.7656;0.5524;0.3298;3.518149;7.131503;-5.828863;0.7656;0.5524;0.3298;1.963261;8.350127;-4.260365;0.7656;0.5524;0.3298;-0.688793;7.997587;-3.626462;-0.0674;0.9647;0.2546;1.963261;8.350127;-4.260365;-0.0674;0.9647;0.2546;-0.663282;8.734049;-6.409616;-0.0674;0.9647;0.2546;-2.2468;5.596516;-6.589166;-0.881;0.4525;-0.1376;-0.663282;8.734049;-6.409616;-0.881;0.4525;-0.1376;-1.118577;7.08727;-8.909424;-0.881;0.4525;-0.1376;-1.437928;5.153152;-8.925453;-0.3985;0.0734;-0.9142;-1.118577;7.08727;-8.909424;-0.3985;0.0734;-0.9142;1.299184;6.328177;-10.024181;-0.3985;0.0734;-0.9142;2.231538;5.232963;-5.74971;0.7812;-0.5423;-0.3093;1.299184;6.328177;-10.024181;0.7812;-0.5423;-0.3093;3.518149;7.131503;-5.828863;0.7812;-0.5423;-0.3093;1.963261;8.350127;-4.260365;0.4665;0.8602;-0.2059;3.518149;7.131503;-5.828863;0.4665;0.8602;-0.2059;0.363536;8.377804;-7.768895;0.4665;0.8602;-0.2059;-0.663282;8.734049;-6.409616;0.2166;0.972;-0.0911;1.963261;8.350127;-4.260365;0.2166;0.972;-0.0911;0.363536;8.377804;-7.768895;0.2166;0.972;-0.0911;-1.118577;7.08727;-8.909424;-0.3435;0.8118;-0.4722;-0.663282;8.734049;-6.409616;-0.3435;0.8118;-0.4722;0.363536;8.377804;-7.768895;-0.3435;0.8118;-0.4722;1.299184;6.328177;-10.024181;-0.0932;0.7173;-0.6905;-1.118577;7.08727;-8.909424;-0.0932;0.7173;-0.6905;0.363536;8.377804;-7.768895;-0.0932;0.7173;-0.6905;3.518149;7.131503;-5.828863;0.5471;0.7198;-0.4272;1.299184;6.328177;-10.024181;0.5471;0.7198;-0.4272;0.363536;8.377804;-7.768895;0.5471;0.7198;-0.4272;3.171913;12.982189;-4.229801;0.803;0.2038;-0.56;4.365551;11.430634;-3.082915;0.803;0.2038;-0.56;2.30894;11.086334;-6.157228;0.803;0.2038;-0.56;-0.177509;9.443697;-4.373804;-0.1299;-0.6324;-0.7636;-2.902248;12.01596;-6.040575;-0.1299;-0.6324;-0.7636;2.30894;11.086334;-6.157228;-0.1299;-0.6324;-0.7636;1.564166;14.354622;-0.452966;0.7573;0.6471;0.0872;4.365551;11.430634;-3.082915;0.7573;0.6471;0.0872;3.171913;12.982189;-4.229801;0.7573;0.6471;0.0872;-2.902248;12.01596;-6.040575;-0.0907;-0.3939;-0.9146;-0.320354;13.121753;-6.773039;-0.0907;-0.3939;-0.9146;2.30894;11.086334;-6.157228;-0.0907;-0.3939;-0.9146;-0.320354;13.121753;-6.773039;0.5309;0.4731;-0.7031;3.171913;12.982189;-4.229801;0.5309;0.4731;-0.7031;2.30894;11.086334;-6.157228;0.5309;0.4731;-0.7031;2.338511;10.130593;1.094431;0.4181;-0.9049;-0.0787;-0.177509;9.443697;-4.373804;0.4181;-0.9049;-0.0787;4.365551;11.430634;-3.082915;0.4181;-0.9049;-0.0787;4.365551;11.430634;-3.082915;0.4391;-0.8769;-0.1955;-0.177509;9.443697;-4.373804;0.4391;-0.8769;-0.1955;2.30894;11.086334;-6.157228;0.4391;-0.8769;-0.1955;-1.92499;9.110214;1.45521;-0.5939;-0.7732;-0.2223;-2.902248;12.01596;-6.040575;-0.5939;-0.7732;-0.2223;-0.177509;9.443697;-4.373804;-0.5939;-0.7732;-0.2223;-3.671366;14.1906;-2.841456;0.1437;0.9791;-0.1437;3.171913;12.982189;-4.229801;0.1437;0.9791;-0.1437;-0.320354;13.121753;-6.773039;0.1437;0.9791;-0.1437;-6.289895;11.380942;-2.010314;-0.4377;0.8689;-0.231;-0.320354;13.121753;-6.773039;-0.4377;0.8689;-0.231;-2.902248;12.01596;-6.040575;-0.4377;0.8689;-0.231;-2.325043;5.352118;3.576979;-0.964;-0.1647;-0.2085;-3.097603;6.937615;5.896087;-0.964;-0.1647;-0.2085;-2.19447;7.235313;1.48581;-0.964;-0.1647;-0.2085;-3.097603;6.937615;5.896087;-0.3487;-0.8238;0.447;-2.325043;5.352118;3.576979;-0.3487;-0.8238;0.447;1.144986;5.584993;6.712822;-0.3487;-0.8238;0.447;-2.325043;5.352118;3.576979;-0.5095;-0.6233;-0.5932;-2.19447;7.235313;1.48581;-0.5095;-0.6233;-0.5932;1.087815;5.361699;0.635475;-0.5095;-0.6233;-0.5932;-2.325043;5.352118;3.576979;-0.266;-0.9122;-0.3117;1.087815;5.361699;0.635475;-0.266;-0.9122;-0.3117;2.822772;4.10269;2.839343;-0.266;-0.9122;-0.3117;-2.325043;5.352118;3.576979;-0.1886;-0.9417;0.2786;2.822772;4.10269;2.839343;-0.1886;-0.9417;0.2786;1.144986;5.584993;6.712822;-0.1886;-0.9417;0.2786;-3.097603;6.937615;5.896087;0.0063;0.5314;0.8471;1.144986;5.584993;6.712822;0.0063;0.5314;0.8471;2.072582;7.001716;5.817058;0.0063;0.5314;0.8471;-2.19447;7.235313;1.48581;-0.3888;0.9211;-0.0174;-3.097603;6.937615;5.896087;-0.3888;0.9211;-0.0174;-0.465238;8.016394;4.192464;-0.3888;0.9211;-0.0174;1.087815;5.361699;0.635475;-0.2443;0.0121;-0.9696;-2.19447;7.235313;1.48581;-0.2443;0.0121;-0.9696;3.345169;6.563352;0.08174;-0.2443;0.0121;-0.9696;2.822772;4.10269;2.839343;0.1157;-0.8205;-0.5598;1.087815;5.361699;0.635475;0.1157;-0.8205;-0.5598;6.13201;5.140533;2.002219;0.1157;-0.8205;-0.5598;1.144986;5.584993;6.712822;0.1395;-0.9031;0.406;2.822772;4.10269;2.839343;0.1395;-0.9031;0.406;6.137602;5.910032;5.720035;0.1395;-0.9031;0.406;-3.097603;6.937615;5.896087;-0.0023;0.8465;0.5324;2.072582;7.001716;5.817058;-0.0023;0.8465;0.5324;-0.465238;8.016394;4.192464;-0.0023;0.8465;0.5324;-2.19447;7.235313;1.48581;0.0395;0.953;-0.3002;-0.465238;8.016394;4.192464;0.0395;0.953;-0.3002;3.345169;6.563352;0.08174;0.0395;0.953;-0.3002;1.087815;5.361699;0.635475;0.17;-0.6576;-0.7339;3.345169;6.563352;0.08174;0.17;-0.6576;-0.7339;6.13201;5.140533;2.002219;0.17;-0.6576;-0.7339;2.822772;4.10269;2.839343;0.3373;-0.9219;0.1903;6.13201;5.140533;2.002219;0.3373;-0.9219;0.1903;6.137602;5.910032;5.720035;0.3373;-0.9219;0.1903;1.144986;5.584993;6.712822;0.1443;0.4596;0.8763;6.137602;5.910032;5.720035;0.1443;0.4596;0.8763;2.072582;7.001716;5.817058;0.1443;0.4596;0.8763;-0.465238;8.016394;4.192464;0.1793;0.9356;0.3041;2.072582;7.001716;5.817058;0.1793;0.9356;0.3041;3.536844;7.697968;2.812127;0.1793;0.9356;0.3041;3.345169;6.563352;0.08174;-0.0575;0.9233;-0.3797;-0.465238;8.016394;4.192464;-0.0575;0.9233;-0.3797;3.536844;7.697968;2.812127;-0.0575;0.9233;-0.3797;6.13201;5.140533;2.002219;0.6034;0.7205;-0.3417;3.345169;6.563352;0.08174;0.6034;0.7205;-0.3417;3.536844;7.697968;2.812127;0.6034;0.7205;-0.3417;6.137602;5.910032;5.720035;0.6694;0.7273;-0.1515;6.13201;5.140533;2.002219;0.6694;0.7273;-0.1515;3.536844;7.697968;2.812127;0.6694;0.7273;-0.1515;2.072582;7.001716;5.817058;0.2519;0.9085;0.3333;6.137602;5.910032;5.720035;0.2519;0.9085;0.3333;3.536844;7.697968;2.812127;0.2519;0.9085;0.3333;1.746356;7.204321;-0.838186;-0.751;-0.6436;-0.147;0.929261;7.909571;0.248513;-0.751;-0.6436;-0.147;1.417864;7.992193;-2.609735;-0.751;-0.6436;-0.147;0.929261;7.909571;0.248513;-0.4498;-0.8648;0.223;1.746356;7.204321;-0.838186;-0.4498;-0.8648;0.223;2.291706;7.336281;0.773313;-0.4498;-0.8648;0.223;1.746356;7.204321;-0.838186;-0.3438;-0.88;-0.3276;1.417864;7.992193;-2.609735;-0.3438;-0.88;-0.3276;3.676826;6.746136;-1.63342;-0.3438;-0.88;-0.3276;1.746356;7.204321;-0.838186;-0.1742;-0.9749;0.1388;3.676826;6.746136;-1.63342;-0.1742;-0.9749;0.1388;2.291706;7.336281;0.773313;-0.1742;-0.9749;0.1388;0.929261;7.909571;0.248513;0.0558;0.7431;0.6669;2.291706;7.336281;0.773313;0.0558;0.7431;0.6669;3.729478;8.096211;-0.193788;0.0558;0.7431;0.6669;1.417864;7.992193;-2.609735;-0.5912;0.8027;-0.0779;0.929261;7.909571;0.248513;-0.5912;0.8027;-0.0779;2.570121;9.013018;-0.834487;-0.5912;0.8027;-0.0779;3.676826;6.746136;-1.63342;-0.3243;-0.8731;-0.364;1.417864;7.992193;-2.609735;-0.3243;-0.8731;-0.364;4.133664;7.67309;-4.263983;-0.3243;-0.8731;-0.364;2.291706;7.336281;0.773313;0.2693;-0.888;0.3727;3.676826;6.746136;-1.63342;0.2693;-0.888;0.3727;5.993276;8.003673;-0.311389;0.2693;-0.888;0.3727;0.929261;7.909571;0.248513;0.0788;0.6361;0.7675;3.729478;8.096211;-0.193788;0.0788;0.6361;0.7675;2.570121;9.013018;-0.834487;0.0788;0.6361;0.7675;1.417864;7.992193;-2.609735;-0.1494;0.896;-0.4182;2.570121;9.013018;-0.834487;-0.1494;0.896;-0.4182;4.133664;7.67309;-4.263983;-0.1494;0.896;-0.4182;3.676826;6.746136;-1.63342;-0.0177;-0.942;-0.335;4.133664;7.67309;-4.263983;-0.0177;-0.942;-0.335;6.400464;7.052852;-2.639809;-0.0177;-0.942;-0.335;3.676826;6.746136;-1.63342;0.2481;-0.8809;0.4031;6.400464;7.052852;-2.639809;0.2481;-0.8809;0.4031;5.993276;8.003673;-0.311389;0.2481;-0.8809;0.4031;2.291706;7.336281;0.773313;0.0651;0.7353;0.6746;5.993276;8.003673;-0.311389;0.0651;0.7353;0.6746;3.729478;8.096211;-0.193788;0.0651;0.7353;0.6746;2.570121;9.013018;-0.834487;0.4176;0.8124;0.4068;3.729478;8.096211;-0.193788;0.4176;0.8124;0.4068;4.756458;8.829352;-2.712411;0.4176;0.8124;0.4068;4.133664;7.67309;-4.263983;-0.3369;0.8147;-0.4719;2.570121;9.013018;-0.834487;-0.3369;0.8147;-0.4719;4.756458;8.829352;-2.712411;-0.3369;0.8147;-0.4719;6.400464;7.052852;-2.639809;0.5873;0.5181;-0.6218;4.133664;7.67309;-4.263983;0.5873;0.5181;-0.6218;4.756458;8.829352;-2.712411;0.5873;0.5181;-0.6218;5.993276;8.003673;-0.311389;0.7291;0.6688;-0.1456;6.400464;7.052852;-2.639809;0.7291;0.6688;-0.1456;4.756458;8.829352;-2.712411;0.7291;0.6688;-0.1456;3.729478;8.096211;-0.193788;0.0545;0.9525;0.2995;5.993276;8.003673;-0.311389;0.0545;0.9525;0.2995;4.756458;8.829352;-2.712411;0.0545;0.9525;0.2995;-3.053062;4.230918;-1.651889;0.6554;-0.1151;-0.7464;-4.153255;5.098743;-2.751759;0.6554;-0.1151;-0.7464;-2.161966;5.321115;-1.037629;0.6554;-0.1151;-0.7464;-4.153255;5.098743;-2.751759;-0.0608;-0.8123;-0.5801;-3.053062;4.230918;-1.651889;-0.0608;-0.8123;-0.5801;-5.177907;3.48242;-0.381157;-0.0608;-0.8123;-0.5801;-3.053062;4.230918;-1.651889;0.8143;-0.5168;-0.2642;-2.161966;5.321115;-1.037629;0.8143;-0.5168;-0.2642;-2.218573;4.432899;0.52535;0.8143;-0.5168;-0.2642;-3.053062;4.230918;-1.651889;0.5354;-0.8349;-0.1278;-2.218573;4.432899;0.52535;0.5354;-0.8349;-0.1278;-3.5941;3.453156;1.163044;0.5354;-0.8349;-0.1278;-3.053062;4.230918;-1.651889;0.2015;-0.9534;-0.2247;-3.5941;3.453156;1.163044;0.2015;-0.9534;-0.2247;-5.177907;3.48242;-0.381157;0.2015;-0.9534;-0.2247;-4.153255;5.098743;-2.751759;-0.8504;-0.1839;-0.4929;-5.177907;3.48242;-0.381157;-0.8504;-0.1839;-0.4929;-5.692833;4.521627;0.119462;-0.8504;-0.1839;-0.4929;-2.161966;5.321115;-1.037629;0.0863;0.9702;-0.2261;-4.153255;5.098743;-2.751759;0.0863;0.9702;-0.2261;-3.929721;5.607582;-0.48339;0.0863;0.9702;-0.2261;-2.218573;4.432899;0.52535;0.9723;-0.2167;-0.0879;-2.161966;5.321115;-1.037629;0.9723;-0.2167;-0.0879;-1.909259;5.128859;2.229746;0.9723;-0.2167;-0.0879;-3.5941;3.453156;1.163044;0.592;-0.8049;0.0403;-2.218573;4.432899;0.52535;0.592;-0.8049;0.0403;-3.032166;3.975206;3.33698;0.592;-0.8049;0.0403;-5.177907;3.48242;-0.381157;-0.3027;-0.9068;0.2933;-3.5941;3.453156;1.163044;-0.3027;-0.9068;0.2933;-5.904186;4.578217;2.257877;-0.3027;-0.9068;0.2933;-4.153255;5.098743;-2.751759;-0.5519;0.8236;-0.1304;-5.692833;4.521627;0.119462;-0.5519;0.8236;-0.1304;-3.929721;5.607582;-0.48339;-0.5519;0.8236;-0.1304;-2.161966;5.321115;-1.037629;0.1734;0.9838;0.0445;-3.929721;5.607582;-0.48339;0.1734;0.9838;0.0445;-1.909259;5.128859;2.229746;0.1734;0.9838;0.0445;-2.218573;4.432899;0.52535;0.7661;-0.6316;0.1189;-1.909259;5.128859;2.229746;0.7661;-0.6316;0.1189;-3.032166;3.975206;3.33698;0.7661;-0.6316;0.1189;-3.5941;3.453156;1.163044;-0.3014;-0.9065;0.2956;-3.032166;3.975206;3.33698;-0.3014;-0.9065;0.2956;-5.904186;4.578217;2.257877;-0.3014;-0.9065;0.2956;-5.177907;3.48242;-0.381157;-0.9078;-0.4118;-0.0788;-5.904186;4.578217;2.257877;-0.9078;-0.4118;-0.0788;-5.692833;4.521627;0.119462;-0.9078;-0.4118;-0.0788;-3.929721;5.607582;-0.48339;-0.5402;0.8387;-0.0691;-5.692833;4.521627;0.119462;-0.5402;0.8387;-0.0691;-3.737512;5.907161;1.64925;-0.5402;0.8387;-0.0691;-1.909259;5.128859;2.229746;0.4299;0.8879;-0.1635;-3.929721;5.607582;-0.48339;0.4299;0.8879;-0.1635;-3.737512;5.907161;1.64925;0.4299;0.8879;-0.1635;-3.032166;3.975206;3.33698;0.0479;0.667;0.7435;-1.909259;5.128859;2.229746;0.0479;0.667;0.7435;-3.737512;5.907161;1.64925;0.0479;0.667;0.7435;-5.904186;4.578217;2.257877;-0.1607;0.6154;0.7716;-3.032166;3.975206;3.33698;-0.1607;0.6154;0.7716;-3.737512;5.907161;1.64925;-0.1607;0.6154;0.7716;-5.692833;4.521627;0.119462;-0.5366;0.8404;-0.0753;-5.904186;4.578217;2.257877;-0.5366;0.8404;-0.0753;-3.737512;5.907161;1.64925;-0.5366;0.8404;-0.0753;-2.874323;11.281413;6.409093;-0.0221;0.796;0.6049;0.263241;13.087719;4.146799;-0.0221;0.796;0.6049;-3.25937;14.17147;2.592026;-0.0221;0.796;0.6049;0.263241;13.087719;4.146799;0.1675;0.6439;0.7465;-2.874323;11.281413;6.409093;0.1675;0.6439;0.7465;1.013599;10.984074;5.792895;0.1675;0.6439;0.7465;-2.874323;11.281413;6.409093;-0.7293;0.508;0.4582;-3.25937;14.17147;2.592026;-0.7293;0.508;0.4582;-5.563133;9.964387;3.58935;-0.7293;0.508;0.4582;-2.874323;11.281413;6.409093;-0.0019;-0.9053;0.4247;-5.563133;9.964387;3.58935;-0.0019;-0.9053;0.4247;1.013599;10.984074;5.792895;-0.0019;-0.9053;0.4247;0.263241;13.087719;4.146799;0.7497;0.5524;0.3642;1.013599;10.984074;5.792895;0.7497;0.5524;0.3642;1.564166;14.354622;-0.452966;0.7497;0.5524;0.3642;-3.25937;14.17147;2.592026;0.3019;0.9531;-0.0195;0.263241;13.087719;4.146799;0.3019;0.9531;-0.0195;-3.671366;14.1906;-2.841456;0.3019;0.9531;-0.0195;-5.563133;9.964387;3.58935;-0.8276;0.5092;0.2362;-3.25937;14.17147;2.592026;-0.8276;0.5092;0.2362;-6.289895;11.380942;-2.010314;-0.8276;0.5092;0.2362;1.013599;10.984074;5.792895;0.084;-0.976;0.201;-5.563133;9.964387;3.58935;0.084;-0.976;0.201;2.338511;10.130593;1.094431;0.084;-0.976;0.201;0.263241;13.087719;4.146799;-0.1341;0.9644;0.2277;1.564166;14.354622;-0.452966;-0.1341;0.9644;0.2277;-3.671366;14.1906;-2.841456;-0.1341;0.9644;0.2277;-3.25937;14.17147;2.592026;-0.7219;0.6897;0.0572;-3.671366;14.1906;-2.841456;-0.7219;0.6897;0.0572;-6.289895;11.380942;-2.010314;-0.7219;0.6897;0.0572;-5.563133;9.964387;3.58935;-0.3292;-0.9247;-0.1912;-6.289895;11.380942;-2.010314;-0.3292;-0.9247;-0.1912;-1.92499;9.110214;1.45521;-0.3292;-0.9247;-0.1912;-5.563133;9.964387;3.58935;0.2261;-0.7082;0.6688;-1.92499;9.110214;1.45521;0.2261;-0.7082;0.6688;2.338511;10.130593;1.094431;0.2261;-0.7082;0.6688;1.013599;10.984074;5.792895;0.9421;0.2532;0.2197;2.338511;10.130593;1.094431;0.9421;0.2532;0.2197;1.564166;14.354622;-0.452966;0.9421;0.2532;0.2197;-6.289895;11.380942;-2.010314;-0.6397;0.4025;-0.6547;-3.671366;14.1906;-2.841456;-0.6397;0.4025;-0.6547;-0.320354;13.121753;-6.773039;-0.6397;0.4025;-0.6547;1.564166;14.354622;-0.452966;0.8056;0.3283;0.4931;2.338511;10.130593;1.094431;0.8056;0.3283;0.4931;4.365551;11.430634;-3.082915;0.8056;0.3283;0.4931;-3.671366;14.1906;-2.841456;0.1068;0.9482;-0.2991;1.564166;14.354622;-0.452966;0.1068;0.9482;-0.2991;3.171913;12.982189;-4.229801;0.1068;0.9482;-0.2991;-1.92499;9.110214;1.45521;-0.2178;-0.9192;-0.3279;-6.289895;11.380942;-2.010314;-0.2178;-0.9192;-0.3279;-2.902248;12.01596;-6.040575;-0.2178;-0.9192;-0.3279;2.338511;10.130593;1.094431;0.2339;-0.9721;0.0145;-1.92499;9.110214;1.45521;0.2339;-0.9721;0.0145;-0.177509;9.443697;-4.373804;0.2339;-0.9721;0.0145
201;0.522;0.325;0.314;0.01
-0.0;2.434666;-0.687994;0.6773;-0.1347;-0.7233;0.352664;1.02752;-0.095718;0.6773;-0.1347;-0.7233;-0.0;0.709587;-0.366737;0.6773;-0.1347;-0.7233;0.352664;1.02752;-0.095718;0.7249;0.122;0.6779;-0.0;2.586769;7.38E-4;0.7249;0.122;0.6779;-0.0;0.709587;0.338591;0.7249;0.122;0.6779;-0.352664;2.510718;-0.343628;-0.6952;0.447;0.5629;-0.0;5.234708;-2.070901;-0.6952;0.447;0.5629;-0.215844;5.061908;-2.200239;-0.6952;0.447;0.5629;-0.0;2.586769;7.38E-4;-0.5832;0.1439;0.7994;-0.352664;1.239475;-0.014073;-0.5832;0.1439;0.7994;-0.0;0.709587;0.338591;-0.5832;0.1439;0.7994;-0.352664;1.239475;-0.014073;-0.7828;-0.1139;-0.6117;-0.0;2.434666;-0.687994;-0.7828;-0.1139;-0.6117;-0.0;0.709587;-0.366737;-0.7828;-0.1139;-0.6117;-0.0;0.709587;-0.366737;-0.5133;0.2118;-0.8316;-0.867762;-0.008777;-0.014073;-0.5133;0.2118;-0.8316;-0.352664;1.239475;-0.014073;-0.5133;0.2118;-0.8316;-0.0;4.889107;-2.329577;-0.6645;-0.7367;-0.1247;-0.215844;5.061908;-2.200239;-0.6645;-0.7367;-0.1247;-0.082386;5.514525;-5.585317;-0.6645;-0.7367;-0.1247;-0.0;2.434666;-0.687994;-0.6861;-0.4044;-0.6047;-0.215844;5.061908;-2.200239;-0.6861;-0.4044;-0.6047;-0.0;4.889107;-2.329577;-0.6861;-0.4044;-0.6047;0.352664;2.510718;-0.343628;0.6698;0.4576;0.5848;-0.0;5.234708;-2.070901;0.6698;0.4576;0.5848;-0.0;2.586769;7.38E-4;0.6698;0.4576;0.5848;-0.0;2.434666;-0.687994;0.6817;-0.4062;-0.6084;0.215843;5.061908;-2.200239;0.6817;-0.4062;-0.6084;0.352664;2.510718;-0.343628;0.6817;-0.4062;-0.6084;-0.0;5.234708;-2.070901;0.6409;0.7662;0.046;0.215843;5.061908;-2.200239;0.6409;0.7662;0.046;-0.082386;5.514525;-5.585317;0.6409;0.7662;0.046;-0.215844;5.061908;-2.200239;-0.6503;0.7559;0.0754;-0.0;5.234708;-2.070901;-0.6503;0.7559;0.0754;-0.082386;5.514525;-5.585317;-0.6503;0.7559;0.0754;0.215843;5.061908;-2.200239;0.6726;-0.7234;-0.1559;-0.0;4.889107;-2.329577;0.6726;-0.7234;-0.1559;-0.082386;5.514525;-5.585317;0.6726;-0.7234;-0.1559;-0.0;0.709587;0.338591;0.586;0.3489;0.7313;0.867762;-0.008777;-0.014073;0.586;0.3489;0.7313;0.352664;1.02752;-0.095718;0.586;0.3489;0.7313;-0.0;0.709587;-0.366737;0.6307;0.4522;-0.6307;0.867762;-0.008777;-0.014073;0.6307;0.4522;-0.6307;0.0;-0.008777;-0.881835;0.6307;0.4522;-0.6307;-0.0;0.709587;0.338591;-0.6307;0.4522;0.6307;-0.867762;-0.008777;-0.014073;-0.6307;0.4522;0.6307;-0.0;-0.008777;0.853689;-0.6307;0.4522;0.6307;-0.964219;4.866491;0.630518;-0.9394;-0.1657;-0.3001;-0.192632;2.94995;-0.726462;-0.9394;-0.1657;-0.3001;-0.246838;2.601429;-0.364345;-0.9394;-0.1657;-0.3001;-0.192632;2.94995;-0.726462;-0.0181;0.3628;-0.9317;-0.372071;4.9092;0.039912;-0.0181;0.3628;-0.9317;0.252354;3.068117;-0.68912;-0.0181;0.3628;-0.9317;0.252354;3.068117;-0.68912;0.955;0.1394;0.2618;-0.372071;4.866491;0.630518;0.955;0.1394;0.2618;0.231453;2.601429;-0.364345;0.955;0.1394;0.2618;-0.372071;4.866491;0.630518;0.0;-0.4021;0.9156;-0.246838;2.601429;-0.364345;0.0;-0.4021;0.9156;0.231453;2.601429;-0.364345;0.0;-0.4021;0.9156;-0.372071;4.9092;0.039912;0.943;0.3319;0.024;-1.309083;7.608489;-0.474497;0.943;0.3319;0.024;-0.372071;4.866491;0.630518;0.943;0.3319;0.024;-1.309083;7.608489;-0.474497;0.9991;0.0406;0.0137;-1.309083;7.719743;-0.804359;0.9991;0.0406;0.0137;-1.483142;11.186665;1.605932;0.9991;0.0406;0.0137;-0.964219;4.9092;0.039912;-0.9605;-0.2635;-0.0889;-1.657202;7.608489;-0.474497;-0.9605;-0.2635;-0.0889;-1.657202;7.719743;-0.804359;-0.9605;-0.2635;-0.0889;-0.964219;4.866491;0.630518;0.0;0.3738;0.9275;-1.309083;7.608489;-0.474497;0.0;0.3738;0.9275;-1.657202;7.608489;-0.474497;0.0;0.3738;0.9275;-0.964219;4.9092;0.039912;0.0;-0.2877;-0.9577;-1.309083;7.719743;-0.804359;0.0;-0.2877;-0.9577;-0.372071;4.9092;0.039912;0.0;-0.2877;-0.9577;-1.483143;7.892667;-0.440667;-0.7462;0.6644;0.0413;0.321405;10.020612;-2.065728;-0.7462;0.6644;0.0413;-1.657202;7.719743;-0.804359;-0.7462;0.6644;0.0413;-1.657202;7.719743;-0.804359;-0.9991;0.0406;0.0137;-1.657202;7.608489;-0.474497;-0.9991;0.0406;0.0137;-1.483142;11.186665;1.605932;-0.9991;0.0406;0.0137;-1.657202;7.608489;-0.474497;0.0;-0.5026;0.8645;-1.309083;7.608489;-0.474497;0.0;-0.5026;0.8645;-1.483142;11.186665;1.605932;0.0;-0.5026;0.8645;-1.309083;7.719743;-0.804359;0.0;0.5708;-0.821;-1.657202;7.719743;-0.804359;0.0;0.5708;-0.821;-1.483142;11.186665;1.605932;0.0;0.5708;-0.821;-1.309083;7.719743;-0.804359;0.8048;-0.2849;0.5206;0.321405;10.020612;-2.065728;0.8048;-0.2849;0.5206;-1.483143;7.892667;-0.440667;0.8048;-0.2849;0.5206;-1.657202;7.719743;-0.804359;0.0;-0.4807;-0.8769;0.321405;10.020612;-2.065728;0.0;-0.4807;-0.8769;-1.309083;7.719743;-0.804359;0.0;-0.4807;-0.8769;-0.394;3.696768;-0.342177;0.2058;0.9709;-0.1223;-3.094745;4.292364;-0.159781;0.2058;0.9709;-0.1223;-0.373293;3.746171;0.084973;0.2058;0.9709;-0.1223;-0.373293;3.746171;0.084973;-0.1612;-0.3985;0.9029;-3.094745;4.292364;-0.159781;-0.1612;-0.3985;0.9029;-0.269231;3.334826;-0.078012;-0.1612;-0.3985;0.9029;-0.269231;3.334826;-0.078012;-0.1882;-0.6205;-0.7613;-3.094745;4.292364;-0.159781;-0.1882;-0.6205;-0.7613;-0.394;3.696768;-0.342177;-0.1882;-0.6205;-0.7613;-0.323863;4.21049;0.281391;-0.0352;0.6942;0.7189;1.594229;5.041462;-0.426863;-0.0352;0.6942;0.7189;-0.560737;4.444289;0.044019;-0.0352;0.6942;0.7189;1.594229;5.041462;-0.426863;-0.2528;0.1601;-0.9542;-0.166457;4.20464;-0.100673;-0.2528;0.1601;-0.9542;-0.560737;4.444289;0.044019;-0.2528;0.1601;-0.9542;1.890917;4.829369;-0.1015;0.862;-0.4959;0.1046;1.971067;4.862962;-0.602983;0.862;-0.4959;0.1046;4.074981;8.279891;-1.742509;0.862;-0.4959;0.1046;-0.166457;4.20464;-0.100673;0.288;-0.9483;0.1332;1.890917;4.829369;-0.1015;0.288;-0.9483;0.1332;-0.323863;4.21049;0.281391;0.288;-0.9483;0.1332;1.971067;4.862962;-0.602983;-0.4355;-0.0318;-0.8996;1.594229;5.041462;-0.426863;-0.4355;-0.0318;-0.8996;4.074981;8.279891;-1.742509;-0.4355;-0.0318;-0.8996;1.594229;5.041462;-0.426863;-0.376;0.5812;0.7217;1.890917;4.829369;-0.1015;-0.376;0.5812;0.7217;4.074981;8.279891;-1.742509;-0.376;0.5812;0.7217;1.890917;4.829369;-0.1015;0.1084;-0.9862;0.1246;2.785093;5.287513;2.746189;0.1084;-0.9862;0.1246;1.382371;4.761629;-0.195161;0.1084;-0.9862;0.1246;1.382371;4.761629;-0.195161;-0.6908;0.6932;0.2055;2.785093;5.287513;2.746189;-0.6908;0.6932;0.2055;1.594229;5.041462;-0.426863;-0.6908;0.6932;0.2055;1.594229;5.041462;-0.426863;0.7607;0.5596;-0.3289;2.785093;5.287513;2.746189;0.7607;0.5596;-0.3289;1.890917;4.829369;-0.1015;0.7607;0.5596;-0.3289;1.890917;4.829369;-0.1015;0.2176;-0.7149;-0.6644;1.382371;4.761629;-0.195161;0.2176;-0.7149;-0.6644;1.594229;5.041462;-0.426863;0.2176;-0.7149;-0.6644;-0.0;2.434666;-0.687994;0.7066;-0.1166;-0.6979;0.352664;2.510718;-0.343628;0.7066;-0.1166;-0.6979;0.352664;1.02752;-0.095718;0.7066;-0.1166;-0.6979;0.352664;1.02752;-0.095718;0.7066;0.1166;0.6979;0.352664;2.510718;-0.343628;0.7066;0.1166;0.6979;-0.0;2.586769;7.38E-4;0.7066;0.1166;0.6979;-0.352664;2.510718;-0.343628;-0.6698;0.4576;0.5848;-0.0;2.586769;7.38E-4;-0.6698;0.4576;0.5848;-0.0;5.234708;-2.070901;-0.6698;0.4576;0.5848;-0.0;2.586769;7.38E-4;-0.7069;0.1775;0.6847;-0.352664;2.510718;-0.343628;-0.7069;0.1775;0.6847;-0.352664;1.239475;-0.014073;-0.7069;0.1775;0.6847;-0.352664;1.239475;-0.014073;-0.7069;-0.1775;-0.6847;-0.352664;2.510718;-0.343628;-0.7069;-0.1775;-0.6847;-0.0;2.434666;-0.687994;-0.7069;-0.1775;-0.6847;-0.0;0.709587;-0.366737;-0.6307;0.4522;-0.6307;0.0;-0.008777;-0.881835;-0.6307;0.4522;-0.6307;-0.867762;-0.008777;-0.014073;-0.6307;0.4522;-0.6307;-0.0;2.434666;-0.687994;-0.6817;-0.4062;-0.6084;-0.352664;2.510718;-0.343628;-0.6817;-0.4062;-0.6084;-0.215844;5.061908;-2.200239;-0.6817;-0.4062;-0.6084;0.352664;2.510718;-0.343628;0.6952;0.447;0.5629;0.215843;5.061908;-2.200239;0.6952;0.447;0.5629;-0.0;5.234708;-2.070901;0.6952;0.447;0.5629;-0.0;2.434666;-0.687994;0.6861;-0.4044;-0.6047;-0.0;4.889107;-2.329577;0.6861;-0.4044;-0.6047;0.215843;5.061908;-2.200239;0.6861;-0.4044;-0.6047;-0.0;0.709587;0.338591;0.6307;0.4522;0.6307;-0.0;-0.008777;0.853689;0.6307;0.4522;0.6307;0.867762;-0.008777;-0.014073;0.6307;0.4522;0.6307;-0.0;0.709587;-0.366737;0.4935;0.1782;-0.8513;0.352664;1.02752;-0.095718;0.4935;0.1782;-0.8513;0.867762;-0.008777;-0.014073;0.4935;0.1782;-0.8513;-0.0;0.709587;0.338591;-0.5133;0.2118;0.8316;-0.352664;1.239475;-0.014073;-0.5133;0.2118;0.8316;-0.867762;-0.008777;-0.014073;-0.5133;0.2118;0.8316;-0.964219;4.866491;0.630518;-0.9335;-0.3575;-0.0258;-0.964219;4.9092;0.039912;-0.9335;-0.3575;-0.0258;-0.192632;2.94995;-0.726462;-0.9335;-0.3575;-0.0258;-0.192632;2.94995;-0.726462;0.0;0.3643;-0.9313;-0.964219;4.9092;0.039912;0.0;0.3643;-0.9313;-0.372071;4.9092;0.039912;0.0;0.3643;-0.9313;0.252354;3.068117;-0.68912;0.9495;0.313;0.0226;-0.372071;4.9092;0.039912;0.9495;0.313;0.0226;-0.372071;4.866491;0.630518;0.9495;0.313;0.0226;-0.372071;4.866491;0.630518;0.0;-0.4021;0.9156;-0.964219;4.866491;0.630518;0.0;-0.4021;0.9156;-0.246838;2.601429;-0.364345;0.0;-0.4021;0.9156;-0.372071;4.9092;0.039912;0.9312;0.3454;0.1165;-1.309083;7.719743;-0.804359;0.9312;0.3454;0.1165;-1.309083;7.608489;-0.474497;0.9312;0.3454;0.1165;-0.964219;4.9092;0.039912;-0.9676;-0.2519;-0.0182;-0.964219;4.866491;0.630518;-0.9676;-0.2519;-0.0182;-1.657202;7.608489;-0.474497;-0.9676;-0.2519;-0.0182;-0.964219;4.866491;0.630518;0.0;0.3738;0.9275;-0.372071;4.866491;0.630518;0.0;0.3738;0.9275;-1.309083;7.608489;-0.474497;0.0;0.3738;0.9275;-0.964219;4.9092;0.039912;0.0;-0.2877;-0.9577;-1.657202;7.719743;-0.804359;0.0;-0.2877;-0.9577;-1.309083;7.719743;-0.804359;0.0;-0.2877;-0.9577;-0.323863;4.21049;0.281391;-0.1126;0.7823;0.6127;1.890917;4.829369;-0.1015;-0.1126;0.7823;0.6127;1.594229;5.041462;-0.426863;-0.1126;0.7823;0.6127;1.594229;5.041462;-0.426863;-0.2987;0.2719;-0.9148;1.971067;4.862962;-0.602983;-0.2987;0.2719;-0.9148;-0.166457;4.20464;-0.100673;-0.2987;0.2719;-0.9148;-0.166457;4.20464;-0.100673;0.2905;-0.9567;-0.0176;1.971067;4.862962;-0.602983;0.2905;-0.9567;-0.0176;1.890917;4.829369;-0.1015;0.2905;-0.9567;-0.0176
7
SPREADER;7;0.1;0.1;0.1;6;6;
MATERIAL;second;0;count;1;CUSTOM;0.89;0.584;0.867;1000
INFO;NameId;340;DescId;341;price;140000;dpPerMin;0;range;3;placeSound;thud
LIFE;averagePop;5.7;averageLife;96.0;popFactors;2;0;0.3;breedMat;48.0;breedTime;34.73242;parentId;42;count;650;reqs;2;LIFE;type;2;enviroType;0;classification;ah;count;2;LIFE;type;2;enviroType;1;biome;LUSH;amount;0.7;FALL_DEATH;fallTime;3;totalTime;5;fallenAngle;60;particleEffect;1;ExplodeTime;0.975;UseMaterial;1;Colour;1;Spawn;2;5;0;1;0;PPS;30;Speed;1.5;Gravity;0.3;Life;3;Scale;0.1;Colour;1;0;0;Additive;0;Alpha;1;FadeIn;0.1;FadeOut;0.8;HasDir;1;Dir;0;1;0;Varience;0.25;Offset;0;5;0;LifeError;0.4;ScaleError;0.3;SpeedError;0.4;RandRot;1;HasXRot;1;XRotSpeed;180;Stages;1;2;enviroReqCount;3;reqId;1;minAltitude;25;maxAltitude;75;influence;0.9;reqId;2;barren;0;goodBiomes;1;7;idealFactor;100;influence;0.7;reqId;5;likedSpecies;2;er;pnm;influence;0.8
GROWTH;dynamic;0;growthTime;32.0;modelStages;3;subStages;2
PARTICLES;isColour;1;spawn;3;4.5;0;1;0;PPS;7;Speed;0;Gravity;0.004;Life;75;Scale;0.5;Colour;0.89;0.584;0.867;Additive;0;Alpha;1;FadeIn;0.2;FadeOut;0.9;HasDir;0;Offset;-1.5;11;0;LifeError;0.0;ScaleError;0.2;SpeedError;0;RandomRot;1;HasXRot;1;RotXSpeed;280;range;15;stages;1;2;mat;1
PERCH;2;0.6261;4.7724;-0.22;-1.268;3.909;-0.076
