1.3
pnm
0;1
2
-0.10598;-0.016684;-0.123236;0.107812;0.536275;0.10412;1
21;2
12;-1.0;0.0;0.0;0.1
0.107812;0.135089;-0.123236;0.9727;0.2172;0.0813;0.014954;0.536275;-0.084;0.9727;0.2172;0.0813;0.088106;0.138216;0.10412;0.9727;0.2172;0.0813;0.088106;0.138216;0.10412;-0.5322;0.2798;0.799;0.014954;0.536275;-0.084;-0.5322;0.2798;0.799;-0.10598;0.143687;-0.027071;-0.5322;0.2798;0.799;-0.10598;0.143687;-0.027071;-0.4104;-0.0058;-0.9119;0.014954;0.536275;-0.084;-0.4104;-0.0058;-0.9119;0.107812;0.135089;-0.123236;-0.4104;-0.0058;-0.9119;0.107812;0.135089;-0.123236;-0.0354;-0.9993;0.0107;0.088106;0.138216;0.10412;-0.0354;-0.9993;0.0107;-0.10598;0.143687;-0.027071;-0.0354;-0.9993;0.0107
9;0.91;0.776;0.647;0.1
0.006104;-0.016684;-0.037746;0.9143;-0.0318;-0.4038;0.020818;0.269885;-0.027036;0.9143;-0.0318;-0.4038;0.032637;-0.01581;0.022255;0.9143;-0.0318;-0.4038;0.032637;-0.01581;0.022255;0.0156;0.1706;0.9852;0.020818;0.269885;-0.027036;0.0156;0.1706;0.9852;-0.028744;-0.01428;0.022961;0.0156;0.1706;0.9852;-0.028744;-0.01428;0.022961;-0.8644;0.063;-0.4987;0.020818;0.269885;-0.027036;-0.8644;0.063;-0.4987;0.006104;-0.016684;-0.037746;-0.8644;0.063;-0.4987
-0.424365;-0.017069;-0.497119;0.262279;1.142618;0.3861;2
57;2
48;-1.0;0.0;0.0;0.1
-0.165349;0.910474;-0.041025;-0.1386;0.8217;0.5527;0.125671;0.909656;0.033191;-0.1386;0.8217;0.5527;0.084364;1.134862;-0.311992;-0.1386;0.8217;0.5527;-0.165349;0.910474;-0.041025;-0.0031;0.7716;0.6361;0.084364;1.134862;-0.311992;-0.0031;0.7716;0.6361;-0.081141;1.142618;-0.3222;-0.0031;0.7716;0.6361;0.262279;0.28494;-0.340521;0.9826;0.1697;0.0755;0.125671;0.909656;0.033191;0.9826;0.1697;0.0755;0.204702;0.294887;0.3861;0.9826;0.1697;0.0755;-0.081141;1.142618;-0.3222;0.0566;0.9836;-0.171;0.084364;1.134862;-0.311992;0.0566;0.9836;-0.171;0.006782;1.107137;-0.497119;0.0566;0.9836;-0.171;0.084364;1.134862;-0.311992;0.805;-0.5345;-0.2573;-0.005914;1.006967;-0.328776;0.805;-0.5345;-0.2573;0.006782;1.107137;-0.497119;0.805;-0.5345;-0.2573;0.204702;0.294887;0.3861;-0.5203;0.2531;0.8156;-0.165349;0.910474;-0.041025;-0.5203;0.2531;0.8156;-0.424365;0.30979;-0.019831;-0.5203;0.2531;0.8156;-0.165349;0.910474;-0.041025;-0.8559;-0.0994;-0.5076;-0.005914;1.006967;-0.328776;-0.8559;-0.0994;-0.5076;-0.016394;0.640992;-0.239406;-0.8559;-0.0994;-0.5076;0.125671;0.909656;0.033191;0.7692;-0.4891;-0.4111;-0.005914;1.006967;-0.328776;0.7692;-0.4891;-0.4111;0.084364;1.134862;-0.311992;0.7692;-0.4891;-0.4111;-0.424365;0.30979;-0.019831;-0.4242;-0.0757;-0.9024;-0.016394;0.640992;-0.239406;-0.4242;-0.0757;-0.9024;0.262279;0.28494;-0.340521;-0.4242;-0.0757;-0.9024;0.262279;0.28494;-0.340521;-0.0309;-0.9995;0.0112;0.204702;0.294887;0.3861;-0.0309;-0.9995;0.0112;-0.424365;0.30979;-0.019831;-0.0309;-0.9995;0.0112;-0.005914;1.006967;-0.328776;-0.8328;-0.4459;-0.3281;-0.081141;1.142618;-0.3222;-0.8328;-0.4459;-0.3281;0.006782;1.107137;-0.497119;-0.8328;-0.4459;-0.3281;0.262279;0.28494;-0.340521;0.412;0.5324;-0.7394;-0.016394;0.640992;-0.239406;0.412;0.5324;-0.7394;0.125671;0.909656;0.033191;0.412;0.5324;-0.7394;0.204702;0.294887;0.3861;-0.2176;0.4647;0.8583;0.125671;0.909656;0.033191;-0.2176;0.4647;0.8583;-0.165349;0.910474;-0.041025;-0.2176;0.4647;0.8583;-0.165349;0.910474;-0.041025;-0.7454;-0.387;-0.5428;-0.081141;1.142618;-0.3222;-0.7454;-0.387;-0.5428;-0.005914;1.006967;-0.328776;-0.7454;-0.387;-0.5428;0.125671;0.909656;0.033191;0.9231;-0.116;-0.3667;-0.016394;0.640992;-0.239406;0.9231;-0.116;-0.3667;-0.005914;1.006967;-0.328776;0.9231;-0.116;-0.3667;-0.424365;0.30979;-0.019831;-0.6002;0.2318;-0.7655;-0.165349;0.910474;-0.041025;-0.6002;0.2318;-0.7655;-0.016394;0.640992;-0.239406;-0.6002;0.2318;-0.7655
9;0.91;0.776;0.647;0.1
-0.0;-0.017069;-0.073398;0.865;0.0468;-0.4994;-0.022528;0.564814;-0.057925;0.865;0.0468;-0.4994;0.063564;-0.017069;0.036699;0.865;0.0468;-0.4994;0.063564;-0.017069;0.036699;0.0;0.1605;0.987;-0.022528;0.564814;-0.057925;0.0;0.1605;0.987;-0.063564;-0.017069;0.036699;0.0;0.1605;0.987;-0.063564;-0.017069;0.036699;-0.8658;-0.0202;-0.4999;-0.022528;0.564814;-0.057925;-0.8658;-0.0202;-0.4999;-0.0;-0.017069;-0.073398;-0.8658;-0.0202;-0.4999
5
MATERIAL;second;0;count;4;CUSTOM;0.89;0.486;0.592;1000;DARK_PURPLE;300000;CYAN;700000;GOLD;1000000
INFO;NameId;332;DescId;333;price;17400;dpPerMin;0;range;2;placeSound;grassPlace
LIFE;averagePop;6.5;averageLife;6.0;popFactors;1;0.5;breedMat;3.0;breedTime;2.172064;parentId;59;count;150;reqs;2;MATERIAL;col;PINK;LIFE;type;2;enviroType;1;biome;LUSH;amount;0.4;FADE_DEATH;0.5;enviroReqCount;3;reqId;2;barren;1;goodBiomes;3;0;7;8;idealFactor;70;influence;0.85;reqId;5;likedSpecies;1;ers;influence;0.8;reqId;4;faveBiome;7;influence;0.12
GROWTH;dynamic;0;growthTime;2.0;modelStages;2;subStages;2
FOOD;1;902;10;WHOLE;PARTICLE_DEATH;isColour;1;Spawn;0;PPS;8;Speed;0.6;Gravity;0.2;Life;0.5;Scale;0.05;Colour;0.737;0.682;0.616;Additive;0;Alpha;1;FadeIn;0.1;FadeOut;0.8;HasDir;1;Dir;0;1;0;Deviation;0.3;Offset;0;0;0;LifeError;0.4;ScaleError;0.1;SpeedError;0.1;RandomRot;1;HasXRot;0
