1.1
ptw
0;1
5
-0.447203;-0.010737;-0.772314;0.502926;1.422946;0.757254;1
66;2
39;-1.0;0.0;0.0;0.08
0.502926;0.986138;-0.338191;0.2108;-0.9765;0.0455;0.18392;0.952738;0.422739;0.2108;-0.9765;0.0455;-0.447203;0.801647;0.104424;0.2108;-0.9765;0.0455;0.502926;0.986138;-0.338191;0.6343;0.7137;0.2972;0.01887;1.422946;-0.354108;0.6343;0.7137;0.2972;0.18392;0.952738;0.422739;0.6343;0.7137;0.2972;0.01887;1.422946;-0.354108;-0.4479;0.5229;-0.7253;0.222501;1.017252;-0.772314;-0.4479;0.5229;-0.7253;-0.197179;0.830184;-0.648028;-0.4479;0.5229;-0.7253;0.18392;0.952738;0.422739;0.8357;0.5302;0.1433;0.01887;1.422946;-0.354108;0.8357;0.5302;0.1433;-0.031442;1.297379;0.403635;0.8357;0.5302;0.1433;-0.197179;0.830184;-0.648028;0.2043;-0.9784;0.0308;0.502926;0.986138;-0.338191;0.2043;-0.9784;0.0308;-0.447203;0.801647;0.104424;0.2043;-0.9784;0.0308;-0.197179;0.830184;-0.648028;0.3229;-0.9061;-0.2735;0.222501;1.017252;-0.772314;0.3229;-0.9061;-0.2735;0.502926;0.986138;-0.338191;0.3229;-0.9061;-0.2735;0.01887;1.422946;-0.354108;-0.9387;0.3447;-0.0052;-0.197179;0.830184;-0.648028;-0.9387;0.3447;-0.0052;-0.031442;1.297379;0.403635;-0.9387;0.3447;-0.0052;-0.197179;0.830184;-0.648028;-0.687;0.698;-0.2018;-0.447203;0.801647;0.104424;-0.687;0.698;-0.2018;-0.031442;1.297379;0.403635;-0.687;0.698;-0.2018;0.502926;0.986138;-0.338191;0.6318;0.6871;-0.3589;0.222501;1.017252;-0.772314;0.6318;0.6871;-0.3589;0.01887;1.422946;-0.354108;0.6318;0.6871;-0.3589;0.01887;1.422946;-0.354108;-0.3216;-0.324;0.8897;-0.197179;0.830184;-0.648028;-0.3216;-0.324;0.8897;0.502926;0.986138;-0.338191;-0.3216;-0.324;0.8897;-0.031442;1.297379;0.403635;-0.7855;0.6144;0.0736;-0.447203;0.801647;0.104424;-0.7855;0.6144;0.0736;-0.252917;0.971886;0.757254;-0.7855;0.6144;0.0736;-0.447203;0.801647;0.104424;0.1229;-0.9686;0.216;0.18392;0.952738;0.422739;0.1229;-0.9686;0.216;-0.252917;0.971886;0.757254;0.1229;-0.9686;0.216;0.18392;0.952738;0.422739;0.5692;0.3957;0.7207;-0.031442;1.297379;0.403635;0.5692;0.3957;0.7207;-0.252917;0.971886;0.757254;0.5692;0.3957;0.7207
27;0.46666666;0.32157;0.2784;0.05
-0.010565;-0.010737;-0.056674;0.8346;-0.2669;-0.4819;0.258444;1.112901;-0.213106;0.8346;-0.2669;-0.4819;0.058768;-0.010737;0.063415;0.8346;-0.2669;-0.4819;0.058768;-0.010737;0.063415;0.0;0.239;0.971;0.258444;1.112901;-0.213106;0.0;0.239;0.971;-0.079899;-0.010737;0.063415;0.0;0.239;0.971;-0.079899;-0.010737;0.063415;-0.8579;0.1364;-0.4953;0.258444;1.112901;-0.213106;-0.8579;0.1364;-0.4953;-0.010565;-0.010737;-0.056674;-0.8579;0.1364;-0.4953;0.077133;0.480878;-0.070456;-0.9645;0.1018;0.2438;0.021143;1.03956;-0.525254;-0.9645;0.1018;0.2438;0.068702;0.412295;-0.075161;-0.9645;0.1018;0.2438;0.068702;0.412295;-0.075161;0.0632;-0.5787;-0.8131;0.021143;1.03956;-0.525254;0.0632;-0.5787;-0.8131;0.109062;0.450486;-0.099201;0.0632;-0.5787;-0.8131;0.109062;0.450486;-0.099201;0.7948;0.429;0.4292;0.021143;1.03956;-0.525254;0.7948;0.429;0.4292;0.077133;0.480878;-0.070456;0.7948;0.429;0.4292;0.090959;0.308782;-0.037801;0.8109;-0.1437;0.5672;-0.169016;1.082443;0.529796;0.8109;-0.1437;0.5672;0.0569;0.23633;-0.007457;0.8109;-0.1437;0.5672;0.0569;0.23633;-0.007457;-0.9244;-0.3471;0.1579;-0.169016;1.082443;0.529796;-0.9244;-0.3471;0.1579;0.032746;0.288367;-0.034475;-0.9244;-0.3471;0.1579;0.032746;0.288367;-0.034475;-0.2306;0.524;-0.8199;-0.169016;1.082443;0.529796;-0.2306;0.524;-0.8199;0.090959;0.308782;-0.037801;-0.2306;0.524;-0.8199
-1.999413;-0.022171;-2.599061;1.477224;4.522425;2.402991;3;0;extraBounds;2;-1.615057;2.273106;-2.267279;1.269088;4.362481;2.198013;-0.256209;-0.00765;-0.314419;0.285526;2.369067;0.236447
141;2
60;-1.0;0.0;0.0;0.05
-0.728775;3.832445;2.402991;0.2282;-0.4573;0.8595;-0.455851;2.317054;1.524328;0.2282;-0.4573;0.8595;1.102189;3.309555;1.638675;0.2282;-0.4573;0.8595;-0.455851;2.317054;1.524328;-0.7266;-0.4379;0.5295;-0.728775;3.832445;2.402991;-0.7266;-0.4379;0.5295;-1.999413;3.423069;0.320739;-0.7266;-0.4379;0.5295;-0.728775;3.832445;2.402991;0.4379;0.6889;0.5777;1.102189;3.309555;1.638675;0.4379;0.6889;0.5777;0.523921;4.380069;0.800349;0.4379;0.6889;0.5777;-0.728775;3.832445;2.402991;0.0491;0.9328;0.3571;0.523921;4.380069;0.800349;0.0491;0.9328;0.3571;-0.949246;4.522425;0.631162;0.0491;0.9328;0.3571;-0.728775;3.832445;2.402991;-0.7279;0.6034;0.3256;-0.949246;4.522425;0.631162;-0.7279;0.6034;0.3256;-1.999413;3.423069;0.320739;-0.7279;0.6034;0.3256;-0.455851;2.317054;1.524328;-0.6594;-0.7315;0.1734;-1.999413;3.423069;0.320739;-0.6594;-0.7315;0.1734;-0.994902;2.258177;-0.774038;-0.6594;-0.7315;0.1734;1.102189;3.309555;1.638675;0.4912;-0.8084;0.3243;-0.455851;2.317054;1.524328;0.4912;-0.8084;0.3243;0.740155;2.192441;-0.59813;0.4912;-0.8084;0.3243;0.523921;4.380069;0.800349;0.8206;0.5538;0.1412;1.102189;3.309555;1.638675;0.8206;0.5538;0.1412;1.477224;3.605723;-1.702;0.8206;0.5538;0.1412;-0.949246;4.522425;0.631162;0.1077;0.9885;-0.1064;0.523921;4.380069;0.800349;0.1077;0.9885;-0.1064;-0.233579;4.244607;-1.225398;0.1077;0.9885;-0.1064;-1.999413;3.423069;0.320739;-0.6933;0.7048;-0.1505;-0.949246;4.522425;0.631162;-0.6933;0.7048;-0.1505;-1.170254;3.719238;-2.11169;-0.6933;0.7048;-0.1505;-0.455851;2.317054;1.524328;-0.0414;-0.9985;0.0353;-0.994902;2.258177;-0.774038;-0.0414;-0.9985;0.0353;0.740155;2.192441;-0.59813;-0.0414;-0.9985;0.0353;1.102189;3.309555;1.638675;0.9045;-0.4216;0.0642;0.740155;2.192441;-0.59813;0.9045;-0.4216;0.0642;1.477224;3.605723;-1.702;0.9045;-0.4216;0.0642;0.523921;4.380069;0.800349;0.3012;0.9373;-0.1753;1.477224;3.605723;-1.702;0.3012;0.9373;-0.1753;-0.233579;4.244607;-1.225398;0.3012;0.9373;-0.1753;-0.949246;4.522425;0.631162;-0.2845;0.926;-0.2482;-0.233579;4.244607;-1.225398;-0.2845;0.926;-0.2482;-1.170254;3.719238;-2.11169;-0.2845;0.926;-0.2482;-1.999413;3.423069;0.320739;-0.8462;-0.4115;-0.3386;-1.170254;3.719238;-2.11169;-0.8462;-0.4115;-0.3386;-0.994902;2.258177;-0.774038;-0.8462;-0.4115;-0.3386;0.740155;2.192441;-0.59813;-0.0052;-0.9525;-0.3045;-0.994902;2.258177;-0.774038;-0.0052;-0.9525;-0.3045;-0.246474;2.837582;-2.599061;-0.0052;-0.9525;-0.3045;1.477224;3.605723;-1.702;0.5547;-0.6722;-0.4903;0.740155;2.192441;-0.59813;0.5547;-0.6722;-0.4903;-0.246474;2.837582;-2.599061;0.5547;-0.6722;-0.4903;-0.233579;4.244607;-1.225398;0.0612;0.697;-0.7145;1.477224;3.605723;-1.702;0.0612;0.697;-0.7145;-0.246474;2.837582;-2.599061;0.0612;0.697;-0.7145;-1.170254;3.719238;-2.11169;0.2761;0.6701;-0.689;-0.233579;4.244607;-1.225398;0.2761;0.6701;-0.689;-0.246474;2.837582;-2.599061;0.2761;0.6701;-0.689;-0.994902;2.258177;-0.774038;-0.7279;-0.5085;-0.46;-1.170254;3.719238;-2.11169;-0.7279;-0.5085;-0.46;-0.246474;2.837582;-2.599061;-0.7279;-0.5085;-0.46
81;0.46666666;0.32157;0.2784;0.03
0.106815;1.185023;-0.285327;0.7393;-0.2545;-0.6235;-0.361037;3.621987;-1.834577;0.7393;-0.2545;-0.6235;0.201703;1.332721;-0.233102;0.7393;-0.2545;-0.6235;0.201703;1.332721;-0.233102;0.2799;0.5956;0.753;-0.361037;3.621987;-1.834577;0.2799;0.5956;0.753;0.042366;1.332652;-0.173816;0.2799;0.5956;0.753;0.042366;1.332652;-0.173816;-0.9436;-0.2866;-0.1659;-0.361037;3.621987;-1.834577;-0.9436;-0.2866;-0.1659;0.106815;1.185023;-0.285327;-0.9436;-0.2866;-0.1659;-0.148522;0.4645;-0.188703;0.5936;-0.2239;-0.773;0.20723;1.253517;-0.144062;0.5936;-0.2239;-0.773;0.066934;0.307346;0.022254;0.5936;-0.2239;-0.773;0.20723;1.253517;-0.144062;0.16;0.1478;0.976;-0.189496;0.387398;0.052166;0.16;0.1478;0.976;0.066934;0.307346;0.022254;0.16;0.1478;0.976;0.137045;1.246114;-0.351719;-0.7801;0.2881;-0.5553;0.042366;1.332652;-0.173816;-0.7801;0.2881;-0.5553;0.902688;3.504812;-0.255608;-0.7801;0.2881;-0.5553;0.042366;1.332652;-0.173816;-0.9718;0.2153;-0.0964;-0.148522;0.4645;-0.188703;-0.9718;0.2153;-0.0964;-0.189496;0.387398;0.052166;-0.9718;0.2153;-0.0964;0.042366;1.332652;-0.173816;-0.1347;0.0905;0.9868;0.20723;1.253517;-0.144062;-0.1347;0.0905;0.9868;0.902688;3.504812;-0.255608;-0.1347;0.0905;0.9868;0.20723;1.253517;-0.144062;0.9083;-0.2953;-0.2965;0.137045;1.246114;-0.351719;0.9083;-0.2953;-0.2965;0.902688;3.504812;-0.255608;0.9083;-0.2953;-0.2965;-0.311819;1.414425;0.595416;0.8721;0.0543;0.4864;0.119899;1.05382;-0.138419;0.8721;0.0543;0.4864;-0.285902;1.581831;0.53027;0.8721;0.0543;0.4864;-0.285902;1.581831;0.53027;0.9521;-0.0289;0.3046;-0.568718;4.062717;1.649451;0.9521;-0.0289;0.3046;-0.311819;1.414425;0.595416;0.9521;-0.0289;0.3046;-0.311819;1.414425;0.595416;-0.9327;-0.2605;-0.2496;0.016564;1.024229;-0.224563;-0.9327;-0.2605;-0.2496;0.028608;0.869563;-0.108143;-0.9327;-0.2605;-0.2496;-0.311819;1.414425;0.595416;-0.6897;-0.3245;0.6473;-0.568718;4.062717;1.649451;-0.6897;-0.3245;0.6473;-0.44168;1.494731;0.497296;-0.6897;-0.3245;0.6473;-0.44168;1.494731;0.497296;-0.0348;0.4077;-0.9125;-0.568718;4.062717;1.649451;-0.0348;0.4077;-0.9125;-0.285902;1.581831;0.53027;-0.0348;0.4077;-0.9125;-0.44168;1.494731;0.497296;0.146;0.8686;-0.4735;0.119899;1.05382;-0.138419;0.146;0.8686;-0.4735;0.016564;1.024229;-0.224563;0.146;0.8686;-0.4735;-0.189496;0.387398;0.052166;-0.9296;0.1939;-0.3135;-0.148522;-0.022171;-0.322648;-0.9296;0.1939;-0.3135;-0.344708;-0.022171;0.259055;-0.9296;0.1939;-0.3135;0.066934;0.307346;0.022254;-0.0;0.5836;0.8121;-0.344708;-0.022171;0.259055;-0.0;0.5836;0.8121;0.187324;-0.022171;0.259055;-0.0;0.5836;0.8121;0.066934;0.307346;0.022254;0.7511;0.1752;-0.6366;-0.148522;-0.022171;-0.322648;0.7511;0.1752;-0.6366;-0.148522;0.4645;-0.188703;0.7511;0.1752;-0.6366;-0.148522;0.4645;-0.188703;0.88;-0.3807;-0.2839;0.137045;1.246114;-0.351719;0.88;-0.3807;-0.2839;0.20723;1.253517;-0.144062;0.88;-0.3807;-0.2839;0.20723;1.253517;-0.144062;-0.0569;0.2453;0.9678;0.042366;1.332652;-0.173816;-0.0569;0.2453;0.9678;-0.189496;0.387398;0.052166;-0.0569;0.2453;0.9678;0.042366;1.332652;-0.173816;-0.8251;0.1906;-0.5318;0.137045;1.246114;-0.351719;-0.8251;0.1906;-0.5318;-0.148522;0.4645;-0.188703;-0.8251;0.1906;-0.5318;-0.311819;1.414425;0.595416;0.7606;-0.2807;0.5854;0.028608;0.869563;-0.108143;0.7606;-0.2807;0.5854;0.119899;1.05382;-0.138419;0.7606;-0.2807;0.5854;-0.311819;1.414425;0.595416;-0.5946;-0.792;0.1387;-0.44168;1.494731;0.497296;-0.5946;-0.792;0.1387;0.016564;1.024229;-0.224563;-0.5946;-0.792;0.1387;-0.44168;1.494731;0.497296;-0.2385;0.6866;-0.6868;-0.285902;1.581831;0.53027;-0.2385;0.6866;-0.6868;0.119899;1.05382;-0.138419;-0.2385;0.6866;-0.6868;-0.189496;0.387398;0.052166;-0.9871;0.0425;-0.1543;-0.148522;0.4645;-0.188703;-0.9871;0.0425;-0.1543;-0.148522;-0.022171;-0.322648;-0.9871;0.0425;-0.1543;0.066934;0.307346;0.022254;0.2212;0.3716;0.9016;-0.189496;0.387398;0.052166;0.2212;0.3716;0.9016;-0.344708;-0.022171;0.259055;0.2212;0.3716;0.9016;0.066934;0.307346;0.022254;0.8652;-0.0429;-0.4995;0.187324;-0.022171;0.259055;0.8652;-0.0429;-0.4995;-0.148522;-0.022171;-0.322648;0.8652;-0.0429;-0.4995
-4.162982;-0.119604;-5.27376;3.507765;9.20499;4.741677;2;0;extraBounds;3;-1.156199;2.720748;-2.291068;0.988781;5.404235;1.933177;-3.455878;4.832067;-4.766187;2.619668;9.015529;4.122732;-0.224325;-0.049065;-0.738424;0.398603;5.817697;0.435665
189;2
90;-1.0;0.0;0.0;0.05
-0.468498;7.141556;-5.27376;0.04;-0.5389;-0.8414;2.731325;5.352858;-3.975801;0.04;-0.5389;-0.8414;-2.129481;5.555542;-4.336882;0.04;-0.5389;-0.8414;2.731325;5.352858;-3.975801;0.5177;0.3644;-0.7741;-0.468498;7.141556;-5.27376;0.5177;0.3644;-0.7741;3.507765;7.998397;-2.211235;0.5177;0.3644;-0.7741;-0.468498;7.141556;-5.27376;-0.6897;0.3468;-0.6356;-2.129481;5.555542;-4.336882;-0.6897;0.3468;-0.6356;-2.588823;9.20499;-1.847293;-0.6897;0.3468;-0.6356;-0.468498;7.141556;-5.27376;-0.2232;0.7678;-0.6005;-2.588823;9.20499;-1.847293;-0.2232;0.7678;-0.6005;0.760704;9.138023;-3.177945;-0.2232;0.7678;-0.6005;-0.468498;7.141556;-5.27376;0.4632;0.49;-0.7385;0.760704;9.138023;-3.177945;0.4632;0.49;-0.7385;3.507765;7.998397;-2.211235;0.4632;0.49;-0.7385;2.731325;5.352858;-3.975801;0.9531;-0.3011;0.0321;3.507765;7.998397;-2.211235;0.9531;-0.3011;0.0321;2.349983;4.731411;1.524612;0.9531;-0.3011;0.0321;-2.129481;5.555542;-4.336882;-0.0247;-0.9762;-0.2154;2.731325;5.352858;-3.975801;-0.0247;-0.9762;-0.2154;-1.811973;4.558833;0.143838;-0.0247;-0.9762;-0.2154;-2.588823;9.20499;-1.847293;-0.8676;0.201;-0.4547;-2.129481;5.555542;-4.336882;-0.8676;0.201;-0.4547;-4.162982;7.621902;0.456466;-0.8676;0.201;-0.4547;0.760704;9.138023;-3.177945;0.1048;0.971;0.2149;-2.588823;9.20499;-1.847293;0.1048;0.971;0.2149;-1.548715;8.746626;-0.283435;0.1048;0.971;0.2149;3.507765;7.998397;-2.211235;0.4025;0.9129;-0.0677;0.760704;9.138023;-3.177945;0.4025;0.9129;-0.0677;1.936176;8.861402;0.080139;0.4025;0.9129;-0.0677;2.731325;5.352858;-3.975801;0.0765;-0.9913;-0.1067;2.349983;4.731411;1.524612;0.0765;-0.9913;-0.1067;-1.811973;4.558833;0.143838;0.0765;-0.9913;-0.1067;-2.129481;5.555542;-4.336882;-0.7947;-0.602;-0.0776;-1.811973;4.558833;0.143838;-0.7947;-0.602;-0.0776;-4.162982;7.621902;0.456466;-0.7947;-0.602;-0.0776;-2.588823;9.20499;-1.847293;-0.2541;0.8694;0.4238;-4.162982;7.621902;0.456466;-0.2541;0.8694;0.4238;-1.548715;8.746626;-0.283435;-0.2541;0.8694;0.4238;0.760704;9.138023;-3.177945;-0.0432;0.9941;0.1;-1.548715;8.746626;-0.283435;-0.0432;0.9941;0.1;1.936176;8.861402;0.080139;-0.0432;0.9941;0.1;3.507765;7.998397;-2.211235;0.8397;0.2523;0.4809;1.936176;8.861402;0.080139;0.8397;0.2523;0.4809;2.349983;4.731411;1.524612;0.8397;0.2523;0.4809;-1.811973;4.558833;0.143838;0.0258;-0.9986;0.0471;2.349983;4.731411;1.524612;0.0258;-0.9986;0.0471;0.237064;4.738401;2.828602;0.0258;-0.9986;0.0471;-1.548715;8.746626;-0.283435;-0.3701;0.9239;0.0969;-4.162982;7.621902;0.456466;-0.3701;0.9239;0.0969;-2.179063;8.098737;3.488504;-0.3701;0.9239;0.0969;-4.162982;7.621902;0.456466;-0.7861;-0.5822;-0.2075;-1.811973;4.558833;0.143838;-0.7861;-0.5822;-0.2075;-3.082397;5.468001;2.406259;-0.7861;-0.5822;-0.2075;1.936176;8.861402;0.080139;-0.029;0.9989;-0.0369;-1.548715;8.746626;-0.283435;-0.029;0.9989;-0.0369;0.146481;8.907821;2.742661;-0.029;0.9989;-0.0369;2.349983;4.731411;1.524612;0.9901;0.054;-0.1293;1.936176;8.861402;0.080139;0.9901;0.054;-0.1293;2.474723;6.966886;3.412417;0.9901;0.054;-0.1293;-1.811973;4.558833;0.143838;-0.2377;-0.9401;0.2443;0.237064;4.738401;2.828602;-0.2377;-0.9401;0.2443;-3.082397;5.468001;2.406259;-0.2377;-0.9401;0.2443;0.237064;4.738401;2.828602;0.419;-0.5994;0.6821;2.349983;4.731411;1.524612;0.419;-0.5994;0.6821;2.474723;6.966886;3.412417;0.419;-0.5994;0.6821;1.936176;8.861402;0.080139;0.5389;0.7668;0.3488;0.146481;8.907821;2.742661;0.5389;0.7668;0.3488;2.474723;6.966886;3.412417;0.5389;0.7668;0.3488;-1.548715;8.746626;-0.283435;-0.2937;0.9491;0.1139;-2.179063;8.098737;3.488504;-0.2937;0.9491;0.1139;0.146481;8.907821;2.742661;-0.2937;0.9491;0.1139;-4.162982;7.621902;0.456466;-0.8397;0.0666;0.539;-3.082397;5.468001;2.406259;-0.8397;0.0666;0.539;-2.179063;8.098737;3.488504;-0.8397;0.0666;0.539;-3.082397;5.468001;2.406259;-0.2412;-0.7222;0.6483;0.237064;4.738401;2.828602;-0.2412;-0.7222;0.6483;-1.251612;6.952994;4.741677;-0.2412;-0.7222;0.6483;0.146481;8.907821;2.742661;-0.0321;0.7257;0.6872;-2.179063;8.098737;3.488504;-0.0321;0.7257;0.6872;-1.251612;6.952994;4.741677;-0.0321;0.7257;0.6872;-2.179063;8.098737;3.488504;-0.7937;0.0224;0.6079;-3.082397;5.468001;2.406259;-0.7937;0.0224;0.6079;-1.251612;6.952994;4.741677;-0.7937;0.0224;0.6079;0.237064;4.738401;2.828602;0.2916;-0.5055;0.8121;2.474723;6.966886;3.412417;0.2916;-0.5055;0.8121;-1.251612;6.952994;4.741677;0.2916;-0.5055;0.8121;2.474723;6.966886;3.412417;0.27;0.5872;0.7631;0.146481;8.907821;2.742661;0.27;0.5872;0.7631;-1.251612;6.952994;4.741677;0.27;0.5872;0.7631
99;0.46666666;0.32157;0.2784;0.025
-0.025659;-0.119604;-0.623993;0.6719;0.3116;-0.6719;0.352622;0.431231;0.00973;0.6719;0.3116;-0.6719;0.586273;-0.119604;-0.012061;0.6719;0.3116;-0.6719;0.352622;0.431231;0.00973;0.7254;0.2829;0.6276;-0.02566;-0.119604;0.695201;0.7254;0.2829;0.6276;0.586273;-0.119604;-0.012061;0.7254;0.2829;0.6276;0.02612;1.073187;0.205054;0.5162;0.1661;0.8402;0.487975;2.366626;-0.334374;0.5162;0.1661;0.8402;0.317689;2.643304;-0.284448;0.5162;0.1661;0.8402;-0.02566;-0.119604;0.695201;-0.6617;0.4841;0.5725;-0.204086;0.53669;-0.065923;-0.6617;0.4841;0.5725;-0.637592;-0.119604;-0.012061;-0.6617;0.4841;0.5725;-0.204086;0.53669;-0.065923;-0.6545;0.3786;-0.6545;-0.025659;-0.119604;-0.623993;-0.6545;0.3786;-0.6545;-0.637592;-0.119604;-0.012061;-0.6545;0.3786;-0.6545;0.06317;2.449362;-0.520195;-0.7562;0.2652;0.5982;0.317689;2.643304;-0.284448;-0.7562;0.2652;0.5982;1.74486;7.008202;-0.415803;-0.7562;0.2652;0.5982;0.02965;1.132175;-0.30187;0.4412;-0.1869;-0.8777;0.487975;2.366626;-0.334374;0.4412;-0.1869;-0.8777;0.352622;0.431231;0.00973;0.4412;-0.1869;-0.8777;0.02612;1.073187;0.205054;-0.9107;0.2115;0.3549;0.06317;2.449362;-0.520195;-0.9107;0.2115;0.3549;-0.204086;0.53669;-0.065923;-0.9107;0.2115;0.3549;0.02965;1.132175;-0.30187;-0.3939;-0.1405;-0.9083;0.06317;2.449362;-0.520195;-0.3939;-0.1405;-0.9083;0.489937;2.542422;-0.719667;-0.3939;-0.1405;-0.9083;0.487975;2.366626;-0.334374;0.9584;-0.2615;-0.1144;0.489937;2.542422;-0.719667;0.9584;-0.2615;-0.1144;1.74486;7.008202;-0.415803;0.9584;-0.2615;-0.1144;0.489937;2.542422;-0.719667;-0.449;0.1856;-0.874;0.06317;2.449362;-0.520195;-0.449;0.1856;-0.874;1.74486;7.008202;-0.415803;-0.449;0.1856;-0.874;0.317689;2.643304;-0.284448;0.2178;-0.0419;0.9751;0.487975;2.366626;-0.334374;0.2178;-0.0419;0.9751;1.74486;7.008202;-0.415803;0.2178;-0.0419;0.9751;-0.850617;2.794284;1.142502;-0.6782;-0.7346;-0.0201;0.030308;2.023455;-0.41503;-0.6782;-0.7346;-0.0201;0.206902;1.85499;-0.216877;-0.6782;-0.7346;-0.0201;-0.700573;3.005107;1.055001;-0.6731;0.4152;-0.6119;0.166192;2.232601;-0.422597;-0.6731;0.4152;-0.6119;0.030308;2.023455;-0.41503;-0.6731;0.4152;-0.6119;0.166192;2.232601;-0.422597;0.6431;0.7648;-0.0393;-0.529384;2.903056;1.241805;0.6431;0.7648;-0.0393;0.304321;2.126593;-0.225568;0.6431;0.7648;-0.0393;0.304321;2.126593;-0.225568;0.6878;-0.2246;0.6903;-0.850617;2.794284;1.142502;0.6878;-0.2246;0.6903;0.206902;1.85499;-0.216877;0.6878;-0.2246;0.6903;-0.700573;3.005107;1.055001;-0.7469;0.2816;-0.6024;-0.850617;2.794284;1.142502;-0.7469;0.2816;-0.6024;-0.937925;6.860859;3.151524;-0.7469;0.2816;-0.6024;-0.529384;2.903056;1.241805;0.7786;0.3361;-0.5299;-0.700573;3.005107;1.055001;0.7786;0.3361;-0.5299;-0.937925;6.860859;3.151524;0.7786;0.3361;-0.5299;-0.850617;2.794284;1.142502;-0.1251;-0.4416;0.8884;-0.529384;2.903056;1.241805;-0.1251;-0.4416;0.8884;-0.937925;6.860859;3.151524;-0.1251;-0.4416;0.8884;0.470276;2.686614;-0.623768;0.7678;-0.2947;-0.5689;-0.702898;6.997261;-4.440187;0.7678;-0.2947;-0.5689;0.625478;3.011966;-0.582817;0.7678;-0.2947;-0.5689;0.625478;3.011966;-0.582817;0.0983;0.7088;0.6985;-0.702898;6.997261;-4.440187;0.0983;0.7088;0.6985;0.34162;2.931566;-0.461283;0.0983;0.7088;0.6985;0.34162;2.931566;-0.461283;-0.9127;-0.3804;-0.1491;-0.702898;6.997261;-4.440187;-0.9127;-0.3804;-0.1491;0.470276;2.686614;-0.623768;-0.9127;-0.3804;-0.1491;-0.025659;-0.119604;-0.623993;0.8065;0.1137;-0.5802;0.02965;1.132175;-0.30187;0.8065;0.1137;-0.5802;0.352622;0.431231;0.00973;0.8065;0.1137;-0.5802;0.352622;0.431231;0.00973;0.7737;0.2118;0.5971;0.02612;1.073187;0.205054;0.7737;0.2118;0.5971;-0.02566;-0.119604;0.695201;0.7737;0.2118;0.5971;0.02612;1.073187;0.205054;0.6375;0.0914;0.765;0.352622;0.431231;0.00973;0.6375;0.0914;0.765;0.487975;2.366626;-0.334374;0.6375;0.0914;0.765;-0.02566;-0.119604;0.695201;-0.9038;0.1956;0.3806;0.02612;1.073187;0.205054;-0.9038;0.1956;0.3806;-0.204086;0.53669;-0.065923;-0.9038;0.1956;0.3806;-0.204086;0.53669;-0.065923;-0.8714;0.158;-0.4644;0.02965;1.132175;-0.30187;-0.8714;0.158;-0.4644;-0.025659;-0.119604;-0.623993;-0.8714;0.158;-0.4644;0.02965;1.132175;-0.30187;0.925;-0.3475;-0.1538;0.489937;2.542422;-0.719667;0.925;-0.3475;-0.1538;0.487975;2.366626;-0.334374;0.925;-0.3475;-0.1538;0.02612;1.073187;0.205054;-0.7632;0.3172;0.563;0.317689;2.643304;-0.284448;-0.7632;0.3172;0.563;0.06317;2.449362;-0.520195;-0.7632;0.3172;0.563;0.02965;1.132175;-0.30187;-0.5275;-0.1258;-0.8402;-0.204086;0.53669;-0.065923;-0.5275;-0.1258;-0.8402;0.06317;2.449362;-0.520195;-0.5275;-0.1258;-0.8402;-0.850617;2.794284;1.142502;-0.7589;0.3003;-0.5778;-0.700573;3.005107;1.055001;-0.7589;0.3003;-0.5778;0.030308;2.023455;-0.41503;-0.7589;0.3003;-0.5778;0.166192;2.232601;-0.422597;0.5775;0.8119;-0.0857;-0.700573;3.005107;1.055001;0.5775;0.8119;-0.0857;-0.529384;2.903056;1.241805;0.5775;0.8119;-0.0857;0.304321;2.126593;-0.225568;0.1259;-0.8455;0.5189;-0.529384;2.903056;1.241805;0.1259;-0.8455;0.5189;-0.850617;2.794284;1.142502;0.1259;-0.8455;0.5189
-3.221635;5.851573;-4.2517;3.158297;8.564624;3.296955;1;1
72;1
72;0.733333;0.4627;0.4;0.05
-3.164228;6.17741;-1.696146;-0.8278;-0.5566;-0.0708;-2.973443;5.851573;-1.365314;-0.8278;-0.5566;-0.0708;-3.221635;6.18822;-1.109804;-0.8278;-0.5566;-0.0708;-3.221635;6.18822;-1.109804;0.3822;-0.3631;0.8497;-2.973443;5.851573;-1.365314;0.3822;-0.3631;0.8497;-2.685057;6.18335;-1.35326;0.3822;-0.3631;0.8497;-2.685057;6.18335;-1.35326;0.5282;-0.4326;-0.7307;-2.973443;5.851573;-1.365314;0.5282;-0.4326;-0.7307;-3.164228;6.17741;-1.696146;0.5282;-0.4326;-0.7307;-2.685057;6.18335;-1.35326;0.5318;0.3932;-0.75;-3.164228;6.17741;-1.696146;0.5318;0.3932;-0.75;-3.023357;6.564306;-1.393405;0.5318;0.3932;-0.75;-3.221635;6.18822;-1.109804;0.3777;0.4223;0.824;-2.685057;6.18335;-1.35326;0.3777;0.4223;0.824;-3.023357;6.564306;-1.393405;0.3777;0.4223;0.824;-3.164228;6.17741;-1.696146;-0.9086;0.4063;-0.0965;-3.221635;6.18822;-1.109804;-0.9086;0.4063;-0.0965;-3.023357;6.564306;-1.393405;-0.9086;0.4063;-0.0965;2.679127;7.446145;-0.715828;-0.8278;-0.5566;-0.0708;2.869911;7.120309;-0.384996;-0.8278;-0.5566;-0.0708;2.62172;7.456955;-0.129485;-0.8278;-0.5566;-0.0708;2.62172;7.456955;-0.129485;0.3822;-0.3631;0.8497;2.869911;7.120309;-0.384996;0.3822;-0.3631;0.8497;3.158297;7.452086;-0.372942;0.3822;-0.3631;0.8497;3.158297;7.452086;-0.372942;0.5282;-0.4326;-0.7307;2.869911;7.120309;-0.384996;0.5282;-0.4326;-0.7307;2.679127;7.446145;-0.715828;0.5282;-0.4326;-0.7307;3.158297;7.452086;-0.372942;0.5318;0.3932;-0.75;2.679127;7.446145;-0.715828;0.5318;0.3932;-0.75;2.819998;7.833042;-0.413088;0.5318;0.3932;-0.75;2.62172;7.456955;-0.129485;0.3777;0.4223;0.824;3.158297;7.452086;-0.372942;0.3777;0.4223;0.824;2.819998;7.833042;-0.413088;0.3777;0.4223;0.824;2.679127;7.446145;-0.715828;-0.9086;0.4063;-0.0965;2.62172;7.456955;-0.129485;-0.9086;0.4063;-0.0965;2.819998;7.833042;-0.413088;-0.9086;0.4063;-0.0965;0.785598;8.564624;-3.951997;0.6117;0.6011;-0.5142;1.17494;8.271558;-3.831404;0.6117;0.6011;-0.5142;0.989941;8.100263;-4.2517;0.6117;0.6011;-0.5142;0.989941;8.100263;-4.2517;0.5778;-0.8126;0.0768;1.17494;8.271558;-3.831404;0.5778;-0.8126;0.0768;0.829899;8.039774;-3.68784;0.5778;-0.8126;0.0768;0.829899;8.039774;-3.68784;0.0656;0.453;0.8891;1.17494;8.271558;-3.831404;0.0656;0.453;0.8891;0.785598;8.564624;-3.951997;0.0656;0.453;0.8891;0.829899;8.039774;-3.68784;-0.7053;0.2703;0.6553;0.785598;8.564624;-3.951997;-0.7053;0.2703;0.6553;0.513392;8.149584;-4.073782;-0.7053;0.2703;0.6553;0.989941;8.100263;-4.2517;-0.1568;-0.9763;-0.1492;0.829899;8.039774;-3.68784;-0.1568;-0.9763;-0.1492;0.513392;8.149584;-4.073782;-0.1568;-0.9763;-0.1492;0.785598;8.564624;-3.951997;-0.2757;0.4327;-0.8584;0.989941;8.100263;-4.2517;-0.2757;0.4327;-0.8584;0.513392;8.149584;-4.073782;-0.2757;0.4327;-0.8584;-2.992416;8.029945;2.750547;-0.8571;-0.3823;0.3453;-2.737151;7.660751;2.975386;-0.8571;-0.3823;0.3453;-2.771856;8.028995;3.296955;-0.8571;-0.3823;0.3453;-2.771856;8.028995;3.296955;0.652;-0.4629;0.6005;-2.737151;7.660751;2.975386;0.652;-0.4629;0.6005;-2.418145;7.929588;2.836286;0.652;-0.4629;0.6005;-2.418145;7.929588;2.836286;0.0422;-0.4982;-0.866;-2.737151;7.660751;2.975386;0.0422;-0.4982;-0.866;-2.992416;8.029945;2.750547;0.0422;-0.4982;-0.866;-2.418145;7.929588;2.836286;0.1933;0.3114;-0.9304;-2.992416;8.029945;2.750547;0.1933;0.3114;-0.9304;-2.658026;8.370177;2.933881;0.1933;0.3114;-0.9304;-2.771856;8.028995;3.296955;0.7854;0.3088;0.5364;-2.418145;7.929588;2.836286;0.7854;0.3088;0.5364;-2.658026;8.370177;2.933881;0.7854;0.3088;0.5364;-2.992416;8.029945;2.750547;-0.7562;0.5782;0.3063;-2.771856;8.028995;3.296955;-0.7562;0.5782;0.3063;-2.658026;8.370177;2.933881;-0.7562;0.5782;0.3063
-2.280346;4.194009;-3.58435;2.093243;9.314429;2.325525;1;1
90;1
90;0.733333;0.4627;0.4;0.05
-1.712427;8.03834;-3.533809;0.7725;0.0506;0.633;-1.985472;8.323065;-3.223333;0.7725;0.0506;0.633;-2.060376;7.856137;-3.094555;0.7725;0.0506;0.633;-2.060376;7.856137;-3.094555;-0.7416;0.2863;0.6066;-1.985472;8.323065;-3.223333;-0.7416;0.2863;0.6066;-2.280346;8.195089;-3.523431;-0.7416;0.2863;0.6066;-2.280346;8.195089;-3.523431;0.2124;0.8061;-0.5524;-1.985472;8.323065;-3.223333;0.2124;0.8061;-0.5524;-1.712427;8.03834;-3.533809;0.2124;0.8061;-0.5524;-2.280346;8.195089;-3.523431;0.0187;0.1333;-0.9909;-1.712427;8.03834;-3.533809;0.0187;0.1333;-0.9909;-2.107443;7.718037;-3.58435;0.0187;0.1333;-0.9909;-2.060376;7.856137;-3.094555;-0.9154;-0.3558;0.1883;-2.280346;8.195089;-3.523431;-0.9154;-0.3558;0.1883;-2.107443;7.718037;-3.58435;-0.9154;-0.3558;0.1883;-1.712427;8.03834;-3.533809;0.6092;-0.7766;0.1604;-2.060376;7.856137;-3.094555;0.6092;-0.7766;0.1604;-2.107443;7.718037;-3.58435;0.6092;-0.7766;0.1604;0.627262;4.503046;1.769412;-0.8278;-0.5566;-0.0708;0.80821;4.194009;2.083187;-0.8278;-0.5566;-0.0708;0.572814;4.513299;2.325525;-0.8278;-0.5566;-0.0708;0.572814;4.513299;2.325525;0.3822;-0.3631;0.8497;0.80821;4.194009;2.083187;0.3822;-0.3631;0.8497;1.081727;4.50868;2.09462;0.3822;-0.3631;0.8497;1.081727;4.50868;2.09462;0.5282;-0.4326;-0.7307;0.80821;4.194009;2.083187;0.5282;-0.4326;-0.7307;0.627262;4.503046;1.769412;0.5282;-0.4326;-0.7307;1.081727;4.50868;2.09462;0.5318;0.3932;-0.75;0.627262;4.503046;1.769412;0.5318;0.3932;-0.75;0.76087;4.869995;2.056544;0.5318;0.3932;-0.75;0.572814;4.513299;2.325525;0.3777;0.4223;0.824;1.081727;4.50868;2.09462;0.3777;0.4223;0.824;0.76087;4.869995;2.056544;0.3777;0.4223;0.824;0.627262;4.503046;1.769412;-0.9086;0.4063;-0.0965;0.572814;4.513299;2.325525;-0.9086;0.4063;-0.0965;0.76087;4.869995;2.056544;-0.9086;0.4063;-0.0965;0.350967;9.227205;0.353743;0.1517;0.7873;0.5976;0.791327;9.033466;0.497151;0.1517;0.7873;0.5976;0.877976;9.314429;0.105019;0.1517;0.7873;0.5976;0.877976;9.314429;0.105019;0.9311;-0.3609;-0.0529;0.791327;9.033466;0.497151;0.9311;-0.3609;-0.0529;0.669436;8.767069;0.169185;0.9311;-0.3609;-0.0529;0.669436;8.767069;0.169185;-0.4727;-0.5898;0.6548;0.791327;9.033466;0.497151;-0.4727;-0.5898;0.6548;0.350967;9.227205;0.353743;-0.4727;-0.5898;0.6548;0.669436;8.767069;0.169185;-0.835;-0.5434;-0.0861;0.350967;9.227205;0.353743;-0.835;-0.5434;-0.0861;0.467219;9.125799;-0.133482;-0.835;-0.5434;-0.0861;0.877976;9.314429;0.105019;0.5797;-0.3092;-0.7538;0.669436;8.767069;0.169185;0.5797;-0.3092;-0.7538;0.467219;9.125799;-0.133482;0.5797;-0.3092;-0.7538;0.350967;9.227205;0.353743;-0.2752;0.926;-0.2584;0.877976;9.314429;0.105019;-0.2752;0.926;-0.2584;0.467219;9.125799;-0.133482;-0.2752;0.926;-0.2584;1.518972;5.071703;-3.528915;-0.8571;-0.3823;0.3453;1.774237;4.702508;-3.304076;-0.8571;-0.3823;0.3453;1.739532;5.070752;-2.982507;-0.8571;-0.3823;0.3453;1.739532;5.070752;-2.982507;0.652;-0.4629;0.6005;1.774237;4.702508;-3.304076;0.652;-0.4629;0.6005;2.093243;4.971345;-3.443177;0.652;-0.4629;0.6005;2.093243;4.971345;-3.443177;0.0422;-0.4982;-0.866;1.774237;4.702508;-3.304076;0.0422;-0.4982;-0.866;1.518972;5.071703;-3.528915;0.0422;-0.4982;-0.866;2.093243;4.971345;-3.443177;0.1933;0.3114;-0.9304;1.518972;5.071703;-3.528915;0.1933;0.3114;-0.9304;1.853363;5.411935;-3.345581;0.1933;0.3114;-0.9304;1.739532;5.070752;-2.982507;0.7854;0.3088;0.5364;2.093243;4.971345;-3.443177;0.7854;0.3088;0.5364;1.853363;5.411935;-3.345581;0.7854;0.3088;0.5364;1.518972;5.071703;-3.528915;-0.7562;0.5782;0.3063;1.739532;5.070752;-2.982507;-0.7562;0.5782;0.3063;1.853363;5.411935;-3.345581;-0.7562;0.5782;0.3063;-1.392776;4.876167;-2.217438;-0.8571;-0.3823;0.3453;-1.11248;4.470768;-1.970552;-0.8571;-0.3823;0.3453;-1.150587;4.875122;-1.61745;-0.8571;-0.3823;0.3453;-1.150587;4.875122;-1.61745;0.652;-0.4629;0.6005;-1.11248;4.470768;-1.970552;0.652;-0.4629;0.6005;-0.762192;4.765967;-2.123293;0.652;-0.4629;0.6005;-0.762192;4.765967;-2.123293;0.0422;-0.4982;-0.866;-1.11248;4.470768;-1.970552;0.0422;-0.4982;-0.866;-1.392776;4.876167;-2.217438;0.0422;-0.4982;-0.866;-0.762192;4.765967;-2.123293;0.1933;0.3114;-0.9304;-1.392776;4.876167;-2.217438;0.1933;0.3114;-0.9304;-1.025595;5.249761;-2.016127;0.1933;0.3114;-0.9304;-1.150587;4.875122;-1.61745;0.7854;0.3088;0.5364;-0.762192;4.765967;-2.123293;0.7854;0.3088;0.5364;-1.025595;5.249761;-2.016127;0.7854;0.3088;0.5364;-1.392776;4.876167;-2.217438;-0.7562;0.5782;0.3063;-1.150587;4.875122;-1.61745;-0.7562;0.5782;0.3063;-1.025595;5.249761;-2.016127;-0.7562;0.5782;0.3063
8
INFO;NameId;253;DescId;254;price;3500;dpPerMin;0;range;3;placeSound;thud
MATERIAL;second;0;count;4;CUSTOM;0.5765;0.8;0.4;1000;YELLOW_GREEN;100000;DARK_GREEN;100000;CYAN;500000
LIFE;averagePop;6.0;averageLife;57.0;popFactors;2;0;0.13;breedMat;28.5;breedTime;20.628906;parentId;2;chance;450;reqCount;2;LIFE;type;2;enviroType;1;biome;FOREST;amount;0.1;LIFE;type;2;enviroType;2;amount;0.50;FALL_DEATH;fallTime;3;totalTime;5;fallenAngle;60;particleEffect;1;ExplodeTime;0.975;UseMaterial;1;Colour;1;Spawn;2;5;0;1;0;PPS;30;Speed;1.5;Gravity;0.3;Life;3;Scale;0.1;Colour;1;0;0;Additive;0;Alpha;1;FadeIn;0.1;FadeOut;0.8;HasDir;1;Dir;0;1;0;Varience;0.25;Offset;0;5;0;LifeError;0.4;ScaleError;0.3;SpeedError;0.4;RandRot;1;HasXRot;1;XRotSpeed;180;Stages;1;2;enviroReqCount;3;reqId;2;barren;0;goodBiomes;2;1;8;idealFactor;70;influence;0.7;reqId;3;badBiomes;3;5;6;3;influence;0.85;reqId;5;likedSpecies;1;a;influence;0.1
GROWTH;dynamic;0;growthTime;19.0;modelStages;3;subStages;2
FRUITER;modelStage;3;stageCount;2;fruitTime;14
FRUIT_FALL;fruitID;33;spawnTime;0.16;spawnHeight;6;spawnRadius;3.5
WOOD;cut time;5;bark factor;0.4;colour;0.46666666;0.32157;0.2784
PERCH;1;-0.3597;2.9414;0.5434
