2.5;Name;560
ef
1;1
1
-0.102676;-0.030817;-0.090964;0.084083;0.179784;0.104317;1
36;1
36;0.733333;0.4627;0.4
-0.082114;0.126651;0.100144;-0.9505;-0.2116;0.2275;-0.102676;0.035308;-0.070684;-0.9505;-0.2116;0.2275;-0.046068;-0.030817;0.104317;-0.9505;-0.2116;0.2275;-0.072172;0.179784;-0.066801;-0.1057;0.049;-0.9932;0.057561;-0.030138;-0.090964;-0.1057;0.049;-0.9932;-0.102676;0.035308;-0.070684;-0.1057;0.049;-0.9932;0.081828;0.127686;-0.063328;0.9856;-0.1333;-0.104;0.084083;0.02893;0.084688;0.9856;-0.1333;-0.104;0.057561;-0.030138;-0.090964;0.9856;-0.1333;-0.104;0.073878;0.169608;0.08758;0.1533;-0.0092;0.9881;-0.046068;-0.030817;0.104317;0.1533;-0.0092;0.9881;0.084083;0.02893;0.084688;0.1533;-0.0092;0.9881;0.057561;-0.030138;-0.090964;-0.3924;-0.8952;-0.2113;-0.046068;-0.030817;0.104317;-0.3924;-0.8952;-0.2113;-0.102676;0.035308;-0.070684;-0.3924;-0.8952;-0.2113;0.081828;0.127686;-0.063328;0.316;0.9183;-0.2385;-0.072172;0.179784;-0.066801;0.316;0.9183;-0.2385;0.073878;0.169608;0.08758;0.316;0.9183;-0.2385;-0.082114;0.126651;0.100144;-0.9784;0.2064;0.0074;-0.072172;0.179784;-0.066801;-0.9784;0.2064;0.0074;-0.102676;0.035308;-0.070684;-0.9784;0.2064;0.0074;-0.072172;0.179784;-0.066801;0.0765;0.1606;-0.9841;0.081828;0.127686;-0.063328;0.0765;0.1606;-0.9841;0.057561;-0.030138;-0.090964;0.0765;0.1606;-0.9841;0.081828;0.127686;-0.063328;0.9969;0.0716;0.0326;0.073878;0.169608;0.08758;0.9969;0.0716;0.0326;0.084083;0.02893;0.084688;0.9969;0.0716;0.0326;0.073878;0.169608;0.08758;0.0687;0.0421;0.9967;-0.082114;0.126651;0.100144;0.0687;0.0421;0.9967;-0.046068;-0.030817;0.104317;0.0687;0.0421;0.9967;0.057561;-0.030138;-0.090964;0.4344;-0.8715;0.2275;0.084083;0.02893;0.084688;0.4344;-0.8715;0.2275;-0.046068;-0.030817;0.104317;0.4344;-0.8715;0.2275;-0.082114;0.126651;0.100144;-0.2335;0.9305;0.2822;0.073878;0.169608;0.08758;-0.2335;0.9305;0.2822;-0.072172;0.179784;-0.066801;-0.2335;0.9305;0.2822
2
DECAY;1
FOOD;1;906;8;WHOLE;PARTICLE_DEATH;isColour;1;Spawn;0;PPS;8;Speed;0.6;Gravity;0.2;Life;0.5;Scale;0.05;Colour;0.733333;0.4627;0.4;Additive;0;Alpha;1;FadeIn;0.1;FadeOut;0.8;HasDir;1;Dir;0;1;0;Deviation;0.3;Offset;0;0;0;LifeError;0.4;ScaleError;0.1;SpeedError;0.1;RandomRot;1;HasXRot;0