3.0
pt
0;1
3
-0.245509;-0.021883;-0.577674;0.395404;0.989722;0.35837;1
90;2
30;0.29;0.227;0.173;0.1
-0.035039;0.460396;-0.049765;0.8558;-0.1696;-0.4886;0.044304;0.989722;-0.094565;0.8558;-0.1696;-0.4886;-0.005841;0.462173;7.57E-4;0.8558;-0.1696;-0.4886;-0.005841;0.462173;7.57E-4;-0.0071;0.1784;0.9839;0.044304;0.989722;-0.094565;-0.0071;0.1784;0.9839;-0.06328;0.46271;2.44E-4;-0.0071;0.1784;0.9839;-0.06328;0.46271;2.44E-4;-0.8656;0.088;-0.4929;0.044304;0.989722;-0.094565;-0.8656;0.088;-0.4929;-0.035039;0.460396;-0.049765;-0.8656;0.088;-0.4929;-0.035039;0.460396;-0.049765;-0.87;-0.0548;-0.4899;-0.048934;-0.019214;0.028622;-0.8658;-0.0562;-0.4972;-0.06328;0.46271;2.44E-4;-0.8705;-0.0547;-0.4891;-0.012109;-0.020852;-0.0352;-0.0363;-0.9993;0.0046;0.024356;-0.021883;0.028412;-0.0363;-0.9993;0.0046;-0.048934;-0.019214;0.028622;-0.0363;-0.9993;0.0046;-0.005841;0.462173;7.57E-4;-0.0071;0.0584;0.9983;-0.048934;-0.019214;0.028622;0.004;0.0574;0.9983;0.024356;-0.021883;0.028412;0.0049;0.0573;0.9983;-0.005841;0.462173;7.57E-4;0.8653;0.026;-0.5005;-0.012109;-0.020852;-0.0352;0.8673;0.0257;-0.4971;-0.035039;0.460396;-0.049765;0.8651;0.026;-0.5009;-0.035039;0.460396;-0.049765;-0.87;-0.0548;-0.4899;-0.012109;-0.020852;-0.0352;-0.8654;-0.0563;-0.4979;-0.048934;-0.019214;0.028622;-0.8658;-0.0562;-0.4972;-0.005841;0.462173;7.57E-4;-0.0071;0.0584;0.9983;-0.06328;0.46271;2.44E-4;-0.0084;0.0585;0.9982;-0.048934;-0.019214;0.028622;0.004;0.0574;0.9983;-0.005841;0.462173;7.57E-4;0.8653;0.026;-0.5005;0.024356;-0.021883;0.028412;0.8674;0.0257;-0.4968;-0.012109;-0.020852;-0.0352;0.8673;0.0257;-0.4971
60;0.22;0.369;0.224;0.1
0.181329;0.493709;-0.148538;0.2651;0.8498;0.4555;-0.104511;0.558903;-0.103784;0.2651;0.8498;0.4555;-0.245509;0.483274;0.119385;0.2651;0.8498;0.4555;0.082766;0.30815;-0.163142;0.3799;0.8816;-0.28;0.017456;0.400608;0.039389;0.3799;0.8816;-0.28;0.306672;0.30815;0.140654;0.3799;0.8816;-0.28;-0.19682;0.438446;-0.267235;0.0808;0.78;-0.6205;-0.104511;0.558903;-0.103784;0.0808;0.78;-0.6205;0.181329;0.493709;-0.148538;0.0808;0.78;-0.6205;0.306672;0.30815;0.140654;0.0135;0.7573;0.6529;0.017456;0.400608;0.039389;0.0135;0.7573;0.6529;-0.111285;0.315614;0.140654;0.0135;0.7573;0.6529;-0.245509;0.483274;0.119385;-0.6591;0.733;-0.168;-0.104511;0.558903;-0.103784;-0.6591;0.733;-0.168;-0.19682;0.438446;-0.267235;-0.6591;0.733;-0.168;-0.245509;0.483274;0.119385;0.1041;-0.9864;0.1275;-0.19682;0.438446;-0.267235;0.1041;-0.9864;0.1275;0.181329;0.493709;-0.148538;0.1041;-0.9864;0.1275;-0.111285;0.315614;0.140654;-0.7129;0.522;-0.4682;0.017456;0.400608;0.039389;-0.7129;0.522;-0.4682;0.082766;0.30815;-0.163142;-0.7129;0.522;-0.4682;0.082766;0.30815;-0.163142;-0.0179;-0.9997;0.0132;0.306672;0.30815;0.140654;-0.0179;-0.9997;0.0132;-0.111285;0.315614;0.140654;-0.0179;-0.9997;0.0132;0.179289;0.87072;-0.577674;0.5114;0.8566;-0.0681;0.044304;0.989722;-0.094565;0.5114;0.8566;-0.0681;0.309536;0.83249;-0.080795;0.5114;0.8566;-0.0681;0.309536;0.83249;-0.080795;0.4712;0.8227;0.3181;0.044304;0.989722;-0.094565;0.4712;0.8227;0.3181;0.029697;0.844963;0.301447;0.4712;0.8227;0.3181;0.029697;0.844963;0.301447;-0.3988;0.8659;0.3018;0.044304;0.989722;-0.094565;-0.3988;0.8659;0.3018;-0.227976;0.875687;-0.127121;-0.3988;0.8659;0.3018;-0.227976;0.875687;-0.127121;-0.3349;0.8889;-0.3125;0.044304;0.989722;-0.094565;-0.3349;0.8889;-0.3125;0.179289;0.87072;-0.577674;-0.3349;0.8889;-0.3125;0.309536;0.83249;-0.080795;-0.0764;-0.9962;-0.0422;-0.227976;0.875687;-0.127121;-0.0765;-0.9962;-0.0406;0.179289;0.87072;-0.577674;-0.0751;-0.9955;-0.0569;0.395404;0.635399;-0.034844;0.3324;0.9426;-0.0315;0.090775;0.745026;0.031252;0.3324;0.9426;-0.0315;0.304461;0.680601;0.35837;0.3324;0.9426;-0.0315;0.304461;0.680601;0.35837;-0.2861;0.8873;0.3616;0.090775;0.745026;0.031252;-0.2861;0.8873;0.3616;-0.071164;0.645877;0.146402;-0.2861;0.8873;0.3616;-0.071164;0.645877;0.146402;-0.595;0.7879;-0.1584;0.090775;0.745026;0.031252;-0.595;0.7879;-0.1584;0.05754;0.666076;-0.23653;-0.595;0.7879;-0.1584;0.05754;0.666076;-0.23653;0.2639;0.9158;-0.3027;0.090775;0.745026;0.031252;0.2639;0.9158;-0.3027;0.395404;0.635399;-0.034844;0.2639;0.9158;-0.3027;0.395404;0.635399;-0.034844;-0.0113;-0.9995;0.0287;-0.071164;0.645877;0.146402;-0.0123;-0.9996;0.026;0.05754;0.666076;-0.23653;-0.0492;-0.9964;-0.0691;0.309536;0.83249;-0.080795;-0.0764;-0.9962;-0.0422;0.029697;0.844963;0.301447;-0.078;-0.9966;-0.0245;-0.227976;0.875687;-0.127121;-0.0765;-0.9962;-0.0406;0.395404;0.635399;-0.034844;-0.0113;-0.9995;0.0287;0.304461;0.680601;0.35837;0.0242;-0.9925;0.1197;-0.071164;0.645877;0.146402;-0.0123;-0.9996;0.026
-1.405551;-0.170397;-1.593359;1.13685;3.691139;1.149615;3.2
246;2
90;0.29;0.227;0.173;0.03
-0.024094;1.200418;-0.042415;-0.979;-0.1381;-0.15;-0.107574;1.833415;-0.080539;-0.979;-0.1381;-0.15;-0.01373;1.268187;-0.172475;-0.979;-0.1381;-0.15;-0.044605;-0.170397;0.133459;-0.9945;-0.001;-0.1049;-0.01373;1.268187;-0.172475;-0.9945;-0.001;-0.1049;-0.026624;-0.165282;-0.037017;-0.9945;-0.001;-0.1049;0.090559;-0.15387;0.145222;-0.1015;0.1281;0.9866;-0.024094;1.200418;-0.042415;-0.1015;0.1281;0.9866;-0.044605;-0.170397;0.133459;-0.1015;0.1281;0.9866;0.090559;-0.15387;0.145222;0.4173;-0.1689;-0.8929;-0.01373;1.268187;-0.172475;0.4173;-0.1689;-0.8929;0.117135;1.224387;-0.103036;0.4173;-0.1689;-0.8929;0.00328;1.854409;-0.075281;0.701;0.1287;0.7014;0.108594;2.814466;-0.356674;0.701;0.1287;0.7014;-0.076559;1.888079;-0.001669;0.701;0.1287;0.7014;0.117135;1.224387;-0.103036;0.3978;-0.024;0.9172;-0.076559;1.888079;-0.001669;0.3978;-0.024;0.9172;-0.024094;1.200418;-0.042415;0.3978;-0.024;0.9172;-0.01373;1.268187;-0.172475;0.4979;0.1278;-0.8578;0.00328;1.854409;-0.075281;0.4979;0.1278;-0.8578;0.117135;1.224387;-0.103036;0.4979;0.1278;-0.8578;-0.076559;1.888079;-0.001669;-0.6485;0.3819;0.6584;0.108594;2.814466;-0.356674;-0.6485;0.3819;0.6584;0.055766;2.81732;-0.410367;-0.6485;0.3819;0.6584;0.00328;1.854409;-0.075281;-0.3907;-0.2835;-0.8758;0.055766;2.81732;-0.410367;-0.3907;-0.2835;-0.8758;0.139958;2.817841;-0.448098;-0.3907;-0.2835;-0.8758;-0.076559;1.888079;-0.001669;-0.9494;0.2295;0.2143;0.055766;2.81732;-0.410367;-0.9494;0.2295;0.2143;-0.107574;1.833415;-0.080539;-0.9494;0.2295;0.2143;0.139958;2.817841;-0.448098;0.9373;-0.1469;0.3161;0.148608;3.521257;-0.146923;0.9373;-0.1469;0.3161;0.108594;2.814466;-0.356674;0.9373;-0.1469;0.3161;-0.024094;1.200418;-0.042415;-0.9027;-0.0938;0.4199;-0.076559;1.888079;-0.001669;-0.9027;-0.0938;0.4199;-0.107574;1.833415;-0.080539;-0.9027;-0.0938;0.4199;-0.044605;-0.170397;0.133459;-0.997;0.0051;-0.0768;-0.024094;1.200418;-0.042415;-0.997;0.0051;-0.0768;-0.01373;1.268187;-0.172475;-0.997;0.0051;-0.0768;0.090559;-0.15387;0.145222;0.3667;0.1581;0.9168;0.117135;1.224387;-0.103036;0.3667;0.1581;0.9168;-0.024094;1.200418;-0.042415;0.3667;0.1581;0.9168;0.090559;-0.15387;0.145222;0.8413;-0.0583;-0.5373;-0.026624;-0.165282;-0.037017;0.8413;-0.0583;-0.5373;-0.01373;1.268187;-0.172475;0.8413;-0.0583;-0.5373;0.00328;1.854409;-0.075281;0.9459;-0.0087;0.3242;0.139958;2.817841;-0.448098;0.9459;-0.0087;0.3242;0.108594;2.814466;-0.356674;0.9459;-0.0087;0.3242;0.117135;1.224387;-0.103036;0.6961;0.0944;0.7117;0.00328;1.854409;-0.075281;0.6961;0.0944;0.7117;-0.076559;1.888079;-0.001669;0.6961;0.0944;0.7117;-0.01373;1.268187;-0.172475;0.0159;0.1631;-0.9865;-0.107574;1.833415;-0.080539;0.0159;0.1631;-0.9865;0.00328;1.854409;-0.075281;0.0159;0.1631;-0.9865;0.055766;2.81732;-0.410367;-0.7075;-0.1639;0.6874;0.108594;2.814466;-0.356674;-0.7075;-0.1639;0.6874;0.148608;3.521257;-0.146923;-0.7075;-0.1639;0.6874;0.00328;1.854409;-0.075281;0.1073;-0.332;-0.9372;-0.107574;1.833415;-0.080539;0.1073;-0.332;-0.9372;0.055766;2.81732;-0.410367;0.1073;-0.332;-0.9372;0.139958;2.817841;-0.448098;-0.3822;0.3677;-0.8478;0.055766;2.81732;-0.410367;-0.3822;0.3677;-0.8478;0.148608;3.521257;-0.146923;-0.3822;0.3677;-0.8478;0.021452;2.151881;-0.154444;0.9756;-0.0745;-0.2067;0.180871;2.711611;0.396329;0.9756;-0.0745;-0.2067;0.017875;2.083252;-0.146589;0.9756;-0.0745;-0.2067;0.017875;2.083252;-0.146589;-0.0044;-0.6531;0.7572;0.180871;2.711611;0.396329;-0.0044;-0.6531;0.7572;-0.030874;2.118016;-0.11689;-0.0044;-0.6531;0.7572;-0.030874;2.118016;-0.11689;-0.6848;0.6008;-0.4124;0.180871;2.711611;0.396329;-0.6848;0.6008;-0.4124;0.021452;2.151881;-0.154444;-0.6848;0.6008;-0.4124;-0.027781;1.730358;-0.047712;-0.195;0.5957;0.7792;-0.856237;2.140862;-0.568842;-0.195;0.5957;0.7792;-0.04934;1.663284;-0.00183;-0.195;0.5957;0.7792;-0.04934;1.663284;-0.00183;-0.6356;-0.7077;0.3085;-0.856237;2.140862;-0.568842;-0.6356;-0.7077;0.3085;-0.045557;1.626967;-0.077342;-0.6356;-0.7077;0.3085;-0.045557;1.626967;-0.077342;0.5741;0.1329;-0.808;-0.856237;2.140862;-0.568842;0.5741;0.1329;-0.808;-0.027781;1.730358;-0.047712;0.5741;0.1329;-0.808;0.006617;1.15738;-0.039098;-0.4616;0.7497;-0.4743;0.640567;1.507041;-0.103341;-0.4616;0.7497;-0.4743;0.014271;1.116034;-0.111905;-0.4616;0.7497;-0.4743;0.014271;1.116034;-0.111905;0.3538;-0.5501;-0.7565;0.640567;1.507041;-0.103341;0.3538;-0.5501;-0.7565;0.028409;1.052451;-0.059059;0.3538;-0.5501;-0.7565;0.028409;1.052451;-0.059059;0.18;-0.1476;0.9725;0.640567;1.507041;-0.103341;0.18;-0.1476;0.9725;0.006617;1.15738;-0.039098;0.18;-0.1476;0.9725
156;0.22;0.369;0.224;0.03
0.546211;1.42748;-0.48705;0.1751;-0.9598;-0.2196;1.04961;1.494272;-0.37754;0.1751;-0.9598;-0.2196;1.118909;1.457821;-0.162951;0.1751;-0.9598;-0.2196;1.118909;1.457821;-0.162951;0.3057;0.9518;-0.0235;0.470082;1.672012;0.073293;0.3057;0.9518;-0.0235;0.986461;1.508787;0.17869;0.3057;0.9518;-0.0235;0.470082;1.672012;0.073293;0.0716;0.6909;0.7194;0.369347;1.457232;0.289596;0.0716;0.6909;0.7194;0.986461;1.508787;0.17869;0.0716;0.6909;0.7194;0.067952;1.533508;-0.015291;-0.2308;-0.9729;-0.0153;0.546211;1.42748;-0.48705;-0.2308;-0.9729;-0.0153;0.369347;1.457232;0.289596;-0.2308;-0.9729;-0.0153;0.986461;1.508787;0.17869;-0.0255;-0.9901;0.1378;0.546211;1.42748;-0.48705;-0.0255;-0.9901;0.1378;1.118909;1.457821;-0.162951;-0.0255;-0.9901;0.1378;0.470082;1.672012;0.073293;-0.2756;0.9371;-0.2142;0.178623;1.476744;-0.405963;-0.2756;0.9371;-0.2142;0.067952;1.533508;-0.015291;-0.2756;0.9371;-0.2142;-0.048617;1.98093;-0.526942;0.4942;-0.8037;0.3315;-0.376741;2.059186;0.151954;0.4942;-0.8037;0.3315;-0.755199;1.895972;0.320489;0.4942;-0.8037;0.3315;-0.755199;1.895972;0.320489;-0.0523;0.9044;0.4234;-0.894909;2.205911;-0.358925;-0.0523;0.9044;0.4234;-1.358411;1.879421;0.28127;-0.0523;0.9044;0.4234;-0.894909;2.205911;-0.358925;-0.6507;0.7544;-0.0863;-1.405551;1.754087;-0.458732;-0.6507;0.7544;-0.0863;-1.358411;1.879421;0.28127;-0.6507;0.7544;-0.0863;-0.837679;2.047188;-0.955257;0.1331;-0.9126;-0.3865;-0.048617;1.98093;-0.526942;0.1331;-0.9126;-0.3865;-1.405551;1.754087;-0.458732;0.1331;-0.9126;-0.3865;-1.358411;1.879421;0.28127;0.0321;-0.9968;-0.0732;-0.048617;1.98093;-0.526942;0.0321;-0.9968;-0.0732;-0.755199;1.895972;0.320489;0.0321;-0.9968;-0.0732;-0.894909;2.205911;-0.358925;-0.0357;0.9649;-0.2602;-0.140263;2.07115;-0.962076;-0.0357;0.9649;-0.2602;-0.837679;2.047188;-0.955257;-0.0357;0.9649;-0.2602;0.546211;1.42748;-0.48705;-2.0E-4;0.8542;-0.52;0.178623;1.476744;-0.405963;-2.0E-4;0.8542;-0.52;1.04961;1.494272;-0.37754;-2.0E-4;0.8542;-0.52;1.118909;1.457821;-0.162951;0.3305;0.9423;0.0533;1.04961;1.494272;-0.37754;0.3305;0.9423;0.0533;0.470082;1.672012;0.073293;0.3305;0.9423;0.0533;0.470082;1.672012;0.073293;-0.3775;0.739;0.558;0.067952;1.533508;-0.015291;-0.3775;0.739;0.558;0.369347;1.457232;0.289596;-0.3775;0.739;0.558;0.067952;1.533508;-0.015291;-0.1074;-0.9878;0.1131;0.178623;1.476744;-0.405963;-0.1074;-0.9878;0.1131;0.546211;1.42748;-0.48705;-0.1074;-0.9878;0.1131;0.986461;1.508787;0.17869;0.0937;-0.9938;0.0594;0.369347;1.457232;0.289596;0.0937;-0.9938;0.0594;0.546211;1.42748;-0.48705;0.0937;-0.9938;0.0594;0.470082;1.672012;0.073293;-0.0065;0.9274;-0.3739;1.04961;1.494272;-0.37754;-0.0065;0.9274;-0.3739;0.178623;1.476744;-0.405963;-0.0065;0.9274;-0.3739;-0.048617;1.98093;-0.526942;0.4195;0.9024;0.0987;-0.140263;2.07115;-0.962076;0.4195;0.9024;0.0987;-0.376741;2.059186;0.151954;0.4195;0.9024;0.0987;-0.755199;1.895972;0.320489;-0.1838;0.8795;0.439;-0.376741;2.059186;0.151954;-0.1838;0.8795;0.439;-0.894909;2.205911;-0.358925;-0.1838;0.8795;0.439;-0.894909;2.205911;-0.358925;-0.6115;0.7481;-0.2578;-0.837679;2.047188;-0.955257;-0.6115;0.7481;-0.2578;-1.405551;1.754087;-0.458732;-0.6115;0.7481;-0.2578;-0.837679;2.047188;-0.955257;0.0315;-0.9773;-0.2093;-0.140263;2.07115;-0.962076;0.0315;-0.9773;-0.2093;-0.048617;1.98093;-0.526942;0.0315;-0.9773;-0.2093;-1.358411;1.879421;0.28127;0.1704;-0.9733;0.154;-1.405551;1.754087;-0.458732;0.1704;-0.9733;0.154;-0.048617;1.98093;-0.526942;0.1704;-0.9733;0.154;-0.894909;2.205911;-0.358925;0.2195;0.9739;0.0571;-0.376741;2.059186;0.151954;0.2195;0.9739;0.0571;-0.140263;2.07115;-0.962076;0.2195;0.9739;0.0571;-0.821547;3.052489;-0.488597;-0.6909;0.7226;-0.0213;-0.489135;3.401794;0.581745;-0.6909;0.7226;-0.0213;-0.539752;3.302442;-1.149652;-0.6909;0.7226;-0.0213;-0.489135;3.401794;0.581745;-0.2553;-0.893;0.3707;-0.821547;3.052489;-0.488597;-0.2553;-0.893;0.3707;0.385236;3.262824;0.849155;-0.2553;-0.893;0.3707;-0.821547;3.052489;-0.488597;-0.6545;-0.5715;-0.4951;-0.539752;3.302442;-1.149652;-0.6545;-0.5715;-0.4951;-0.003951;3.073214;-1.593359;-0.6545;-0.5715;-0.4951;-0.821547;3.052489;-0.488597;0.0045;-0.9999;-0.0155;-0.003951;3.073214;-1.593359;0.0045;-0.9999;-0.0155;1.064105;3.074115;-1.342758;0.0045;-0.9999;-0.0155;-0.821547;3.052489;-0.488597;0.0583;-0.9929;0.1035;1.064105;3.074115;-1.342758;0.0583;-0.9929;0.1035;0.385236;3.262824;0.849155;0.0583;-0.9929;0.1035;-0.489135;3.401794;0.581745;1.0E-4;0.8875;0.4608;0.385236;3.262824;0.849155;1.0E-4;0.8875;0.4608;0.433935;3.691139;0.024224;1.0E-4;0.8875;0.4608;-0.539752;3.302442;-1.149652;-0.7208;0.6929;-0.0187;-0.489135;3.401794;0.581745;-0.7208;0.6929;-0.0187;-0.324405;3.548372;-0.336406;-0.7208;0.6929;-0.0187;-0.003951;3.073214;-1.593359;-0.194;0.7562;-0.6249;-0.539752;3.302442;-1.149652;-0.194;0.7562;-0.6249;0.463563;3.326314;-1.432228;-0.194;0.7562;-0.6249;1.064105;3.074115;-1.342758;0.2239;0.1944;-0.955;-0.003951;3.073214;-1.593359;0.2239;0.1944;-0.955;0.463563;3.326314;-1.432228;0.2239;0.1944;-0.955;0.385236;3.262824;0.849155;0.4402;-0.8727;0.2115;1.064105;3.074115;-1.342758;0.4402;-0.8727;0.2115;1.13685;3.426858;-0.038473;0.4402;-0.8727;0.2115;-0.489135;3.401794;0.581745;-0.235;0.9655;0.112;0.433935;3.691139;0.024224;-0.235;0.9655;0.112;-0.324405;3.548372;-0.336406;-0.235;0.9655;0.112;-0.539752;3.302442;-1.149652;-0.0973;0.9595;-0.2644;-0.324405;3.548372;-0.336406;-0.0973;0.9595;-0.2644;0.463563;3.326314;-1.432228;-0.0973;0.9595;-0.2644;1.064105;3.074115;-1.342758;0.4065;0.876;-0.2596;0.463563;3.326314;-1.432228;0.4065;0.876;-0.2596;1.13685;3.426858;-0.038473;0.4065;0.876;-0.2596;0.385236;3.262824;0.849155;0.3494;0.823;0.4479;1.13685;3.426858;-0.038473;0.3494;0.823;0.4479;0.433935;3.691139;0.024224;0.3494;0.823;0.4479;-0.324405;3.548372;-0.336406;-0.0663;0.9676;-0.2437;0.433935;3.691139;0.024224;-0.0663;0.9676;-0.2437;0.463563;3.326314;-1.432228;-0.0663;0.9676;-0.2437;0.433935;3.691139;0.024224;0.3255;0.9187;-0.2235;1.13685;3.426858;-0.038473;0.3255;0.9187;-0.2235;0.463563;3.326314;-1.432228;0.3255;0.9187;-0.2235;0.529688;2.486693;-0.169109;0.2022;-0.9773;0.0625;0.881961;2.596993;0.416129;0.2022;-0.9773;0.0625;0.728204;2.595587;0.891673;0.2022;-0.9773;0.0625;0.728204;2.595587;0.891673;0.1835;0.9696;0.1618;0.117359;2.787305;0.435762;0.1835;0.9696;0.1618;0.273672;2.638587;1.149615;0.1835;0.9696;0.1618;0.117359;2.787305;0.435762;-0.2476;0.9363;0.2493;-0.399956;2.559266;0.778456;-0.2476;0.9363;0.2493;0.273672;2.638587;1.149615;-0.2476;0.9363;0.2493;-0.368797;2.666979;0.084454;-0.2373;-0.9583;-0.1594;0.529688;2.486693;-0.169109;-0.2373;-0.9583;-0.1594;-0.399956;2.559266;0.778456;-0.2373;-0.9583;-0.1594;0.273672;2.638587;1.149615;-0.0326;-0.9936;0.1081;0.529688;2.486693;-0.169109;-0.0326;-0.9936;0.1081;0.728204;2.595587;0.891673;-0.0326;-0.9936;0.1081;0.117359;2.787305;0.435762;-0.0363;0.9597;-0.2785;0.171027;2.583476;-0.273563;-0.0363;0.9597;-0.2785;-0.368797;2.666979;0.084454;-0.0363;0.9597;-0.2785;0.529688;2.486693;-0.169109;0.3407;0.8651;-0.3681;0.171027;2.583476;-0.273563;0.3407;0.8651;-0.3681;0.881961;2.596993;0.416129;0.3407;0.8651;-0.3681;0.728204;2.595587;0.891673;0.2427;0.9667;0.0813;0.881961;2.596993;0.416129;0.2427;0.9667;0.0813;0.117359;2.787305;0.435762;0.2427;0.9667;0.0813;0.117359;2.787305;0.435762;-0.3261;0.9362;0.1307;-0.368797;2.666979;0.084454;-0.3261;0.9362;0.1307;-0.399956;2.559266;0.778456;-0.3261;0.9362;0.1307;-0.368797;2.666979;0.084454;-0.2269;-0.9669;-0.1167;0.171027;2.583476;-0.273563;-0.2269;-0.9669;-0.1167;0.529688;2.486693;-0.169109;-0.2269;-0.9669;-0.1167;0.273672;2.638587;1.149615;0.0486;-0.9911;0.1236;-0.399956;2.559266;0.778456;0.0486;-0.9911;0.1236;0.529688;2.486693;-0.169109;0.0486;-0.9911;0.1236;0.117359;2.787305;0.435762;0.2276;0.9403;-0.253;0.881961;2.596993;0.416129;0.2276;0.9403;-0.253;0.171027;2.583476;-0.273563;0.2276;0.9403;-0.253
-2.766619;-0.030776;-3.565505;2.813383;6.822704;2.735293;1.7
579;2
147;0.29;0.227;0.173;0.03
0.007249;0.509012;-0.013302;0.6549;0.3628;-0.6629;0.314723;-0.030776;-0.005024;0.6549;0.3628;-0.6629;0.007249;-0.030776;-0.30876;0.6549;0.3628;-0.6629;0.314723;-0.030776;-0.005024;0.6941;0.1301;0.708;0.007249;0.509012;0.197238;0.6941;0.1301;0.708;0.007249;-0.030776;0.296427;0.6941;0.1301;0.708;-0.115895;0.768069;0.091917;-0.5674;0.1825;0.8029;0.003742;1.823583;-0.063517;-0.5674;0.1825;0.8029;-0.157971;2.044744;-0.228081;-0.5674;0.1825;0.8029;0.007249;0.509012;0.197238;-0.7707;0.1151;0.6267;-0.237888;-0.030776;-0.005024;-0.7707;0.1151;0.6267;0.007249;-0.030776;0.296427;-0.7707;0.1151;0.6267;-0.237888;-0.030776;-0.005024;-0.7359;0.3251;-0.5939;0.007249;0.509012;-0.013302;-0.7359;0.3251;-0.5939;0.007249;-0.030776;-0.30876;-0.7359;0.3251;-0.5939;-0.157971;2.044744;-0.228081;-0.6432;0.0177;-0.7654;-0.181882;3.043856;-0.184877;-0.6432;0.0177;-0.7654;-0.027307;2.112839;-0.336309;-0.6432;0.0177;-0.7654;-0.115895;0.768069;0.091917;-0.7937;-0.1365;-0.5928;-0.027307;2.112839;-0.336309;-0.7937;-0.1365;-0.5928;0.007249;0.509012;-0.013302;-0.7937;-0.1365;-0.5928;0.071951;0.88939;0.091917;0.4071;0.1787;0.8957;0.003742;1.823583;-0.063517;0.4071;0.1787;0.8957;0.007249;0.509012;0.197238;0.4071;0.1787;0.8957;0.071951;0.88939;0.091917;0.3756;-0.2788;-0.8838;-0.027307;2.112839;-0.336309;0.3756;-0.2788;-0.8838;0.188248;2.040693;-0.221932;0.3756;-0.2788;-0.8838;7.11E-4;3.078436;-0.136552;0.7751;0.0464;0.6301;0.152321;4.198667;-0.405698;0.7751;0.0464;0.6301;-0.10456;3.096171;-0.008355;0.7751;0.0464;0.6301;0.188248;2.040693;-0.221932;0.637;0.0208;0.7705;-0.10456;3.096171;-0.008355;0.637;0.0208;0.7705;0.003742;1.823583;-0.063517;0.637;0.0208;0.7705;-0.157971;2.044744;-0.228081;-0.8873;-0.0507;0.4584;-0.10456;3.096171;-0.008355;-0.8873;-0.0507;0.4584;-0.157033;3.171618;-0.101575;-0.8873;-0.0507;0.4584;-0.027307;2.112839;-0.336309;0.5041;0.1609;-0.8485;7.11E-4;3.078436;-0.136552;0.5041;0.1609;-0.8485;0.188248;2.040693;-0.221932;0.5041;0.1609;-0.8485;0.062136;4.513719;-0.507006;-0.6043;0.0381;0.7958;0.252518;6.210789;-0.443641;-0.6043;0.0381;0.7958;0.183813;6.2227;-0.496379;-0.6043;0.0381;0.7958;-0.157033;3.171618;-0.101575;-0.0413;0.2951;0.9546;0.152321;4.198667;-0.405698;-0.0413;0.2951;0.9546;0.062136;4.513719;-0.507006;-0.0413;0.2951;0.9546;7.11E-4;3.078436;-0.136552;0.2262;-0.3784;-0.8975;-0.017353;4.166845;-0.599994;0.2262;-0.3784;-0.8975;0.312471;4.37587;-0.604986;0.2262;-0.3784;-0.8975;-0.157033;3.171618;-0.101575;-0.9858;0.1615;0.0463;-0.017353;4.166845;-0.599994;-0.9858;0.1615;0.0463;-0.181882;3.043856;-0.184877;-0.9858;0.1615;0.0463;0.312471;4.37587;-0.604986;0.3282;0.0406;-0.9437;0.206266;6.194922;-0.563655;0.3282;0.0406;-0.9437;0.361602;6.195508;-0.509603;0.3282;0.0406;-0.9437;0.062136;4.513719;-0.507006;-0.8994;0.0915;0.4274;0.206266;6.194922;-0.563655;-0.8994;0.0915;0.4274;-0.017353;4.166845;-0.599994;-0.8994;0.0915;0.4274;0.312471;4.37587;-0.604986;0.7911;-0.0279;0.611;0.252518;6.210789;-0.443641;0.7911;-0.0279;0.611;0.152321;4.198667;-0.405698;0.7911;-0.0279;0.611;0.007249;0.509012;-0.013302;0.3603;0.1912;-0.913;0.071951;0.88939;0.091917;0.3603;0.1912;-0.913;0.314723;-0.030776;-0.005024;0.3603;0.1912;-0.913;0.314723;-0.030776;-0.005024;0.658;0.0949;0.747;0.071951;0.88939;0.091917;0.658;0.0949;0.747;0.007249;0.509012;0.197238;0.658;0.0949;0.747;-0.115895;0.768069;0.091917;-0.3967;0.1776;0.9006;0.007249;0.509012;0.197238;-0.3967;0.1776;0.9006;0.003742;1.823583;-0.063517;-0.3967;0.1776;0.9006;0.007249;0.509012;0.197238;-0.6434;0.0053;0.7655;-0.115895;0.768069;0.091917;-0.6434;0.0053;0.7655;-0.237888;-0.030776;-0.005024;-0.6434;0.0053;0.7655;-0.237888;-0.030776;-0.005024;-0.4069;0.171;-0.8973;-0.115895;0.768069;0.091917;-0.4069;0.171;-0.8973;0.007249;0.509012;-0.013302;-0.4069;0.171;-0.8973;-0.157971;2.044744;-0.228081;-0.9406;-0.0371;0.3375;-0.157033;3.171618;-0.101575;-0.9406;-0.0371;0.3375;-0.181882;3.043856;-0.184877;-0.9406;-0.0371;0.3375;-0.115895;0.768069;0.091917;-0.5518;-0.2198;-0.8045;-0.157971;2.044744;-0.228081;-0.5518;-0.2198;-0.8045;-0.027307;2.112839;-0.336309;-0.5518;-0.2198;-0.8045;0.071951;0.88939;0.091917;0.5127;0.1772;0.8401;0.188248;2.040693;-0.221932;0.5127;0.1772;0.8401;0.003742;1.823583;-0.063517;0.5127;0.1772;0.8401;0.071951;0.88939;0.091917;0.9268;-0.0548;-0.3716;0.007249;0.509012;-0.013302;0.9268;-0.0548;-0.3716;-0.027307;2.112839;-0.336309;0.9268;-0.0548;-0.3716;7.11E-4;3.078436;-0.136552;0.7537;0.0553;0.6549;0.312471;4.37587;-0.604986;0.7537;0.0553;0.6549;0.152321;4.198667;-0.405698;0.7537;0.0553;0.6549;0.188248;2.040693;-0.221932;0.7757;0.0888;0.6247;7.11E-4;3.078436;-0.136552;0.7757;0.0888;0.6247;-0.10456;3.096171;-0.008355;0.7757;0.0888;0.6247;-0.157971;2.044744;-0.228081;-0.7697;-0.0929;0.6316;0.003742;1.823583;-0.063517;-0.7697;-0.0929;0.6316;-0.10456;3.096171;-0.008355;-0.7697;-0.0929;0.6316;-0.027307;2.112839;-0.336309;0.217;0.1917;-0.9572;-0.181882;3.043856;-0.184877;0.217;0.1917;-0.9572;7.11E-4;3.078436;-0.136552;0.217;0.1917;-0.9572;0.062136;4.513719;-0.507006;-0.6685;0.0473;0.7421;0.152321;4.198667;-0.405698;-0.6685;0.0473;0.7421;0.252518;6.210789;-0.443641;-0.6685;0.0473;0.7421;-0.157033;3.171618;-0.101575;-0.6319;0.3888;0.6704;-0.10456;3.096171;-0.008355;-0.6319;0.3888;0.6704;0.152321;4.198667;-0.405698;-0.6319;0.3888;0.6704;7.11E-4;3.078436;-0.136552;0.3025;-0.3692;-0.8787;-0.181882;3.043856;-0.184877;0.3025;-0.3692;-0.8787;-0.017353;4.166845;-0.599994;0.3025;-0.3692;-0.8787;-0.157033;3.171618;-0.101575;-0.9747;0.1932;0.1126;0.062136;4.513719;-0.507006;-0.9747;0.1932;0.1126;-0.017353;4.166845;-0.599994;-0.9747;0.1932;0.1126;0.312471;4.37587;-0.604986;-0.0284;0.021;-0.9994;-0.017353;4.166845;-0.599994;-0.0284;0.021;-0.9994;0.206266;6.194922;-0.563655;-0.0284;0.021;-0.9994;0.062136;4.513719;-0.507006;-0.9374;0.0688;-0.3413;0.183813;6.2227;-0.496379;-0.9374;0.0688;-0.3413;0.206266;6.194922;-0.563655;-0.9374;0.0688;-0.3413;0.312471;4.37587;-0.604986;0.5105;-0.0587;0.8578;0.361602;6.195508;-0.509603;0.5105;-0.0587;0.8578;0.252518;6.210789;-0.443641;0.5105;-0.0587;0.8578;0.030643;3.568418;-0.306608;0.9117;-0.0035;-0.4108;0.825674;4.771053;1.447304;0.9117;-0.0035;-0.4108;0.04665;3.455376;-0.270117;0.9117;-0.0035;-0.4108;0.04665;3.455376;-0.270117;-0.2381;-0.7158;0.6564;0.825674;4.771053;1.447304;-0.2381;-0.7158;0.6564;-0.055546;3.512638;-0.244751;-0.2381;-0.7158;0.6564;-0.055546;3.512638;-0.244751;-0.636;0.7399;-0.219;0.825674;4.771053;1.447304;-0.636;0.7399;-0.219;0.030643;3.568418;-0.306608;-0.636;0.7399;-0.219;-0.05045;2.874104;-0.130805;-0.2861;0.6019;0.7455;-1.626168;3.125546;-0.938644;-0.2861;0.6019;0.7455;-0.085962;2.763624;-0.05523;-0.2861;0.6019;0.7455;-0.085962;2.763624;-0.05523;-0.4117;-0.8291;0.3781;-1.626168;3.125546;-0.938644;-0.4117;-0.8291;0.3781;-0.07973;2.703804;-0.179611;-0.4117;-0.8291;0.3781;-0.07973;2.703804;-0.179611;0.4708;0.1673;-0.8662;-1.626168;3.125546;-0.938644;0.4708;0.1673;-0.8662;-0.05045;2.874104;-0.130805;0.4708;0.1673;-0.8662;0.006208;1.930323;-0.077753;-0.1938;0.8442;-0.4998;1.938535;2.267281;-0.257875;-0.1938;0.8442;-0.4998;0.018815;1.86222;-0.197676;-0.1938;0.8442;-0.4998;0.018815;1.86222;-0.197676;0.1068;-0.6214;-0.7762;1.938535;2.267281;-0.257875;0.1068;-0.6214;-0.7762;0.042102;1.757488;-0.110632;0.1068;-0.6214;-0.7762;0.042102;1.757488;-0.110632;0.1195;-0.1615;0.9796;1.938535;2.267281;-0.257875;0.1195;-0.1615;0.9796;0.006208;1.930323;-0.077753;0.1195;-0.1615;0.9796
432;0.22;0.369;0.224;0.03
0.209838;6.036787;2.169533;0.022;0.9626;0.2701;1.839443;6.142942;1.658557;0.022;0.9626;0.2701;-0.988765;6.368137;1.0863;0.022;0.9626;0.2701;1.839443;6.142942;1.658557;0.113;-0.9812;0.1565;0.209838;6.036787;2.169533;0.113;-0.9812;0.1565;2.337953;5.771823;-1.027217;0.113;-0.9812;0.1565;0.209838;6.036787;2.169533;-0.5674;-0.7144;0.4093;-0.988765;6.368137;1.0863;-0.5674;-0.7144;0.4093;-1.733635;6.092247;-0.42784;-0.5674;-0.7144;0.4093;0.209838;6.036787;2.169533;-0.0787;-0.9962;0.0376;-1.733635;6.092247;-0.42784;-0.0787;-0.9962;0.0376;-0.557666;5.88068;-3.565505;-0.0787;-0.9962;0.0376;0.209838;6.036787;2.169533;-0.0694;-0.9969;0.0364;-0.557666;5.88068;-3.565505;-0.0694;-0.9969;0.0364;2.337953;5.771823;-1.027217;-0.0694;-0.9969;0.0364;1.839443;6.142942;1.658557;0.7652;0.6416;0.0533;2.337953;5.771823;-1.027217;0.7652;0.6416;0.0533;1.527987;6.785891;-1.605072;0.7652;0.6416;0.0533;-0.988765;6.368137;1.0863;-0.0135;0.9059;0.4232;1.839443;6.142942;1.658557;-0.0135;0.9059;0.4232;0.825329;6.72405;0.382402;-0.0135;0.9059;0.4232;-1.733635;6.092247;-0.42784;-0.4388;0.897;0.0524;-0.988765;6.368137;1.0863;-0.4388;0.897;0.0524;-0.245841;6.822704;-0.474268;-0.4388;0.897;0.0524;-0.557666;5.88068;-3.565505;-0.7324;-0.6404;-0.2313;-1.733635;6.092247;-0.42784;-0.7324;-0.6404;-0.2313;-1.324015;6.401195;-2.58022;-0.7324;-0.6404;-0.2313;2.337953;5.771823;-1.027217;0.1387;-0.97;-0.1998;-0.557666;5.88068;-3.565505;0.1387;-0.97;-0.1998;1.458224;6.148616;-3.467077;0.1387;-0.97;-0.1998;1.839443;6.142942;1.658557;0.3426;0.9274;0.15;1.527987;6.785891;-1.605072;0.3426;0.9274;0.15;0.825329;6.72405;0.382402;0.3426;0.9274;0.15;-0.988765;6.368137;1.0863;-0.0986;0.967;0.2347;0.825329;6.72405;0.382402;-0.0986;0.967;0.2347;-0.245841;6.822704;-0.474268;-0.0986;0.967;0.2347;-1.733635;6.092247;-0.42784;-0.4391;0.8973;0.0452;-0.245841;6.822704;-0.474268;-0.4391;0.8973;0.0452;-1.324015;6.401195;-2.58022;-0.4391;0.8973;0.0452;-0.557666;5.88068;-3.565505;-0.0878;0.8509;-0.5178;-1.324015;6.401195;-2.58022;-0.0878;0.8509;-0.5178;1.458224;6.148616;-3.467077;-0.0878;0.8509;-0.5178;2.337953;5.771823;-1.027217;0.819;0.5328;-0.213;1.458224;6.148616;-3.467077;0.819;0.5328;-0.213;1.527987;6.785891;-1.605072;0.819;0.5328;-0.213;0.825329;6.72405;0.382402;-0.146;0.989;-0.0208;1.527987;6.785891;-1.605072;-0.146;0.989;-0.0208;0.48893;6.618914;-2.251183;-0.146;0.989;-0.0208;-0.245841;6.822704;-0.474268;0.1366;0.989;-0.0569;0.825329;6.72405;0.382402;0.1366;0.989;-0.0569;0.48893;6.618914;-2.251183;0.1366;0.989;-0.0569;-1.324015;6.401195;-2.58022;-0.0909;0.9844;-0.1505;-0.245841;6.822704;-0.474268;-0.0909;0.9844;-0.1505;0.48893;6.618914;-2.251183;-0.0909;0.9844;-0.1505;1.458224;6.148616;-3.467077;-0.0401;0.9207;-0.3881;-1.324015;6.401195;-2.58022;-0.0401;0.9207;-0.3881;0.48893;6.618914;-2.251183;-0.0401;0.9207;-0.3881;1.527987;6.785891;-1.605072;0.0504;0.9443;-0.3251;1.458224;6.148616;-3.467077;0.0504;0.9443;-0.3251;0.48893;6.618914;-2.251183;0.0504;0.9443;-0.3251;-1.336389;4.229397;1.09253;-0.4451;0.8934;0.0615;-0.907857;4.336779;2.63293;-0.4451;0.8934;0.0615;-0.853989;4.564576;-0.284276;-0.4451;0.8934;0.0615;-0.907857;4.336779;2.63293;-0.1037;-0.9898;0.0978;-1.336389;4.229397;1.09253;-0.1037;-0.9898;0.0978;0.70926;4.17749;2.735293;-0.1037;-0.9898;0.0978;-1.336389;4.229397;1.09253;-0.723;-0.569;-0.3918;-0.853989;4.564576;-0.284276;-0.723;-0.569;-0.3918;-0.094492;4.285497;-1.280419;-0.723;-0.569;-0.3918;-1.336389;4.229397;1.09253;-0.0913;-0.9933;-0.0712;-0.094492;4.285497;-1.280419;-0.0913;-0.9933;-0.0712;1.728375;4.071487;-0.631523;-0.0913;-0.9933;-0.0712;-1.336389;4.229397;1.09253;-0.0407;-0.999;0.0191;1.728375;4.071487;-0.631523;-0.0407;-0.999;0.0191;0.70926;4.17749;2.735293;-0.0407;-0.999;0.0191;-0.907857;4.336779;2.63293;0.0428;0.81;0.5848;0.70926;4.17749;2.735293;0.0428;0.81;0.5848;0.666795;4.945594;1.674442;0.0428;0.81;0.5848;-0.853989;4.564576;-0.284276;-0.6449;0.7628;0.0476;-0.907857;4.336779;2.63293;-0.6449;0.7628;0.0476;-0.303105;4.924601;1.407942;-0.6449;0.7628;0.0476;-0.094492;4.285497;-1.280419;-0.2226;0.8813;-0.4167;-0.853989;4.564576;-0.284276;-0.2226;0.8813;-0.4167;0.067113;5.024394;0.19613;-0.2226;0.8813;-0.4167;1.728375;4.071487;-0.631523;0.193;-0.632;-0.7505;-0.094492;4.285497;-1.280419;0.193;-0.632;-0.7505;1.119605;4.598016;-1.23143;0.193;-0.632;-0.7505;0.70926;4.17749;2.735293;0.2955;-0.9478;0.1193;1.728375;4.071487;-0.631523;0.2955;-0.9478;0.1193;1.94637;4.400704;1.444542;0.2955;-0.9478;0.1193;-0.907857;4.336779;2.63293;-0.1239;0.9171;0.3789;0.666795;4.945594;1.674442;-0.1239;0.9171;0.3789;-0.303105;4.924601;1.407942;-0.1239;0.9171;0.3789;-0.853989;4.564576;-0.284276;-0.423;0.9045;-0.0547;-0.303105;4.924601;1.407942;-0.423;0.9045;-0.0547;0.067113;5.024394;0.19613;-0.423;0.9045;-0.0547;-0.094492;4.285497;-1.280419;-0.2105;0.8833;-0.419;0.067113;5.024394;0.19613;-0.2105;0.8833;-0.419;1.119605;4.598016;-1.23143;-0.2105;0.8833;-0.419;1.728375;4.071487;-0.631523;0.7391;0.6489;-0.1805;1.119605;4.598016;-1.23143;0.7391;0.6489;-0.1805;1.94637;4.400704;1.444542;0.7391;0.6489;-0.1805;0.70926;4.17749;2.735293;0.4117;0.7459;0.5236;1.94637;4.400704;1.444542;0.4117;0.7459;0.5236;0.666795;4.945594;1.674442;0.4117;0.7459;0.5236;-0.303105;4.924601;1.407942;0.0106;0.9931;-0.1169;0.666795;4.945594;1.674442;0.0106;0.9931;-0.1169;1.105734;4.81825;0.632249;0.0106;0.9931;-0.1169;0.067113;5.024394;0.19613;0.1426;0.9819;0.1244;-0.303105;4.924601;1.407942;0.1426;0.9819;0.1244;1.105734;4.81825;0.632249;0.1426;0.9819;0.1244;1.119605;4.598016;-1.23143;0.2386;0.9646;-0.1122;0.067113;5.024394;0.19613;0.2386;0.9646;-0.1122;1.105734;4.81825;0.632249;0.2386;0.9646;-0.1122;1.94637;4.400704;1.444542;0.5162;0.851;-0.0967;1.119605;4.598016;-1.23143;0.5162;0.851;-0.0967;1.105734;4.81825;0.632249;0.5162;0.851;-0.0967;0.666795;4.945594;1.674442;0.3997;0.9149;0.0566;1.94637;4.400704;1.444542;0.3997;0.9149;0.0566;1.105734;4.81825;0.632249;0.3997;0.9149;0.0566;-2.201178;2.871009;-1.978168;-0.4794;0.8039;-0.352;-2.766619;3.045718;-0.809306;-0.4794;0.8039;-0.352;-1.205897;3.184509;-2.617556;-0.4794;0.8039;-0.352;-2.766619;3.045718;-0.809306;-0.1564;-0.9851;0.0715;-2.201178;2.871009;-1.978168;-0.1564;-0.9851;0.0715;-1.82679;2.958783;0.049006;-0.1564;-0.9851;0.0715;-2.201178;2.871009;-1.978168;-0.2214;-0.6941;-0.685;-1.205897;3.184509;-2.617556;-0.2214;-0.6941;-0.685;-0.183577;3.049586;-2.811337;-0.2214;-0.6941;-0.685;-2.201178;2.871009;-1.978168;0.0946;-0.9954;0.0158;-0.183577;3.049586;-2.811337;0.0946;-0.9954;0.0158;0.611584;3.147093;-1.436089;0.0946;-0.9954;0.0158;-2.201178;2.871009;-1.978168;0.0927;-0.9953;0.026;0.611584;3.147093;-1.436089;0.0927;-0.9953;0.026;-1.82679;2.958783;0.049006;0.0927;-0.9953;0.026;-2.766619;3.045718;-0.809306;-0.3832;0.7777;0.4983;-1.82679;2.958783;0.049006;-0.3832;0.7777;0.4983;-1.622136;3.592853;-0.783158;-0.3832;0.7777;0.4983;-1.205897;3.184509;-2.617556;-0.581;0.6786;-0.4494;-2.766619;3.045718;-0.809306;-0.581;0.6786;-0.4494;-1.677945;3.413538;-1.661358;-0.581;0.6786;-0.4494;-0.183577;3.049586;-2.811337;0.041;0.9084;-0.4162;-1.205897;3.184509;-2.617556;0.041;0.9084;-0.4162;-0.726811;3.688199;-1.470933;0.041;0.9084;-0.4162;0.611584;3.147093;-1.436089;0.6896;0.5755;-0.4395;-0.183577;3.049586;-2.811337;0.6896;0.5755;-0.4395;0.021131;3.405015;-2.024799;0.6896;0.5755;-0.4395;-1.82679;2.958783;0.049006;0.3528;-0.8048;0.4772;0.611584;3.147093;-1.436089;0.3528;-0.8048;0.4772;-0.491541;3.335082;-0.30349;0.3528;-0.8048;0.4772;-2.766619;3.045718;-0.809306;-0.4232;0.8926;-0.1553;-1.622136;3.592853;-0.783158;-0.4232;0.8926;-0.1553;-1.677945;3.413538;-1.661358;-0.4232;0.8926;-0.1553;-1.205897;3.184509;-2.617556;-0.2027;0.9249;-0.3216;-1.677945;3.413538;-1.661358;-0.2027;0.9249;-0.3216;-0.726811;3.688199;-1.470933;-0.2027;0.9249;-0.3216;-0.183577;3.049586;-2.811337;0.0334;0.9075;-0.4188;-0.726811;3.688199;-1.470933;0.0334;0.9075;-0.4188;0.021131;3.405015;-2.024799;0.0334;0.9075;-0.4188;0.611584;3.147093;-1.436089;0.2899;0.9489;0.1249;0.021131;3.405015;-2.024799;0.2899;0.9489;0.1249;-0.491541;3.335082;-0.30349;0.2899;0.9489;0.1249;-1.82679;2.958783;0.049006;-0.0692;0.8016;0.5938;-0.491541;3.335082;-0.30349;-0.0692;0.8016;0.5938;-1.622136;3.592853;-0.783158;-0.0692;0.8016;0.5938;-1.677945;3.413538;-1.661358;-0.2395;0.9541;-0.1796;-1.622136;3.592853;-0.783158;-0.2395;0.9541;-0.1796;-0.726811;3.688199;-1.470933;-0.2395;0.9541;-0.1796;-0.491541;3.335082;-0.30349;0.4575;0.8725;0.1717;0.021131;3.405015;-2.024799;0.4575;0.8725;0.1717;-0.726811;3.688199;-1.470933;0.4575;0.8725;0.1717;-1.622136;3.592853;-0.783158;0.1043;0.9576;0.2686;-0.491541;3.335082;-0.30349;0.1043;0.9576;0.2686;-0.726811;3.688199;-1.470933;0.1043;0.9576;0.2686;1.366444;1.984116;-1.070018;-0.0901;0.7226;-0.6853;0.514732;2.305847;-0.618787;-0.0901;0.7226;-0.6853;1.965695;2.214337;-0.906073;-0.0901;0.7226;-0.6853;0.514732;2.305847;-0.618787;-0.4313;-0.8831;-0.1845;1.366444;1.984116;-1.070018;-0.4313;-0.8831;-0.1845;0.420901;2.177847;0.213033;-0.4313;-0.8831;-0.1845;1.366444;1.984116;-1.070018;0.3459;-0.258;-0.9021;1.965695;2.214337;-0.906073;0.3459;-0.258;-0.9021;2.813383;2.003204;-0.520623;0.3459;-0.258;-0.9021;1.366444;1.984116;-1.070018;0.0111;-0.9999;0.0055;2.813383;2.003204;-0.520623;0.0111;-0.9999;0.0055;2.369477;2.004034;0.52446;0.0111;-0.9999;0.0055;1.366444;1.984116;-1.070018;-0.1006;-0.992;0.0757;2.369477;2.004034;0.52446;-0.1006;-0.992;0.0757;0.420901;2.177847;0.213033;-0.1006;-0.992;0.0757;0.514732;2.305847;-0.618787;-0.5629;0.8241;0.0633;0.420901;2.177847;0.213033;-0.5629;0.8241;0.0633;0.963522;2.572352;-0.097408;-0.5629;0.8241;0.0633;1.965695;2.214337;-0.906073;-0.0977;0.6929;-0.7143;0.514732;2.305847;-0.618787;-0.0977;0.6929;-0.7143;1.312969;2.440855;-0.59705;-0.0977;0.6929;-0.7143;2.813383;2.003204;-0.520623;0.3066;0.9382;-0.1603;1.965695;2.214337;-0.906073;0.3066;0.9382;-0.1603;2.35457;2.236326;-0.033729;0.3066;0.9382;-0.1603;2.369477;2.004034;0.52446;0.652;0.706;0.2764;2.813383;2.003204;-0.520623;0.652;0.706;0.2764;2.35457;2.236326;-0.033729;0.652;0.706;0.2764;0.420901;2.177847;0.213033;-0.1526;-0.8695;0.4698;2.369477;2.004034;0.52446;-0.1526;-0.8695;0.4698;1.281651;2.328932;0.772332;-0.1526;-0.8695;0.4698;0.514732;2.305847;-0.618787;-0.1472;0.9263;-0.3468;0.963522;2.572352;-0.097408;-0.1472;0.9263;-0.3468;1.312969;2.440855;-0.59705;-0.1472;0.9263;-0.3468;1.965695;2.214337;-0.906073;0.264;0.954;-0.1417;1.312969;2.440855;-0.59705;0.264;0.954;-0.1417;2.35457;2.236326;-0.033729;0.264;0.954;-0.1417;2.369477;2.004034;0.52446;0.3407;0.8712;0.3534;2.35457;2.236326;-0.033729;0.3407;0.8712;0.3534;1.281651;2.328932;0.772332;0.3407;0.8712;0.3534;0.420901;2.177847;0.213033;-0.3929;0.8381;0.3783;1.281651;2.328932;0.772332;-0.3929;0.8381;0.3783;0.963522;2.572352;-0.097408;-0.3929;0.8381;0.3783;1.312969;2.440855;-0.59705;0.2377;0.9673;-0.0883;0.963522;2.572352;-0.097408;0.2377;0.9673;-0.0883;2.35457;2.236326;-0.033729;0.2377;0.9673;-0.0883;0.963522;2.572352;-0.097408;0.2226;0.9569;0.1864;1.281651;2.328932;0.772332;0.2226;0.9569;0.1864;2.35457;2.236326;-0.033729;0.2226;0.9569;0.1864;-0.230977;2.539635;-0.876816;-0.0136;-0.9722;-0.2337;0.189714;2.60217;-1.161439;-0.0136;-0.9722;-0.2337;0.448732;2.568043;-1.034551;-0.0136;-0.9722;-0.2337;0.448732;2.568043;-1.034551;0.1191;0.972;-0.2026;0.286906;2.729833;-0.353576;0.1191;0.972;-0.2026;0.711453;2.61576;-0.651311;0.1191;0.972;-0.2026;0.286906;2.729833;-0.353576;0.4291;0.8576;0.2833;0.442839;2.567491;-0.098336;0.4291;0.8576;0.2833;0.711453;2.61576;-0.651311;0.4291;0.8576;0.2833;-0.050267;2.638906;-0.127132;-0.1508;-0.9746;0.1654;-0.230977;2.539635;-0.876816;-0.1508;-0.9746;0.1654;0.442839;2.567491;-0.098336;-0.1508;-0.9746;0.1654;0.711453;2.61576;-0.651311;0.0606;-0.9948;0.0822;-0.230977;2.539635;-0.876816;0.0606;-0.9948;0.0822;0.448732;2.568043;-1.034551;0.0606;-0.9948;0.0822;0.286906;2.729833;-0.353576;-0.2261;0.9726;0.0538;-0.375835;2.585759;-0.534927;-0.2261;0.9726;0.0538;-0.050267;2.638906;-0.127132;-0.2261;0.9726;0.0538;-0.398581;3.754233;-1.033544;0.2546;-0.9529;-0.1645;0.049478;3.835586;-0.811241;0.2546;-0.9529;-0.1645;0.066479;3.791189;-0.527724;0.2546;-0.9529;-0.1645;0.066479;3.791189;-0.527724;0.3488;0.9367;0.0289;-0.495439;3.998783;-0.475126;0.3488;0.9367;0.0289;-0.134366;3.853265;-0.116608;0.3488;0.9367;0.0289;-0.495439;3.998783;-0.475126;-0.0661;0.8995;0.4317;-0.738537;3.790472;-0.07836;-0.0661;0.8995;0.4317;-0.134366;3.853265;-0.116608;-0.0661;0.8995;0.4317;-0.953205;3.883376;-0.514834;-0.2831;-0.9569;-0.0644;-0.398581;3.754233;-1.033544;-0.2831;-0.9569;-0.0644;-0.738537;3.790472;-0.07836;-0.2831;-0.9569;-0.0644;-0.134366;3.853265;-0.116608;-0.0548;-0.9909;0.1228;-0.398581;3.754233;-1.033544;-0.0548;-0.9909;0.1228;0.066479;3.791189;-0.527724;-0.0548;-0.9909;0.1228;-0.495439;3.998783;-0.475126;-0.2197;0.9491;-0.2257;-0.761824;3.814236;-0.991716;-0.2197;0.9491;-0.2257;-0.953205;3.883376;-0.514834;-0.2197;0.9491;-0.2257;-0.230977;2.539635;-0.876816;-0.3083;0.9167;-0.2543;-0.375835;2.585759;-0.534927;-0.3083;0.9167;-0.2543;0.189714;2.60217;-1.161439;-0.3083;0.9167;-0.2543;0.448732;2.568043;-1.034551;0.2135;0.9607;-0.1775;0.189714;2.60217;-1.161439;0.2135;0.9607;-0.1775;0.286906;2.729833;-0.353576;0.2135;0.9607;-0.1775;0.286906;2.729833;-0.353576;0.0967;0.8655;0.4914;-0.050267;2.638906;-0.127132;0.0967;0.8655;0.4914;0.442839;2.567491;-0.098336;0.0967;0.8655;0.4914;-0.050267;2.638906;-0.127132;-0.0037;-0.9912;0.1321;-0.375835;2.585759;-0.534927;-0.0037;-0.9912;0.1321;-0.230977;2.539635;-0.876816;-0.0037;-0.9912;0.1321;0.711453;2.61576;-0.651311;0.0906;-0.9949;-0.0428;0.442839;2.567491;-0.098336;0.0906;-0.9949;-0.0428;-0.230977;2.539635;-0.876816;0.0906;-0.9949;-0.0428;0.286906;2.729833;-0.353576;-0.1756;0.9754;-0.133;0.189714;2.60217;-1.161439;-0.1756;0.9754;-0.133;-0.375835;2.585759;-0.534927;-0.1756;0.9754;-0.133;-0.398581;3.754233;-1.033544;0.0865;0.8665;-0.4915;-0.761824;3.814236;-0.991716;0.0865;0.8665;-0.4915;0.049478;3.835586;-0.811241;0.0865;0.8665;-0.4915;0.066479;3.791189;-0.527724;0.354;0.927;0.1239;0.049478;3.835586;-0.811241;0.354;0.927;0.1239;-0.495439;3.998783;-0.475126;0.354;0.927;0.1239;-0.495439;3.998783;-0.475126;-0.2576;0.9115;0.3207;-0.953205;3.883376;-0.514834;-0.2576;0.9115;0.3207;-0.738537;3.790472;-0.07836;-0.2576;0.9115;0.3207;-0.953205;3.883376;-0.514834;-0.1533;-0.9848;0.0812;-0.761824;3.814236;-0.991716;-0.1533;-0.9848;0.0812;-0.398581;3.754233;-1.033544;-0.1533;-0.9848;0.0812;-0.134366;3.853265;-0.116608;0.1078;-0.9912;0.076;-0.738537;3.790472;-0.07836;0.1078;-0.9912;0.076;-0.398581;3.754233;-1.033544;0.1078;-0.9912;0.076;-0.495439;3.998783;-0.475126;0.0559;0.9308;-0.3613;0.049478;3.835586;-0.811241;0.0559;0.9308;-0.3613;-0.761824;3.814236;-0.991716;0.0559;0.9308;-0.3613;0.621479;1.574566;-0.259258;0.861;-0.1589;-0.483;0.573329;1.102401;-0.189714;0.8511;-0.1604;-0.4998;0.540893;1.104479;-0.245372;0.8502;-0.1605;-0.5014;0.573329;1.102401;-0.189714;-0.0141;-0.0335;0.9993;0.509747;1.103728;-0.190568;-0.0141;-0.0335;0.9993;0.56775;0.635787;-0.205436;-0.0141;-0.0335;0.9993;0.540893;1.104479;-0.245372;0.8641;0.0066;-0.5033;0.573329;1.102401;-0.189714;0.8641;0.0066;-0.5033;0.56775;0.635787;-0.205436;0.8641;0.0066;-0.5033;0.589525;1.578734;-0.205346;-0.8496;0.1303;-0.511;0.540893;1.104479;-0.245372;-0.8617;0.1297;-0.4905;0.509747;1.103728;-0.190568;-0.8628;0.1297;-0.4886;0.589525;1.578734;-0.205346;0.0144;0.0323;0.9994;0.573329;1.102401;-0.189714;-0.0105;0.0331;0.9994;0.651701;1.578242;-0.206366;0.0166;0.0322;0.9993;0.651701;1.578242;-0.206366;0.0103;-0.0175;0.9998;0.530703;2.018323;-0.197394;-0.0323;-0.0292;0.999;0.589525;1.578734;-0.205346;0.0163;-0.0159;0.9997;0.589525;1.578734;-0.205346;-0.8583;-0.1034;-0.5025;0.56606;2.025588;-0.257202;-0.8513;-0.1044;-0.5142;0.621479;1.574566;-0.259258;-0.8591;-0.1033;-0.5012;0.509747;1.103728;-0.190568;-0.8652;-0.0916;-0.493;0.540893;1.104479;-0.245372;-0.8652;-0.0916;-0.493;0.56775;0.635787;-0.205436;-0.8652;-0.0916;-0.493;0.56606;2.025588;-0.257202;0.8484;0.1034;-0.5192;0.651701;1.578242;-0.206366;0.8587;0.1074;-0.5011;0.621479;1.574566;-0.259258;0.8599;0.1079;-0.4988;0.60272;2.043545;-0.194007;-0.3262;0.942;-0.0784;0.56606;2.025588;-0.257202;-0.3262;0.942;-0.0784;0.530703;2.018323;-0.197394;-0.3262;0.942;-0.0784;-1.133018;3.038427;-0.783551;0.8597;0.1032;-0.5002;-1.039897;2.513339;-0.731789;0.8586;0.1028;-0.5022;-1.072807;2.507662;-0.78919;0.8585;0.1027;-0.5024;-1.095932;3.038913;-0.719678;-0.0019;-0.0212;0.9998;-1.107223;2.513207;-0.730872;0.0122;-0.0215;0.9997;-1.039897;2.513339;-0.731789;0.0136;-0.0216;0.9997;-1.107223;2.513207;-0.730872;-0.8616;-0.0923;-0.4991;-1.133018;3.038427;-0.783551;-0.8639;-0.0921;-0.4951;-1.072807;2.507662;-0.78919;-0.8614;-0.0924;-0.4995;-1.107223;2.513207;-0.730872;-0.8538;0.097;-0.5114;-1.162302;1.802622;-0.773667;-0.8647;0.0967;-0.4928;-1.196309;1.800797;-0.71416;-0.8654;0.0967;-0.4916;-1.196309;1.800797;-0.71416;-0.8653;-0.0675;-0.4966;-1.162302;1.802622;-0.773667;-0.8653;-0.0675;-0.4966;-1.13289;1.106393;-0.730284;-0.8653;-0.0675;-0.4966;-1.107223;2.513207;-0.730872;0.0123;0.024;0.9996;-1.127321;1.79978;-0.713489;-0.0081;0.0246;0.9997;-1.039897;2.513339;-0.731789;0.0136;0.024;0.9996;-1.072807;2.507662;-0.78919;0.8658;-0.1187;-0.486;-1.127321;1.79978;-0.713489;0.8565;-0.1196;-0.5021;-1.162302;1.802622;-0.773667;0.8559;-0.1197;-0.5031;-1.127321;1.79978;-0.713489;-0.0101;-0.0241;0.9996;-1.196309;1.800797;-0.71416;-0.0101;-0.0241;0.9996;-1.13289;1.106393;-0.730284;-0.0101;-0.0241;0.9996;-1.162302;1.802622;-0.773667;0.8646;0.0052;-0.5023;-1.127321;1.79978;-0.713489;0.8646;0.0052;-0.5023;-1.13289;1.106393;-0.730284;0.8646;0.0052;-0.5023;0.376111;3.332421;0.436108;0.2094;-0.0961;-0.9731;0.416904;2.54477;0.522659;0.1945;-0.0972;-0.9761;0.332913;2.547974;0.505706;0.1933;-0.0973;-0.9763;0.416904;2.54477;0.522659;0.7399;-0.0277;0.6721;0.359891;2.546164;0.585475;0.7399;-0.0277;0.6721;0.389872;1.76359;0.520208;0.7399;-0.0277;0.6721;0.332913;2.547974;0.505706;0.1977;-0.0038;-0.9802;0.416904;2.54477;0.522659;0.1977;-0.0038;-0.9802;0.389872;1.76359;0.520208;0.1977;-0.0038;-0.9802;0.401871;3.33898;0.516013;-0.9502;0.0789;0.3014;0.332913;2.547974;0.505706;-0.9443;0.0781;0.3196;0.359891;2.546164;0.585475;-0.9438;0.0781;0.321;0.401871;3.33898;0.516013;0.7556;0.0198;0.6547;0.416904;2.54477;0.522659;0.7416;0.0196;0.6706;0.456424;3.338626;0.452873;0.7566;0.0198;0.6536;0.431199;4.149355;0.498468;0.7468;-0.0126;0.6649;0.401871;3.33898;0.516013;0.7559;-0.0132;0.6546;0.456424;3.338626;0.452873;0.7566;-0.0132;0.6537;0.401871;3.33898;0.516013;-0.9487;-0.0562;0.311;0.34227;4.148846;0.480454;-0.9464;-0.0557;0.3181;0.376111;3.332421;0.436108;-0.9489;-0.0562;0.3105;0.359891;2.546164;0.585475;-0.9458;-0.0628;0.3185;0.332913;2.547974;0.505706;-0.9458;-0.0628;0.3185;0.389872;1.76359;0.520208;-0.9458;-0.0628;0.3185;0.34227;4.148846;0.480454;0.1979;0.0612;-0.9783;0.456424;3.338626;0.452873;0.1993;0.0614;-0.978;0.376111;3.332421;0.436108;0.1994;0.0614;-0.978;0.621479;1.574566;-0.259258;0.861;-0.1589;-0.483;0.651701;1.578242;-0.206366;0.8619;-0.1588;-0.4815;0.573329;1.102401;-0.189714;0.8511;-0.1604;-0.4998;0.589525;1.578734;-0.205346;-0.8496;0.1303;-0.511;0.621479;1.574566;-0.259258;-0.8484;0.1303;-0.513;0.540893;1.104479;-0.245372;-0.8617;0.1297;-0.4905;0.589525;1.578734;-0.205346;0.0144;0.0323;0.9994;0.509747;1.103728;-0.190568;-0.0127;0.0332;0.9994;0.573329;1.102401;-0.189714;-0.0105;0.0331;0.9994;0.651701;1.578242;-0.206366;0.0103;-0.0175;0.9998;0.60272;2.043545;-0.194007;-0.0363;-0.0303;0.9989;0.530703;2.018323;-0.197394;-0.0323;-0.0292;0.999;0.589525;1.578734;-0.205346;-0.8583;-0.1034;-0.5025;0.530703;2.018323;-0.197394;-0.8505;-0.1045;-0.5155;0.56606;2.025588;-0.257202;-0.8513;-0.1044;-0.5142;0.56606;2.025588;-0.257202;0.8484;0.1034;-0.5192;0.60272;2.043545;-0.194007;0.8474;0.103;-0.5208;0.651701;1.578242;-0.206366;0.8587;0.1074;-0.5011;-1.133018;3.038427;-0.783551;0.8597;0.1032;-0.5002;-1.095932;3.038913;-0.719678;0.8598;0.1032;-0.5;-1.039897;2.513339;-0.731789;0.8586;0.1028;-0.5022;-1.095932;3.038913;-0.719678;-0.0019;-0.0212;0.9998;-1.169357;3.037737;-0.719942;-0.0032;-0.0212;0.9998;-1.107223;2.513207;-0.730872;0.0122;-0.0215;0.9997;-1.107223;2.513207;-0.730872;-0.8616;-0.0923;-0.4991;-1.169357;3.037737;-0.719942;-0.8642;-0.092;-0.4947;-1.133018;3.038427;-0.783551;-0.8639;-0.0921;-0.4951;-1.107223;2.513207;-0.730872;-0.8538;0.097;-0.5114;-1.072807;2.507662;-0.78919;-0.8531;0.097;-0.5126;-1.162302;1.802622;-0.773667;-0.8647;0.0967;-0.4928;-1.107223;2.513207;-0.730872;0.0123;0.024;0.9996;-1.196309;1.800797;-0.71416;-0.0093;0.0246;0.9996;-1.127321;1.79978;-0.713489;-0.0081;0.0246;0.9997;-1.072807;2.507662;-0.78919;0.8658;-0.1187;-0.486;-1.039897;2.513339;-0.731789;0.8664;-0.1186;-0.485;-1.127321;1.79978;-0.713489;0.8565;-0.1196;-0.5021;0.376111;3.332421;0.436108;0.2094;-0.0961;-0.9731;0.456424;3.338626;0.452873;0.2105;-0.096;-0.9728;0.416904;2.54477;0.522659;0.1945;-0.0972;-0.9761;0.401871;3.33898;0.516013;-0.9502;0.0789;0.3014;0.376111;3.332421;0.436108;-0.9507;0.079;0.3;0.332913;2.547974;0.505706;-0.9443;0.0781;0.3196;0.401871;3.33898;0.516013;0.7556;0.0198;0.6547;0.359891;2.546164;0.585475;0.7405;0.0196;0.6717;0.416904;2.54477;0.522659;0.7416;0.0196;0.6706;0.431199;4.149355;0.498468;0.7468;-0.0126;0.6649;0.371064;4.14812;0.565852;0.7461;-0.0126;0.6656;0.401871;3.33898;0.516013;0.7559;-0.0132;0.6546;0.401871;3.33898;0.516013;-0.9487;-0.0562;0.311;0.371064;4.14812;0.565852;-0.9463;-0.0556;0.3186;0.34227;4.148846;0.480454;-0.9464;-0.0557;0.3181;0.34227;4.148846;0.480454;0.1979;0.0612;-0.9783;0.431199;4.149355;0.498468;0.1978;0.0612;-0.9783;0.456424;3.338626;0.452873;0.1993;0.0614;-0.978
4
SPREADER;5;0;0;0;45;5
INFO;Jungle Tree;A very tall jungle tree. The biggest tree in Equilinox right now.;2120;15;3;jungTree.png;thud
LIFE;5.5;28.88;1;0.6;FALL_DEATH;3;5;60;1;0.975;1;1;2;9;0;1;0;25;1.5;0.4;2.8;0.15;0.565;0.776;0.4588;0;1;0.1;0.8;1;0;1;0;0.3;0;8;0;0.3;0.3;0.3;1;1;140;1;2;-1;0;15.0;10.0;1;1;0;40;0.8
GROWTH;0;10.0;3;2
