1.5;name;-1;id;0;randomize;1
erl
1;1
4
-0.793177;-0.666911;-1.208055;1.131988;0.760748;1.210505;1
114;2
24;0.58744633;0.6608259;0.3497466
-0.455437;0.604333;-0.269705;-0.1658;0.9861;-0.0095;-0.511037;0.60125;0.382577;-0.1658;0.9861;-0.0095;0.473207;0.760748;-0.237704;-0.1658;0.9861;-0.0095;0.535491;0.371145;-0.517715;-0.0144;0.9996;0.0228;0.411563;0.378221;-0.905762;-0.0144;0.9996;0.0228;-0.02313;0.371145;-0.869856;-0.0144;0.9996;0.0228;0.535491;0.371145;-0.517715;0.2472;0.963;-0.1074;0.871532;0.360316;0.158521;0.2472;0.963;-0.1074;0.876477;0.279042;-0.558739;0.2472;0.963;-0.1074;0.428194;0.625561;0.492695;-0.0464;0.9827;0.179;0.473207;0.760748;-0.237704;-0.0464;0.9827;0.179;-0.511037;0.60125;0.382577;-0.0464;0.9827;0.179;0.009094;0.731649;-0.618266;-0.1691;0.9768;0.1315;-0.455437;0.604333;-0.269705;-0.1691;0.9768;0.1315;0.473207;0.760748;-0.237704;-0.1691;0.9768;0.1315;-0.511037;0.60125;0.382577;4.0E-4;0.9758;-0.2188;-0.05799;0.684617;0.75514;4.0E-4;0.9758;-0.2188;0.428194;0.625561;0.492695;4.0E-4;0.9758;-0.2188;0.535491;0.371145;-0.517715;0.2531;0.9654;-0.0632;0.876477;0.279042;-0.558739;0.2531;0.9654;-0.0632;0.411563;0.378221;-0.905762;0.2531;0.9654;-0.0632;0.535491;0.371145;-0.517715;0.0355;0.9994;-0.0017;0.58911;0.371145;0.629543;0.0355;0.9994;-0.0017;0.871532;0.360316;0.158521;0.0355;0.9994;-0.0017
90;0.56706417;0.53584653;0.5431358
0.009094;0.731649;-0.618266;0.4687;0.477;-0.7435;0.535491;0.371145;-0.517715;0.4687;0.477;-0.7435;-0.02313;0.371145;-0.869856;0.4687;0.477;-0.7435;0.535491;0.371145;-0.517715;0.854;0.5187;-0.0399;0.428194;0.625561;0.492695;0.854;0.5187;-0.0399;0.58911;0.371145;0.629543;0.854;0.5187;-0.0399;0.58911;0.371145;0.629543;0.3783;0.4587;0.8041;-0.05799;0.684617;0.75514;0.3783;0.4587;0.8041;-0.055062;-0.116079;1.210505;0.3783;0.4587;0.8041;-0.05799;0.684617;0.75514;-0.5679;0.4053;0.7164;-0.793177;-0.116079;0.62538;-0.5679;0.4053;0.7164;-0.055062;-0.116079;1.210505;-0.5679;0.4053;0.7164;-0.511037;0.60125;0.382577;-0.9306;0.366;0.0;-0.793177;-0.116079;-0.54487;-0.9306;0.366;0.0;-0.793177;-0.116079;0.62538;-0.9306;0.366;0.0;-0.455437;0.604333;-0.269705;-0.5886;0.5142;-0.6238;-0.02313;0.371145;-0.869856;-0.5886;0.5142;-0.6238;-0.793177;-0.116079;-0.54487;-0.5886;0.5142;-0.6238;-0.793177;-0.116079;-0.54487;-0.5646;0.4172;-0.7122;-0.02313;0.371145;-0.869856;-0.5646;0.4172;-0.7122;-0.055062;-0.116079;-1.129996;-0.5646;0.4172;-0.7122;1.048858;-0.115708;-0.714228;0.8883;0.4543;-0.0673;0.871532;0.360316;0.158521;0.8883;0.4543;-0.0673;1.131988;-0.115708;0.382615;0.8883;0.4543;-0.0673;0.683054;-0.116079;0.805098;0.4456;0.3783;0.8114;0.58911;0.371145;0.629543;0.4456;0.3783;0.8114;-0.055062;-0.116079;1.210505;0.4456;0.3783;0.8114;0.58911;0.371145;0.629543;0.7053;0.5787;0.4096;1.131988;-0.115708;0.382615;0.7053;0.5787;0.4096;0.871532;0.360316;0.158521;0.7053;0.5787;0.4096;0.411563;0.378221;-0.905762;0.5287;0.3898;-0.754;1.048858;-0.115708;-0.714228;0.5287;0.3898;-0.754;0.344504;-0.115645;-1.208055;0.5287;0.3898;-0.754;-0.02313;0.371145;-0.869856;-0.1694;0.4728;-0.8647;0.344504;-0.115645;-1.208055;-0.1694;0.4728;-0.8647;-0.055062;-0.116079;-1.129996;-0.1694;0.4728;-0.8647;0.009094;0.731649;-0.618266;0.5063;0.5552;-0.6599;0.473207;0.760748;-0.237704;0.5063;0.5552;-0.6599;0.535491;0.371145;-0.517715;0.5063;0.5552;-0.6599;0.535491;0.371145;-0.517715;0.9917;0.1012;0.0798;0.473207;0.760748;-0.237704;0.9917;0.1012;0.0798;0.428194;0.625561;0.492695;0.9917;0.1012;0.0798;0.58911;0.371145;0.629543;0.4288;0.6231;0.6541;0.428194;0.625561;0.492695;0.4288;0.6231;0.6541;-0.05799;0.684617;0.75514;0.4288;0.6231;0.6541;-0.05799;0.684617;0.75514;-0.6132;0.4588;0.643;-0.511037;0.60125;0.382577;-0.6132;0.4588;0.643;-0.793177;-0.116079;0.62538;-0.6132;0.4588;0.643;-0.511037;0.60125;0.382577;-0.8918;0.4463;-0.0739;-0.455437;0.604333;-0.269705;-0.8918;0.4463;-0.0739;-0.793177;-0.116079;-0.54487;-0.8918;0.4463;-0.0739;-0.455437;0.604333;-0.269705;-0.6049;0.4914;-0.6266;0.009094;0.731649;-0.618266;-0.6049;0.4914;-0.6266;-0.02313;0.371145;-0.869856;-0.6049;0.4914;-0.6266;1.048858;-0.115708;-0.714228;0.9097;0.4132;-0.0406;0.876477;0.279042;-0.558739;0.9097;0.4132;-0.0406;0.871532;0.360316;0.158521;0.9097;0.4132;-0.0406;0.58911;0.371145;0.629543;0.6373;0.367;0.6776;0.683054;-0.116079;0.805098;0.6373;0.367;0.6776;1.131988;-0.115708;0.382615;0.6373;0.367;0.6776;0.411563;0.378221;-0.905762;0.5828;0.5052;-0.6364;0.876477;0.279042;-0.558739;0.5828;0.5052;-0.6364;1.048858;-0.115708;-0.714228;0.5828;0.5052;-0.6364;-0.02313;0.371145;-0.869856;-0.0784;0.5282;-0.8455;0.411563;0.378221;-0.905762;-0.0784;0.5282;-0.8455;0.344504;-0.115645;-1.208055;-0.0784;0.5282;-0.8455;1.048858;-0.115708;-0.714228;0.4829;-0.8749;-0.0366;1.131988;-0.115708;0.382615;0.4829;-0.8749;-0.0366;0.109384;-0.666911;0.067533;0.4829;-0.8749;-0.0366;0.683054;-0.116079;0.805098;0.2468;-0.8586;0.4493;-0.055062;-0.116079;1.210505;0.2468;-0.8586;0.4493;0.109384;-0.666911;0.067533;0.2468;-0.8586;0.4493;0.344504;-0.115645;-1.208055;0.243;-0.9059;-0.3467;1.048858;-0.115708;-0.714228;0.243;-0.9059;-0.3467;0.109384;-0.666911;0.067533;0.243;-0.9059;-0.3467;-0.793177;-0.116079;0.62538;-0.5209;-0.8536;0.0;-0.793177;-0.116079;-0.54487;-0.5209;-0.8536;0.0;0.109384;-0.666911;0.067533;-0.5209;-0.8536;0.0;1.131988;-0.115708;0.382615;0.3496;-0.8604;0.3707;0.683054;-0.116079;0.805098;0.3496;-0.8604;0.3707;0.109384;-0.666911;0.067533;0.3496;-0.8604;0.3707;-0.793177;-0.116079;-0.54487;-0.2906;-0.8838;-0.3666;-0.055062;-0.116079;-1.129996;-0.2906;-0.8838;-0.3666;0.109384;-0.666911;0.067533;-0.2906;-0.8838;-0.3666;-0.055062;-0.116079;-1.129996;-0.0787;-0.9097;-0.4077;0.344504;-0.115645;-1.208055;-0.0787;-0.9097;-0.4077;0.109384;-0.666911;0.067533;-0.0787;-0.9097;-0.4077;-0.055062;-0.116079;1.210505;-0.3002;-0.8755;0.3787;-0.793177;-0.116079;0.62538;-0.3002;-0.8755;0.3787;0.109384;-0.666911;0.067533;-0.3002;-0.8755;0.3787
-0.928081;-0.334664;-0.660158;1.012603;0.491919;0.802614;1
90;2
15;0.58744633;0.6608259;0.3497466
0.030056;0.359207;-0.402504;-0.1417;0.978;-0.1531;-0.38515;0.37722;0.097109;-0.1417;0.978;-0.1531;0.091056;0.491919;0.38898;-0.1417;0.978;-0.1531;-0.57383;0.24056;0.164178;-0.0373;0.9985;-0.041;-0.415977;0.218101;-0.5259;-0.0373;0.9985;-0.041;-0.693943;0.22311;-0.151167;-0.0373;0.9985;-0.041;0.091056;0.491919;0.38898;-0.0936;0.9831;-0.1576;0.531742;0.491919;0.127284;-0.0936;0.9831;-0.1576;0.030056;0.359207;-0.402504;-0.0936;0.9831;-0.1576;0.557091;0.491919;-0.270158;-0.2405;0.9705;-0.0153;0.030056;0.359207;-0.402504;-0.2405;0.9705;-0.0153;0.531742;0.491919;0.127284;-0.2405;0.9705;-0.0153;-0.57383;0.24056;0.164178;-0.0373;0.9985;-0.041;-0.074021;0.231553;-0.509625;-0.0373;0.9985;-0.041;-0.415977;0.218101;-0.5259;-0.0373;0.9985;-0.041
75;0.56706417;0.53584653;0.5431358
0.557091;0.491919;-0.270158;0.7754;0.626;-0.0828;1.012603;0.004117;0.307745;0.7754;0.626;-0.0828;0.91898;0.004117;-0.569468;0.7754;0.626;-0.0828;0.531742;0.491919;0.127284;0.3427;0.604;0.7196;-0.026614;0.004117;0.802614;0.3427;0.604;0.7196;1.012603;0.004117;0.307745;0.3427;0.604;0.7196;-0.38515;0.37722;0.097109;-0.3401;0.7488;0.5689;-0.57383;0.24056;0.164178;-0.3401;0.7488;0.5689;-0.026614;0.004117;0.802614;-0.3401;0.7488;0.5689;1.012603;0.004117;0.307745;0.1748;-0.9136;0.367;-0.026614;0.004117;0.802614;0.1748;-0.9136;0.367;-0.088508;-0.334664;-0.011193;0.1748;-0.9136;0.367;0.030056;0.359207;-0.402504;0.0673;0.5576;-0.8274;0.557091;0.491919;-0.270158;0.0673;0.5576;-0.8274;0.91898;0.004117;-0.569468;0.0673;0.5576;-0.8274;-0.693943;0.22311;-0.151167;-0.4956;0.7037;-0.5091;-0.493147;-0.003658;-0.660158;-0.4956;0.7037;-0.5091;-0.928081;-0.003658;-0.236676;-0.4956;0.7037;-0.5091;-0.762509;0.004117;0.231248;-0.7192;0.6507;0.2437;-0.693943;0.22311;-0.151167;-0.7192;0.6507;0.2437;-0.928081;-0.003658;-0.236676;-0.7192;0.6507;0.2437;-0.38515;0.37722;0.097109;-0.6213;0.6275;-0.4693;-0.074021;0.231553;-0.509625;-0.6213;0.6275;-0.4693;-0.57383;0.24056;0.164178;-0.6213;0.6275;-0.4693;-0.178099;0.004117;-0.616745;0.0269;0.4158;-0.909;-0.415977;0.218101;-0.5259;0.0269;0.4158;-0.909;-0.074021;0.231553;-0.509625;0.0269;0.4158;-0.909;0.557091;0.491919;-0.270158;0.7031;0.7097;0.0448;0.531742;0.491919;0.127284;0.7031;0.7097;0.0448;1.012603;0.004117;0.307745;0.7031;0.7097;0.0448;0.531742;0.491919;0.127284;0.4367;0.5182;0.7354;0.091056;0.491919;0.38898;0.4367;0.5182;0.7354;-0.026614;0.004117;0.802614;0.4367;0.5182;0.7354;-0.762509;0.004117;0.231248;-0.4992;0.5808;0.643;-0.026614;0.004117;0.802614;-0.4992;0.5808;0.643;-0.57383;0.24056;0.164178;-0.4992;0.5808;0.643;0.091056;0.491919;0.38898;-0.5121;0.624;0.5902;-0.38515;0.37722;0.097109;-0.5121;0.624;0.5902;-0.026614;0.004117;0.802614;-0.5121;0.624;0.5902;-0.928081;-0.003658;-0.236676;-0.2825;-0.9143;-0.2902;-0.493147;-0.003658;-0.660158;-0.2825;-0.9143;-0.2902;-0.088508;-0.334664;-0.011193;-0.2825;-0.9143;-0.2902;0.91898;0.004117;-0.569468;0.0392;0.411;-0.9108;-0.178099;0.004117;-0.616745;0.0392;0.411;-0.9108;-0.074021;0.231553;-0.509625;0.0392;0.411;-0.9108;-0.074021;0.231553;-0.509625;0.0887;0.5969;-0.7974;0.030056;0.359207;-0.402504;0.0887;0.5969;-0.7974;0.91898;0.004117;-0.569468;0.0887;0.5969;-0.7974;-0.693943;0.22311;-0.151167;-0.6724;0.5403;-0.506;-0.415977;0.218101;-0.5259;-0.6724;0.5403;-0.506;-0.493147;-0.003658;-0.660158;-0.6724;0.5403;-0.506;-0.762509;0.004117;0.231248;-0.7244;0.6462;0.2402;-0.57383;0.24056;0.164178;-0.7244;0.6462;0.2402;-0.693943;0.22311;-0.151167;-0.7244;0.6462;0.2402;-0.38515;0.37722;0.097109;-0.4868;0.7593;-0.4319;0.030056;0.359207;-0.402504;-0.4868;0.7593;-0.4319;-0.074021;0.231553;-0.509625;-0.4868;0.7593;-0.4319;-0.178099;0.004117;-0.616745;0.1074;0.4873;-0.8666;-0.493147;-0.003658;-0.660158;0.1074;0.4873;-0.8666;-0.415977;0.218101;-0.5259;0.1074;0.4873;-0.8666;0.91898;0.004117;-0.569468;0.3024;-0.9526;-0.0323;1.012603;0.004117;0.307745;0.3024;-0.9526;-0.0323;-0.088508;-0.334664;-0.011193;0.3024;-0.9526;-0.0323;-0.178099;0.004117;-0.616745;0.0211;-0.8712;-0.4905;0.91898;0.004117;-0.569468;0.0211;-0.8712;-0.4905;-0.088508;-0.334664;-0.011193;0.0211;-0.8712;-0.4905;-0.493147;-0.003658;-0.660158;0.0897;-0.8635;-0.4963;-0.178099;0.004117;-0.616745;0.0897;-0.8635;-0.4963;-0.088508;-0.334664;-0.011193;0.0897;-0.8635;-0.4963;-0.026614;0.004117;0.802614;-0.2997;-0.8725;0.386;-0.762509;0.004117;0.231248;-0.2997;-0.8725;0.386;-0.088508;-0.334664;-0.011193;-0.2997;-0.8725;0.386;-0.762509;0.004117;0.231248;-0.3983;-0.9039;0.1559;-0.928081;-0.003658;-0.236676;-0.3983;-0.9039;0.1559;-0.088508;-0.334664;-0.011193;-0.3983;-0.9039;0.1559
-0.852444;-0.562943;-0.611396;0.952805;0.954105;0.78353;1
102;2
15;0.58744633;0.6608259;0.3497466
-0.512738;0.887659;-0.287547;0.0;1.0;-0.0;-0.492405;0.887659;0.32907;0.0;1.0;-0.0;0.204128;0.887659;-0.038255;0.0;1.0;-0.0;-0.013469;0.954105;0.553157;-0.0726;0.9878;-0.1377;0.204128;0.887659;-0.038255;-0.0726;0.9878;-0.1377;-0.492405;0.887659;0.32907;-0.0726;0.9878;-0.1377;-0.037084;0.887659;-0.543192;0.0;1.0;-0.0;-0.512738;0.887659;-0.287547;0.0;1.0;-0.0;0.204128;0.887659;-0.038255;0.0;1.0;-0.0;0.478593;0.458487;0.295406;0.385;0.8865;-0.2568;0.72856;0.151985;-0.387954;0.385;0.8865;-0.2568;-0.027286;0.427983;-0.568527;0.385;0.8865;-0.2568;0.478593;0.458487;0.295406;0.0269;0.9157;-0.4009;0.789127;0.412934;0.212213;0.0269;0.9157;-0.4009;0.72856;0.151985;-0.387954;0.0269;0.9157;-0.4009
87;0.56706417;0.53584653;0.5431358
-0.037084;0.887659;-0.543192;0.8613;0.0462;-0.506;0.478593;0.458487;0.295406;0.8613;0.0462;-0.506;-0.027286;0.427983;-0.568527;0.8613;0.0462;-0.506;0.478593;0.458487;0.295406;0.558;0.1275;0.82;-0.013469;0.954105;0.553157;0.558;0.1275;0.82;-0.003104;0.344823;0.640835;0.558;0.1275;0.82;-0.013469;0.954105;0.553157;-0.3676;0.1263;0.9214;-0.852444;0.043971;0.343216;-0.3676;0.1263;0.9214;-0.003104;0.344823;0.640835;-0.3676;0.1263;0.9214;-0.492405;0.887659;0.32907;-0.8961;0.3785;-0.2319;-0.642634;-0.044288;-0.611396;-0.8961;0.3785;-0.2319;-0.852444;0.043971;0.343216;-0.8961;0.3785;-0.2319;-0.642634;-0.044288;-0.611396;0.0269;0.0556;-0.9981;-0.037084;0.887659;-0.543192;0.0269;0.0556;-0.9981;-0.027286;0.427983;-0.568527;0.0269;0.0556;-0.9981;-0.037084;0.887659;-0.543192;0.877;0.2352;-0.419;0.204128;0.887659;-0.038255;0.877;0.2352;-0.419;0.478593;0.458487;0.295406;0.877;0.2352;-0.419;0.478593;0.458487;0.295406;0.7456;0.6347;0.203;0.204128;0.887659;-0.038255;0.7456;0.6347;0.203;-0.013469;0.954105;0.553157;0.7456;0.6347;0.203;-0.013469;0.954105;0.553157;-0.4379;0.2016;0.8761;-0.492405;0.887659;0.32907;-0.4379;0.2016;0.8761;-0.852444;0.043971;0.343216;-0.4379;0.2016;0.8761;-0.492405;0.887659;0.32907;-0.9914;0.1268;0.0327;-0.512738;0.887659;-0.287547;-0.9914;0.1268;0.0327;-0.642634;-0.044288;-0.611396;-0.9914;0.1268;0.0327;-0.642634;-0.044288;-0.611396;-0.4437;0.3487;-0.8255;-0.512738;0.887659;-0.287547;-0.4437;0.3487;-0.8255;-0.037084;0.887659;-0.543192;-0.4437;0.3487;-0.8255;-0.003104;0.344823;0.640835;0.3353;0.6503;0.6816;0.564065;-0.02739;0.716944;0.3353;0.6503;0.6816;0.478593;0.458487;0.295406;0.3353;0.6503;0.6816;-0.852444;0.043971;0.343216;-0.4437;0.5625;0.6977;-0.160127;0.043971;0.78353;-0.4437;0.5625;0.6977;-0.003104;0.344823;0.640835;-0.4437;0.5625;0.6977;0.029268;0.043971;-0.608783;0.2873;0.0897;-0.9536;0.72856;0.151985;-0.387954;0.2873;0.0897;-0.9536;0.671983;-0.02739;-0.421877;0.2873;0.0897;-0.9536;0.584324;-0.562943;0.157082;-0.0077;-0.7227;0.6911;0.564065;-0.02739;0.716944;-0.0077;-0.7227;0.6911;-0.160127;0.043971;0.78353;-0.0077;-0.7227;0.6911;-0.027286;0.427983;-0.568527;-0.0096;0.1028;-0.9947;0.029268;0.043971;-0.608783;-0.0096;0.1028;-0.9947;-0.642634;-0.044288;-0.611396;-0.0096;0.1028;-0.9947;0.789127;0.412934;0.212213;0.7188;0.3325;0.6106;0.564065;-0.02739;0.716944;0.7188;0.3325;0.6106;0.952805;-0.02739;0.259336;0.7188;0.3325;0.6106;0.72856;0.151985;-0.387954;0.903;-0.2144;-0.3723;0.952805;-0.02739;0.259336;0.903;-0.2144;-0.3723;0.671983;-0.02739;-0.421877;0.903;-0.2144;-0.3723;0.789127;0.412934;0.212213;0.2836;0.6564;0.6991;0.478593;0.458487;0.295406;0.2836;0.6564;0.6991;0.564065;-0.02739;0.716944;0.2836;0.6564;0.6991;0.72856;0.151985;-0.387954;0.9198;0.3172;-0.2308;0.789127;0.412934;0.212213;0.9198;0.3172;-0.2308;0.952805;-0.02739;0.259336;0.9198;0.3172;-0.2308;0.584324;-0.562943;0.157082;0.8055;-0.4908;-0.3321;0.671983;-0.02739;-0.421877;0.8055;-0.4908;-0.3321;0.952805;-0.02739;0.259336;0.8055;-0.4908;-0.3321;-0.003104;0.344823;0.640835;0.1213;0.373;0.9199;-0.160127;0.043971;0.78353;0.1213;0.373;0.9199;0.564065;-0.02739;0.716944;0.1213;0.373;0.9199;0.029268;0.043971;-0.608783;0.2783;0.1406;-0.9501;-0.027286;0.427983;-0.568527;0.2783;0.1406;-0.9501;0.72856;0.151985;-0.387954;0.2783;0.1406;-0.9501;0.584324;-0.562943;0.157082;0.6396;-0.5438;0.5433;0.952805;-0.02739;0.259336;0.6396;-0.5438;0.5433;0.564065;-0.02739;0.716944;0.6396;-0.5438;0.5433;0.584324;-0.562943;0.157082;0.1116;-0.7379;-0.6656;0.029268;0.043971;-0.608783;0.1116;-0.7379;-0.6656;0.671983;-0.02739;-0.421877;0.1116;-0.7379;-0.6656;-0.642634;-0.044288;-0.611396;0.1218;-0.916;-0.3823;0.029268;0.043971;-0.608783;0.1218;-0.916;-0.3823;-0.609721;-0.366408;0.170878;0.1218;-0.916;-0.3823;0.584324;-0.562943;0.157082;-0.1215;-0.7812;0.6124;-0.160127;0.043971;0.78353;-0.1215;-0.7812;0.6124;-0.609721;-0.366408;0.170878;-0.1215;-0.7812;0.6124;-0.160127;0.043971;0.78353;-0.4455;-0.5576;0.7004;-0.852444;0.043971;0.343216;-0.4455;-0.5576;0.7004;-0.609721;-0.366408;0.170878;-0.4455;-0.5576;0.7004;-0.852444;0.043971;0.343216;-0.8773;-0.4556;-0.1507;-0.642634;-0.044288;-0.611396;-0.8773;-0.4556;-0.1507;-0.609721;-0.366408;0.170878;-0.8773;-0.4556;-0.1507;0.029268;0.043971;-0.608783;-0.1419;-0.8233;-0.5496;0.584324;-0.562943;0.157082;-0.1419;-0.8233;-0.5496;-0.609721;-0.366408;0.170878;-0.1419;-0.8233;-0.5496
-0.593114;-0.567184;-0.737417;0.627687;0.37397;0.834336;1
54;2
9;0.58744633;0.6608259;0.3497466
-0.295669;0.37397;-0.153712;0.0;1.0;-0.0;-0.280809;0.37397;0.296902;0.0;1.0;-0.0;0.339996;0.37397;0.028467;0.0;1.0;-0.0;0.11836;0.366308;0.47861;0.0093;0.9997;0.0216;0.339996;0.37397;0.028467;0.0093;0.9997;0.0216;-0.280809;0.37397;0.296902;0.0093;0.9997;0.0216;0.051931;0.37397;-0.340532;0.0;1.0;-0.0;-0.295669;0.37397;-0.153712;0.0;1.0;-0.0;0.339996;0.37397;0.028467;0.0;1.0;-0.0
45;0.56706417;0.53584653;0.5431358
0.051931;0.37397;-0.340532;0.7306;0.4993;-0.4658;0.627687;-0.127423;0.025098;0.7306;0.4993;-0.4658;0.141585;-0.127423;-0.737417;0.7306;0.4993;-0.4658;0.627687;-0.127423;0.025098;0.796;0.4288;0.4272;0.11836;0.366308;0.47861;0.796;0.4288;0.4272;0.193416;-0.127423;0.834336;0.796;0.4288;0.4272;0.11836;0.366308;0.47861;-0.2778;0.5334;0.7989;-0.561081;-0.127423;0.571957;-0.2778;0.5334;0.7989;0.193416;-0.127423;0.834336;-0.2778;0.5334;0.7989;-0.280809;0.37397;0.296902;-0.8658;0.4996;0.0285;-0.593114;-0.127423;-0.39944;-0.8658;0.4996;0.0285;-0.561081;-0.127423;0.571957;-0.8658;0.4996;0.0285;-0.593114;-0.127423;-0.39944;-0.3513;0.5417;-0.7637;0.051931;0.37397;-0.340532;-0.3513;0.5417;-0.7637;0.141585;-0.127423;-0.737417;-0.3513;0.5417;-0.7637;0.051931;0.37397;-0.340532;0.7171;0.4152;-0.5598;0.339996;0.37397;0.028467;0.7171;0.4152;-0.5598;0.627687;-0.127423;0.025098;0.7171;0.4152;-0.5598;0.627687;-0.127423;0.025098;0.7962;0.4542;0.3998;0.339996;0.37397;0.028467;0.7962;0.4542;0.3998;0.11836;0.366308;0.47861;0.7962;0.4542;0.3998;0.11836;0.366308;0.47861;-0.3257;0.5882;0.7403;-0.280809;0.37397;0.296902;-0.3257;0.5882;0.7403;-0.561081;-0.127423;0.571957;-0.3257;0.5882;0.7403;-0.280809;0.37397;0.296902;-0.8658;0.4996;0.0285;-0.295669;0.37397;-0.153712;-0.8658;0.4996;0.0285;-0.593114;-0.127423;-0.39944;-0.8658;0.4996;0.0285;-0.593114;-0.127423;-0.39944;-0.3856;0.5803;-0.7174;-0.295669;0.37397;-0.153712;-0.3856;0.5803;-0.7174;0.051931;0.37397;-0.340532;-0.3856;0.5803;-0.7174;0.627687;-0.127423;0.025098;0.4578;-0.8544;0.2457;0.193416;-0.127423;0.834336;0.4578;-0.8544;0.2457;-0.287633;-0.567184;0.2014;0.4578;-0.8544;0.2457;0.141585;-0.127423;-0.737417;0.3816;-0.8918;-0.2433;0.627687;-0.127423;0.025098;0.3816;-0.8918;-0.2433;-0.287633;-0.567184;0.2014;0.3816;-0.8918;-0.2433;-0.593114;-0.127423;-0.39944;-0.2285;-0.8373;-0.4967;0.141585;-0.127423;-0.737417;-0.2285;-0.8373;-0.4967;-0.287633;-0.567184;0.2014;-0.2285;-0.8373;-0.4967;0.193416;-0.127423;0.834336;-0.2322;-0.7071;0.6678;-0.561081;-0.127423;0.571957;-0.2322;-0.7071;0.6678;-0.287633;-0.567184;0.2014;-0.2322;-0.7071;0.6678;-0.561081;-0.127423;0.571957;-0.8383;-0.5445;0.0276;-0.593114;-0.127423;-0.39944;-0.8383;-0.5445;0.0276;-0.287633;-0.567184;0.2014;-0.8383;-0.5445;0.0276
1
INFO;NameId;324;DescId;325;price;3650;dpPerMin;0;range;2;placeSound;thud
