0.85
pbl
0;1
3
-0.541522;-0.051107;-0.49674;0.703212;0.962793;0.456173;1
45;2
36;0.3631999;0.517265;0.3101614;0.18
0.563794;0.536956;0.049374;-0.5984;0.7457;0.293;0.703212;0.738465;-0.178775;-0.5984;0.7457;0.293;0.014282;0.116988;-0.004092;-0.5984;0.7457;0.293;0.014282;0.116988;-0.004092;-0.662;0.7478;0.0497;0.703212;0.738465;-0.178775;-0.662;0.7478;0.0497;0.466828;0.536079;-0.282173;-0.662;0.7478;0.0497;0.563794;0.536956;0.049374;0.6861;-0.6998;-0.1988;0.466828;0.536079;-0.282173;0.6861;-0.6998;-0.1988;0.703212;0.738465;-0.178775;0.6861;-0.6998;-0.1988;-0.437687;0.676675;0.065393;0.5466;0.732;-0.4066;-0.541522;0.901183;0.32998;0.5466;0.732;-0.4066;0.013402;0.301202;-0.004136;0.5466;0.732;-0.4066;0.013402;0.301202;-0.004136;0.7519;0.6553;0.0721;-0.541522;0.901183;0.32998;0.7519;0.6553;0.0721;-0.323912;0.637585;0.456173;0.7519;0.6553;0.0721;-0.437687;0.676675;0.065393;-0.7988;-0.5756;0.175;-0.323912;0.637585;0.456173;-0.7988;-0.5756;0.175;-0.541522;0.901183;0.32998;-0.7988;-0.5756;0.175;-0.038172;0.962793;-0.49674;0.2607;0.833;0.488;0.090278;0.822534;-0.325944;0.2607;0.833;0.488;0.299249;0.842596;-0.471793;0.2607;0.833;0.488;0.299249;0.842596;-0.471793;0.4475;0.5371;0.715;0.090278;0.822534;-0.325944;0.4475;0.5371;0.715;0.007198;0.448797;0.006814;0.4475;0.5371;0.715;0.007198;0.448797;0.006814;-0.2037;0.6759;0.7083;0.090278;0.822534;-0.325944;-0.2037;0.6759;0.7083;-0.038172;0.962793;-0.49674;-0.2037;0.6759;0.7083;-0.038172;0.962793;-0.49674;-0.1964;-0.695;-0.6917;0.299249;0.842596;-0.471793;-0.1964;-0.695;-0.6917;0.007198;0.448797;0.006814;-0.1964;-0.695;-0.6917;0.563794;0.536956;0.049374;0.6085;-0.7738;-0.1759;0.014282;0.116988;-0.004092;0.6085;-0.7738;-0.1759;0.466828;0.536079;-0.282173;0.6085;-0.7738;-0.1759;-0.437687;0.676675;0.065393;-0.6266;-0.7722;0.1052;0.013402;0.301202;-0.004136;-0.6266;-0.7722;0.1052;-0.323912;0.637585;0.456173;-0.6266;-0.7722;0.1052
9;0.60468024;0.57905567;0.37102324;0.18
0.012199;-0.051107;-0.074546;0.8643;0.0628;-0.499;0.012199;0.608108;0.008376;0.8643;0.0628;-0.499;0.084012;-0.051107;0.049837;0.8643;0.0628;-0.499;0.084012;-0.051107;0.049837;-0.0;0.0628;0.998;0.012199;0.608108;0.008376;-0.0;0.0628;0.998;-0.059613;-0.051107;0.049837;-0.0;0.0628;0.998;-0.059613;-0.051107;0.049837;-0.8643;0.0628;-0.499;0.012199;0.608108;0.008376;-0.8643;0.0628;-0.499;0.012199;-0.051107;-0.074546;-0.8643;0.0628;-0.499
-1.605871;-0.080755;-1.729923;1.938969;1.946718;1.133868;2
93;3
12;-1.0;0.0;0.0;0.1
0.181995;1.911961;-0.070742;0.0777;-0.2425;-0.967;0.008516;1.527864;0.011645;0.0777;-0.2425;-0.967;-0.149573;1.911961;-0.097399;0.0777;-0.2425;-0.967;-0.149573;1.911961;-0.097399;-0.8763;-0.2425;0.4162;0.008516;1.527864;0.011645;-0.8763;-0.2425;0.4162;-0.006874;1.911961;0.203076;-0.8763;-0.2425;0.4162;-0.006874;1.911961;0.203076;0.7986;-0.2425;0.5508;0.008516;1.527864;0.011645;0.7986;-0.2425;0.5508;0.181995;1.911961;-0.070742;0.7986;-0.2425;0.5508;0.181995;1.911961;-0.070742;0.0;1.0;0.0;-0.149573;1.911961;-0.097399;0.0;1.0;0.0;-0.006874;1.911961;0.203076;0.0;1.0;0.0
72;0.3631999;0.517265;0.3101614;0.13
0.383195;1.48369;-1.209187;0.2232;0.8188;0.529;-0.08117;1.946718;-1.729923;0.2232;0.8188;0.529;0.014217;0.840783;-0.058316;0.2232;0.8188;0.529;0.014217;0.840783;-0.058316;-0.2135;0.8091;0.5475;-0.08117;1.946718;-1.729923;-0.2135;0.8091;0.5475;-0.500558;1.48369;-1.209187;-0.2135;0.8091;0.5475;0.383195;1.48369;-1.209187;0.0;-0.7473;-0.6645;-0.500558;1.48369;-1.209187;0.0;-0.7473;-0.6645;-0.08117;1.946718;-1.729923;0.0;-0.7473;-0.6645;0.854345;1.263323;0.806853;-0.0241;0.9985;-0.0489;0.357536;1.242889;0.635031;-0.0241;0.9985;-0.0489;0.191694;1.263323;1.133868;-0.0241;0.9985;-0.0489;0.191694;1.263323;1.133868;-0.5191;0.8293;-0.2066;0.357536;1.242889;0.635031;-0.5191;0.8293;-0.2066;0.011195;0.871892;0.015949;-0.5191;0.8293;-0.2066;0.011195;0.871892;0.015949;0.1653;0.8025;-0.5734;0.357536;1.242889;0.635031;0.1653;0.8025;-0.5734;0.854345;1.263323;0.806853;0.1653;0.8025;-0.5734;0.854345;1.263323;0.806853;0.1505;-0.9404;0.305;0.191694;1.263323;1.133868;0.1505;-0.9404;0.305;0.011195;0.871892;0.015949;0.1505;-0.9404;0.305;1.938969;1.544593;-0.501655;-0.2731;0.9033;0.331;0.792558;1.081586;-0.184114;-0.2731;0.9033;0.331;1.405947;1.106735;0.253476;-0.2731;0.9033;0.331;1.405947;1.106735;0.253476;-0.4777;0.6074;0.6347;0.792558;1.081586;-0.184114;-0.4777;0.6074;0.6347;0.016495;0.26854;0.009787;-0.4777;0.6074;0.6347;0.016495;0.26854;0.009787;-0.7302;0.6396;-0.2403;0.792558;1.081586;-0.184114;-0.7302;0.6396;-0.2403;1.07676;1.144768;-0.879529;-0.7302;0.6396;-0.2403;1.07676;1.144768;-0.879529;-0.3916;0.9169;-0.0767;0.792558;1.081586;-0.184114;-0.3916;0.9169;-0.0767;1.938969;1.544593;-0.501655;-0.3916;0.9169;-0.0767;1.405947;1.106735;0.253476;0.474;-0.8646;-0.1667;1.07676;1.144768;-0.879529;0.474;-0.8646;-0.1667;1.938969;1.544593;-0.501655;0.474;-0.8646;-0.1667;-1.605871;1.878265;0.724405;0.4067;0.8779;-0.2528;-0.55541;1.28643;0.359364;0.4067;0.8779;-0.2528;-1.149098;1.440188;-0.061874;0.4067;0.8779;-0.2528;-1.149098;1.440188;-0.061874;0.5573;0.6106;-0.5627;-0.55541;1.28643;0.359364;0.5573;0.6106;-0.5627;-0.023563;0.479713;0.010801;0.5573;0.6106;-0.5627;-0.023563;0.479713;0.010801;0.8504;0.4289;0.3049;-0.55541;1.28643;0.359364;0.8504;0.4289;0.3049;-0.824931;1.328812;1.051543;0.8504;0.4289;0.3049;-0.824931;1.328812;1.051543;0.5249;0.8373;0.1531;-0.55541;1.28643;0.359364;0.5249;0.8373;0.1531;-1.605871;1.878265;0.724405;0.5249;0.8373;0.1531;-1.149098;1.440188;-0.061874;-0.5991;-0.795;0.0949;-0.824931;1.328812;1.051543;-0.5991;-0.795;0.0949;-1.605871;1.878265;0.724405;-0.5991;-0.795;0.0949;0.719244;1.666457;0.160649;-0.4894;0.5017;0.7133;0.375256;1.572904;-0.009551;-0.4894;0.5017;0.7133;0.02211;1.193594;0.014961;-0.4894;0.5017;0.7133;0.02211;1.193594;0.014961;-0.722;0.6585;-0.2121;0.375256;1.572904;-0.009551;-0.722;0.6585;-0.2121;0.585311;1.704491;-0.316145;-0.722;0.6585;-0.2121;0.585311;1.704491;-0.316145;-0.3353;0.927;0.1681;0.375256;1.572904;-0.009551;-0.3353;0.927;0.1681;0.719244;1.666457;0.160649;-0.3353;0.927;0.1681;0.719244;1.666457;0.160649;0.5787;-0.7838;-0.2251;0.02211;1.193594;0.014961;0.5787;-0.7838;-0.2251;0.585311;1.704491;-0.316145;0.5787;-0.7838;-0.2251;0.383195;1.48369;-1.209187;0.0;-0.873;-0.4877;0.014217;0.840783;-0.058316;0.0;-0.873;-0.4877;-0.500558;1.48369;-1.209187;0.0;-0.873;-0.4877;1.405947;1.106735;0.253476;0.5311;-0.8275;-0.1821;0.016495;0.26854;0.009787;0.5311;-0.8275;-0.1821;1.07676;1.144768;-0.879529;0.5311;-0.8275;-0.1821;-1.149098;1.440188;-0.061874;-0.6492;-0.7521;0.1138;-0.023563;0.479713;0.010801;-0.6492;-0.7521;0.1138;-0.824931;1.328812;1.051543;-0.6492;-0.7521;0.1138
9;0.60468024;0.57905567;0.37102324;0.13
0.014016;-0.080755;-0.145628;0.8651;0.046;-0.4995;0.014016;1.637005;0.012475;0.8651;0.046;-0.4995;0.150937;-0.080755;0.091527;0.8651;0.046;-0.4995;0.150937;-0.080755;0.091527;-0.0;0.046;0.9989;0.014016;1.637005;0.012475;-0.0;0.046;0.9989;-0.122906;-0.080755;0.091527;-0.0;0.046;0.9989;-0.122906;-0.080755;0.091527;-0.8651;0.046;-0.4995;0.014016;1.637005;0.012475;-0.8651;0.046;-0.4995;0.014016;-0.080755;-0.145628;-0.8651;0.046;-0.4995
-2.949117;-0.084604;-2.442076;2.646051;3.262349;2.2749;1.666666
141;3
36;-1.0;0.0;0.0;0.1
-0.067416;3.130946;-1.264473;0.7039;0.6651;0.2494;-0.248141;3.087553;-0.638734;0.7039;0.6651;0.2494;0.014202;2.555564;0.039359;0.7039;0.6651;0.2494;0.010128;2.171412;0.062183;0.5665;0.6651;-0.4866;0.010128;2.703401;0.789256;0.5665;0.6651;-0.4866;0.404459;2.746794;1.307633;0.5665;0.6651;-0.4866;-0.802949;3.130946;-0.979907;0.0301;0.9965;0.0778;-0.248141;3.087553;-0.638734;0.0301;0.9965;0.0778;-0.067416;3.130946;-1.264473;0.0301;0.9965;0.0778;0.404459;2.746794;1.307633;-0.0;0.9965;-0.0834;0.010128;2.703401;0.789256;-0.0;0.9965;-0.0834;-0.384202;2.746794;1.307633;-0.0;0.9965;-0.0834;0.014202;2.555564;0.039359;-0.3528;0.6651;0.6582;-0.248141;3.087553;-0.638734;-0.3528;0.6651;0.6582;-0.802949;3.130946;-0.979907;-0.3528;0.6651;0.6582;0.014202;2.555564;0.039359;-0.1513;-0.9078;-0.3911;-0.802949;3.130946;-0.979907;-0.1513;-0.9078;-0.3911;-0.067416;3.130946;-1.264473;-0.1513;-0.9078;-0.3911;-0.384202;2.746794;1.307633;-0.5665;0.665;-0.4866;0.010128;2.703401;0.789256;-0.5665;0.665;-0.4866;0.010128;2.171412;0.062183;-0.5665;0.665;-0.4866;0.010128;2.171412;0.062183;0.0;-0.9078;0.4194;0.404459;2.746794;1.307633;0.0;-0.9078;0.4194;-0.384202;2.746794;1.307633;0.0;-0.9078;0.4194;0.010128;3.262349;0.4736;0.8134;-0.3431;0.4696;0.010128;2.675455;0.044799;0.8134;-0.3431;0.4696;0.381481;3.262349;-0.169601;0.8134;-0.3431;0.4696;0.381481;3.262349;-0.169601;0.0;-0.3431;-0.9393;0.010128;2.675455;0.044799;0.0;-0.3431;-0.9393;-0.361224;3.262349;-0.169601;0.0;-0.3431;-0.9393;-0.361224;3.262349;-0.169601;-0.8134;-0.3431;0.4696;0.010128;2.675455;0.044799;-0.8134;-0.3431;0.4696;0.010128;3.262349;0.4736;-0.8134;-0.3431;0.4696;0.010128;3.262349;0.4736;0.0;1.0;0.0;0.381481;3.262349;-0.169601;0.0;1.0;0.0;-0.361224;3.262349;-0.169601;0.0;1.0;0.0
96;0.3631999;0.517265;0.3101614;0.1
0.010128;1.920848;-2.442076;0.2124;0.9624;0.1694;0.010128;1.674383;-1.041906;0.2124;0.9624;0.1694;0.667497;1.620784;-1.561523;0.2124;0.9624;0.1694;0.667497;1.620784;-1.561523;0.4132;0.797;0.4406;0.010128;1.674383;-1.041906;0.4132;0.797;0.4406;0.010128;1.073004;0.045965;0.4132;0.797;0.4406;0.010128;1.073004;0.045965;-0.4132;0.797;0.4406;0.010128;1.674383;-1.041906;-0.4132;0.797;0.4406;-0.64724;1.620784;-1.561523;-0.4132;0.797;0.4406;-0.64724;1.620784;-1.561523;-0.2124;0.9624;0.1694;0.010128;1.674383;-1.041906;-0.2124;0.9624;0.1694;0.010128;1.920848;-2.442076;-0.2124;0.9624;0.1694;0.667497;1.620784;-1.561523;0.0;-0.9466;-0.3226;-0.64724;1.620784;-1.561523;0.0;-0.9466;-0.3226;0.010128;1.920848;-2.442076;0.0;-0.9466;-0.3226;1.110672;1.904675;2.2749;-0.2654;0.9624;-0.0579;0.49104;1.65821;1.0193;-0.2654;0.9624;-0.0579;0.131497;1.604611;1.776178;-0.2654;0.9624;-0.0579;0.131497;1.604611;1.776178;-0.5655;0.797;-0.2122;0.49104;1.65821;1.0193;-0.5655;0.797;-0.2122;0.009612;1.056831;0.043753;-0.5655;0.797;-0.2122;0.009612;1.056831;0.043753;0.1756;0.797;-0.5779;0.49104;1.65821;1.0193;0.1756;0.797;-0.5779;1.310486;1.604611;1.194353;0.1756;0.797;-0.5779;1.310486;1.604611;1.194353;0.1155;0.9624;-0.2459;0.49104;1.65821;1.0193;0.1155;0.9624;-0.2459;1.110672;1.904675;2.2749;0.1155;0.9624;-0.2459;0.131497;1.604611;1.776178;0.1427;-0.9466;0.2892;1.310486;1.604611;1.194353;0.1427;-0.9466;0.2892;1.110672;1.904675;2.2749;0.1427;-0.9466;0.2892;2.646051;1.355227;-0.693687;-0.1051;0.9624;0.2505;1.053573;1.063868;-0.242298;-0.1051;0.9624;0.2505;1.856482;1.000506;0.337843;-0.1051;0.9624;0.2505;1.856482;1.000506;0.337843;-0.3474;0.7501;0.5628;1.053573;1.063868;-0.242298;-0.3474;0.7501;0.5628;0.009006;0.364395;0.045117;-0.3474;0.7501;0.5628;0.009006;0.364395;0.045117;-0.5864;0.7544;-0.2951;1.053573;1.063868;-0.242298;-0.5864;0.7544;-0.2951;1.432634;1.000506;-1.157469;-0.5864;0.7544;-0.2951;1.432634;1.000506;-1.157469;-0.2209;0.9624;-0.1581;1.053573;1.063868;-0.242298;-0.2209;0.9624;-0.1581;2.646051;1.355227;-0.693687;-0.2209;0.9624;-0.1581;1.856482;1.000506;0.337843;0.3103;-0.9466;-0.088;1.432634;1.000506;-1.157469;0.3103;-0.9466;-0.088;2.646051;1.355227;-0.693687;0.3103;-0.9466;-0.088;-2.949117;1.798872;0.97592;0.0994;0.9624;-0.2528;-1.11804;1.46163;0.41222;0.0994;0.9624;-0.2528;-2.062224;1.388289;-0.238262;0.0994;0.9624;-0.2528;-2.062224;1.388289;-0.238262;0.3513;0.7256;-0.5917;-1.11804;1.46163;0.41222;0.3513;0.7256;-0.5917;0.011243;0.615093;0.044456;0.3513;0.7256;-0.5917;0.011243;0.615093;0.044456;0.6328;0.7161;0.2947;-1.11804;1.46163;0.41222;0.6328;0.7161;0.2947;-1.532919;1.388289;1.481092;0.6328;0.7161;0.2947;-1.532919;1.388289;1.481092;0.2244;0.9624;0.1531;-1.11804;1.46163;0.41222;0.2244;0.9624;0.1531;-2.949117;1.798872;0.97592;0.2244;0.9624;0.1531;-2.062224;1.388289;-0.238262;-0.3083;-0.9466;0.0949;-1.532919;1.388289;1.481092;-0.3083;-0.9466;0.0949;-2.949117;1.798872;0.97592;-0.3083;-0.9466;0.0949;-1.124369;2.398811;-0.772372;-0.4851;-0.8653;-0.1265;-1.371769;2.398811;0.176458;-0.4851;-0.8653;-0.1265;-1.761941;2.714917;-0.489562;-0.4851;-0.8653;-0.1265;0.011042;2.003807;0.045019;0.2881;0.9194;0.2676;-1.761941;2.714917;-0.489562;0.2881;0.9194;0.2676;-1.371769;2.398811;0.176458;0.2881;0.9194;0.2676;-1.124369;2.398811;-0.772372;0.3996;0.9094;-0.1156;-1.761941;2.714917;-0.489562;0.3996;0.9094;-0.1156;0.011042;2.003807;0.045019;0.3996;0.9094;-0.1156;1.518196;2.146812;0.275192;-0.3844;0.8698;0.3094;1.94583;2.550384;-0.327983;-0.3844;0.8698;0.3094;0.008991;1.561594;0.045056;-0.3844;0.8698;0.3094;0.008991;1.561594;0.045056;-0.4725;0.8681;-0.1521;1.94583;2.550384;-0.327983;-0.4725;0.8681;-0.1521;1.308422;2.146812;-0.651316;-0.4725;0.8681;-0.1521;1.308422;2.146812;-0.651316;0.5768;-0.8064;-0.1306;1.94583;2.550384;-0.327983;0.5768;-0.8064;-0.1306;1.518196;2.146812;0.275192;0.5768;-0.8064;-0.1306;0.667497;1.620784;-1.561523;0.0;-0.9466;-0.3226;0.010128;1.073004;0.045965;0.0;-0.9466;-0.3226;-0.64724;1.620784;-1.561523;0.0;-0.9466;-0.3226;0.131497;1.604611;1.776178;0.1427;-0.9466;0.2893;0.009612;1.056831;0.043753;0.1427;-0.9466;0.2893;1.310486;1.604611;1.194353;0.1427;-0.9466;0.2893;1.856482;1.000506;0.337843;0.3376;-0.9364;-0.0957;0.009006;0.364395;0.045117;0.3376;-0.9364;-0.0957;1.432634;1.000506;-1.157469;0.3376;-0.9364;-0.0957;-2.062224;1.388289;-0.238262;-0.3605;-0.9261;0.111;0.011243;0.615093;0.044456;-0.3605;-0.9261;0.111;-1.532919;1.388289;1.481092;-0.3605;-0.9261;0.111;-1.124369;2.398811;-0.772372;-0.2803;-0.9571;-0.0731;0.011042;2.003807;0.045019;-0.2803;-0.9571;-0.0731;-1.371769;2.398811;0.176458;-0.2803;-0.9571;-0.0731;1.518196;2.146812;0.275192;0.3714;-0.9247;-0.0841;0.008991;1.561594;0.045056;0.3714;-0.9247;-0.0841;1.308422;2.146812;-0.651316;0.3714;-0.9247;-0.0841
9;0.60468024;0.57905567;0.37102324;0.1
0.010128;-0.084604;-0.15455;0.8656;0.0311;-0.4998;0.010128;3.114585;0.044799;0.8656;0.0311;-0.4998;0.18277;-0.084604;0.144474;0.8656;0.0311;-0.4998;0.18277;-0.084604;0.144474;0.0;0.0311;0.9995;0.010128;3.114585;0.044799;0.0;0.0311;0.9995;-0.162513;-0.084604;0.144474;0.0;0.0311;0.9995;-0.162513;-0.084604;0.144474;-0.8656;0.0311;-0.4998;0.010128;3.114585;0.044799;-0.8656;0.0311;-0.4998;0.010128;-0.084604;-0.15455;-0.8656;0.0311;-0.4998
5
SPREADER;5;0;0;0;7;5
MATERIAL;second;1;count;8;CUSTOM;0.90354;0.5182;0.559;1000;CUSTOM;0.4157;0.5608;0.8235;1000;YELLOW;50000;WHITE;100000;ORANGE;150000;LIGHT_BLUE;200000;DARK_PURPLE;250000;CYAN;300000
INFO;NameId;316;DescId;317;price;13880;dpPerMin;0;range;2;placeSound;thud
LIFE;averagePop;4.0;averageLife;10.0;popFactors;1;0.1;breedMat;5.0;breedTime;3.6170247;parentId;123;count;175;reqs;1;LIFE;type;2;enviroType;0;classification;erl35;count;1;FADE_DEATH;0.5;enviroReqCount;3;reqId;2;barren;0;goodBiomes;1;5;idealFactor;55;influence;0.8;reqId;5;likedSpecies;1;er;influence;0.8;reqId;1;minAltitude;0;maxAltitude;60;influence;0.8
GROWTH;dynamic;0;growthTime;3.3333333;modelStages;3;subStages;2
