0.9
ptj
0;1
3
-0.884055;-0.089278;-1.550626;1.086561;2.297636;1.150256;1
90;2
54;0.38567027;0.5097411;0.32731503;0.1
-0.001589;1.832004;-1.262945;0.7836;0.272;-0.5585;0.382812;2.188906;-0.549854;0.7836;0.272;-0.5585;1.086561;1.527277;0.115153;0.7836;0.272;-0.5585;0.446011;2.181484;0.851791;0.6985;0.7151;-0.0277;1.086561;1.527277;0.115153;0.6985;0.7151;-0.0277;0.382812;2.188906;-0.549854;0.6985;0.7151;-0.0277;0.446011;2.181484;0.851791;-0.1352;0.3515;0.9264;-0.62968;1.276183;1.038342;-0.1352;0.3515;0.9264;0.629188;1.465407;1.150256;-0.1352;0.3515;0.9264;-0.001589;1.832004;-1.262945;0.2422;-0.8893;-0.3879;1.086561;1.527277;0.115153;0.2422;-0.8893;-0.3879;-0.884055;1.415828;-0.859748;0.2422;-0.8893;-0.3879;1.086561;1.527277;0.115153;0.0987;-0.9914;-0.0862;-0.62968;1.276183;1.038342;0.0987;-0.9914;-0.0862;-0.884055;1.415828;-0.859748;0.0987;-0.9914;-0.0862;-0.001589;1.832004;-1.262945;-0.5488;0.613;-0.5684;-0.884055;1.415828;-0.859748;-0.5488;0.613;-0.5684;-0.608372;2.094208;-0.394326;-0.5488;0.613;-0.5684;-0.62968;1.276183;1.038342;-0.9474;0.2836;0.1478;-0.608372;2.094208;-0.394326;-0.9474;0.2836;0.1478;-0.884055;1.415828;-0.859748;-0.9474;0.2836;0.1478;-0.001589;1.832004;-1.262945;-0.1467;0.9139;-0.3783;-0.608372;2.094208;-0.394326;-0.1467;0.9139;-0.3783;0.382812;2.188906;-0.549854;-0.1467;0.9139;-0.3783;-0.386073;2.297636;0.631188;-0.1198;0.9785;-0.1681;0.382812;2.188906;-0.549854;-0.1198;0.9785;-0.1681;-0.608372;2.094208;-0.394326;-0.1198;0.9785;-0.1681;-0.386073;2.297636;0.631188;-0.182;0.4012;0.8977;-0.62968;1.276183;1.038342;-0.182;0.4012;0.8977;0.446011;2.181484;0.851791;-0.182;0.4012;0.8977;0.446011;2.181484;0.851791;0.8382;0.3782;0.393;0.629188;1.465407;1.150256;0.8382;0.3782;0.393;1.086561;1.527277;0.115153;0.8382;0.3782;0.393;1.086561;1.527277;0.115153;0.1481;-0.989;0.0063;0.629188;1.465407;1.150256;0.1481;-0.989;0.0063;-0.62968;1.276183;1.038342;0.1481;-0.989;0.0063;-0.62968;1.276183;1.038342;-0.9469;0.2851;0.1487;-0.386073;2.297636;0.631188;-0.9469;0.2851;0.1487;-0.608372;2.094208;-0.394326;-0.9469;0.2851;0.1487;-0.386073;2.297636;0.631188;0.1385;0.9904;-0.001;0.446011;2.181484;0.851791;0.1385;0.9904;-0.001;0.382812;2.188906;-0.549854;0.1385;0.9904;-0.001;1.036836;1.113969;-1.550626;0.919;0.3868;0.0762;0.818667;1.524763;-1.004584;0.919;0.3868;0.0762;0.905906;1.131822;-0.061848;0.919;0.3868;0.0762;1.036836;1.113969;-1.550626;-0.0301;-0.9995;0.0093;0.905906;1.131822;-0.061848;-0.0301;-0.9995;0.0093;-0.436908;1.16127;-1.23564;-0.0301;-0.9995;0.0093;0.905906;1.131822;-0.061848;-0.3215;0.8631;0.3895;0.818667;1.524763;-1.004584;-0.3215;0.8631;0.3895;-0.436908;1.16127;-1.23564;-0.3215;0.8631;0.3895;-0.436908;1.16127;-1.23564;-0.1088;0.773;-0.625;0.818667;1.524763;-1.004584;-0.1088;0.773;-0.625;1.036836;1.113969;-1.550626;-0.1088;0.773;-0.625
36;0.48123306;0.42349878;0.30142766;0.05
0.006252;-0.089278;-0.128952;0.863;-0.0831;-0.4982;0.113288;0.804508;-0.092703;0.863;-0.0831;-0.4982;0.160667;-0.089278;0.138503;0.863;-0.0831;-0.4982;0.160667;-0.089278;0.138503;0.0729;0.2721;0.9595;-0.13201;0.804508;-0.092703;0.0729;0.2721;0.9595;-0.195004;-0.089278;0.165546;0.0729;0.2721;0.9595;-0.009361;0.865407;-0.296221;-0.8581;0.2711;-0.436;-0.13201;0.804508;-0.092703;-0.8581;0.2711;-0.436;-0.009361;1.960759;0.38474;-0.8581;0.2711;-0.436;-0.13201;0.804508;-0.092703;-0.8211;-0.1043;-0.5611;0.006252;-0.089278;-0.128952;-0.8211;-0.1043;-0.5611;-0.195004;-0.089278;0.165546;-0.8211;-0.1043;-0.5611;-0.13201;0.804508;-0.092703;0.0;-0.3817;0.9243;0.113288;0.804508;-0.092703;0.0;-0.3817;0.9243;-0.009361;1.960759;0.38474;0.0;-0.3817;0.9243;0.113288;0.804508;-0.092703;0.8581;0.2711;-0.436;-0.009361;0.865407;-0.296221;0.8581;0.2711;-0.436;-0.009361;1.960759;0.38474;0.8581;0.2711;-0.436;0.038097;0.849169;-0.142233;0.8457;-0.4043;0.3482;0.554463;1.284836;-0.890431;0.8457;-0.4043;0.3482;0.054438;0.944703;-0.070999;0.8457;-0.4043;0.3482;0.054438;0.944703;-0.070999;-0.0915;0.9382;0.3336;0.554463;1.284836;-0.890431;-0.0915;0.9382;0.3336;0.004959;0.973683;-0.166086;-0.0915;0.9382;0.3336;0.004959;0.973683;-0.166086;-0.6891;-0.309;-0.6555;0.554463;1.284836;-0.890431;-0.6891;-0.309;-0.6555;0.038097;0.849169;-0.142233;-0.6891;-0.309;-0.6555;0.006252;-0.089278;-0.128952;0.8431;-0.0794;-0.5318;-0.009361;0.865407;-0.296221;0.8431;-0.0794;-0.5318;0.113288;0.804508;-0.092703;0.8431;-0.0794;-0.5318;0.160667;-0.089278;0.138503;0.0;0.2504;0.9681;0.113288;0.804508;-0.092703;0.0;0.2504;0.9681;-0.13201;0.804508;-0.092703;0.0;0.2504;0.9681;-0.13201;0.804508;-0.092703;-0.8369;-0.1077;-0.5366;-0.009361;0.865407;-0.296221;-0.8369;-0.1077;-0.5366;0.006252;-0.089278;-0.128952;-0.8369;-0.1077;-0.5366
-3.438209;-0.214583;-3.603493;2.519788;7.437075;4.717388;3;0;extraBounds;2;-3.332062;3.430353;-3.284659;2.407114;7.128798;4.573997;-0.542935;-0.019769;-0.799322;0.552489;4.275761;0.229226
231;3
96;0.48123306;0.42349878;0.30142766;0.025
-0.019485;0.55863;0.243654;-0.7541;0.6567;0.0;-0.692815;-0.214583;-0.556442;-0.7541;0.6567;0.0;-0.692815;-0.214583;0.801289;-0.7541;0.6567;0.0;-0.692815;-0.214583;-0.556442;0.0;-0.0347;-0.9994;-0.236257;0.496296;-0.581109;0.0;-0.0347;-0.9994;0.664916;-0.214583;-0.556442;0.0;-0.0347;-0.9994;0.664916;-0.214583;-0.556442;0.9234;0.3839;0.0;0.284942;0.699301;-0.339283;0.9234;0.3839;0.0;0.664916;-0.214583;0.801289;0.9234;0.3839;0.0;0.664916;-0.214583;0.801289;0.0;0.5849;0.8111;-0.019485;0.55863;0.243654;0.0;0.5849;0.8111;-0.692815;-0.214583;0.801289;0.0;0.5849;0.8111;-0.540684;0.732019;-0.280081;-0.5481;0.3281;0.7693;0.164742;1.721212;-0.199374;-0.5481;0.3281;0.7693;-0.118728;2.064417;-0.547728;-0.5481;0.3281;0.7693;-0.118728;2.064417;-0.547728;-0.3607;0.4299;-0.8277;0.11186;3.234793;-0.040403;-0.3607;0.4299;-0.8277;0.263046;1.777657;-0.863021;-0.3607;0.4299;-0.8277;0.284942;0.699301;-0.339283;0.8818;0.0394;0.47;0.164742;1.721212;-0.199374;0.8818;0.0394;0.47;-0.019485;0.55863;0.243654;0.8818;0.0394;0.47;-0.540684;0.732019;-0.280081;-0.6621;0.0944;-0.7435;0.263046;1.777657;-0.863021;-0.6621;0.0944;-0.7435;-0.236257;0.496296;-0.581109;-0.6621;0.0944;-0.7435;0.284942;0.699301;-0.339283;0.8405;-0.2228;-0.4939;0.263046;1.777657;-0.863021;0.8405;-0.2228;-0.4939;0.546516;1.971596;-0.468184;0.8405;-0.2228;-0.4939;0.546516;1.971596;-0.468184;0.6168;0.4345;-0.6563;0.263046;1.777657;-0.863021;0.6168;0.4345;-0.6563;0.11186;3.234793;-0.040403;0.6168;0.4345;-0.6563;-0.118728;2.064417;-0.547728;-0.761;-0.3885;0.5196;-0.095204;3.038596;0.215034;-0.761;-0.3885;0.5196;-0.291607;3.279016;0.107146;-0.761;-0.3885;0.5196;0.546516;1.971596;-0.468184;0.623;-0.1202;0.7729;-0.095204;3.038596;0.215034;0.623;-0.1202;0.7729;0.164742;1.721212;-0.199374;0.623;-0.1202;0.7729;-0.291607;3.279016;0.107146;-0.7744;-0.4205;0.4726;-0.095204;3.038596;0.215034;-0.7744;-0.4205;0.4726;-0.013949;5.631673;2.655399;-0.7744;-0.4205;0.4726;-0.095204;3.038596;0.215034;0.8389;-0.3867;0.383;0.11186;3.234793;-0.040403;0.8389;-0.3867;0.383;-0.013949;5.631673;2.655399;0.8389;-0.3867;0.383;0.11186;3.234793;-0.040403;-0.1609;0.7338;-0.66;-0.291607;3.279016;0.107146;-0.1609;0.7338;-0.66;-0.013949;5.631673;2.655399;-0.1609;0.7338;-0.66;0.38596;2.125839;-0.462244;0.7795;-0.1525;0.6076;1.253087;3.657137;-1.19042;0.7795;-0.1525;0.6076;0.316062;2.41867;-0.299105;0.7795;-0.1525;0.6076;0.316062;2.41867;-0.299105;-0.7769;0.6273;0.0549;1.253087;3.657137;-1.19042;-0.7769;0.6273;0.0549;0.227673;2.333727;-0.579585;-0.7769;0.6273;0.0549;0.227673;2.333727;-0.579585;0.0595;-0.456;-0.888;1.253087;3.657137;-1.19042;0.0595;-0.456;-0.888;0.38596;2.125839;-0.462244;0.0595;-0.456;-0.888;-0.037502;3.470281;0.233786;0.249;0.2122;0.945;-1.776197;4.945803;0.360555;0.249;0.2122;0.945;-0.096681;3.226633;0.304093;0.249;0.2122;0.945;-0.096681;3.226633;0.304093;-0.6336;-0.6031;-0.4845;-1.776197;4.945803;0.360555;-0.6336;-0.6031;-0.4845;0.052192;3.255461;0.073533;-0.6336;-0.6031;-0.4845;0.052192;3.255461;0.073533;0.5025;0.6419;-0.5792;-1.776197;4.945803;0.360555;0.5025;0.6419;-0.5792;-0.037502;3.470281;0.233786;0.5025;0.6419;-0.5792;-0.019485;0.55863;0.243654;-0.7202;-0.0853;0.6885;-0.540684;0.732019;-0.280081;-0.7202;-0.0853;0.6885;-0.692815;-0.214583;-0.556442;-0.7202;-0.0853;0.6885;-0.692815;-0.214583;-0.556442;-0.5328;0.3149;-0.7854;-0.540684;0.732019;-0.280081;-0.5328;0.3149;-0.7854;-0.236257;0.496296;-0.581109;-0.5328;0.3149;-0.7854;0.664916;-0.214583;-0.556442;0.2871;0.3328;-0.8982;-0.236257;0.496296;-0.581109;0.2871;0.3328;-0.8982;0.284942;0.699301;-0.339283;0.2871;0.3328;-0.8982;0.664916;-0.214583;0.801289;0.4922;0.7519;0.4385;0.284942;0.699301;-0.339283;0.4922;0.7519;0.4385;-0.019485;0.55863;0.243654;0.4922;0.7519;0.4385;-0.540684;0.732019;-0.280081;-0.5959;0.3667;0.7144;-0.019485;0.55863;0.243654;-0.5959;0.3667;0.7144;0.164742;1.721212;-0.199374;-0.5959;0.3667;0.7144;-0.118728;2.064417;-0.547728;-0.2689;0.4272;-0.8633;-0.291607;3.279016;0.107146;-0.2689;0.4272;-0.8633;0.11186;3.234793;-0.040403;-0.2689;0.4272;-0.8633;0.284942;0.699301;-0.339283;0.5928;-0.0404;0.8043;0.546516;1.971596;-0.468184;0.5928;-0.0404;0.8043;0.164742;1.721212;-0.199374;0.5928;-0.0404;0.8043;-0.540684;0.732019;-0.280081;-0.619;0.0384;-0.7845;-0.118728;2.064417;-0.547728;-0.619;0.0384;-0.7845;0.263046;1.777657;-0.863021;-0.619;0.0384;-0.7845;0.284942;0.699301;-0.339283;0.5055;-0.3686;-0.7801;-0.236257;0.496296;-0.581109;0.5055;-0.3686;-0.7801;0.263046;1.777657;-0.863021;0.5055;-0.3686;-0.7801;-0.118728;2.064417;-0.547728;-0.8628;-0.2986;0.4079;0.164742;1.721212;-0.199374;-0.8628;-0.2986;0.4079;-0.095204;3.038596;0.215034;-0.8628;-0.2986;0.4079;0.546516;1.971596;-0.468184;0.7601;0.042;0.6484;0.11186;3.234793;-0.040403;0.7601;0.042;0.6484;-0.095204;3.038596;0.215034;0.7601;0.042;0.6484
108;0.38567027;0.5097411;0.32731503;0.06
2.519788;3.390944;-2.871241;0.0158;-0.9977;0.0656;2.406563;3.569993;-0.119522;0.0158;-0.9977;0.0656;0.085425;3.469731;-1.08617;0.0158;-0.9977;0.0656;2.519788;3.390944;-2.871241;0.0458;-0.9933;0.1063;0.085425;3.469731;-1.08617;0.0458;-0.9933;0.1063;-1.074152;3.208878;-3.02431;0.0458;-0.9933;0.1063;2.519788;3.390944;-2.871241;0.0632;-0.5461;-0.8353;-1.074152;3.208878;-3.02431;0.0632;-0.5461;-0.8353;0.186351;4.240713;-3.603493;0.0632;-0.5461;-0.8353;2.519788;3.390944;-2.871241;0.4095;0.4322;-0.8034;0.186351;4.240713;-3.603493;0.4095;0.4322;-0.8034;0.9486;4.799864;-2.914162;0.4095;0.4322;-0.8034;2.406563;3.569993;-0.119522;0.9696;0.2437;0.024;2.519788;3.390944;-2.871241;0.9696;0.2437;0.024;2.14901;4.708794;-1.275417;0.9696;0.2437;0.024;0.085425;3.469731;-1.08617;-0.3812;-0.0655;0.9222;2.406563;3.569993;-0.119522;-0.3812;-0.0655;0.9222;1.251676;4.178473;-0.553743;-0.3812;-0.0655;0.9222;-1.074152;3.208878;-3.02431;-0.7609;-0.4019;0.5094;0.085425;3.469731;-1.08617;-0.7609;-0.4019;0.5094;-0.665976;4.252959;-1.59073;-0.7609;-0.4019;0.5094;0.186351;4.240713;-3.603493;-0.6643;0.4992;-0.5563;-1.074152;3.208878;-3.02431;-0.6643;0.4992;-0.5563;-0.605354;4.320076;-2.58697;-0.6643;0.4992;-0.5563;2.519788;3.390944;-2.871241;0.6143;0.6725;-0.4126;0.9486;4.799864;-2.914162;0.6143;0.6725;-0.4126;2.14901;4.708794;-1.275417;0.6143;0.6725;-0.4126;2.406563;3.569993;-0.119522;0.123;0.7205;0.6824;2.14901;4.708794;-1.275417;0.123;0.7205;0.6824;1.251676;4.178473;-0.553743;0.123;0.7205;0.6824;0.085425;3.469731;-1.08617;-0.4691;0.1141;0.8757;1.251676;4.178473;-0.553743;-0.4691;0.1141;0.8757;-0.665976;4.252959;-1.59073;-0.4691;0.1141;0.8757;-1.074152;3.208878;-3.02431;-0.9168;0.3982;-0.029;-0.665976;4.252959;-1.59073;-0.9168;0.3982;-0.029;-0.605354;4.320076;-2.58697;-0.9168;0.3982;-0.029;0.186351;4.240713;-3.603493;-0.3416;0.8782;-0.3346;-0.605354;4.320076;-2.58697;-0.3416;0.8782;-0.3346;0.9486;4.799864;-2.914162;-0.3416;0.8782;-0.3346;2.14901;4.708794;-1.275417;-0.1771;0.9669;0.1835;0.9486;4.799864;-2.914162;-0.1771;0.9669;0.1835;-0.665976;4.252959;-1.59073;-0.1771;0.9669;0.1835;1.251676;4.178473;-0.553743;-0.1906;0.889;0.4163;2.14901;4.708794;-1.275417;-0.1906;0.889;0.4163;-0.665976;4.252959;-1.59073;-0.1906;0.889;0.4163;0.9486;4.799864;-2.914162;-0.2856;0.9572;0.0471;-0.605354;4.320076;-2.58697;-0.2856;0.9572;0.0471;-0.665976;4.252959;-1.59073;-0.2856;0.9572;0.0471;-3.096806;4.270704;1.909313;-0.951;-0.2075;-0.2293;-3.438209;5.622652;2.101787;-0.951;-0.2075;-0.2293;-2.325199;4.923143;-1.881995;-0.951;-0.2075;-0.2293;-3.438209;5.622652;2.101787;-0.5693;-0.255;0.7816;-3.096806;4.270704;1.909313;-0.5693;-0.255;0.7816;-0.055075;6.086951;4.717388;-0.5693;-0.255;0.7816;-3.096806;4.270704;1.909313;0.1468;-0.9794;-0.1387;-2.325199;4.923143;-1.881995;0.1468;-0.9794;-0.1387;1.768681;5.191876;0.553637;0.1468;-0.9794;-0.1387;-3.096806;4.270704;1.909313;0.1089;-0.9592;-0.261;1.768681;5.191876;0.553637;0.1089;-0.9592;-0.261;1.891229;4.450877;3.327421;0.1089;-0.9592;-0.261;-3.096806;4.270704;1.909313;-0.1584;-0.7419;0.6515;1.891229;4.450877;3.327421;-0.1584;-0.7419;0.6515;-0.055075;6.086951;4.717388;-0.1584;-0.7419;0.6515;-3.438209;5.622652;2.101787;-0.6019;-0.0865;0.7939;-0.055075;6.086951;4.717388;-0.6019;-0.0865;0.7939;-1.793467;7.013174;3.500364;-0.6019;-0.0865;0.7939;-2.325199;4.923143;-1.881995;-0.9347;-0.2863;-0.2109;-3.438209;5.622652;2.101787;-0.9347;-0.2863;-0.2109;-3.205166;6.882544;-0.641876;-0.9347;-0.2863;-0.2109;1.768681;5.191876;0.553637;0.4671;-0.4988;-0.7301;-2.325199;4.923143;-1.881995;0.4671;-0.4988;-0.7301;-0.67648;6.104806;-1.63457;0.4671;-0.4988;-0.7301;1.891229;4.450877;3.327421;0.9867;0.1628;-1.0E-4;1.768681;5.191876;0.553637;0.9867;0.1628;-1.0E-4;1.559008;6.464275;2.67529;0.9867;0.1628;-1.0E-4;-0.055075;6.086951;4.717388;0.7386;0.4602;0.4925;1.891229;4.450877;3.327421;0.7386;0.4602;0.4925;0.558296;6.16983;3.720103;0.7386;0.4602;0.4925;-3.438209;5.622652;2.101787;-0.735;0.6377;0.2304;-1.793467;7.013174;3.500364;-0.735;0.6377;0.2304;-3.205166;6.882544;-0.641876;-0.735;0.6377;0.2304;-2.325199;4.923143;-1.881995;-0.1989;0.4588;-0.866;-3.205166;6.882544;-0.641876;-0.1989;0.4588;-0.866;-0.67648;6.104806;-1.63457;-0.1989;0.4588;-0.866;1.768681;5.191876;0.553637;0.5962;0.7131;-0.3687;-0.67648;6.104806;-1.63457;0.5962;0.7131;-0.3687;1.559008;6.464275;2.67529;0.5962;0.7131;-0.3687;1.891229;4.450877;3.327421;0.6331;0.3311;0.6997;1.559008;6.464275;2.67529;0.6331;0.3311;0.6997;0.558296;6.16983;3.720103;0.6331;0.3311;0.6997;-0.055075;6.086951;4.717388;0.3038;0.9157;0.263;0.558296;6.16983;3.720103;0.3038;0.9157;0.263;-1.793467;7.013174;3.500364;0.3038;0.9157;0.263;-3.205166;6.882544;-0.641876;-0.2264;0.9729;0.0465;-1.793467;7.013174;3.500364;-0.2264;0.9729;0.0465;-0.456695;7.437075;1.139202;-0.2264;0.9729;0.0465;-0.67648;6.104806;-1.63457;0.1031;0.8934;-0.4373;-3.205166;6.882544;-0.641876;0.1031;0.8934;-0.4373;-0.456695;7.437075;1.139202;0.1031;0.8934;-0.4373;1.559008;6.464275;2.67529;0.6203;0.6868;-0.379;-0.67648;6.104806;-1.63457;0.6203;0.6868;-0.379;-0.456695;7.437075;1.139202;0.6203;0.6868;-0.379;0.558296;6.16983;3.720103;0.1408;0.9095;0.3912;1.559008;6.464275;2.67529;0.1408;0.9095;0.3912;-0.456695;7.437075;1.139202;0.1408;0.9095;0.3912;-1.793467;7.013174;3.500364;0.2919;0.899;0.3266;0.558296;6.16983;3.720103;0.2919;0.899;0.3266;-0.456695;7.437075;1.139202;0.2919;0.899;0.3266
27;0.5958868;0.77377474;0.46225318;0.06
0.29968;3.638137;1.207807;0.4981;0.06;0.865;0.509985;5.240967;0.975549;0.4981;0.06;0.865;0.39286;5.24479;1.042723;0.4981;0.06;0.865;0.29968;3.638137;1.207807;0.4812;-0.0666;0.8741;0.442001;2.111791;1.013137;0.4812;-0.0666;0.8741;0.38139;3.550622;1.156157;0.4812;-0.0666;0.8741;0.286388;3.573486;1.103476;0.457;-0.1288;-0.8801;0.509985;5.240967;0.975549;0.457;-0.1288;-0.8801;0.38139;3.550622;1.156157;0.457;-0.1288;-0.8801;0.38139;3.550622;1.156157;0.5017;0.1064;-0.8585;0.442001;2.111791;1.013137;0.5017;0.1064;-0.8585;0.286388;3.573486;1.103476;0.5017;0.1064;-0.8585;0.286388;3.573486;1.103476;-0.9738;-0.1158;0.1958;0.442001;2.111791;1.013137;-0.9738;-0.1158;0.1958;0.29968;3.638137;1.207807;-0.9738;-0.1158;0.1958;0.29968;3.638137;1.207807;-0.994;0.073;0.0814;0.392327;5.234265;0.907879;-0.994;0.073;0.0814;0.286388;3.573486;1.103476;-0.994;0.073;0.0814;0.29968;3.638137;1.207807;0.5675;0.0446;0.8221;0.38139;3.550622;1.156157;0.5675;0.0446;0.8221;0.509985;5.240967;0.975549;0.5675;0.0446;0.8221;0.286388;3.573486;1.103476;0.4998;-0.1327;-0.8559;0.392327;5.234265;0.907879;0.4998;-0.1327;-0.8559;0.509985;5.240967;0.975549;0.4998;-0.1327;-0.8559;0.29968;3.638137;1.207807;-0.9983;0.0578;-5.0E-4;0.39286;5.24479;1.042723;-0.9983;0.0578;-5.0E-4;0.392327;5.234265;0.907879;-0.9983;0.0578;-5.0E-4
-6.445594;-0.439822;-6.311009;5.751814;12.731545;8.799913;1.66666;0;extraBounds;3;-1.595796;5.144876;-6.010696;5.153703;7.675223;3.10943;-5.797762;7.130039;-3.301131;5.304813;12.479525;8.365364;-1.0;-0.144185;-1.641861;0.833592;6.039798;0.572093
378;3
126;0.48123306;0.42349878;0.30142766;0.015
-0.076284;-0.439822;-1.521272;0.4716;0.4124;-0.7794;0.501579;1.054564;-0.380951;0.4716;0.4124;-0.7794;1.712536;-0.439822;-0.438932;0.4716;0.4124;-0.7794;1.712536;-0.439822;-0.438932;0.6612;0.6943;0.2841;0.184382;0.607922;0.556997;0.6612;0.6943;0.2841;0.661682;-0.439822;2.006922;0.6612;0.6943;0.2841;0.184382;0.607922;0.556997;-0.0947;0.7918;0.6034;-1.734578;-0.439822;1.630852;-0.0947;0.7918;0.6034;0.661682;-0.439822;2.006922;-0.0947;0.7918;0.6034;0.501579;1.054564;-0.380951;0.5428;-0.3782;-0.7498;0.156863;3.176892;-1.701091;0.5428;-0.3782;-0.7498;0.757394;3.173834;-1.26479;0.5428;-0.3782;-0.7498;-0.823679;0.951521;0.419032;-0.8235;0.5664;0.0313;-1.798581;-0.439822;-0.053447;-0.8235;0.5664;0.0313;-1.734578;-0.439822;1.630852;-0.8235;0.5664;0.0313;-1.798581;-0.439822;-0.053447;-0.6338;0.2122;-0.7437;-0.362801;0.903565;-0.89377;-0.6338;0.2122;-0.7437;-0.076284;-0.439822;-1.521272;-0.6338;0.2122;-0.7437;0.156863;3.176892;-1.701091;-0.6659;0.1378;-0.7332;-0.374305;4.884268;-0.897828;-0.6659;0.1378;-0.7332;0.118592;5.142287;-1.296944;-0.6659;0.1378;-0.7332;0.184382;0.607922;0.556997;0.0113;0.4009;0.916;-0.214286;3.168887;-0.55884;0.0113;0.4009;0.916;-0.823679;0.951521;0.419032;0.0113;0.4009;0.916;-1.214214;1.284963;-0.380951;-0.8589;0.4741;0.1933;-0.214286;3.168887;-0.55884;-0.8589;0.4741;0.1933;-0.32565;3.212319;-1.160295;-0.8589;0.4741;0.1933;0.501579;1.054564;-0.380951;0.9374;0.0559;0.3436;0.505457;3.096906;-0.723931;0.9374;0.0559;0.3436;0.184382;0.607922;0.556997;0.9374;0.0559;0.3436;-0.362801;0.903565;-0.89377;-0.7467;-0.0644;-0.662;-0.32565;3.212319;-1.160295;-0.7467;-0.0644;-0.662;0.156863;3.176892;-1.701091;-0.7467;-0.0644;-0.662;0.118592;4.512903;-0.602055;0.9406;-0.3159;0.1242;0.499769;7.365397;3.764357;0.9406;-0.3159;0.1242;0.402311;7.138927;3.926322;0.9406;-0.3159;0.1242;-0.214286;3.168887;-0.55884;0.2213;-0.0234;0.9749;0.505457;3.096906;-0.723931;0.2213;-0.0234;0.9749;0.118592;4.512903;-0.602055;0.2213;-0.0234;0.9749;0.156863;3.176892;-1.701091;0.5743;0.2182;-0.789;0.61149;4.884267;-0.897827;0.5743;0.2182;-0.789;0.757394;3.173834;-1.26479;0.5743;0.2182;-0.789;-0.32565;3.212319;-1.160295;-0.5859;-0.1423;0.7978;0.118592;4.512903;-0.602055;-0.5859;-0.1423;0.7978;-0.374305;4.884268;-0.897828;-0.5859;-0.1423;0.7978;0.757394;3.173834;-1.26479;0.8765;0.2018;0.437;0.118592;4.512903;-0.602055;0.8765;0.2018;0.437;0.505457;3.096906;-0.723931;0.8765;0.2018;0.437;0.118592;4.512903;-0.602055;-0.6921;-0.6047;0.3941;0.207397;7.302495;3.834168;-0.6921;-0.6047;0.3941;-0.374305;4.884268;-0.897828;-0.6921;-0.6047;0.3941;-0.374305;4.884268;-0.897828;-0.6128;0.7395;-0.2787;0.499769;7.365397;3.764357;-0.6128;0.7395;-0.2787;0.118592;5.142287;-1.296944;-0.6128;0.7395;-0.2787;0.17405;4.039896;-1.44301;0.0721;-0.7411;-0.6675;2.722372;5.644137;-2.948959;0.0721;-0.7411;-0.6675;0.656151;3.796408;-1.12058;0.0721;-0.7411;-0.6675;0.656151;3.796408;-1.12058;0.6368;0.0493;0.7694;2.722372;5.644137;-2.948959;0.6368;0.0493;0.7694;0.334658;4.283384;-0.885706;0.6368;0.0493;0.7694;0.334658;4.283384;-0.885706;-0.5954;0.7849;-0.1713;2.722372;5.644137;-2.948959;-0.5954;0.7849;-0.1713;0.17405;4.039896;-1.44301;-0.5954;0.7849;-0.1713;-0.030976;5.027381;-1.063105;0.3792;0.6144;-0.6919;-4.843548;9.287332;0.081832;0.3792;0.6144;-0.6919;0.218757;5.243767;-0.7341;0.3792;0.6144;-0.6919;0.218757;5.243767;-0.7341;0.2472;0.1153;0.9621;-4.843548;9.287332;0.081832;0.2472;0.1153;0.9621;-0.046517;4.877033;-0.621983;0.2472;0.1153;0.9621;-0.046517;4.877033;-0.621983;-0.674;-0.6917;-0.2595;-4.843548;9.287332;0.081832;-0.674;-0.6917;-0.2595;-0.030976;5.027381;-1.063105;-0.674;-0.6917;-0.2595;-0.076284;-0.439822;-1.521272;0.3936;0.4566;-0.7978;-0.362801;0.903565;-0.89377;0.3936;0.4566;-0.7978;0.501579;1.054564;-0.380951;0.3936;0.4566;-0.7978;1.712536;-0.439822;-0.438932;0.6871;0.5378;0.4885;0.501579;1.054564;-0.380951;0.6871;0.5378;0.4885;0.184382;0.607922;0.556997;0.6871;0.5378;0.4885;0.184382;0.607922;0.556997;0.1023;0.6144;0.7823;-0.823679;0.951521;0.419032;0.1023;0.6144;0.7823;-1.734578;-0.439822;1.630852;0.1023;0.6144;0.7823;0.501579;1.054564;-0.380951;0.5194;-0.3889;-0.7609;-0.362801;0.903565;-0.89377;0.5194;-0.3889;-0.7609;0.156863;3.176892;-1.701091;0.5194;-0.3889;-0.7609;-0.823679;0.951521;0.419032;-0.77;0.3608;0.5263;-1.214214;1.284963;-0.380951;-0.77;0.3608;0.5263;-1.798581;-0.439822;-0.053447;-0.77;0.3608;0.5263;-1.798581;-0.439822;-0.053447;-0.5124;0.0106;-0.8586;-1.214214;1.284963;-0.380951;-0.5124;0.0106;-0.8586;-0.362801;0.903565;-0.89377;-0.5124;0.0106;-0.8586;0.156863;3.176892;-1.701091;-0.7409;0.083;-0.6665;-0.32565;3.212319;-1.160295;-0.7409;0.083;-0.6665;-0.374305;4.884268;-0.897828;-0.7409;0.083;-0.6665;0.184382;0.607922;0.556997;0.2426;0.419;0.875;0.505457;3.096906;-0.723931;0.2426;0.419;0.875;-0.214286;3.168887;-0.55884;0.2426;0.419;0.875;-1.214214;1.284963;-0.380951;-0.7243;0.4349;0.5349;-0.823679;0.951521;0.419032;-0.7243;0.4349;0.5349;-0.214286;3.168887;-0.55884;-0.7243;0.4349;0.5349;0.501579;1.054564;-0.380951;0.9004;0.0704;0.4294;0.757394;3.173834;-1.26479;0.9004;0.0704;0.4294;0.505457;3.096906;-0.723931;0.9004;0.0704;0.4294;-0.362801;0.903565;-0.89377;-0.5425;-0.0877;-0.8354;-1.214214;1.284963;-0.380951;-0.5425;-0.0877;-0.8354;-0.32565;3.212319;-1.160295;-0.5425;-0.0877;-0.8354;0.118592;4.512903;-0.602055;0.6889;-0.6329;0.3533;0.61149;4.884267;-0.897827;0.6889;-0.6329;0.3533;0.499769;7.365397;3.764357;0.6889;-0.6329;0.3533;0.156863;3.176892;-1.701091;0.6708;0.1619;-0.7237;0.118592;5.142287;-1.296944;0.6708;0.1619;-0.7237;0.61149;4.884267;-0.897827;0.6708;0.1619;-0.7237;-0.32565;3.212319;-1.160295;-0.9508;0.2417;0.1935;-0.214286;3.168887;-0.55884;-0.9508;0.2417;0.1935;0.118592;4.512903;-0.602055;-0.9508;0.2417;0.1935;0.757394;3.173834;-1.26479;0.5775;-0.1238;0.8069;0.61149;4.884267;-0.897827;0.5775;-0.1238;0.8069;0.118592;4.512903;-0.602055;0.5775;-0.1238;0.8069;0.118592;4.512903;-0.602055;-0.693;-0.604;0.3937;0.402311;7.138927;3.926322;-0.693;-0.604;0.3937;0.207397;7.302495;3.834168;-0.693;-0.604;0.3937;-0.374305;4.884268;-0.897828;-0.2841;0.8675;-0.4084;0.207397;7.302495;3.834168;-0.2841;0.8675;-0.4084;0.499769;7.365397;3.764357;-0.2841;0.8675;-0.4084;0.61149;4.884267;-0.897827;0.6405;0.6842;-0.3487;0.118592;5.142287;-1.296944;0.6405;0.6842;-0.3487;0.499769;7.365397;3.764357;0.6405;0.6842;-0.3487
144;0.38567027;0.5097411;0.32731503;0.04
3.962717;4.814809;-4.410749;0.7505;-0.6608;-0.0119;5.224565;6.258697;-5.003798;0.7505;-0.6608;-0.0119;5.012648;5.925718;0.099506;0.7505;-0.6608;-0.0119;5.224565;6.258697;-5.003798;0.1929;-0.5123;-0.8368;3.962717;4.814809;-4.410749;0.1929;-0.5123;-0.8368;0.692357;6.687206;-6.311009;0.1929;-0.5123;-0.8368;3.962717;4.814809;-4.410749;-0.033;-0.9686;0.2463;5.012648;5.925718;0.099506;-0.033;-0.9686;0.2463;0.59856;5.738231;-1.229546;-0.033;-0.9686;0.2463;3.962717;4.814809;-4.410749;-0.1048;-0.9792;0.1734;0.59856;5.738231;-1.229546;-0.1048;-0.9792;0.1734;-1.569814;5.250443;-5.295551;-0.1048;-0.9792;0.1734;3.962717;4.814809;-4.410749;0.0704;-0.6473;-0.759;-1.569814;5.250443;-5.295551;0.0704;-0.6473;-0.759;0.692357;6.687206;-6.311009;0.0704;-0.6473;-0.759;5.224565;6.258697;-5.003798;0.2838;0.4927;-0.8226;0.692357;6.687206;-6.311009;0.2838;0.4927;-0.8226;2.378821;7.808162;-5.057732;0.2838;0.4927;-0.8226;5.012648;5.925718;0.099506;0.9847;0.1664;0.0517;5.224565;6.258697;-5.003798;0.9847;0.1664;0.0517;4.831592;7.456019;-1.377706;0.9847;0.1664;0.0517;0.59856;5.738231;-1.229546;-0.2909;0.1483;0.9452;5.012648;5.925718;0.099506;-0.2909;0.1483;0.9452;3.552461;7.063559;-0.528416;-0.2909;0.1483;0.9452;-1.569814;5.250443;-5.295551;-0.8473;-0.2289;0.4793;0.59856;5.738231;-1.229546;-0.8473;-0.2289;0.4793;-0.982815;7.165183;-3.343533;-0.8473;-0.2289;0.4793;0.692357;6.687206;-6.311009;-0.4817;0.148;-0.8637;-1.569814;5.250443;-5.295551;-0.4817;0.148;-0.8637;-1.539846;7.328351;-4.956288;-0.4817;0.148;-0.8637;5.224565;6.258697;-5.003798;0.4686;0.8527;-0.2308;2.378821;7.808162;-5.057732;0.4686;0.8527;-0.2308;4.831592;7.456019;-1.377706;0.4686;0.8527;-0.2308;5.012648;5.925718;0.099506;0.2426;0.6885;0.6835;4.831592;7.456019;-1.377706;0.2426;0.6885;0.6835;3.552461;7.063559;-0.528416;0.2426;0.6885;0.6835;0.59856;5.738231;-1.229546;-0.4234;0.5718;0.7027;3.552461;7.063559;-0.528416;-0.4234;0.5718;0.7027;-0.982815;7.165183;-3.343533;-0.4234;0.5718;0.7027;-1.569814;5.250443;-5.295551;-0.9457;-0.039;0.3227;-0.982815;7.165183;-3.343533;-0.9457;-0.039;0.3227;-1.539846;7.328351;-4.956288;-0.9457;-0.039;0.3227;0.692357;6.687206;-6.311009;-0.1142;0.8119;-0.5725;-1.539846;7.328351;-4.956288;-0.1142;0.8119;-0.5725;2.378821;7.808162;-5.057732;-0.1142;0.8119;-0.5725;4.831592;7.456019;-1.377706;-0.1039;0.9811;0.1631;2.378821;7.808162;-5.057732;-0.1039;0.9811;0.1631;1.652064;7.240506;-2.106933;-0.1039;0.9811;0.1631;3.552461;7.063559;-0.528416;-0.1238;0.9586;0.2565;4.831592;7.456019;-1.377706;-0.1238;0.9586;0.2565;1.652064;7.240506;-2.106933;-0.1238;0.9586;0.2565;-0.982815;7.165183;-3.343533;-0.1742;0.9332;0.3143;3.552461;7.063559;-0.528416;-0.1742;0.9332;0.3143;1.652064;7.240506;-2.106933;-0.1742;0.9332;0.3143;-1.539846;7.328351;-4.956288;-0.0896;0.9873;0.1308;-0.982815;7.165183;-3.343533;-0.0896;0.9873;0.1308;1.652064;7.240506;-2.106933;-0.0896;0.9873;0.1308;2.378821;7.808162;-5.057732;-0.1159;0.9803;0.16;-1.539846;7.328351;-4.956288;-0.1159;0.9803;0.16;1.652064;7.240506;-2.106933;-0.1159;0.9803;0.16;5.751814;9.472754;6.558426;0.9056;0.3007;-0.2991;3.070391;11.964975;0.94574;0.9056;0.3007;-0.2991;4.881904;11.887638;6.352283;0.9056;0.3007;-0.2991;3.070391;11.964975;0.94574;0.9079;0.2856;-0.3069;5.751814;9.472754;6.558426;0.9079;0.2856;-0.3069;4.572572;7.606295;1.333843;0.9079;0.2856;-0.3069;5.751814;9.472754;6.558426;0.5502;0.2658;0.7916;4.881904;11.887638;6.352283;0.5502;0.2658;0.7916;2.053418;10.452487;8.799913;0.5502;0.2658;0.7916;5.751814;9.472754;6.558426;0.2474;-0.6691;0.7007;2.053418;10.452487;8.799913;0.2474;-0.6691;0.7007;0.15131;6.477265;5.675317;0.2474;-0.6691;0.7007;5.751814;9.472754;6.558426;0.4341;-0.8749;0.2145;0.15131;6.477265;5.675317;0.4341;-0.8749;0.2145;4.572572;7.606295;1.333843;0.4341;-0.8749;0.2145;0.382976;12.731545;2.93354;0.1223;0.9703;-0.2087;3.070391;11.964975;0.94574;0.1223;0.9703;-0.2087;-2.217243;12.062037;-1.702897;0.1223;0.9703;-0.2087;4.881904;11.887638;6.352283;0.2302;0.9711;-0.0632;3.070391;11.964975;0.94574;0.2302;0.9711;-0.0632;0.382976;12.731545;2.93354;0.2302;0.9711;-0.0632;2.053418;10.452487;8.799913;-0.0361;0.8797;0.4741;4.881904;11.887638;6.352283;-0.0361;0.8797;0.4741;-2.169702;12.242998;5.156279;-0.0361;0.8797;0.4741;0.15131;6.477265;5.675317;0.1803;-0.6597;0.7295;2.053418;10.452487;8.799913;0.1803;-0.6597;0.7295;-2.812138;8.190082;7.956502;0.1803;-0.6597;0.7295;4.572572;7.606295;1.333843;0.0063;-0.9693;-0.2456;0.15131;6.477265;5.675317;0.0063;-0.9693;-0.2456;-5.031976;7.50062;1.501938;0.0063;-0.9693;-0.2456;3.070391;11.964975;0.94574;0.7616;0.2078;-0.6138;4.572572;7.606295;1.333843;0.7616;0.2078;-0.6138;0.312321;8.813486;-3.543766;0.7616;0.2078;-0.6138;4.881904;11.887638;6.352283;0.0107;0.974;0.2264;0.382976;12.731545;2.93354;0.0107;0.974;0.2264;-2.169702;12.242998;5.156279;0.0107;0.974;0.2264;2.053418;10.452487;8.799913;-0.3887;0.5646;0.728;-2.169702;12.242998;5.156279;-0.3887;0.5646;0.728;-2.812138;8.190082;7.956502;-0.3887;0.5646;0.728;0.15131;6.477265;5.675317;-0.356;-0.9083;0.2195;-2.812138;8.190082;7.956502;-0.356;-0.9083;0.2195;-5.031976;7.50062;1.501938;-0.356;-0.9083;0.2195;-6.445594;9.958152;3.746238;-0.3672;0.9269;0.0777;0.382976;12.731545;2.93354;-0.3672;0.9269;0.0777;-4.353179;11.140331;-0.468974;-0.3672;0.9269;0.0777;-5.031976;7.50062;1.501938;-0.9194;-0.2575;-0.2971;-6.445594;9.958152;3.746238;-0.9194;-0.2575;-0.2971;-4.032036;9.558676;-3.376119;-0.9194;-0.2575;-0.2971;-2.169702;12.242998;5.156279;-0.3897;0.8855;-0.253;0.382976;12.731545;2.93354;-0.3897;0.8855;-0.253;-6.445594;9.958152;3.746238;-0.3897;0.8855;-0.253;-2.812138;8.190082;7.956502;-0.5099;0.5422;0.6678;-2.169702;12.242998;5.156279;-0.5099;0.5422;0.6678;-6.445594;9.958152;3.746238;-0.5099;0.5422;0.6678;-5.031976;7.50062;1.501938;-0.6784;-0.6685;0.3047;-2.812138;8.190082;7.956502;-0.6784;-0.6685;0.3047;-6.445594;9.958152;3.746238;-0.6784;-0.6685;0.3047;4.572572;7.606295;1.333843;0.0116;-0.9993;0.0361;-5.031976;7.50062;1.501938;0.0116;-0.9993;0.0361;-3.13064;7.330723;-3.815946;0.0116;-0.9993;0.0361;0.382976;12.731545;2.93354;-0.3616;0.9298;0.0685;-2.217243;12.062037;-1.702897;-0.3616;0.9298;0.0685;-4.353179;11.140331;-0.468974;-0.3616;0.9298;0.0685;-2.217243;12.062037;-1.702897;0.3488;0.6527;-0.6725;3.070391;11.964975;0.94574;0.3488;0.6527;-0.6725;0.312321;8.813486;-3.543766;0.3488;0.6527;-0.6725;-6.445594;9.958152;3.746238;-0.8599;0.4025;-0.3139;-4.353179;11.140331;-0.468974;-0.8599;0.4025;-0.3139;-4.032036;9.558676;-3.376119;-0.8599;0.4025;-0.3139;-5.031976;7.50062;1.501938;-0.9005;-0.3027;-0.3123;-4.032036;9.558676;-3.376119;-0.9005;-0.3027;-0.3123;-3.13064;7.330723;-3.815946;-0.9005;-0.3027;-0.3123;0.312321;8.813486;-3.543766;0.3728;-0.7709;-0.5164;4.572572;7.606295;1.333843;0.3728;-0.7709;-0.5164;-3.13064;7.330723;-3.815946;0.3728;-0.7709;-0.5164;-2.217243;12.062037;-1.702897;0.0574;0.5257;-0.8487;0.312321;8.813486;-3.543766;0.0574;0.5257;-0.8487;-4.032036;9.558676;-3.376119;0.0574;0.5257;-0.8487;-4.353179;11.140331;-0.468974;-0.5585;0.7011;-0.4432;-2.217243;12.062037;-1.702897;-0.5585;0.7011;-0.4432;-4.032036;9.558676;-3.376119;-0.5585;0.7011;-0.4432;0.312321;8.813486;-3.543766;-0.005;0.1917;-0.9814;-3.13064;7.330723;-3.815946;-0.005;0.1917;-0.9814;-4.032036;9.558676;-3.376119;-0.005;0.1917;-0.9814
108;0.5958868;0.77377474;0.46225318;0.04
0.979647;4.5099;2.305847;0.0;0.1455;0.9893;0.944344;7.643672;1.84483;0.0;0.1455;0.9893;0.725684;4.5099;2.305847;0.0;0.1455;0.9893;0.842165;2.11304;1.966638;-0.868;0.0298;-0.4956;0.852665;4.434565;2.087996;-0.868;0.0298;-0.4956;0.969147;2.195466;1.7492;-0.868;0.0298;-0.4956;0.969147;2.195466;1.7492;-0.8595;-0.0227;-0.5105;0.852665;0.47662;2.021682;-0.8595;-0.0227;-0.5105;0.842165;2.11304;1.966638;-0.8595;-0.0227;-0.5105;0.979647;4.5099;2.305847;0.8755;-0.1296;-0.4655;1.071325;7.568336;1.626978;0.8755;-0.1296;-0.4655;1.198307;7.643672;1.84483;0.8755;-0.1296;-0.4655;0.842165;2.11304;1.966638;0.0;-0.1401;0.9901;0.979647;4.5099;2.305847;0.0;-0.1401;0.9901;0.725684;4.5099;2.305847;0.0;-0.1401;0.9901;0.842165;2.11304;1.966638;0.0;0.0336;0.9994;0.852665;0.47662;2.021682;0.0;0.0336;0.9994;1.096128;2.11304;1.966638;0.0;0.0336;0.9994;0.725684;4.5099;2.305847;-0.8658;-0.0132;-0.5001;1.071325;7.568336;1.626978;-0.8658;-0.0132;-0.5001;0.852665;4.434565;2.087996;-0.8658;-0.0132;-0.5001;1.096128;2.11304;1.966638;0.8305;-0.1417;-0.5387;0.852665;0.47662;2.021682;0.8305;-0.1417;-0.5387;0.969147;2.195466;1.7492;0.8305;-0.1417;-0.5387;1.096128;2.11304;1.966638;0.8402;0.1158;-0.5298;0.852665;4.434565;2.087996;0.8402;0.1158;-0.5298;0.979647;4.5099;2.305847;0.8402;0.1158;-0.5298;1.241611;3.131148;-2.353824;-0.8626;0.0961;-0.4967;1.063961;4.653037;-1.750807;-0.8626;0.0961;-0.4967;1.190943;4.666814;-1.968659;-0.8626;0.0961;-0.4967;1.241611;3.131148;-2.353824;-0.8715;-0.056;-0.4871;1.216146;1.312567;-2.09923;-0.8715;-0.056;-0.4871;1.161349;3.010158;-2.196302;-0.8715;-0.056;-0.4871;1.363297;3.047276;-2.198738;0.059;-0.258;0.9643;1.063961;4.653037;-1.750807;0.059;-0.258;0.9643;1.161349;3.010158;-2.196302;0.059;-0.258;0.9643;1.161349;3.010158;-2.196302;0.0015;0.0571;0.9984;1.216146;1.312567;-2.09923;0.0015;0.0571;0.9984;1.363297;3.047276;-2.198738;0.0015;0.0571;0.9984;1.363297;3.047276;-2.198738;0.7554;-0.1012;-0.6474;1.216146;1.312567;-2.09923;0.7554;-0.1012;-0.6474;1.241611;3.131148;-2.353824;0.7554;-0.1012;-0.6474;1.241611;3.131148;-2.353824;0.8184;0.1757;-0.5471;1.317924;4.653037;-1.750807;0.8184;0.1757;-0.5471;1.363297;3.047276;-2.198738;0.8184;0.1757;-0.5471;-3.772799;4.88026;-0.016128;-0.9919;-0.1202;-0.04;-3.771185;4.797057;0.193813;-0.9919;-0.1202;-0.04;-4.495654;10.39814;1.326265;-0.9919;-0.1202;-0.04;-1.934673;3.743776;-0.207042;0.3791;0.6962;-0.6095;-3.620222;4.962567;0.136783;0.3791;0.6962;-0.6095;-1.912052;3.895933;-0.019157;0.3791;0.6962;-0.6095;-1.912052;3.895933;-0.019157;-0.5089;0.6979;-0.5039;0.414885;4.889427;-0.993191;-0.5089;0.6979;-0.5039;-1.934673;3.743776;-0.207042;-0.5089;0.6979;-0.5039;-3.771185;4.797057;0.193813;0.4616;-0.118;0.8792;-3.620222;4.962567;0.136783;0.4616;-0.118;0.8792;-4.495654;10.39814;1.326265;0.4616;-0.118;0.8792;-1.934673;3.743776;-0.207042;-0.523;-0.7937;-0.3105;-3.771185;4.797057;0.193813;-0.523;-0.7937;-0.3105;-3.772799;4.88026;-0.016128;-0.523;-0.7937;-0.3105;-1.934673;3.743776;-0.207042;0.2958;-0.8729;-0.3879;0.414885;4.889427;-0.993191;0.2958;-0.8729;-0.3879;-1.911523;3.654932;0.010551;0.2958;-0.8729;-0.3879;-3.620222;4.962567;0.136783;0.609;0.2619;-0.7486;-3.772799;4.88026;-0.016128;0.609;0.2619;-0.7486;-4.495654;10.39814;1.326265;0.609;0.2619;-0.7486;-1.911523;3.654932;0.010551;0.3411;0.1157;0.9329;0.414885;4.889427;-0.993191;0.3411;0.1157;0.9329;-1.912052;3.895933;-0.019157;0.3411;0.1157;0.9329;-1.912052;3.895933;-0.019157;0.1706;0.1209;0.9779;-3.771185;4.797057;0.193813;0.1706;0.1209;0.9779;-1.911523;3.654932;0.010551;0.1706;0.1209;0.9779;0.979647;4.5099;2.305847;0.0;0.1455;0.9893;1.198307;7.643672;1.84483;0.0;0.1455;0.9893;0.944344;7.643672;1.84483;0.0;0.1455;0.9893;0.842165;2.11304;1.966638;-0.8589;0.0306;-0.5112;0.725684;4.5099;2.305847;-0.8589;0.0306;-0.5112;0.852665;4.434565;2.087996;-0.8589;0.0306;-0.5112;0.979647;4.5099;2.305847;0.8755;-0.1296;-0.4655;0.852665;4.434565;2.087996;0.8755;-0.1296;-0.4655;1.071325;7.568336;1.626978;0.8755;-0.1296;-0.4655;0.842165;2.11304;1.966638;0.0;-0.1401;0.9901;1.096128;2.11304;1.966638;0.0;-0.1401;0.9901;0.979647;4.5099;2.305847;0.0;-0.1401;0.9901;0.725684;4.5099;2.305847;-0.8658;-0.0132;-0.5001;0.944344;7.643672;1.84483;-0.8658;-0.0132;-0.5001;1.071325;7.568336;1.626978;-0.8658;-0.0132;-0.5001;1.096128;2.11304;1.966638;0.8762;0.1163;-0.4676;0.969147;2.195466;1.7492;0.8762;0.1163;-0.4676;0.852665;4.434565;2.087996;0.8762;0.1163;-0.4676;1.241611;3.131148;-2.353824;-0.9071;0.0592;-0.4167;1.161349;3.010158;-2.196302;-0.9071;0.0592;-0.4167;1.063961;4.653037;-1.750807;-0.9071;0.0592;-0.4167;1.363297;3.047276;-2.198738;0.0;-0.2687;0.9632;1.317924;4.653037;-1.750807;0.0;-0.2687;0.9632;1.063961;4.653037;-1.750807;0.0;-0.2687;0.9632;1.241611;3.131148;-2.353824;0.8581;0.1513;-0.4906;1.190943;4.666814;-1.968659;0.8581;0.1513;-0.4906;1.317924;4.653037;-1.750807;0.8581;0.1513;-0.4906;-1.934673;3.743776;-0.207042;0.332;0.6516;-0.682;-3.772799;4.88026;-0.016128;0.332;0.6516;-0.682;-3.620222;4.962567;0.136783;0.332;0.6516;-0.682;-1.934673;3.743776;-0.207042;-0.5228;-0.8072;-0.274;-1.911523;3.654932;0.010551;-0.5228;-0.8072;-0.274;-3.771185;4.797057;0.193813;-0.5228;-0.8072;-0.274;-1.912052;3.895933;-0.019157;0.1891;0.1613;0.9686;-3.620222;4.962567;0.136783;0.1891;0.1613;0.9686;-3.771185;4.797057;0.193813;0.1891;0.1613;0.9686
6
SPREADER;5;0;0;0;6;6
INFO;NameId;318;DescId;319;price;25000;dpPerMin;0;range;3;placeSound;thud
LIFE;averagePop;7.0;averageLife;65.0;popFactors;2;0;0.3;breedMat;32.5;breedTime;23.521667;parentId;-1;FALL_DEATH;fallTime;3;totalTime;5;fallenAngle;60;particleEffect;1;ExplodeTime;0.975;UseMaterial;0;Colour;1;Spawn;2;5;0;1;0;PPS;30;Speed;1.5;Gravity;0.3;Life;3;Scale;0.1;Colour;0.27959093;0.47991672;0.25372335;Additive;0;Alpha;1;FadeIn;0.1;FadeOut;0.8;HasDir;1;Dir;0;1;0;Varience;0.25;Offset;0;5;0;LifeError;0.4;ScaleError;0.3;SpeedError;0.4;RandRot;1;HasXRot;1;XRotSpeed;180;Stages;1;2;enviroReqCount;2;reqId;2;barren;0;goodBiomes;1;5;idealFactor;60;influence;0.8;reqId;5;likedSpecies;1;erl;influence;0.8;reqId;1
GROWTH;dynamic;0;growthTime;21.666666;modelStages;3;subStages;2
WOOD;cut time;5.2;bark factor;0.8;colour;0.48123306;0.42349878;0.30142766
PERCH;1;0.1647;4.932;-0.4302
