1.0
ar
0;1
2
-0.151968;0.0298;-0.256538;0.147544;0.369597;0.202556;1
78;2
48;0.64;0.624915;0.57966
0.006682;0.221847;0.098804;-0.7838;-0.5468;0.2943;-0.103457;0.364139;0.069875;-0.7838;-0.5468;0.2943;-0.135495;0.291936;-0.14958;-0.7838;-0.5468;0.2943;0.116822;0.364139;0.069875;0.6915;-0.4151;0.5911;0.006682;0.369597;0.202556;0.6915;-0.4151;0.5911;0.006682;0.221847;0.098804;0.6915;-0.4151;0.5911;0.006682;0.221847;0.098804;-0.6915;-0.4151;0.5911;0.006682;0.369597;0.202556;-0.6915;-0.4151;0.5911;-0.103457;0.364139;0.069875;-0.6915;-0.4151;0.5911;0.116822;0.364139;0.069875;0.785;-0.5495;0.2858;0.006682;0.221847;0.098804;0.785;-0.5495;0.2858;0.146181;0.291936;-0.14958;0.785;-0.5495;0.2858;0.023752;0.289108;0.03624;-0.8191;-0.2822;0.4995;0.147544;0.0298;0.092742;-0.8191;-0.2822;0.4995;0.055741;0.302002;0.09598;-0.8191;-0.2822;0.4995;-0.006912;0.289666;0.03177;-0.0676;-0.1818;-0.981;-0.130326;0.030742;0.088272;-0.0676;-0.1818;-0.981;-0.071568;0.313709;0.03177;-0.0676;-0.1818;-0.981;0.087731;0.314896;0.036241;0.0722;-0.1793;-0.9811;0.147544;0.0298;0.092742;0.0722;-0.1793;-0.9811;0.023752;0.289108;0.03624;0.0722;-0.1793;-0.9811;-0.03924;0.301688;0.09151;0.8191;-0.2813;0.4999;-0.130326;0.030742;0.088272;0.8191;-0.2813;0.4999;-0.006912;0.289666;0.03177;0.8191;-0.2813;0.4999;-0.007548;0.157489;-0.056735;-0.7857;-0.5429;0.2965;0.006682;0.221847;0.098804;-0.7857;-0.5429;0.2965;-0.135495;0.291936;-0.14958;-0.7857;-0.5429;0.2965;0.006682;0.221847;0.098804;0.7127;-0.6688;0.2115;-0.007548;0.157489;-0.056735;0.7127;-0.6688;0.2115;0.146181;0.291936;-0.14958;0.7127;-0.6688;0.2115;-0.135495;0.291936;-0.14958;-0.7817;-0.5713;0.2499;-0.002449;0.063101;-0.256538;-0.7817;-0.5713;0.2499;-0.007548;0.157489;-0.056735;-0.7817;-0.5713;0.2499;-0.002449;0.063101;-0.256538;0.725;-0.6154;0.3092;0.146181;0.291936;-0.14958;0.725;-0.6154;0.3092;-0.007548;0.157489;-0.056735;0.725;-0.6154;0.3092;-0.002449;0.063101;-0.256538;-0.8611;-0.0204;0.5079;0.147544;0.041042;-0.003118;-0.8611;-0.0204;0.5079;0.025443;0.148624;-0.205813;-0.8611;-0.0204;0.5079;0.05946;0.073313;-0.24656;0.1903;-0.9619;-0.1964;0.147544;0.041042;-0.003118;0.1903;-0.9619;-0.1964;-0.002449;0.063101;-0.256538;0.1903;-0.9619;-0.1964;-0.002449;0.063101;-0.256538;-0.2667;-0.9339;-0.2381;-0.151968;0.041042;-0.0026;-0.2667;-0.9339;-0.2381;-0.06069;0.072119;-0.226684;-0.2667;-0.9339;-0.2381;-0.022974;0.148004;-0.191647;0.8559;-0.1671;0.4894;-0.151968;0.041042;-0.0026;0.8559;-0.1671;0.4894;-0.002449;0.063101;-0.256538;0.8559;-0.1671;0.4894
30;-1;0;0
-0.103457;0.364139;0.069875;0.0;0.9991;-0.0411;0.006682;0.369597;0.202556;0.0;0.9991;-0.0411;0.116822;0.364139;0.069875;0.0;0.9991;-0.0411;-0.135495;0.291936;-0.14958;0.0;0.4234;-0.9059;0.146181;0.291936;-0.14958;0.0;0.4234;-0.9059;-0.002449;0.063101;-0.256538;0.0;0.4234;-0.9059;0.055741;0.302002;0.09598;0.8228;0.2716;0.4992;0.147544;0.0298;0.092742;0.8228;0.2716;0.4992;0.087731;0.314896;0.036241;0.8228;0.2716;0.4992;-0.071568;0.313709;0.03177;-0.8228;0.2706;0.4997;-0.130326;0.030742;0.088272;-0.8228;0.2706;0.4997;-0.03924;0.301688;0.09151;-0.8228;0.2706;0.4997;-0.103457;0.364139;0.069875;0.0;0.9499;-0.3125;0.116822;0.364139;0.069875;0.0;0.9499;-0.3125;0.146181;0.291936;-0.14958;0.0;0.9499;-0.3125;-0.135495;0.291936;-0.14958;0.0;0.9499;-0.3125;-0.103457;0.364139;0.069875;0.0;0.9499;-0.3125;0.146181;0.291936;-0.14958;0.0;0.9499;-0.3125;0.025443;0.148624;-0.205813;0.8321;0.5027;-0.2344;0.147544;0.041042;-0.003118;0.8321;0.5027;-0.2344;0.05946;0.073313;-0.24656;0.8321;0.5027;-0.2344;-0.002449;0.063101;-0.256538;0.058;0.4952;-0.8668;0.025443;0.148624;-0.205813;0.058;0.4952;-0.8668;0.05946;0.073313;-0.24656;0.058;0.4952;-0.8668;-0.06069;0.072119;-0.226684;-0.8123;0.523;-0.2583;-0.151968;0.041042;-0.0026;-0.8123;0.523;-0.2583;-0.022974;0.148004;-0.191647;-0.8123;0.523;-0.2583;-0.002449;0.063101;-0.256538;-0.3227;0.5242;-0.788;-0.06069;0.072119;-0.226684;-0.3227;0.5242;-0.788;-0.022974;0.148004;-0.191647;-0.3227;0.5242;-0.788
-0.323808;0.020803;-0.466847;0.362231;0.689482;0.515314;2
132;2
81;0.64;0.624915;0.57966
0.003457;0.404898;0.24116;-0.7825;-0.5442;0.3026;-0.216823;0.689482;0.183302;-0.7825;-0.5442;0.3026;-0.280899;0.588162;-0.164554;-0.7825;-0.5442;0.3026;0.273297;0.183279;-0.466847;0.1505;-0.1276;-0.9803;0.341207;0.071695;-0.441895;0.1505;-0.1276;-0.9803;0.198773;0.067727;-0.463248;0.1505;-0.1276;-0.9803;7.78E-4;0.213167;-0.22602;0.0;-0.8101;-0.5862;-0.052595;0.375115;-0.44982;0.0;-0.8101;-0.5862;0.054151;0.375115;-0.44982;0.0;-0.8101;-0.5862;0.223736;0.689482;0.183302;0.7445;-0.4825;0.4614;0.003457;0.667073;0.515314;0.7445;-0.4825;0.4614;0.003457;0.404898;0.24116;0.7445;-0.4825;0.4614;0.003457;0.404898;0.24116;-0.7445;-0.4825;0.4614;0.003457;0.667073;0.515314;-0.7445;-0.4825;0.4614;-0.216823;0.689482;0.183302;-0.7445;-0.4825;0.4614;0.223736;0.689482;0.183302;0.7842;-0.5476;0.2919;0.003457;0.404898;0.24116;0.7842;-0.5476;0.2919;0.282454;0.588162;-0.164554;0.7842;-0.5476;0.2919;7.78E-4;0.227076;0.015408;-0.7963;-0.6039;0.0348;-0.280899;0.588162;-0.164554;-0.7963;-0.6039;0.0348;7.78E-4;0.213167;-0.22602;-0.7963;-0.6039;0.0348;0.037595;0.539419;0.116033;-0.8191;-0.2822;0.4995;0.285179;0.020803;0.229035;-0.8191;-0.2822;0.4995;0.101574;0.565208;0.235511;-0.8191;-0.2822;0.4995;-0.023733;0.540537;0.107092;-0.0676;-0.1818;-0.981;-0.270561;0.022689;0.220095;-0.0676;-0.1818;-0.981;-0.153044;0.588623;0.107092;-0.0676;-0.1818;-0.981;0.165553;0.590997;0.116033;0.0723;-0.1793;-0.9811;0.285179;0.020803;0.229035;0.0723;-0.1793;-0.9811;0.037595;0.539419;0.116033;0.0723;-0.1793;-0.9811;-0.088388;0.56458;0.226571;0.8191;-0.2813;0.4999;-0.270561;0.022689;0.220095;0.8191;-0.2813;0.4999;-0.023733;0.540537;0.107092;0.8191;-0.2813;0.4999;0.058672;0.373034;-0.059428;-0.1524;-0.8131;0.5619;0.198773;0.067727;-0.463248;-0.1524;-0.8131;0.5619;0.297858;0.153051;-0.312897;-0.1524;-0.8131;0.5619;0.198773;0.067727;-0.463248;-0.9047;-0.426;0.0082;0.058672;0.373034;-0.059428;-0.9047;-0.426;0.0082;0.054151;0.375115;-0.44982;-0.9047;-0.426;0.0082;0.198773;0.067727;-0.463248;0.0375;-0.9972;-0.0652;0.341207;0.071695;-0.441895;0.0375;-0.9972;-0.0652;0.362231;0.040094;0.05386;0.0375;-0.9972;-0.0652;0.297858;0.153051;-0.312897;-0.8379;0.4627;0.2896;0.198773;0.067727;-0.463248;-0.8379;0.4627;0.2896;0.362231;0.040094;0.05386;-0.8379;0.4627;0.2896;-0.020248;0.373034;-0.059428;0.1524;-0.8131;0.5619;-0.259434;0.153051;-0.312897;0.1524;-0.8131;0.5619;-0.160349;0.067727;-0.463248;0.1524;-0.8131;0.5619;-0.160349;0.067727;-0.463248;0.9418;-0.3267;-0.0798;-0.052595;0.375115;-0.44982;0.9418;-0.3267;-0.0798;-0.020248;0.373034;-0.059428;0.9418;-0.3267;-0.0798;-0.234873;0.183279;-0.466847;-0.1505;-0.1276;-0.9803;-0.160349;0.067727;-0.463248;-0.1505;-0.1276;-0.9803;-0.302784;0.071695;-0.441895;-0.1505;-0.1276;-0.9803;-0.160349;0.067727;-0.463248;-0.0375;-0.9972;-0.0652;-0.323808;0.040094;0.05386;-0.0375;-0.9972;-0.0652;-0.302784;0.071695;-0.441895;-0.0375;-0.9972;-0.0652;-0.259434;0.153051;-0.312897;0.8379;0.4627;0.2896;-0.323808;0.040094;0.05386;0.8379;0.4627;0.2896;-0.160349;0.067727;-0.463248;0.8379;0.4627;0.2896;0.282454;0.588162;-0.164554;0.7963;-0.6039;0.0348;7.78E-4;0.227076;0.015408;0.7963;-0.6039;0.0348;7.78E-4;0.213167;-0.22602;0.7963;-0.6039;0.0348;7.78E-4;0.227076;0.015408;-0.8134;-0.4522;0.3658;0.003457;0.404898;0.24116;-0.8134;-0.4522;0.3658;-0.280899;0.588162;-0.164554;-0.8134;-0.4522;0.3658;0.003457;0.404898;0.24116;0.8149;-0.46;0.3526;7.78E-4;0.227076;0.015408;0.8149;-0.46;0.3526;0.282454;0.588162;-0.164554;0.8149;-0.46;0.3526;-0.280899;0.588162;-0.164554;-0.7972;-0.5632;-0.2174;-0.052595;0.375115;-0.44982;-0.7972;-0.5632;-0.2174;7.78E-4;0.213167;-0.22602;-0.7972;-0.5632;-0.2174;0.273297;0.183279;-0.466847;-0.0669;0.0121;-0.9977;0.198773;0.067727;-0.463248;-0.0669;0.0121;-0.9977;0.054151;0.375115;-0.44982;-0.0669;0.0121;-0.9977;-0.234873;0.183279;-0.466847;0.0749;0.0173;-0.997;-0.052595;0.375115;-0.44982;0.0749;0.0173;-0.997;-0.160349;0.067727;-0.463248;0.0749;0.0173;-0.997;0.054151;0.375115;-0.44982;0.7972;-0.5632;-0.2174;0.282454;0.588162;-0.164554;0.7972;-0.5632;-0.2174;7.78E-4;0.213167;-0.22602;0.7972;-0.5632;-0.2174
51;-1;0;0
-0.216823;0.689482;0.183302;0.0;0.9977;0.0673;0.003457;0.667073;0.515314;0.0;0.9977;0.0673;0.223736;0.689482;0.183302;0.0;0.9977;0.0673;-0.302784;0.071695;-0.441895;-0.89;-0.1858;0.4163;-0.259434;0.153051;-0.312897;-0.89;-0.1858;0.4163;-0.280899;0.588162;-0.164554;-0.89;-0.1858;0.4163;-0.234873;0.183279;-0.466847;-0.4559;0.4986;-0.7372;-0.280899;0.588162;-0.164554;-0.4559;0.4986;-0.7372;-0.052595;0.375115;-0.44982;-0.4559;0.4986;-0.7372;-0.280899;0.588162;-0.164554;-0.5555;-0.2927;0.7783;-0.259434;0.153051;-0.312897;-0.5555;-0.2927;0.7783;-0.020248;0.373034;-0.059428;-0.5555;-0.2927;0.7783;-0.280899;0.588162;-0.164554;0.0;0.8012;-0.5984;0.282454;0.588162;-0.164554;0.0;0.8012;-0.5984;-0.052595;0.375115;-0.44982;0.0;0.8012;-0.5984;0.101574;0.565208;0.235511;0.8228;0.2716;0.4992;0.285179;0.020803;0.229035;0.8228;0.2716;0.4992;0.165553;0.590997;0.116033;0.8228;0.2716;0.4992;-0.153044;0.588623;0.107092;-0.8228;0.2706;0.4997;-0.270561;0.022689;0.220095;-0.8228;0.2706;0.4997;-0.088388;0.56458;0.226571;-0.8228;0.2706;0.4997;-0.216823;0.689482;0.183302;0.0;0.9601;-0.2796;0.223736;0.689482;0.183302;0.0;0.9601;-0.2796;0.282454;0.588162;-0.164554;0.0;0.9601;-0.2796;0.341207;0.071695;-0.441895;0.878;0.4785;-0.0067;0.297858;0.153051;-0.312897;0.878;0.4785;-0.0067;0.362231;0.040094;0.05386;0.878;0.4785;-0.0067;-0.302784;0.071695;-0.441895;-0.878;0.4785;-0.0067;-0.323808;0.040094;0.05386;-0.878;0.4785;-0.0067;-0.259434;0.153051;-0.312897;-0.878;0.4785;-0.0067;0.341207;0.071695;-0.441895;0.9245;-0.0932;0.3695;0.282454;0.588162;-0.164554;0.9245;-0.0932;0.3695;0.297858;0.153051;-0.312897;0.9245;-0.0932;0.3695;0.273297;0.183279;-0.466847;0.4143;0.5385;-0.7337;0.054151;0.375115;-0.44982;0.4143;0.5385;-0.7337;0.282454;0.588162;-0.164554;0.4143;0.5385;-0.7337;0.282454;0.588162;-0.164554;0.5927;-0.241;0.7685;0.058672;0.373034;-0.059428;0.5927;-0.241;0.7685;0.297858;0.153051;-0.312897;0.5927;-0.241;0.7685;-0.302784;0.071695;-0.441895;-0.756;0.3343;-0.5628;-0.280899;0.588162;-0.164554;-0.756;0.3343;-0.5628;-0.234873;0.183279;-0.466847;-0.756;0.3343;-0.5628;-0.280899;0.588162;-0.164554;0.0;0.9601;-0.2796;-0.216823;0.689482;0.183302;0.0;0.9601;-0.2796;0.282454;0.588162;-0.164554;0.0;0.9601;-0.2796;0.341207;0.071695;-0.441895;0.7814;0.3619;-0.5084;0.273297;0.183279;-0.466847;0.7814;0.3619;-0.5084;0.282454;0.588162;-0.164554;0.7814;0.3619;-0.5084;0.282454;0.588162;-0.164554;0.0;0.8012;-0.5984;0.054151;0.375115;-0.44982;0.0;0.8012;-0.5984;-0.052595;0.375115;-0.44982;0.0;0.8012;-0.5984
9
MATERIAL;second;0;count;8;CUSTOM;0.392;0.655;0.263;100;DARK_GREEN;50000;MUD;100000;CYAN;120000;ORANGE;300000;PURPLE;700000;PINK;1000000;GOLD;1500000
INFO;NameId;412;DescId;413;price;31600;dpPerMin;80;range;2;placeSound;frog0
LIFE;averagePop;4.4;averageLife;30.0;popFactors;0;breedMat;15.0;breedTime;10.853638;parentId;75;count;320;reqs;1;LIFE;type;2;enviroType;1;biome;JUNGLE;amount;0.7;FALL_DEATH;fallTime;1.5;totalTime;2.5;angle;60;particles;0;enviroReqCount;3;reqId;2;barren;0;goodBiomes;5;0;5;6;7;9;idealFactor;80;influence;0.7;reqId;4;faveBiome;5;influence;0.1;reqId;5;likedSpecies;3;ai;pnm;pnf;influence;0.35
GROWTH;dynamic;1;growthTime;10.0;modelStages;2
MOVEMENT;6;speed;0.55;power;3.0;wait;0.5;bounciness;0.4
AI;PATROL
FLINGING;minTime;25;maxTime;70
SOUND
RANDOM_SOUNDER;15;25;2;frog0;6;frog1;6;
