1.2
pnm
0;1
2
-0.355779;-0.109812;-0.338305;0.382007;0.457051;0.284962;1
57;2
27;0.8163943;0.73433334;0.61053747
0.036171;0.457051;0.113464;0.7513;-0.0554;-0.6576;0.047099;-0.047491;0.168433;0.7513;-0.0554;-0.6576;6.7E-5;-0.057391;0.115538;0.7513;-0.0554;-0.6576;0.047099;-0.047491;0.168433;0.1898;0.1104;0.9756;0.036171;0.457051;0.113464;0.1898;0.1104;0.9756;-0.022973;-0.042206;0.181465;0.1898;0.1104;0.9756;-0.022973;-0.042206;0.181465;-0.9373;0.0644;-0.3424;0.036171;0.457051;0.113464;-0.9373;0.0644;-0.3424;6.7E-5;-0.057391;0.115538;-0.9373;0.0644;-0.3424;-0.164783;-0.088583;-0.081706;0.7922;0.336;-0.5095;-0.355779;0.216052;-0.177784;0.7922;0.336;-0.5095;-0.162545;-0.053628;-0.055174;0.7922;0.336;-0.5095;-0.162545;-0.053628;-0.055174;-0.1997;0.2833;0.938;-0.355779;0.216052;-0.177784;-0.1997;0.2833;0.938;-0.198458;-0.078946;-0.055174;-0.1997;0.2833;0.938;-0.198458;-0.078946;-0.055174;-0.606;-0.5586;-0.5663;-0.355779;0.216052;-0.177784;-0.606;-0.5586;-0.5663;-0.164783;-0.088583;-0.081706;-0.606;-0.5586;-0.5663;0.128384;-0.109812;-0.129845;0.4627;-0.6003;-0.6523;0.382007;0.312166;-0.338305;0.4627;-0.6003;-0.6523;0.17888;-0.096753;-0.106046;0.4627;-0.6003;-0.6523;0.17888;-0.096753;-0.106046;0.4148;0.2848;0.8642;0.382007;0.312166;-0.338305;0.4148;0.2848;0.8642;0.132588;-0.065048;-0.094274;0.4148;0.2848;0.8642;0.132588;-0.065048;-0.094274;-0.8703;0.3539;-0.3425;0.382007;0.312166;-0.338305;-0.8703;0.3539;-0.3425;0.128384;-0.109812;-0.129845;-0.8703;0.3539;-0.3425
30;-1.0;0.0;0.0
-0.05331;0.263896;0.284962;0.3215;0.541;0.7771;0.194903;0.241786;0.197656;0.3215;0.541;0.7771;0.036171;0.457051;0.113464;0.3215;0.541;0.7771;0.106007;0.222712;-0.050244;-0.2461;0.5047;-0.8275;-0.142205;0.244822;0.037062;-0.2461;0.5047;-0.8275;0.036171;0.457051;0.113464;-0.2461;0.5047;-0.8275;0.194903;0.241786;0.197656;0.8169;0.4735;-0.3294;0.106007;0.222712;-0.050244;0.8169;0.4735;-0.3294;0.036171;0.457051;0.113464;0.8169;0.4735;-0.3294;-0.142205;0.244822;0.037062;-0.7841;0.5737;0.237;-0.05331;0.263896;0.284962;-0.7841;0.5737;0.237;0.036171;0.457051;0.113464;-0.7841;0.5737;0.237;-0.238746;0.040277;-0.170413;0.4955;0.2957;-0.8168;-0.355779;0.216052;-0.177784;0.4955;0.2957;-0.8168;-0.187086;0.112096;-0.113076;0.4955;0.2957;-0.8168;-0.187086;0.112096;-0.113076;-0.0464;0.4726;0.8801;-0.355779;0.216052;-0.177784;-0.0464;0.4726;0.8801;-0.313078;0.033805;-0.077676;-0.0464;0.4726;0.8801;-0.313078;0.033805;-0.077676;-0.6719;-0.4713;-0.5714;-0.355779;0.216052;-0.177784;-0.6719;-0.4713;-0.5714;-0.238746;0.040277;-0.170413;-0.6719;-0.4713;-0.5714;0.232959;0.09288;-0.306128;0.2597;-0.3107;-0.9143;0.382007;0.312166;-0.338305;0.2597;-0.3107;-0.9143;0.355583;0.063218;-0.261221;0.2597;-0.3107;-0.9143;0.355583;0.063218;-0.261221;0.6084;0.1751;0.7741;0.382007;0.312166;-0.338305;0.6084;0.1751;0.7741;0.220087;0.1754;-0.180096;0.6084;0.1751;0.7741;0.220087;0.1754;-0.180096;-0.7864;0.4769;-0.3926;0.382007;0.312166;-0.338305;-0.7864;0.4769;-0.3926;0.232959;0.09288;-0.306128;-0.7864;0.4769;-0.3926
-0.82264;-0.235265;-0.976271;1.005394;1.252033;1.017146;2
174;2
36;0.8163943;0.73433334;0.61053747
0.060699;1.252033;0.202922;0.8655;0.0334;-0.4997;0.164765;-0.066231;0.294987;0.8655;0.0334;-0.4997;0.060699;-0.066231;0.11474;0.8655;0.0334;-0.4997;0.060699;1.252033;0.202922;0.0;0.0697;0.9976;-0.043367;-0.066231;0.294987;0.0;0.0697;0.9976;0.164765;-0.066231;0.294987;0.0;0.0697;0.9976;0.060699;1.252033;0.202922;-0.8655;0.0334;-0.4997;0.060699;-0.066231;0.11474;-0.8655;0.0334;-0.4997;-0.043367;-0.066231;0.294987;-0.8655;0.0334;-0.4997;0.71776;0.709423;-0.699268;0.7016;-0.5366;-0.4688;0.389422;-0.199542;-0.150222;0.7016;-0.5366;-0.4688;0.300968;-0.235265;-0.241717;0.7016;-0.5366;-0.4688;0.389422;-0.199542;-0.150222;0.2026;0.4517;0.8689;0.71776;0.709423;-0.699268;0.2026;0.4517;0.8689;0.268816;-0.145451;-0.150222;0.2026;0.4517;0.8689;0.268816;-0.145451;-0.150222;-0.8716;0.1601;-0.4634;0.71776;0.709423;-0.699268;-0.8716;0.1601;-0.4634;0.300968;-0.235265;-0.241717;-0.8716;0.1601;-0.4634;-0.746888;-0.084877;0.410002;0.841;0.2384;-0.4856;-0.710961;0.505472;0.762123;0.841;0.2384;-0.4856;-0.706254;-0.084877;0.480382;0.841;0.2384;-0.4856;-0.706254;-0.084877;0.480382;0.0;-0.4307;0.9025;-0.710961;0.505472;0.762123;0.0;-0.4307;0.9025;-0.787521;-0.084877;0.480382;0.0;-0.4307;0.9025;-0.787521;-0.084877;0.480382;-0.8172;0.3311;-0.4718;-0.710961;0.505472;0.762123;-0.8172;0.3311;-0.4718;-0.746888;-0.084877;0.410002;-0.8172;0.3311;-0.4718;-0.343195;-0.096697;-0.229502;0.8029;0.38;-0.4592;-0.732085;0.539577;-0.382872;0.8029;0.38;-0.4592;-0.304648;-0.056206;-0.128598;0.8029;0.38;-0.4592;-0.304648;-0.056206;-0.128598;-0.2029;0.2576;0.9447;-0.732085;0.539577;-0.382872;-0.2029;0.2576;0.9447;-0.401757;-0.118348;-0.132504;-0.2029;0.2576;0.9447;-0.401757;-0.118348;-0.132504;-0.6664;-0.533;-0.5213;-0.732085;0.539577;-0.382872;-0.6664;-0.533;-0.5213;-0.343195;-0.096697;-0.229502;-0.6664;-0.533;-0.5213
138;-1.0;0.0;0.0
-0.091112;1.182303;0.195215;-0.4195;0.9011;0.1102;-0.003864;1.203875;0.350991;-0.4195;0.9011;0.1102;0.060699;1.252033;0.202922;-0.4195;0.9011;0.1102;-0.260078;0.790603;-0.002361;-0.2327;0.3507;-0.9071;0.031438;1.159662;0.065551;-0.2327;0.3507;-0.9071;0.223089;0.802441;-0.12173;-0.2327;0.3507;-0.9071;0.223089;0.802441;-0.12173;0.3852;0.7149;-0.5835;0.814809;0.598663;0.019215;0.3852;0.7149;-0.5835;0.060699;0.551259;-0.536693;0.3852;0.7149;-0.5835;0.172608;1.194567;0.317602;0.5111;0.8567;-0.0695;0.194425;1.167242;0.14119;0.5111;0.8567;-0.0695;0.060699;1.252033;0.202922;0.5111;0.8567;-0.0695;-0.299942;0.876462;0.486391;-0.8775;0.455;-0.1515;-0.091112;1.182303;0.195215;-0.8775;0.455;-0.1515;-0.260078;0.790603;-0.002361;-0.8775;0.455;-0.1515;0.481838;0.895616;0.293248;0.6997;0.7098;0.081;0.568802;0.727308;1.017146;0.6997;0.7098;0.081;0.814809;0.598663;0.019215;0.6997;0.7098;0.081;0.158587;0.941363;0.669088;-0.3649;0.618;0.6964;-0.003864;1.203875;0.350991;-0.3649;0.618;0.6964;-0.299942;0.876462;0.486391;-0.3649;0.618;0.6964;0.158587;0.941363;0.669088;-0.0;0.8518;0.5239;-0.447404;0.727308;1.017146;-0.0;0.8518;0.5239;0.568802;0.727308;1.017146;-0.0;0.8518;0.5239;0.223089;0.802441;-0.12173;0.7103;0.4474;-0.5434;0.194425;1.167242;0.14119;0.7103;0.4474;-0.5434;0.481838;0.895616;0.293248;0.7103;0.4474;-0.5434;0.031438;1.159662;0.065551;-0.3484;0.8105;-0.4708;-0.091112;1.182303;0.195215;-0.3484;0.8105;-0.4708;0.060699;1.252033;0.202922;-0.3484;0.8105;-0.4708;-0.299942;0.876462;0.486391;-0.5442;0.8348;0.0834;-0.761429;0.618504;0.056821;-0.5442;0.8348;0.0834;-0.447404;0.727308;1.017146;-0.5442;0.8348;0.0834;-0.003864;1.203875;0.350991;0.1157;0.9286;0.3525;0.172608;1.194567;0.317602;0.1157;0.9286;0.3525;0.060699;1.252033;0.202922;0.1157;0.9286;0.3525;0.481838;0.895616;0.293248;0.6326;0.6162;0.4691;0.172608;1.194567;0.317602;0.6326;0.6162;0.4691;0.158587;0.941363;0.669088;0.6326;0.6162;0.4691;-0.260078;0.790603;-0.002361;-0.3292;0.7722;-0.5435;0.060699;0.551259;-0.536693;-0.3292;0.7722;-0.5435;-0.761429;0.618504;0.056821;-0.3292;0.7722;-0.5435;0.194425;1.167242;0.14119;0.231;0.7839;-0.5763;0.031438;1.159662;0.065551;0.231;0.7839;-0.5763;0.060699;1.252033;0.202922;0.231;0.7839;-0.5763;-0.299942;0.876462;0.486391;-0.656;0.7048;0.2698;-0.003864;1.203875;0.350991;-0.656;0.7048;0.2698;-0.091112;1.182303;0.195215;-0.656;0.7048;0.2698;0.744534;0.501822;-0.779289;0.6627;0.5791;-0.4748;1.005394;0.416026;-0.519874;0.6627;0.5791;-0.4748;0.72986;0.357115;-0.976271;0.6627;0.5791;-0.4748;0.481838;0.895616;0.293248;0.3346;0.9259;0.1751;0.158587;0.941363;0.669088;0.3346;0.9259;0.1751;0.568802;0.727308;1.017146;0.3346;0.9259;0.1751;0.805911;0.548784;-0.570261;0.5083;0.8384;0.1968;0.570791;0.624223;-0.284372;0.5083;0.8384;0.1968;1.005394;0.416026;-0.519874;0.5083;0.8384;0.1968;0.601102;0.625445;-0.527347;0.3873;0.6971;0.6033;0.805911;0.548784;-0.570261;0.3873;0.6971;0.6033;0.71776;0.709423;-0.699268;0.3873;0.6971;0.6033;0.601102;0.625445;-0.527347;-0.181;0.9833;-0.0176;0.295258;0.565313;-0.740769;-0.181;0.9833;-0.0176;0.570791;0.624223;-0.284372;-0.181;0.9833;-0.0176;0.223089;0.802441;-0.12173;0.3835;0.8208;-0.4234;0.481838;0.895616;0.293248;0.3835;0.8208;-0.4234;0.814809;0.598663;0.019215;0.3835;0.8208;-0.4234;-0.260078;0.790603;-0.002361;-0.5552;0.5529;-0.6213;-0.091112;1.182303;0.195215;-0.5552;0.5529;-0.6213;0.031438;1.159662;0.065551;-0.5552;0.5529;-0.6213;0.539726;0.578483;-0.736375;-0.0266;0.7241;-0.6892;0.72986;0.357115;-0.976271;-0.0266;0.7241;-0.6892;0.295258;0.565313;-0.740769;-0.0266;0.7241;-0.6892;1.005394;0.416026;-0.519874;-0.2821;-0.915;0.2884;0.295258;0.565313;-0.740769;-0.2821;-0.915;0.2884;0.72986;0.357115;-0.976271;-0.2821;-0.915;0.2884;0.158587;0.941363;0.669088;0.1522;0.799;0.5817;0.172608;1.194567;0.317602;0.1522;0.799;0.5817;-0.003864;1.203875;0.350991;0.1522;0.799;0.5817;0.158587;0.941363;0.669088;-0.2177;0.9537;0.2075;-0.299942;0.876462;0.486391;-0.2177;0.9537;0.2075;-0.447404;0.727308;1.017146;-0.2177;0.9537;0.2075;0.223089;0.802441;-0.12173;0.324;0.5698;-0.7552;0.031438;1.159662;0.065551;0.324;0.5698;-0.7552;0.194425;1.167242;0.14119;0.324;0.5698;-0.7552;-0.299942;0.876462;0.486391;-0.3387;0.9216;-0.1895;-0.260078;0.790603;-0.002361;-0.3387;0.9216;-0.1895;-0.761429;0.618504;0.056821;-0.3387;0.9216;-0.1895;0.481838;0.895616;0.293248;0.6938;0.7197;-0.0257;0.194425;1.167242;0.14119;0.6938;0.7197;-0.0257;0.172608;1.194567;0.317602;0.6938;0.7197;-0.0257;-0.260078;0.790603;-0.002361;-0.1381;0.8703;-0.4728;0.223089;0.802441;-0.12173;-0.1381;0.8703;-0.4728;0.060699;0.551259;-0.536693;-0.1381;0.8703;-0.4728;0.744534;0.501822;-0.779289;0.5791;0.7424;-0.3368;0.805911;0.548784;-0.570261;0.5791;0.7424;-0.3368;1.005394;0.416026;-0.519874;0.5791;0.7424;-0.3368;0.805911;0.548784;-0.570261;0.3592;0.9319;0.0495;0.601102;0.625445;-0.527347;0.3592;0.9319;0.0495;0.570791;0.624223;-0.284372;0.3592;0.9319;0.0495;0.744534;0.501822;-0.779289;-0.064;0.3517;-0.9339;0.539726;0.578483;-0.736375;-0.064;0.3517;-0.9339;0.71776;0.709423;-0.699268;-0.064;0.3517;-0.9339;0.601102;0.625445;-0.527347;-0.049;0.9775;-0.2052;0.539726;0.578483;-0.736375;-0.049;0.9775;-0.2052;0.295258;0.565313;-0.740769;-0.049;0.9775;-0.2052;0.539726;0.578483;-0.736375;0.171;0.7879;-0.5916;0.744534;0.501822;-0.779289;0.171;0.7879;-0.5916;0.72986;0.357115;-0.976271;0.171;0.7879;-0.5916;1.005394;0.416026;-0.519874;-0.2821;-0.915;0.2884;0.570791;0.624223;-0.284372;-0.2821;-0.915;0.2884;0.295258;0.565313;-0.740769;-0.2821;-0.915;0.2884;0.805911;0.548784;-0.570261;0.9148;0.2425;-0.3231;0.744534;0.501822;-0.779289;0.9148;0.2425;-0.3231;0.71776;0.709423;-0.699268;0.9148;0.2425;-0.3231;0.539726;0.578483;-0.736375;-0.5915;0.8063;-0.0075;0.601102;0.625445;-0.527347;-0.5915;0.8063;-0.0075;0.71776;0.709423;-0.699268;-0.5915;0.8063;-0.0075;-0.718867;0.21822;0.503733;0.6758;0.4826;-0.5572;-0.710961;0.505472;0.762123;0.6758;0.4826;-0.5572;-0.587511;0.168009;0.619571;0.6758;0.4826;-0.5572;-0.587511;0.168009;0.619571;0.2323;-0.3051;0.9235;-0.710961;0.505472;0.762123;0.2323;-0.3051;0.9235;-0.82264;0.137245;0.668556;0.2323;-0.3051;0.9235;-0.82264;0.137245;0.668556;-0.86;0.3542;-0.3674;-0.710961;0.505472;0.762123;-0.86;0.3542;-0.3674;-0.718867;0.21822;0.503733;-0.86;0.3542;-0.3674;-0.546869;0.146517;-0.403452;0.1414;0.1181;-0.9829;-0.732085;0.539577;-0.382872;0.1414;0.1181;-0.9829;-0.339788;0.322924;-0.352478;0.1414;0.1181;-0.9829;-0.339788;0.322924;-0.352478;0.3029;0.6467;0.7;-0.732085;0.539577;-0.382872;0.3029;0.6467;0.7;-0.615723;0.179338;-0.100428;0.3029;0.6467;0.7;-0.615723;0.179338;-0.100428;-0.8963;-0.414;-0.1588;-0.732085;0.539577;-0.382872;-0.8963;-0.414;-0.1588;-0.546869;0.146517;-0.403452;-0.8963;-0.414;-0.1588;-0.546869;0.146517;-0.403452;0.6007;-0.7687;0.2198;-0.339788;0.322924;-0.352478;0.6007;-0.7687;0.2198;-0.615723;0.179338;-0.100428;0.6007;-0.7687;0.2198
5
MATERIAL;second;0;count;7;CUSTOM;0.451;0.5696;0.9035;1000;PURPLE;200000;RED;400000;PINK;450000;YELLOW;500000;GREEN;600000;CYAN;1000000
INFO;NameId;322;DescId;323;price;6900;dpPerMin;0;range;2;placeSound;grassPlace
LIFE;averagePop;5.8;averageLife;6.5;popFactors;0;breedMat;3.25;breedTime;2.350885;parentId;119;count;180;reqs;2;LIFE;type;2;enviroType;2;amount;0.9;LIFE;type;2;enviroType;1;biome;JUNGLE;amount;0.5;FADE_DEATH;0.5;enviroReqCount;2;reqId;2;growsBarren;1;biomes;1;5;idealFactor;90;influence;0.8;reqId;1;minAltitude;15;maxAltitude;100;influence;0.85
GROWTH;dynamic;0;growthTime;2.1666667;modelStages;2;subStages;2
FOOD;1;902;10;WHOLE;PARTICLE_DEATH;isColour;1;Spawn;0;PPS;8;Speed;0.6;Gravity;0.2;Life;0.5;Scale;0.05;Colour;1;1;1;Additive;0;Alpha;1;FadeIn;0.1;FadeOut;0.8;HasDir;1;Dir;0;1;0;Deviation;0.3;Offset;0;0;0;LifeError;0.4;ScaleError;0.1;SpeedError;0.1;RandomRot;1;HasXRot;0
