1
pbf
0;1
5
-0.317982;-0.032963;-0.295557;0.281842;0.845241;0.3007;1
48;2
36;-1.0;0.0;0.0;0.08
0.01797;0.134707;-0.009391;0.459639;-0.715445;0.526139;0.281842;0.385276;0.100813;0.459639;-0.715445;0.526139;-0.090458;0.290923;0.297752;0.459639;-0.715445;0.526139;0.01797;0.134707;-0.009391;-0.629597;-0.759392;0.163945;-0.090458;0.290923;0.297752;-0.629597;-0.759392;0.163945;-0.317982;0.373995;-0.191168;-0.629597;-0.759392;0.163945;0.01797;0.134707;-0.009391;-0.181158;-0.743431;-0.643788;-0.317982;0.373995;-0.191168;-0.181158;-0.743431;-0.643788;0.191019;0.340353;-0.295557;-0.181158;-0.743431;-0.643788;-0.090458;0.290923;0.297752;0.443617;0.106784;0.889798;0.281842;0.385276;0.100813;0.443617;0.106784;0.889798;-0.196006;0.704786;0.3007;0.443617;0.106784;0.889798;0.168626;0.706631;-0.152732;-0.266305;0.485763;-0.832514;-0.317982;0.373995;-0.191168;-0.266305;0.485763;-0.832514;-0.114552;0.845241;0.018728;-0.266305;0.485763;-0.832514;-0.317982;0.373995;-0.191168;-0.90759;0.416211;-0.054842;-0.196006;0.704786;0.3007;-0.90759;0.416211;-0.054842;-0.114552;0.845241;0.018728;-0.90759;0.416211;-0.054842;0.191019;0.340353;-0.295557;-0.166021;0.349406;-0.922117;-0.317982;0.373995;-0.191168;-0.166021;0.349406;-0.922117;0.168626;0.706631;-0.152732;-0.166021;0.349406;-0.922117;-0.090458;0.290923;0.297752;-0.896481;-0.2313;0.37788;-0.196006;0.704786;0.3007;-0.896481;-0.2313;0.37788;-0.317982;0.373995;-0.191168;-0.896481;-0.2313;0.37788;0.01797;0.134707;-0.009391;0.70394;-0.705557;-0.081332;0.191019;0.340353;-0.295557;0.70394;-0.705557;-0.081332;0.281842;0.385276;0.100813;0.70394;-0.705557;-0.081332;0.281842;0.385276;0.100813;0.959655;0.151067;-0.237007;0.191019;0.340353;-0.295557;0.959655;0.151067;-0.237007;0.168626;0.706631;-0.152732;0.959655;0.151067;-0.237007;-0.196006;0.704786;0.3007;0.617054;0.61858;0.486373;0.281842;0.385276;0.100813;0.617054;0.61858;0.486373;-0.114552;0.845241;0.018728;0.617054;0.61858;0.486373;0.281842;0.385276;0.100813;0.606555;0.613056;0.50618;0.168626;0.706631;-0.152732;0.606555;0.613056;0.50618;-0.114552;0.845241;0.018728;0.606555;0.613056;0.50618
12;0.635;0.518;0.38;0.04
-0.085981;-0.032963;0.047153;-0.762078;0.065889;-0.644093;0.008639;0.436325;-0.016774;-0.762078;0.065889;-0.644093;0.011705;-0.032963;-0.068426;-0.762078;0.065889;-0.644093;0.011705;-0.032963;-0.068426;0.787286;0.072512;-0.612293;0.008639;0.436325;-0.016774;0.787286;0.072512;-0.612293;0.100192;-0.032963;0.045351;0.787286;0.072512;-0.612293;0.100192;-0.032963;0.045351;0.009583;0.133061;0.991058;0.008639;0.436325;-0.016774;0.009583;0.133061;0.991058;-0.085981;-0.032963;0.047153;0.009583;0.133061;0.991058;0.011705;-0.032963;-0.068426;0.0;-1.0;0.0;0.100192;-0.032963;0.045351;0.0;-0.999969;0.0;-0.085981;-0.032963;0.047153;0.0;-1.0;0.0
-0.740582;-0.041376;-0.603263;0.653753;2.011655;0.684103;2.3
72;2
60;-1.0;0.0;0.0;0.08
0.062064;0.406301;-0.010966;0.17127;-0.879269;0.444441;0.600956;0.784609;0.529768;0.17127;-0.879269;0.444441;-0.16581;0.713258;0.684103;0.17127;-0.879269;0.444441;0.600956;0.784609;0.529768;0.677999;-0.713523;-0.176489;0.062064;0.406301;-0.010966;0.677999;-0.713523;-0.176489;0.653753;1.03465;-0.278252;0.677999;-0.713523;-0.176489;0.062064;0.406301;-0.010966;-0.485061;-0.84753;0.215247;-0.16581;0.713258;0.684103;-0.485061;-0.84753;0.215247;-0.740582;0.874319;0.023013;-0.485061;-0.84753;0.215247;0.062064;0.406301;-0.010966;-0.501267;-0.846736;-0.178076;-0.740582;0.874319;0.023013;-0.501267;-0.846736;-0.178076;-0.372961;0.788401;-0.603263;-0.501267;-0.846736;-0.178076;0.062064;0.406301;-0.010966;0.367412;-0.634999;-0.679495;-0.372961;0.788401;-0.603263;0.367412;-0.634999;-0.679495;0.653753;1.03465;-0.278252;0.367412;-0.634999;-0.679495;0.600956;0.784609;0.529768;0.964782;0.226753;0.133183;0.653753;1.03465;-0.278252;0.964782;0.226753;0.133183;0.415964;1.851281;0.053831;0.964782;0.226753;0.133183;-0.16581;0.713258;0.684103;0.200354;-0.035524;0.979064;0.600956;0.784609;0.529768;0.200354;-0.035524;0.979064;0.283611;1.532696;0.621879;0.200354;-0.035524;0.979064;-0.740582;0.874319;0.023013;-0.761101;-0.069094;0.644887;-0.16581;0.713258;0.684103;-0.761101;-0.069094;0.644887;-0.431801;1.467028;0.450956;-0.761101;-0.069094;0.644887;-0.372961;0.788401;-0.603263;-0.861263;0.016602;-0.507828;-0.740582;0.874319;0.023013;-0.861263;0.016602;-0.507828;-0.460629;1.781085;-0.422106;-0.861263;0.016602;-0.507828;0.653753;1.03465;-0.278252;0.328349;-0.135166;-0.934812;-0.372961;0.788401;-0.603263;0.328349;-0.135166;-0.934812;0.197214;1.818883;-0.552015;0.328349;-0.135166;-0.934812;0.600956;0.784609;0.529768;0.866787;0.320688;0.381817;0.415964;1.851281;0.053831;0.866787;0.320688;0.381817;0.283611;1.532696;0.621879;0.866787;0.320688;0.381817;-0.16581;0.713258;0.684103;-0.245247;0.206427;0.947203;0.283611;1.532696;0.621879;-0.245247;0.206427;0.947203;-0.431801;1.467028;0.450956;-0.245247;0.206427;0.947203;-0.740582;0.874319;0.023013;-0.918088;0.362285;0.160619;-0.431801;1.467028;0.450956;-0.918088;0.362285;0.160619;-0.460629;1.781085;-0.422106;-0.918088;0.362285;0.160619;-0.372961;0.788401;-0.603263;-0.200049;0.158757;-0.966826;-0.460629;1.781085;-0.422106;-0.200049;0.158757;-0.966826;0.197214;1.818883;-0.552015;-0.200049;0.158757;-0.966826;0.653753;1.03465;-0.278252;0.861049;0.38554;-0.331492;0.197214;1.818883;-0.552015;0.861049;0.38554;-0.331492;0.415964;1.851281;0.053831;0.861049;0.38554;-0.331492;0.283611;1.532696;0.621879;0.392712;0.760033;0.517747;0.415964;1.851281;0.053831;0.392712;0.760033;0.517747;-0.213324;2.011655;0.29574;0.392712;0.760033;0.517747;-0.431801;1.467028;0.450956;-0.247932;0.356212;0.900906;0.283611;1.532696;0.621879;-0.247932;0.356212;0.900906;-0.213324;2.011655;0.29574;-0.247932;0.356212;0.900906;-0.460629;1.781085;-0.422106;-0.895016;0.409436;0.176824;-0.431801;1.467028;0.450956;-0.895016;0.409436;0.176824;-0.213324;2.011655;0.29574;-0.895016;0.409436;0.176824;0.197214;1.818883;-0.552015;-0.10828;0.956725;-0.269997;-0.460629;1.781085;-0.422106;-0.10828;0.956725;-0.269997;-0.213324;2.011655;0.29574;-0.10828;0.956725;-0.269997;0.415964;1.851281;0.053831;0.199927;0.971892;-0.124149;0.197214;1.818883;-0.552015;0.199927;0.971892;-0.124149;-0.213324;2.011655;0.29574;0.199927;0.971892;-0.124149
12;0.635;0.518;0.38;0.04
-0.155623;-0.041376;0.120849;-0.76223;0.062868;-0.644215;0.024863;0.785287;-0.012002;-0.76223;0.062868;-0.644215;0.052581;-0.041376;-0.125491;-0.76223;0.062868;-0.644215;0.052581;-0.041376;-0.125491;0.861904;0.097201;-0.497604;0.024863;0.785287;-0.012002;0.861904;0.097201;-0.497604;0.17763;-0.041376;0.091101;0.861904;0.097201;-0.497604;0.17763;-0.041376;0.091101;0.088046;0.139286;0.986328;0.024863;0.785287;-0.012002;0.088046;0.139286;0.986328;-0.155623;-0.041376;0.120849;0.088046;0.139286;0.986328;0.052581;-0.041376;-0.125491;0.0;-1.0;0.0;0.17763;-0.041376;0.091101;0.0;-1.0;0.0;-0.155623;-0.041376;0.120849;0.0;-0.999969;0.0
-1.044163;-0.098003;-1.033511;1.107224;3.244121;1.196701;1.6
132;2
42;0.635;0.518;0.38;0.04
0.3233;0.302198;-0.28723;0.98526;0.056856;0.161168;0.270564;0.312001;0.031667;0.98526;0.056856;0.161168;0.323896;-0.095684;-0.150502;0.98526;0.056856;0.161168;0.153529;1.32561;-0.100416;-0.969604;0.179815;-0.165868;0.004253;0.299879;-0.33992;-0.969604;0.179815;-0.165868;-0.048483;0.309682;-0.021023;-0.969604;0.179815;-0.165868;-0.047887;-0.0882;0.115705;0.002106;-0.999512;0.031068;0.004849;-0.098003;-0.203192;0.002106;-0.999512;0.031068;0.323896;-0.095684;-0.150502;0.002106;-0.999512;0.031068;-0.048483;0.309682;-0.021023;-0.98526;-0.056856;-0.161168;0.004253;0.299879;-0.33992;-0.98526;-0.056856;-0.161168;-0.047887;-0.0882;0.115705;-0.98526;-0.056856;-0.161168;0.004253;0.299879;-0.33992;0.15659;-0.32075;-0.934111;0.3233;0.302198;-0.28723;0.15659;-0.32075;-0.934111;0.004849;-0.098003;-0.203192;0.15659;-0.32075;-0.934111;0.270564;0.312001;0.031667;-0.15659;0.32075;0.934111;-0.048483;0.309682;-0.021023;-0.15659;0.32075;0.934111;0.27116;-0.085881;0.168395;-0.15659;0.32075;0.934111;0.153529;1.32561;-0.100416;0.158116;0.202612;-0.966399;0.3233;0.302198;-0.28723;0.158116;0.202612;-0.966399;0.004253;0.299879;-0.33992;0.158116;0.202612;-0.966399;0.153529;1.32561;-0.100416;0.978393;0.133518;0.157689;0.270564;0.312001;0.031667;0.978393;0.133518;0.157689;0.3233;0.302198;-0.28723;0.978393;0.133518;0.157689;0.153529;1.32561;-0.100416;-0.162725;0.108982;0.980621;-0.048483;0.309682;-0.021023;-0.162725;0.108982;0.980621;0.270564;0.312001;0.031667;-0.162725;0.108982;0.980621;0.270564;0.312001;0.031667;0.98526;0.056856;0.161168;0.27116;-0.085881;0.168395;0.98526;0.056856;0.161168;0.323896;-0.095684;-0.150502;0.98526;0.056856;0.161168;0.27116;-0.085881;0.168395;0.002106;-0.999512;0.031068;-0.047887;-0.0882;0.115705;0.002106;-0.999512;0.031068;0.323896;-0.095684;-0.150502;0.002106;-0.999512;0.031068;0.004253;0.299879;-0.33992;-0.98526;-0.056856;-0.161168;0.004849;-0.098003;-0.203192;-0.98526;-0.056856;-0.161168;-0.047887;-0.0882;0.115705;-0.98526;-0.056856;-0.161168;0.3233;0.302198;-0.28723;0.15659;-0.32075;-0.934111;0.323896;-0.095684;-0.150502;0.15659;-0.32075;-0.934111;0.004849;-0.098003;-0.203192;0.15659;-0.32075;-0.934111;-0.048483;0.309682;-0.021023;-0.15659;0.32075;0.934111;-0.047887;-0.0882;0.115705;-0.15659;0.32075;0.934111;0.27116;-0.085881;0.168395;-0.15659;0.32075;0.934111
90;-1.0;0.0;0.0;0.08
0.143997;0.415589;-0.118443;0.385571;-0.792169;0.473037;0.933939;1.213501;0.573863;0.385571;-0.792169;0.473037;-0.278194;0.902394;1.040897;0.385571;-0.792169;0.473037;0.933939;1.213501;0.573863;0.688131;-0.723899;0.049135;0.143997;0.415589;-0.118443;0.688131;-0.723899;0.049135;0.870255;1.0787;-0.52026;0.688131;-0.723899;0.049135;0.143997;0.415589;-0.118443;-0.400525;-0.887722;0.226875;-0.278194;0.902394;1.040897;-0.400525;-0.887722;0.226875;-1.044163;0.985997;0.015753;-0.400525;-0.887722;0.226875;0.143997;0.415589;-0.118443;-0.438093;-0.833155;-0.337443;-1.044163;0.985997;0.015753;-0.438093;-0.833155;-0.337443;-0.313932;1.020583;-1.017655;-0.438093;-0.833155;-0.337443;0.143997;0.415589;-0.118443;0.300912;-0.713187;-0.633076;-0.313932;1.020583;-1.017655;0.300912;-0.713187;-0.633076;0.870255;1.0787;-0.52026;0.300912;-0.713187;-0.633076;0.933939;1.213501;0.573863;0.977508;-0.208533;-0.03119;0.870255;1.0787;-0.52026;0.977508;-0.208533;-0.03119;1.107224;2.110852;0.005274;0.977508;-0.208533;-0.03119;-0.278194;0.902394;1.040897;0.410535;-0.314951;0.855708;0.933939;1.213501;0.573863;0.410535;-0.314951;0.855708;0.194503;1.941851;1.196701;0.410535;-0.314951;0.855708;-1.044163;0.985997;0.015753;-0.786889;-0.240211;0.568377;-0.278194;0.902394;1.040897;-0.786889;-0.240211;0.568377;-0.874119;1.997816;0.678832;-0.786889;-0.240211;0.568377;-0.313932;1.020583;-1.017655;-0.784967;-0.25779;-0.563311;-1.044163;0.985997;0.015753;-0.784967;-0.25779;-0.563311;-0.853738;1.9347;-0.683763;-0.784967;-0.25779;-0.563311;0.870255;1.0787;-0.52026;0.38319;-0.282754;-0.879299;-0.313932;1.020583;-1.017655;0.38319;-0.282754;-0.879299;0.375868;2.004694;-1.033511;0.38319;-0.282754;-0.879299;0.933939;1.213501;0.573863;0.753349;0.241951;0.611438;1.107224;2.110852;0.005274;0.753349;0.241951;0.611438;0.194503;1.941851;1.196701;0.753349;0.241951;0.611438;-0.278194;0.902394;1.040897;-0.43263;0.061922;0.899411;0.194503;1.941851;1.196701;-0.43263;0.061922;0.899411;-0.874119;1.997816;0.678832;-0.43263;0.061922;0.899411;-1.044163;0.985997;0.015753;-0.983306;0.180364;-0.023041;-0.874119;1.997816;0.678832;-0.983306;0.180364;-0.023041;-0.853738;1.9347;-0.683763;-0.983306;0.180364;-0.023041;-0.313932;1.020583;-1.017655;-0.278573;0.180059;-0.943358;-0.853738;1.9347;-0.683763;-0.278573;0.180059;-0.943358;0.375868;2.004694;-1.033511;-0.278573;0.180059;-0.943358;0.870255;1.0787;-0.52026;0.807398;0.109775;-0.579669;0.375868;2.004694;-1.033511;0.807398;0.109775;-0.579669;1.107224;2.110852;0.005274;0.807398;0.109775;-0.579669;0.375868;2.004694;-1.033511;-0.278573;0.19364;-0.940672;-0.853738;1.9347;-0.683763;-0.278573;0.19364;-0.940672;-0.053122;2.587181;-0.786551;-0.278573;0.19364;-0.940672;-0.853738;1.9347;-0.683763;-0.958983;0.282052;-0.027406;-0.874119;1.997816;0.678832;-0.958983;0.282052;-0.027406;-0.645511;2.722951;0.142229;-0.958983;0.282052;-0.027406;-0.874119;1.997816;0.678832;-0.40376;0.297037;0.865261;0.194503;1.941851;1.196701;-0.40376;0.297037;0.865261;-0.344444;2.843379;0.63571;-0.40376;0.297037;0.865261;0.194503;1.941851;1.196701;0.766747;0.187414;0.613971;1.107224;2.110852;0.005274;0.766747;0.187414;0.613971;0.30588;2.928179;0.756489;0.766747;0.187414;0.613971;0.375868;2.004694;-1.033511;0.39021;0.587817;-0.70864;-0.053122;2.587181;-0.786551;0.39021;0.587817;-0.70864;0.455688;2.934731;-0.218079;0.39021;0.587817;-0.70864;1.107224;2.110852;0.005274;0.720908;0.42085;-0.550554;0.375868;2.004694;-1.033511;0.720908;0.42085;-0.550554;0.455688;2.934731;-0.218079;0.720908;0.42085;-0.550554;-0.853738;1.9347;-0.683763;-0.592273;0.652211;-0.473098;-0.645511;2.722951;0.142229;-0.592273;0.652211;-0.473098;-0.053122;2.587181;-0.786551;-0.592273;0.652211;-0.473098;-0.874119;1.997816;0.678832;-0.784265;0.509354;0.354167;-0.344444;2.843379;0.63571;-0.784265;0.509354;0.354167;-0.645511;2.722951;0.142229;-0.784265;0.509354;0.354167;0.30588;2.928179;0.756489;-0.218268;0.418165;0.881741;-0.344444;2.843379;0.63571;-0.218268;0.418165;0.881741;0.194503;1.941851;1.196701;-0.218268;0.418165;0.881741;1.107224;2.110852;0.005274;0.762261;0.635731;0.121433;0.455688;2.934731;-0.218079;0.762261;0.635731;0.121433;0.30588;2.928179;0.756489;0.762261;0.635731;0.121433;-0.645511;2.722951;0.142229;-0.859523;0.160619;0.485183;-0.344444;2.843379;0.63571;-0.859523;0.160619;0.485183;-0.339688;3.244121;0.511454;-0.859523;0.160619;0.485183;-0.344444;2.843379;0.63571;-0.21128;0.291726;0.932859;0.30588;2.928179;0.756489;-0.21128;0.291726;0.932859;-0.339688;3.244121;0.511454;-0.21128;0.291726;0.932859;0.455688;2.934731;-0.218079;-0.083163;0.881619;-0.464553;-0.053122;2.587181;-0.786551;-0.083163;0.881619;-0.464553;-0.339688;3.244121;0.511454;-0.083163;0.881619;-0.464553;0.30588;2.928179;0.756489;0.416883;0.906247;0.070162;0.455688;2.934731;-0.218079;0.416883;0.906247;0.070162;-0.339688;3.244121;0.511454;0.416883;0.906247;0.070162;-0.053122;2.587181;-0.786551;-0.577899;0.669607;-0.466475;-0.645511;2.722951;0.142229;-0.577899;0.669607;-0.466475;-0.339688;3.244121;0.511454;-0.577899;0.669607;-0.466475
-1.096548;1.217823;-0.62947;0.846861;2.927559;0.887542;1;1
60;1
60;0.824;0.494;0.494;0.08
-1.096548;1.764948;0.075053;-0.823359;0.309885;-0.475356;-0.966552;1.995205;-0.0;-0.823359;0.309885;-0.475356;-0.966552;1.764948;-0.150106;-0.823359;0.309885;-0.475356;-0.966552;1.764948;-0.150106;0.823359;0.309885;-0.475356;-0.966552;1.995205;-0.0;0.823359;0.309885;-0.475356;-0.836557;1.764948;0.075053;0.823359;0.309885;-0.475356;-0.836557;1.764948;0.075053;0.0;0.309885;0.950743;-0.966552;1.995205;-0.0;0.0;0.309885;0.950743;-1.096548;1.764948;0.075053;0.0;0.309885;0.950743;-0.966552;1.764948;-0.150106;0.0;-1.0;0.0;-0.836557;1.764948;0.075053;0.0;-1.0;0.0;-1.096548;1.764948;0.075053;0.0;-1.0;0.0;-0.193375;2.757756;0.833792;-0.646565;0.744407;0.166631;0.015977;2.927559;0.887542;-0.646565;0.744407;0.166631;-0.089955;2.891755;0.636451;-0.646565;0.744407;0.166631;-0.089955;2.891755;0.636451;0.845363;0.346995;-0.40611;0.015977;2.927559;0.887542;0.845363;0.346995;-0.40611;0.04217;2.695013;0.743366;0.845363;0.346995;-0.40611;0.04217;2.695013;0.743366;0.190283;-0.501724;0.843806;0.015977;2.927559;0.887542;0.190283;-0.501724;0.843806;-0.193375;2.757756;0.833792;0.190283;-0.501724;0.843806;-0.089955;2.891755;0.636451;-0.4185;-0.634266;-0.650014;0.04217;2.695013;0.743366;-0.4185;-0.634266;-0.650014;-0.193375;2.757756;0.833792;-0.4185;-0.634266;-0.650014;0.503328;1.217823;0.813076;-0.823359;0.309885;-0.475356;0.633323;1.448081;0.738023;-0.823359;0.309885;-0.475356;0.633323;1.217823;0.587918;-0.823359;0.309885;-0.475356;0.633323;1.217823;0.587918;0.823359;0.309885;-0.475356;0.633323;1.448081;0.738023;0.823359;0.309885;-0.475356;0.763318;1.217823;0.813076;0.823359;0.309885;-0.475356;0.763318;1.217823;0.813076;0.0;0.309885;0.950743;0.633323;1.448081;0.738023;0.0;0.309885;0.950743;0.503328;1.217823;0.813076;0.0;0.309885;0.950743;0.633323;1.217823;0.587918;0.0;-1.0;0.0;0.763318;1.217823;0.813076;0.0;-1.0;0.0;0.503328;1.217823;0.813076;0.0;-1.0;0.0;0.619235;2.083914;-0.506677;-0.227241;0.775628;-0.588794;0.836315;2.221496;-0.409223;-0.227241;0.775628;-0.588794;0.846861;2.057391;-0.62947;-0.227241;0.775628;-0.588794;0.846861;2.057391;-0.62947;0.990234;-0.08478;0.110569;0.836315;2.221496;-0.409223;0.990234;-0.08478;0.110569;0.811452;1.948066;-0.396255;0.990234;-0.08478;0.110569;0.811452;1.948066;-0.396255;-0.451521;0.083163;0.888363;0.836315;2.221496;-0.409223;-0.451521;0.083163;0.888363;0.619235;2.083914;-0.506677;-0.451521;0.083163;0.888363;0.846861;2.057391;-0.62947;-0.334971;-0.832545;-0.441145;0.811452;1.948066;-0.396255;-0.334971;-0.832545;-0.441145;0.619235;2.083914;-0.506677;-0.334971;-0.832545;-0.441145;-0.53718;2.777596;-0.088175;-0.227241;0.775628;-0.588794;-0.320099;2.915178;0.009279;-0.227241;0.775628;-0.588794;-0.309554;2.751074;-0.210968;-0.227241;0.775628;-0.588794;-0.309554;2.751074;-0.210968;0.990234;-0.08478;0.110569;-0.320099;2.915178;0.009279;0.990234;-0.08478;0.110569;-0.344962;2.641748;0.022247;0.990234;-0.08478;0.110569;-0.344962;2.641748;0.022247;-0.451521;0.083163;0.888363;-0.320099;2.915178;0.009279;-0.451521;0.083163;0.888363;-0.53718;2.777596;-0.088175;-0.451521;0.083163;0.888363;-0.309554;2.751074;-0.210968;-0.334971;-0.832545;-0.441145;-0.344962;2.641748;0.022247;-0.334971;-0.832545;-0.441145;-0.53718;2.777596;-0.088175;-0.334971;-0.832545;-0.441145
-0.985768;0.90448;-1.08966;1.08858;2.821089;1.221844;1;1
120;1
120;0.824;0.494;0.494;0.08
-0.783609;2.473359;0.592542;-0.187414;0.912229;-0.364238;-0.539819;2.553148;0.666914;-0.187414;0.912229;-0.364238;-0.593783;2.446659;0.428001;-0.187414;0.912229;-0.364238;-0.593783;2.446659;0.428001;0.965026;-0.236763;-0.11243;-0.539819;2.553148;0.666914;0.965026;-0.236763;-0.11243;-0.606812;2.297089;0.631175;0.965026;-0.236763;-0.11243;-0.606812;2.297089;0.631175;-0.272347;-0.062746;0.960143;-0.539819;2.553148;0.666914;-0.272347;-0.062746;0.960143;-0.783609;2.473359;0.592542;-0.272347;-0.062746;0.960143;-0.593783;2.446659;0.428001;-0.543413;-0.658986;-0.519974;-0.606812;2.297089;0.631175;-0.543413;-0.658986;-0.519974;-0.783609;2.473359;0.592542;-0.543413;-0.658986;-0.519974;0.445417;2.768791;0.108926;-0.218238;0.974487;-0.052126;0.636021;2.821089;0.288554;-0.218238;0.974487;-0.052126;0.678844;2.816576;0.024969;-0.218238;0.974487;-0.052126;0.678844;2.816576;0.024969;0.977264;-0.137761;0.161107;0.636021;2.821089;0.288554;0.977264;-0.137761;0.161107;0.628816;2.598161;0.141643;0.977264;-0.137761;0.161107;0.628816;2.598161;0.141643;-0.544328;-0.449232;0.708396;0.636021;2.821089;0.288554;-0.544328;-0.449232;0.708396;0.445417;2.768791;0.108926;-0.544328;-0.449232;0.708396;0.678844;2.816576;0.024969;-0.230903;-0.416761;-0.879177;0.628816;2.598161;0.141643;-0.230903;-0.416761;-0.879177;0.445417;2.768791;0.108926;-0.230903;-0.416761;-0.879177;0.902225;1.888823;0.161214;-0.584307;0.80285;0.118168;0.903381;1.850752;0.425564;-0.584307;0.80285;0.118168;1.083375;2.000638;0.297238;-0.584307;0.80285;0.118168;1.083375;2.000638;0.297238;0.630451;-0.097812;0.770012;0.903381;1.850752;0.425564;0.630451;-0.097812;0.770012;1.08858;1.750647;0.261211;0.630451;-0.097812;0.770012;1.08858;1.750647;0.261211;-0.550371;-0.826716;-0.116642;0.903381;1.850752;0.425564;-0.550371;-0.826716;-0.116642;0.902225;1.888823;0.161214;-0.550371;-0.826716;-0.116642;1.083375;2.000638;0.297238;0.542344;0.130863;-0.829859;1.08858;1.750647;0.261211;0.542344;0.130863;-0.829859;0.902225;1.888823;0.161214;0.542344;0.130863;-0.829859;-0.352475;1.652396;-1.08966;-0.584307;0.80285;0.118168;-0.351262;1.612461;-0.812371;-0.584307;0.80285;0.118168;-0.162458;1.769684;-0.946978;-0.584307;0.80285;0.118168;-0.162458;1.769684;-0.946978;0.630451;-0.097812;0.770012;-0.351262;1.612461;-0.812371;0.630451;-0.097812;0.770012;-0.156998;1.507457;-0.984768;0.630451;-0.097812;0.770012;-0.156998;1.507457;-0.984768;-0.550371;-0.826716;-0.116642;-0.351262;1.612461;-0.812371;-0.550371;-0.826716;-0.116642;-0.352475;1.652396;-1.08966;-0.550371;-0.826716;-0.116642;-0.162458;1.769684;-0.946978;0.542344;0.130863;-0.829859;-0.156998;1.507457;-0.984768;0.542344;0.130863;-0.829859;-0.352475;1.652396;-1.08966;0.542344;0.130863;-0.829859;-0.812345;1.126434;0.436152;-0.584307;0.80285;0.118168;-0.81118;1.088108;0.702272;-0.584307;0.80285;0.118168;-0.629981;1.238998;0.573086;-0.584307;0.80285;0.118168;-0.629981;1.238998;0.573086;0.630451;-0.097812;0.770012;-0.81118;1.088108;0.702272;0.630451;-0.097812;0.770012;-0.624741;0.987333;0.536819;0.630451;-0.097812;0.770012;-0.624741;0.987333;0.536819;-0.550371;-0.826716;-0.116642;-0.81118;1.088108;0.702272;-0.550371;-0.826716;-0.116642;-0.812345;1.126434;0.436152;-0.550371;-0.826716;-0.116642;-0.629981;1.238998;0.573086;0.542344;0.130863;-0.829859;-0.624741;0.987333;0.536819;0.542344;0.130863;-0.829859;-0.812345;1.126434;0.436152;0.542344;0.130863;-0.829859;0.154825;2.171249;0.955724;-0.584307;0.80285;0.118168;0.155989;2.132923;1.221844;-0.584307;0.80285;0.118168;0.337189;2.283813;1.092658;-0.584307;0.80285;0.118168;0.337189;2.283813;1.092658;0.630451;-0.097812;0.770012;0.155989;2.132923;1.221844;0.630451;-0.097812;0.770012;0.342429;2.032148;1.056391;0.630451;-0.097812;0.770012;0.342429;2.032148;1.056391;-0.550371;-0.826716;-0.116642;0.155989;2.132923;1.221844;-0.550371;-0.826716;-0.116642;0.154825;2.171249;0.955724;-0.550371;-0.826716;-0.116642;0.337189;2.283813;1.092658;0.542344;0.130863;-0.829859;0.342429;2.032148;1.056391;0.542344;0.130863;-0.829859;0.154825;2.171249;0.955724;0.542344;0.130863;-0.829859;0.734715;1.400918;-0.410664;-0.44319;-0.798029;0.408307;0.850065;1.242616;-0.594852;-0.44319;-0.798029;0.408307;0.962688;1.301321;-0.357872;-0.44319;-0.798029;0.408307;0.962688;1.301321;-0.357872;0.898373;-0.240822;-0.36729;0.850065;1.242616;-0.594852;0.898373;-0.240822;-0.36729;0.941901;1.486968;-0.530445;0.898373;-0.240822;-0.36729;0.941901;1.486968;-0.530445;-0.577776;0.404065;-0.709128;0.850065;1.242616;-0.594852;-0.577776;0.404065;-0.709128;0.734715;1.400918;-0.410664;-0.577776;0.404065;-0.709128;0.962688;1.301321;-0.357872;0.13187;0.68276;0.718619;0.941901;1.486968;-0.530445;0.13187;0.68276;0.718619;0.734715;1.400918;-0.410664;0.13187;0.68276;0.718619;-0.985768;1.706934;-0.527284;-0.44319;-0.798029;0.408307;-0.870419;1.548633;-0.711472;-0.44319;-0.798029;0.408307;-0.757795;1.607338;-0.474492;-0.44319;-0.798029;0.408307;-0.757795;1.607338;-0.474492;0.898373;-0.240822;-0.36729;-0.870419;1.548633;-0.711472;0.898373;-0.240822;-0.36729;-0.778582;1.792984;-0.647065;0.898373;-0.240822;-0.36729;-0.778582;1.792984;-0.647065;-0.577776;0.404065;-0.709128;-0.870419;1.548633;-0.711472;-0.577776;0.404065;-0.709128;-0.985768;1.706934;-0.527284;-0.577776;0.404065;-0.709128;-0.757795;1.607338;-0.474492;0.13187;0.68276;0.718619;-0.778582;1.792984;-0.647065;0.13187;0.68276;0.718619;-0.985768;1.706934;-0.527284;0.13187;0.68276;0.718619;-0.512023;2.447565;0.848968;-0.44319;-0.798029;0.408307;-0.396674;2.289264;0.66478;-0.44319;-0.798029;0.408307;-0.28405;2.347969;0.901761;-0.44319;-0.798029;0.408307;-0.28405;2.347969;0.901761;0.898373;-0.240822;-0.36729;-0.396674;2.289264;0.66478;0.898373;-0.240822;-0.36729;-0.304837;2.533615;0.729188;0.898373;-0.240822;-0.36729;-0.304837;2.533615;0.729188;-0.577776;0.404065;-0.709128;-0.396674;2.289264;0.66478;-0.577776;0.404065;-0.709128;-0.512023;2.447565;0.848968;-0.577776;0.404065;-0.709128;-0.28405;2.347969;0.901761;0.13187;0.68276;0.718619;-0.304837;2.533615;0.729188;0.13187;0.68276;0.718619;-0.512023;2.447565;0.848968;0.13187;0.68276;0.718619;0.591678;1.062781;0.556229;-0.44319;-0.798029;0.408307;0.707027;0.90448;0.372041;-0.44319;-0.798029;0.408307;0.819651;0.963185;0.609021;-0.44319;-0.798029;0.408307;0.819651;0.963185;0.609021;0.898373;-0.240822;-0.36729;0.707027;0.90448;0.372041;0.898373;-0.240822;-0.36729;0.798864;1.148831;0.436448;0.898373;-0.240822;-0.36729;0.798864;1.148831;0.436448;-0.577776;0.404065;-0.709128;0.707027;0.90448;0.372041;-0.577776;0.404065;-0.709128;0.591678;1.062781;0.556229;-0.577776;0.404065;-0.709128;0.819651;0.963185;0.609021;0.13187;0.68276;0.718619;0.798864;1.148831;0.436448;0.13187;0.68276;0.718619;0.591678;1.062781;0.556229;0.13187;0.68276;0.718619
6
MATERIAL;second;1;count;3;CUSTOM;0.545;0.757;0.471;1000;CUSTOM;0.349;0.58;0.412;1000;MUD_GREEN;4000
INFO;NameId;395;DescId;396;price;12505;dpPerMin;0;range;2;placeSound;thud
LIFE;averagePop;4.55;averageLife;24.0;popFactors;1;0.5;breedMat;12.0;breedTime;8.682663;parentId;62;count;250;reqs;2;MATERIAL;col;PINK;LIFE;type;2;enviroType;4;biome;GRASSLAND;amount;0.1;FADE_DEATH;0.5;enviroReqCount;3;reqId;1;minAltitude;0;maxAltitude;50;influence;0.5;reqId;2;barren;0;goodBiomes;2;1;8;ideal;80;influence;0.85;reqId;6;dislikedSpecies;1;erl;influence;0.34
GROWTH;dynamic;0;growthTime;8.0;modelStages;3;subStages;2
FRUITER;startModelIndex;3;stageCount;2;fruiterTime;18
FOOD;1;906;14;FRUIT
