1.0;Name;596
ef
1;1
1
-0.562598;0.018891;-0.608527;0.467633;0.977873;0.983944;1
18;1
18;0.412;0.369;0.266
0.016261;0.977873;-0.127201;0.8409;0.1779;-0.5112;0.467633;0.023804;0.2833;0.8409;0.1779;-0.5112;-0.073521;0.018891;-0.608527;0.8409;0.1779;-0.5112;0.016261;0.977873;-0.127201;0.8857;0.4561;0.0862;0.025116;0.750739;0.983944;0.8857;0.4561;0.0862;0.467633;0.023804;0.2833;0.8857;0.4561;0.0862;0.467633;0.023804;0.2833;-0.0796;-0.9954;0.0538;-0.562598;0.107545;0.308627;-0.0796;-0.9954;0.0538;-0.073521;0.018891;-0.608527;-0.0796;-0.9954;0.0538;0.467633;0.023804;0.2833;-0.04;-0.7059;0.7072;0.025116;0.750739;0.983944;-0.04;-0.7059;0.7072;-0.562598;0.107545;0.308627;-0.04;-0.7059;0.7072;-0.562598;0.107545;0.308627;-0.7952;0.5928;0.1275;0.025116;0.750739;0.983944;-0.7952;0.5928;0.1275;0.016261;0.977873;-0.127201;-0.7952;0.5928;0.1275;-0.562598;0.107545;0.308627;-0.8251;0.3133;-0.4702;0.016261;0.977873;-0.127201;-0.8251;0.3133;-0.4702;-0.073521;0.018891;-0.608527;-0.8251;0.3133;-0.4702
2
DECAY;1.0
FOOD;1;906;14;WHOLE;PARTICLE_DEATH;isColour;1;Spawn;0;PPS;8;Speed;0.6;Gravity;0.2;Life;0.5;Scale;0.05;Colour;0.412;0.369;0.266;Additive;0;Alpha;1;FadeIn;0.1;FadeOut;0.8;HasDir;1;Dir;0;1;0;Deviation;0.3;Offset;0;0;0;LifeError;0.4;ScaleError;0.1;SpeedError;0.1;RandomRot;1;HasXRot;0
