1.2
ptl
0;1
3
-0.468387;4.7E-4;-0.627734;0.440018;1.41404;0.725178;1
96;2
48;-1.0;0.0;0.0;0.13
-0.345514;1.172789;0.3177;-0.0838;-0.9002;0.4274;0.2301;0.815826;-0.321258;-0.0838;-0.9002;0.4274;0.255669;1.111848;0.307227;-0.0838;-0.9002;0.4274;-0.147756;1.128269;0.23299;-0.8594;0.2806;-0.4275;-0.468387;0.8635;0.703828;-0.8594;0.2806;-0.4275;-0.251651;1.310333;0.561355;-0.8594;0.2806;-0.4275;-0.147756;1.128269;0.23299;-0.404;-0.6519;-0.6417;0.169377;0.747945;0.419729;-0.404;-0.6519;-0.6417;-0.468387;0.8635;0.703828;-0.404;-0.6519;-0.6417;-0.345514;1.172789;0.3177;-0.6436;-0.7481;-0.1619;-0.226788;1.220621;-0.375405;-0.6436;-0.7481;-0.1619;0.2301;0.815826;-0.321258;-0.6436;-0.7481;-0.1619;-0.468387;0.8635;0.703828;-0.2213;0.3921;0.8929;0.137604;1.156964;0.725178;-0.2213;0.3921;0.8929;-0.251651;1.310333;0.561355;-0.2213;0.3921;0.8929;-0.468387;0.8635;0.703828;0.2471;-0.5674;0.7855;0.169377;0.747945;0.419729;0.2471;-0.5674;0.7855;0.137604;1.156964;0.725178;0.2471;-0.5674;0.7855;0.011033;1.41404;0.104103;0.0744;0.5971;0.7987;-0.345514;1.172789;0.3177;0.0744;0.5971;0.7987;0.255669;1.111848;0.307227;0.0744;0.5971;0.7987;0.011033;1.41404;0.104103;-0.5773;0.8154;-0.0426;-0.226788;1.220621;-0.375405;-0.5773;0.8154;-0.0426;-0.345514;1.172789;0.3177;-0.5773;0.8154;-0.0426;0.137604;1.156964;0.725178;0.7766;0.4146;-0.4744;0.169377;0.747945;0.419729;0.7766;0.4146;-0.4744;-0.147756;1.128269;0.23299;0.7766;0.4146;-0.4744;0.137604;1.156964;0.725178;0.4597;0.8304;-0.3149;-0.147756;1.128269;0.23299;0.4597;0.8304;-0.3149;-0.251651;1.310333;0.561355;0.4597;0.8304;-0.3149;0.2301;0.815826;-0.321258;0.8288;0.4924;-0.2656;0.011033;1.41404;0.104103;0.8288;0.4924;-0.2656;0.255669;1.111848;0.307227;0.8288;0.4924;-0.2656;0.011033;1.41404;0.104103;-0.157;0.9405;-0.3015;0.039689;1.184198;-0.627734;-0.157;0.9405;-0.3015;-0.226788;1.220621;-0.375405;-0.157;0.9405;-0.3015;0.011033;1.41404;0.104103;0.4411;0.861;-0.2531;0.440018;1.039763;-0.421359;0.4411;0.861;-0.2531;0.039689;1.184198;-0.627734;0.4411;0.861;-0.2531;0.2301;0.815826;-0.321258;0.6381;-0.2771;0.7183;0.440018;1.039763;-0.421359;0.6381;-0.2771;0.7183;0.011033;1.41404;0.104103;0.6381;-0.2771;0.7183;0.039689;1.184198;-0.627734;0.2124;-0.5578;-0.8024;0.440018;1.039763;-0.421359;0.2124;-0.5578;-0.8024;0.2301;0.815826;-0.321258;0.2124;-0.5578;-0.8024;0.039689;1.184198;-0.627734;-0.5488;-0.6838;-0.4809;0.2301;0.815826;-0.321258;-0.5488;-0.6838;-0.4809;-0.226788;1.220621;-0.375405;-0.5488;-0.6838;-0.4809
48;0.65;0.65;0.65;0.1
0.008791;0.440612;-0.085094;0.8608;0.1097;-0.497;0.009452;1.301483;0.106;0.8608;0.1097;-0.497;0.05323;0.440612;-0.008122;0.8608;0.1097;-0.497;0.05323;0.440612;-0.008122;0.0;-0.1314;0.9913;0.009452;1.301483;0.106;0.0;-0.1314;0.9913;-0.035649;0.440612;-0.008122;0.0;-0.1314;0.9913;-0.035649;0.440612;-0.008122;-0.8607;0.111;-0.4969;0.009452;1.301483;0.106;-0.8607;0.111;-0.4969;0.008791;0.440612;-0.085094;-0.8607;0.111;-0.4969;-0.035649;0.440612;-0.008122;-0.8653;-0.0401;-0.4996;0.009452;4.7E-4;-0.050904;-0.8653;-0.0401;-0.4996;-0.04547;4.7E-4;0.044224;-0.8653;-0.0401;-0.4996;0.009452;4.7E-4;-0.050904;0.0;-1.0;0.0;0.064375;4.7E-4;0.044224;0.0;-1.0;0.0;-0.04547;4.7E-4;0.044224;0.0;-1.0;0.0;0.05323;0.440612;-0.008122;-0.0;0.1181;0.993;-0.04547;4.7E-4;0.044224;-0.0;0.1181;0.993;0.064375;4.7E-4;0.044224;-0.0;0.1181;0.993;0.05323;0.440612;-0.008122;0.8654;-0.0375;-0.4996;0.009452;4.7E-4;-0.050904;0.8654;-0.0375;-0.4996;0.008791;0.440612;-0.085094;0.8654;-0.0375;-0.4996;-0.004173;0.448952;-0.052915;0.5262;0.7166;-0.4578;-0.138664;1.023614;0.691907;0.5262;0.7166;-0.4578;0.045549;0.436572;-0.015144;0.5262;0.7166;-0.4578;0.045549;0.436572;-0.015144;0.5471;-0.5684;0.6145;-0.138664;1.023614;0.691907;0.5471;-0.5684;0.6145;-0.009603;0.384903;-0.013834;0.5471;-0.5684;0.6145;-0.009603;0.384903;-0.013834;-0.9862;-0.017;-0.1649;-0.138664;1.023614;0.691907;-0.9862;-0.017;-0.1649;-0.004173;0.448952;-0.052915;-0.9862;-0.017;-0.1649;-0.019391;0.483812;-0.019764;0.1106;-0.6083;-0.786;0.261768;1.008296;-0.386119;0.1106;-0.6083;-0.786;0.043425;0.47635;-0.005153;0.1106;-0.6083;-0.786;0.043425;0.47635;-0.005153;0.7319;0.1719;0.6594;0.261768;1.008296;-0.386119;0.7319;0.1719;0.6594;0.01849;0.559119;9.51E-4;0.7319;0.1719;0.6594;0.01849;0.559119;9.51E-4;-0.8896;0.4558;-0.0302;0.261768;1.008296;-0.386119;-0.8896;0.4558;-0.0302;-0.019391;0.483812;-0.019764;-0.8896;0.4558;-0.0302;-0.035649;0.440612;-0.008122;-0.8653;-0.0401;-0.4996;0.008791;0.440612;-0.085094;-0.8653;-0.0401;-0.4996;0.009452;4.7E-4;-0.050904;-0.8653;-0.0401;-0.4996;0.05323;0.440612;-0.008122;-0.0;0.1181;0.993;-0.035649;0.440612;-0.008122;-0.0;0.1181;0.993;-0.04547;4.7E-4;0.044224;-0.0;0.1181;0.993;0.05323;0.440612;-0.008122;0.8654;-0.0375;-0.4996;0.064375;4.7E-4;0.044224;0.8654;-0.0375;-0.4996;0.009452;4.7E-4;-0.050904;0.8654;-0.0375;-0.4996
-1.26822;-0.024465;-2.119198;2.32223;4.339811;2.132875;3;0;extraBounds;2;-1.086438;1.868177;-1.972206;2.194419;4.198215;2.019354;-0.168962;-0.005163;-0.226282;0.349697;2.722039;0.095927
207;2
126;-1.0;0.0;0.0;0.1
1.347861;4.339811;0.263248;-0.1221;0.8118;0.5711;-0.298557;4.150866;0.179792;-0.1221;0.8118;0.5711;0.169148;3.682523;0.945536;-0.1221;0.8118;0.5711;-0.298557;4.150866;0.179792;-0.0804;0.8947;-0.4394;1.347861;4.339811;0.263248;-0.0804;0.8947;-0.4394;0.681909;3.906524;-0.497174;-0.0804;0.8947;-0.4394;1.347861;4.339811;0.263248;0.2748;0.41;0.8697;0.169148;3.682523;0.945536;0.2748;0.41;0.8697;1.552896;3.476154;0.605588;0.2748;0.41;0.8697;1.347861;4.339811;0.263248;0.8693;0.3462;0.3528;1.552896;3.476154;0.605588;0.8693;0.3462;0.3528;1.834197;3.649673;-0.257835;0.8693;0.3462;0.3528;1.347861;4.339811;0.263248;0.2914;0.6987;-0.6533;1.834197;3.649673;-0.257835;0.2914;0.6987;-0.6533;0.681909;3.906524;-0.497174;0.2914;0.6987;-0.6533;-0.298557;4.150866;0.179792;-0.3946;0.5184;-0.7586;0.681909;3.906524;-0.497174;-0.3946;0.5184;-0.7586;0.138375;2.984897;-0.84419;-0.3946;0.5184;-0.7586;0.169148;3.682523;0.945536;-0.8212;0.0988;0.562;-0.298557;4.150866;0.179792;-0.8212;0.0988;0.562;-0.583412;3.095188;-0.050702;-0.8212;0.0988;0.562;1.552896;3.476154;0.605588;0.1607;-0.4049;0.9001;0.169148;3.682523;0.945536;0.1607;-0.4049;0.9001;0.642215;2.57108;0.361081;0.1607;-0.4049;0.9001;0.681909;3.906524;-0.497174;0.1979;0.9757;0.0942;1.834197;3.649673;-0.257835;0.1979;0.9757;0.0942;1.967786;3.742824;-1.502686;0.1979;0.9757;0.0942;-0.298557;4.150866;0.179792;-0.6761;0.3266;-0.6604;0.138375;2.984897;-0.84419;-0.6761;0.3266;-0.6604;-0.583412;3.095188;-0.050702;-0.6761;0.3266;-0.6604;0.169148;3.682523;0.945536;-0.4688;-0.5591;0.6838;-0.583412;3.095188;-0.050702;-0.4688;-0.5591;0.6838;0.642215;2.57108;0.361081;-0.4688;-0.5591;0.6838;1.552896;3.476154;0.605588;0.6915;-0.7177;0.0811;0.642215;2.57108;0.361081;0.6915;-0.7177;0.0811;1.834197;3.649673;-0.257835;0.6915;-0.7177;0.0811;0.045338;2.195522;1.813487;-0.5945;-0.7255;0.3467;-0.949133;3.163102;2.132875;-0.5945;-0.7255;0.3467;-1.26822;2.894122;1.022717;-0.5945;-0.7255;0.3467;0.138375;2.984897;-0.84419;-0.511;-0.765;-0.3918;0.030502;3.509925;-1.728611;-0.511;-0.765;-0.3918;1.208327;2.923173;-2.119198;-0.511;-0.765;-0.3918;-0.583412;3.095188;-0.050702;-0.4586;-0.8361;-0.3009;0.138375;2.984897;-0.84419;-0.4586;-0.8361;-0.3009;0.971152;2.462612;-0.662255;-0.4586;-0.8361;-0.3009;0.642215;2.57108;0.361081;-0.3856;-0.9223;-0.0262;-0.583412;3.095188;-0.050702;-0.3856;-0.9223;-0.0262;0.971152;2.462612;-0.662255;-0.3856;-0.9223;-0.0262;1.834197;3.649673;-0.257835;0.7209;-0.6257;0.298;0.642215;2.57108;0.361081;0.7209;-0.6257;0.298;0.971152;2.462612;-0.662255;0.7209;-0.6257;0.298;-0.023136;2.439181;0.539001;-0.3909;-0.9077;-0.1525;0.045338;2.195522;1.813487;-0.3909;-0.9077;-0.1525;-1.26822;2.894122;1.022717;-0.3909;-0.9077;-0.1525;0.045338;2.195522;1.813487;0.5386;-0.8218;-0.186;-0.023136;2.439181;0.539001;0.5386;-0.8218;-0.186;1.083911;3.052215;1.035973;0.5386;-0.8218;-0.186;0.138375;2.984897;-0.84419;-0.7599;-0.1606;-0.6299;1.208327;2.923173;-2.119198;-0.7599;-0.1606;-0.6299;0.852682;2.379251;-1.551511;-0.7599;-0.1606;-0.6299;0.138375;2.984897;-0.84419;-0.5486;-0.8224;0.1502;0.852682;2.379251;-1.551511;-0.5486;-0.8224;0.1502;0.971152;2.462612;-0.662255;-0.5486;-0.8224;0.1502;0.030502;3.509925;-1.728611;-0.8618;0.383;0.3325;0.138375;2.984897;-0.84419;-0.8618;0.383;0.3325;0.681909;3.906524;-0.497174;-0.8618;0.383;0.3325;1.208327;2.923173;-2.119198;-0.0725;0.4477;-0.8912;0.030502;3.509925;-1.728611;-0.0725;0.4477;-0.8912;0.709662;3.94118;-1.567191;-0.0725;0.4477;-0.8912;0.045338;2.195522;1.813487;0.1726;-0.1442;0.9744;0.689917;3.548662;1.899605;0.1726;-0.1442;0.9744;-0.949133;3.163102;2.132875;0.1726;-0.1442;0.9744;0.971152;2.462612;-0.662255;0.2447;-0.9678;0.0581;0.852682;2.379251;-1.551511;0.2447;-0.9678;0.0581;2.32223;2.760272;-1.394372;0.2447;-0.9678;0.0581;0.030502;3.509925;-1.728611;-0.5382;0.8426;0.0133;0.681909;3.906524;-0.497174;-0.5382;0.8426;0.0133;0.709662;3.94118;-1.567191;-0.5382;0.8426;0.0133;0.045338;2.195522;1.813487;0.7353;-0.3857;0.5572;1.083911;3.052215;1.035973;0.7353;-0.3857;0.5572;0.689917;3.548662;1.899605;0.7353;-0.3857;0.5572;0.852682;2.379251;-1.551511;0.2622;-0.7736;-0.5769;1.208327;2.923173;-2.119198;0.2622;-0.7736;-0.5769;2.32223;2.760272;-1.394372;0.2622;-0.7736;-0.5769;0.971152;2.462612;-0.662255;0.4838;-0.5762;0.6587;2.32223;2.760272;-1.394372;0.4838;-0.5762;0.6587;1.834197;3.649673;-0.257835;0.4838;-0.5762;0.6587;0.709662;3.94118;-1.567191;0.1538;0.9874;0.036;0.681909;3.906524;-0.497174;0.1538;0.9874;0.036;1.967786;3.742824;-1.502686;0.1538;0.9874;0.036;1.208327;2.923173;-2.119198;0.1252;0.5196;-0.8451;0.709662;3.94118;-1.567191;0.1252;0.5196;-0.8451;1.967786;3.742824;-1.502686;0.1252;0.5196;-0.8451;2.32223;2.760272;-1.394372;0.5533;0.1085;-0.8259;1.208327;2.923173;-2.119198;0.5533;0.1085;-0.8259;1.967786;3.742824;-1.502686;0.5533;0.1085;-0.8259;1.834197;3.649673;-0.257835;0.9287;0.3489;0.1257;2.32223;2.760272;-1.394372;0.9287;0.3489;0.1257;1.967786;3.742824;-1.502686;0.9287;0.3489;0.1257;1.083911;3.052215;1.035973;0.3198;0.177;-0.9308;-0.023136;2.439181;0.539001;0.3198;0.177;-0.9308;0.350227;3.552917;0.879102;0.3198;0.177;-0.9308;0.689917;3.548662;1.899605;0.5808;0.7915;-0.19;1.083911;3.052215;1.035973;0.5808;0.7915;-0.19;0.350227;3.552917;0.879102;0.5808;0.7915;-0.19;-0.949133;3.163102;2.132875;0.0542;0.3379;0.9396;0.689917;3.548662;1.899605;0.0542;0.3379;0.9396;-0.41983;3.780811;1.880163;0.0542;0.3379;0.9396;-0.023136;2.439181;0.539001;-0.2241;0.3525;-0.9085;-1.26822;2.894122;1.022717;-0.2241;0.3525;-0.9085;0.350227;3.552917;0.879102;-0.2241;0.3525;-0.9085;0.689917;3.548662;1.899605;0.2054;0.9765;-0.0643;0.350227;3.552917;0.879102;0.2054;0.9765;-0.0643;-0.41983;3.780811;1.880163;0.2054;0.9765;-0.0643;0.350227;3.552917;0.879102;0.0244;-0.2698;-0.9626;-1.26822;2.894122;1.022717;0.0244;-0.2698;-0.9626;-0.866121;3.74576;0.794181;0.0244;-0.2698;-0.9626;-0.41983;3.780811;1.880163;0.1625;0.9817;-0.0985;0.350227;3.552917;0.879102;0.1625;0.9817;-0.0985;-0.866121;3.74576;0.794181;0.1625;0.9817;-0.0985;-0.949133;3.163102;2.132875;-0.6794;0.6873;0.257;-0.41983;3.780811;1.880163;-0.6794;0.6873;0.257;-0.866121;3.74576;0.794181;-0.6794;0.6873;0.257;-1.26822;2.894122;1.022717;-0.8796;0.4537;0.1429;-0.949133;3.163102;2.132875;-0.8796;0.4537;0.1429;-0.866121;3.74576;0.794181;-0.8796;0.4537;0.1429
81;0.65;0.65;0.65;0.08
1.848559;3.627799;-1.38447;0.7043;-0.6615;-0.2574;0.272877;1.450608;-0.100446;0.7043;-0.6615;-0.2574;0.233304;1.445318;-0.19511;0.7043;-0.6615;-0.2574;1.848559;3.627799;-1.38447;0.0484;0.4812;0.8753;0.197946;1.523017;-0.136111;0.0484;0.4812;0.8753;0.272877;1.450608;-0.100446;0.0484;0.4812;0.8753;1.848559;3.627799;-1.38447;-0.7259;0.1747;-0.6652;0.233304;1.445318;-0.19511;-0.7259;0.1747;-0.6652;0.197946;1.523017;-0.136111;-0.7259;0.1747;-0.6652;0.183058;1.496153;-0.042191;-0.9812;0.1928;0.0;-0.115783;-0.024465;-0.099703;-0.9812;0.1928;0.0;-0.115782;-0.024464;0.118339;-0.9812;0.1928;0.0;-0.115783;-0.024465;-0.099703;0.0;-0.0918;-0.9958;0.249282;1.506162;-0.240813;0.0;-0.0918;-0.9958;0.102259;-0.024464;-0.099702;0.0;-0.0918;-0.9958;0.249282;1.506162;-0.240813;0.9954;-0.0956;0.0;0.102259;-0.024465;0.118339;0.9954;-0.0956;0.0;0.102259;-0.024464;-0.099702;0.9954;-0.0956;0.0;0.102259;-0.024465;0.118339;0.0;0.105;0.9944;0.183058;1.496153;-0.042191;0.0;0.105;0.9944;-0.115782;-0.024464;0.118339;0.0;0.105;0.9944;0.102259;-0.024464;-0.099702;0.0;-1.0;0.0;-0.115782;-0.024464;0.118339;0.0;-1.0;0.0;-0.115783;-0.024465;-0.099703;0.0;-1.0;0.0;0.126958;1.640311;-0.140465;-0.9043;-0.0641;0.4221;0.183058;1.496153;-0.042191;-0.9043;-0.0641;0.4221;0.122988;4.198058;0.239872;-0.9043;-0.0641;0.4221;0.183058;1.496153;-0.042191;0.4672;-0.0815;0.8804;0.305382;1.623667;-0.095294;0.4672;-0.0815;0.8804;0.122988;4.198058;0.239872;0.4671;-0.0815;0.8804;0.249282;1.506162;-0.240813;-0.5458;0.1224;-0.8289;0.126958;1.640311;-0.140465;-0.5458;0.1224;-0.8289;0.122988;4.198058;0.239872;-0.5458;0.1224;-0.8289;0.305382;1.623667;-0.095294;0.8898;0.1203;-0.4402;0.249282;1.506162;-0.240813;0.8898;0.1203;-0.4402;0.122988;4.198058;0.239872;0.8898;0.1203;-0.4402;-0.191967;1.907812;0.766731;-0.0914;0.9652;0.2448;-0.265365;1.875689;0.865993;-0.0914;0.9652;0.2448;-0.13888;1.884048;0.880261;-0.0914;0.9652;0.2448;-0.191967;1.907812;0.766731;0.9093;0.0863;-0.4071;0.058719;3.581813;1.681739;0.9093;0.0863;-0.4071;-0.13888;1.884048;0.880261;0.9093;0.0863;-0.4071;-0.191967;1.907812;0.766731;-0.8145;0.2626;-0.5173;0.137153;1.288476;-0.06593;-0.8145;0.2626;-0.5173;-0.265365;1.875689;0.865993;-0.8145;0.2626;-0.5173;-0.13888;1.884048;0.880261;-0.0744;-0.4186;0.9051;0.058719;3.581813;1.681739;-0.0744;-0.4186;0.9051;-0.265365;1.875689;0.865993;-0.0744;-0.4186;0.9051;-0.191967;1.907812;0.766731;0.8691;0.4842;0.1007;0.249526;1.288476;-0.06593;0.8691;0.4842;0.1007;0.200934;1.386353;-0.117157;0.8691;0.4842;0.1007;-0.265365;1.875689;0.865993;-0.799;0.3761;-0.4691;0.058719;3.581813;1.681739;-0.799;0.3761;-0.4691;-0.191967;1.907812;0.766731;-0.799;0.3761;-0.4691;-0.13888;1.884048;0.880261;0.0;-0.8463;0.5327;0.137153;1.288476;-0.06593;0.0;-0.8463;0.5327;0.249526;1.288476;-0.06593;0.0;-0.8463;0.5327;0.183058;1.496153;-0.042191;-0.7692;0.1275;0.6261;0.126958;1.640311;-0.140465;-0.7692;0.1275;0.6261;-0.115783;-0.024465;-0.099703;-0.7692;0.1275;0.6261;-0.115783;-0.024465;-0.099703;-0.5885;0.0661;-0.8057;0.126958;1.640311;-0.140465;-0.5885;0.0661;-0.8057;0.249282;1.506162;-0.240813;-0.5885;0.0661;-0.8057;0.249282;1.506162;-0.240813;0.9571;-0.1501;-0.2478;0.305382;1.623667;-0.095294;0.9571;-0.1501;-0.2478;0.102259;-0.024465;0.118339;0.9571;-0.1501;-0.2478;0.102259;-0.024465;0.118339;0.3234;0.0823;0.9427;0.305382;1.623667;-0.095294;0.3234;0.0823;0.9427;0.183058;1.496153;-0.042191;0.3234;0.0823;0.9427;0.102259;-0.024464;-0.099702;0.0;-1.0;0.0;0.102259;-0.024465;0.118339;0.0;-1.0;0.0;-0.115782;-0.024464;0.118339;0.0;-1.0;0.0;-0.191967;1.907812;0.766731;-0.8155;0.2611;-0.5165;0.200934;1.386353;-0.117157;-0.8155;0.2611;-0.5165;0.137153;1.288476;-0.06593;-0.8155;0.2611;-0.5165;-0.191967;1.907812;0.766731;0.6807;0.7127;-0.1691;-0.13888;1.884048;0.880261;0.6807;0.7127;-0.1691;0.249526;1.288476;-0.06593;0.6807;0.7127;-0.1691;-0.13888;1.884048;0.880261;-0.004;-0.8468;0.5318;-0.265365;1.875689;0.865993;-0.004;-0.8468;0.5318;0.137153;1.288476;-0.06593;-0.004;-0.8468;0.5318
-2.094797;-0.060931;-3.599163;3.259862;7.611305;3.996645;1.66666;0;extraBounds;3;-0.481371;2.570114;-1.692695;1.518629;4.570114;1.692695;-1.128472;3.992667;-3.39592;2.948013;7.196149;3.667493;-0.199592;-0.017627;-0.364799;0.493796;4.878787;0.14754
255;2
156;-1.0;0.0;0.0;0.08
-2.094797;5.918358;2.562812;-0.5372;0.6034;0.5892;-0.614169;5.836522;3.996645;-0.5372;0.6034;0.5892;-0.36949;6.680248;3.355713;-0.5372;0.6034;0.5892;-0.614169;5.836522;3.996645;-0.5857;-0.5742;0.572;-2.094797;5.918358;2.562812;-0.5857;-0.5742;0.572;0.457615;4.430882;3.682954;-0.5857;-0.5742;0.572;-2.094797;5.918358;2.562812;-0.41;0.912;0.0157;-0.36949;6.680248;3.355713;-0.41;0.912;0.0157;-1.296584;6.293771;1.604149;-0.41;0.912;0.0157;-2.094797;5.918358;2.562812;-0.7102;-0.2076;-0.6726;-1.296584;6.293771;1.604149;-0.7102;-0.2076;-0.6726;-1.327109;4.258265;2.264527;-0.7102;-0.2076;-0.6726;-2.094797;5.918358;2.562812;-0.5503;-0.3874;0.7396;-1.327109;4.258265;2.264527;-0.5503;-0.3874;0.7396;0.457615;4.430882;3.682954;-0.5503;-0.3874;0.7396;-0.36949;6.680248;3.355713;0.1658;0.5656;0.8078;-0.614169;5.836522;3.996645;0.1658;0.5656;0.8078;1.946392;5.819326;3.483217;0.1658;0.5656;0.8078;-1.296584;6.293771;1.604149;-0.0678;0.9812;-0.1806;-0.36949;6.680248;3.355713;-0.0678;0.9812;-0.1806;1.282938;6.542673;1.988261;-0.0678;0.9812;-0.1806;-1.327109;4.258265;2.264527;-0.4688;-0.2662;-0.8422;-1.296584;6.293771;1.604149;-0.4688;-0.2662;-0.8422;0.061437;4.583539;1.388853;-0.4688;-0.2662;-0.8422;0.457615;4.430882;3.682954;-0.3294;-0.7938;0.5111;-1.327109;4.258265;2.264527;-0.3294;-0.7938;0.5111;0.603612;3.861201;2.892256;-0.3294;-0.7938;0.5111;-0.614169;5.836522;3.996645;0.1957;-0.0691;0.9782;0.457615;4.430882;3.682954;0.1957;-0.0691;0.9782;1.946392;5.819326;3.483217;0.1957;-0.0691;0.9782;-0.36949;6.680248;3.355713;0.3187;0.9009;0.2945;1.946392;5.819326;3.483217;0.3187;0.9009;0.2945;1.282938;6.542673;1.988261;0.3187;0.9009;0.2945;-1.327109;4.258265;2.264527;-0.0508;-0.9072;-0.4176;0.061437;4.583539;1.388853;-0.0508;-0.9072;-0.4176;0.603612;3.861201;2.892256;-0.0508;-0.9072;-0.4176;1.946392;5.819326;3.483217;0.6096;-0.5752;0.5454;0.457615;4.430882;3.682954;0.6096;-0.5752;0.5454;2.625154;5.350475;2.229954;0.6096;-0.5752;0.5454;1.282938;6.542673;1.988261;0.6549;0.7522;0.0733;1.946392;5.819326;3.483217;0.6549;0.7522;0.0733;2.625154;5.350475;2.229954;0.6549;0.7522;0.0733;0.603612;3.861201;2.892256;0.3957;-0.7639;-0.5097;0.061437;4.583539;1.388853;0.3957;-0.7639;-0.5097;2.625154;5.350475;2.229954;0.3957;-0.7639;-0.5097;0.457615;4.430882;3.682954;0.6077;-0.5869;0.5351;0.603612;3.861201;2.892256;0.6077;-0.5869;0.5351;2.625154;5.350475;2.229954;0.6077;-0.5869;0.5351;1.593813;7.611305;0.378234;0.2558;0.7819;0.5684;1.282938;6.542673;1.988261;0.2558;0.7819;0.5684;3.259862;6.444434;1.233794;0.2558;0.7819;0.5684;1.282938;6.542673;1.988261;0.0535;0.8272;0.5593;1.593813;7.611305;0.378234;0.0535;0.8272;0.5593;-0.555036;7.250068;1.118146;0.0535;0.8272;0.5593;1.593813;7.611305;0.378234;0.538;0.8376;0.0946;3.259862;6.444434;1.233794;0.538;0.8376;0.0946;2.980178;6.834233;-0.627032;0.538;0.8376;0.0946;1.593813;7.611305;0.378234;-0.0214;0.7765;-0.6297;2.980178;6.834233;-0.627032;-0.0214;0.7765;-0.6297;-0.560533;6.817747;-0.526918;-0.0214;0.7765;-0.6297;1.593813;7.611305;0.378234;-0.2424;0.9385;-0.2458;-0.560533;6.817747;-0.526918;-0.2424;0.9385;-0.2458;-0.555036;7.250068;1.118146;-0.2424;0.9385;-0.2458;1.282938;6.542673;1.988261;-0.1747;0.5504;0.8164;-0.555036;7.250068;1.118146;-0.1747;0.5504;0.8164;-1.296584;6.293771;1.604149;-0.1747;0.5504;0.8164;3.259862;6.444434;1.233794;0.3259;0.5261;0.7855;1.282938;6.542673;1.988261;0.3259;0.5261;0.7855;2.625154;5.350475;2.229954;0.3259;0.5261;0.7855;2.980178;6.834233;-0.627032;0.9837;-0.0748;-0.1635;3.259862;6.444434;1.233794;0.9837;-0.0748;-0.1635;3.064303;4.899849;0.763815;0.9837;-0.0748;-0.1635;-0.555036;7.250068;1.118146;-0.8398;0.5257;-0.1353;-0.560533;6.817747;-0.526918;-0.8398;0.5257;-0.1353;-1.44038;5.647073;0.385482;-0.8398;0.5257;-0.1353;3.259862;6.444434;1.233794;0.914;-0.2195;0.3412;2.625154;5.350475;2.229954;0.914;-0.2195;0.3412;3.064303;4.899849;0.763815;0.914;-0.2195;0.3412;2.980178;6.834233;-0.627032;0.405;-0.522;-0.7506;3.064303;4.899849;0.763815;0.405;-0.522;-0.7506;-0.103215;4.5493;-0.701709;0.405;-0.522;-0.7506;-0.560533;6.817747;-0.526918;-0.6663;-0.0772;-0.7416;-0.103215;4.5493;-0.701709;-0.6663;-0.0772;-0.7416;-1.44038;5.647073;0.385482;-0.6663;-0.0772;-0.7416;-0.555036;7.250068;1.118146;-0.8202;0.5397;-0.1896;-1.44038;5.647073;0.385482;-0.8202;0.5397;-0.1896;-1.296584;6.293771;1.604149;-0.8202;0.5397;-0.1896;3.064303;4.899849;0.763815;0.1674;-0.9272;0.3351;2.625154;5.350475;2.229954;0.1674;-0.9272;0.3351;0.061437;4.583539;1.388853;0.1674;-0.9272;0.3351;-0.103215;4.5493;-0.701709;0.1064;-0.9943;0.0079;3.064303;4.899849;0.763815;0.1064;-0.9943;0.0079;0.061437;4.583539;1.388853;0.1064;-0.9943;0.0079;-1.44038;5.647073;0.385482;-0.6035;-0.795;0.0605;-0.103215;4.5493;-0.701709;-0.6035;-0.795;0.0605;0.061437;4.583539;1.388853;-0.6035;-0.795;0.0605;-1.296584;6.293771;1.604149;-0.6925;-0.6002;0.4002;-1.44038;5.647073;0.385482;-0.6925;-0.6002;0.4002;0.061437;4.583539;1.388853;-0.6925;-0.6002;0.4002;0.631419;4.115036;-2.522236;-0.4545;-0.8387;-0.2998;-1.232311;4.79562;-1.600753;-0.4545;-0.8387;-0.2998;-0.385375;5.051082;-3.599163;-0.4545;-0.8387;-0.2998;-1.232311;4.79562;-1.600753;-0.2933;-0.9498;0.1082;0.631419;4.115036;-2.522236;-0.2933;-0.9498;0.1082;-0.103215;4.5493;-0.701709;-0.2933;-0.9498;0.1082;0.631419;4.115036;-2.522236;0.1408;-0.6775;-0.7219;-0.385375;5.051082;-3.599163;0.1408;-0.6775;-0.7219;2.366123;4.920938;-2.940315;0.1408;-0.6775;-0.7219;0.631419;4.115036;-2.522236;0.389;-0.9104;-0.1408;2.366123;4.920938;-2.940315;0.389;-0.9104;-0.1408;3.152273;4.981108;-1.156967;0.389;-0.9104;-0.1408;0.631419;4.115036;-2.522236;0.1657;-0.942;0.2916;3.152273;4.981108;-1.156967;0.1657;-0.942;0.2916;-0.103215;4.5493;-0.701709;0.1657;-0.942;0.2916;-1.232311;4.79562;-1.600753;-0.6365;-0.186;0.7485;-0.103215;4.5493;-0.701709;-0.6365;-0.186;0.7485;-0.560533;6.817747;-0.526918;-0.6365;-0.186;0.7485;-0.385375;5.051082;-3.599163;-0.9184;0.1352;-0.3719;-1.232311;4.79562;-1.600753;-0.9184;0.1352;-0.3719;-0.860006;6.497369;-1.901492;-0.9184;0.1352;-0.3719;2.366123;4.920938;-2.940315;0.2357;0.2932;-0.9265;-0.385375;5.051082;-3.599163;0.2357;0.2932;-0.9265;0.04161;6.708111;-2.966177;0.2357;0.2932;-0.9265;3.152273;4.981108;-1.156967;0.915;-0.0267;-0.4024;2.366123;4.920938;-2.940315;0.915;-0.0267;-0.4024;2.634964;6.492785;-2.433293;0.915;-0.0267;-0.4024;-0.103215;4.5493;-0.701709;0.1671;-0.2567;0.9519;3.152273;4.981108;-1.156967;0.1671;-0.2567;0.9519;2.980178;6.834233;-0.627032;0.1671;-0.2567;0.9519;-1.232311;4.79562;-1.600753;-0.9593;0.237;0.1537;-0.560533;6.817747;-0.526918;-0.9593;0.237;0.1537;-0.860006;6.497369;-1.901492;-0.9593;0.237;0.1537;-0.385375;5.051082;-3.599163;-0.7373;0.3984;-0.5455;-0.860006;6.497369;-1.901492;-0.7373;0.3984;-0.5455;0.04161;6.708111;-2.966177;-0.7373;0.3984;-0.5455;2.366123;4.920938;-2.940315;0.2152;0.2662;-0.9396;0.04161;6.708111;-2.966177;0.2152;0.2662;-0.9396;2.634964;6.492785;-2.433293;0.2152;0.2662;-0.9396;3.152273;4.981108;-1.156967;0.9654;0.1505;-0.213;2.634964;6.492785;-2.433293;0.9654;0.1505;-0.213;2.980178;6.834233;-0.627032;0.9654;0.1505;-0.213;-0.860006;6.497369;-1.901492;-0.2918;0.9436;-0.1563;-0.560533;6.817747;-0.526918;-0.2918;0.9436;-0.1563;0.647359;7.036259;-1.462288;-0.2918;0.9436;-0.1563;0.04161;6.708111;-2.966177;-0.3149;0.9458;-0.0795;-0.860006;6.497369;-1.901492;-0.3149;0.9458;-0.0795;0.647359;7.036259;-1.462288;-0.3149;0.9458;-0.0795;2.634964;6.492785;-2.433293;0.1332;0.9557;-0.2622;0.04161;6.708111;-2.966177;0.1332;0.9557;-0.2622;0.647359;7.036259;-1.462288;0.1332;0.9557;-0.2622;2.980178;6.834233;-0.627032;0.1596;0.964;-0.2127;2.634964;6.492785;-2.433293;0.1596;0.964;-0.2127;0.647359;7.036259;-1.462288;0.1596;0.964;-0.2127;-0.560533;6.817747;-0.526918;0.002;0.9732;0.2299;2.980178;6.834233;-0.627032;0.002;0.9732;0.2299;0.647359;7.036259;-1.462288;0.002;0.9732;0.2299
99;0.65;0.65;0.65;0.06
0.258479;2.346635;-0.076234;-0.9822;0.1876;0.0;-0.201472;-0.060931;-0.175736;-0.9822;0.1876;0.0;-0.201472;-0.060931;0.17963;-0.9822;0.1876;0.0;-0.201472;-0.060931;-0.175736;0.0;-0.084;-0.9965;0.425107;2.371818;-0.380791;0.0;-0.084;-0.9965;0.153894;-0.060931;-0.175736;0.0;-0.084;-0.9965;0.425107;2.371818;-0.380791;0.9938;-0.1108;0.0;0.153894;-0.060931;0.17963;0.9938;-0.1108;0.0;0.153894;-0.060931;-0.175736;0.9938;-0.1108;0.0;0.153894;-0.060931;0.17963;0.0;0.1057;0.9944;0.258479;2.346635;-0.076234;0.0;0.1057;0.9944;-0.201472;-0.060931;0.17963;0.0;0.1057;0.9944;0.425107;2.371818;-0.380791;-0.5218;0.1191;-0.8447;0.191225;2.708182;-0.188869;-0.5218;0.1191;-0.8447;0.029848;6.707024;0.474677;-0.5218;0.1191;-0.8447;0.492361;2.607262;-0.178044;0.8563;0.174;-0.4861;0.425107;2.371818;-0.380791;0.8563;0.174;-0.4861;0.029848;6.707024;0.474677;0.8563;0.174;-0.4861;0.191225;2.708182;-0.188869;-0.9529;-0.0867;0.2907;0.258479;2.346635;-0.076234;-0.9529;-0.0867;0.2907;0.029848;6.707024;0.474677;-0.9529;-0.0867;0.2907;0.258479;2.346635;-0.076234;0.4763;-0.0856;0.8751;0.492361;2.607262;-0.178044;0.4763;-0.0856;0.8751;0.029848;6.707024;0.474677;0.4763;-0.0856;0.8751;1.423021;3.41153;-0.816243;0.6818;-0.7309;-0.0297;0.361864;2.400751;-0.301981;0.6818;-0.7309;-0.0297;1.386052;3.385412;-1.021937;0.6818;-0.7309;-0.0297;1.386052;3.385412;-1.021937;0.9566;-0.2559;-0.1394;1.915822;5.573705;-1.403368;0.9566;-0.2559;-0.1394;1.423021;3.41153;-0.816243;0.9566;-0.2559;-0.1394;1.264117;3.399868;-0.895798;-0.3517;0.7212;0.5968;0.450202;2.409568;-0.178732;-0.3517;0.7212;0.5968;1.423021;3.41153;-0.816243;-0.3517;0.7212;0.5968;1.423021;3.41153;-0.816243;-0.4421;0.3275;0.835;1.915822;5.573705;-1.403368;-0.4421;0.3275;0.835;1.264117;3.399868;-0.895798;-0.4421;0.3275;0.835;1.264117;3.399868;-0.895798;-0.715;0.0516;-0.6971;1.915822;5.573705;-1.403368;-0.715;0.0516;-0.6971;1.386052;3.385412;-1.021937;-0.715;0.0516;-0.6971;1.264117;3.399868;-0.895798;-0.7553;0.3545;-0.5511;0.361864;2.400751;-0.301981;-0.7553;0.3545;-0.5511;0.342703;2.514155;-0.202763;-0.7553;0.3545;-0.5511;-0.498266;3.184756;1.292811;0.1553;0.424;-0.8922;0.034372;6.028221;2.736939;0.1553;0.424;-0.8922;-0.287496;3.172278;1.323576;0.1553;0.424;-0.8922;-0.287496;3.172278;1.323576;0.1197;0.8774;-0.4646;0.129767;2.324837;-0.169429;0.1197;0.8774;-0.4646;-0.498266;3.184756;1.292811;0.1197;0.8774;-0.4646;-0.287496;3.172278;1.323576;0.7687;-0.3512;0.5346;0.034372;6.028221;2.736939;0.7687;-0.3512;0.5346;-0.42161;3.116795;1.479978;0.7687;-0.3512;0.5346;-0.287496;3.172278;1.323576;0.6497;-0.4755;0.593;0.225102;2.117031;-0.084165;0.6497;-0.4755;0.593;0.401449;2.288557;-0.139817;0.6497;-0.4755;0.593;-0.42161;3.116795;1.479978;-0.9273;-0.0162;0.3739;0.034372;6.028221;2.736939;-0.9273;-0.0162;0.3739;-0.498266;3.184756;1.292811;-0.9273;-0.0162;0.3739;-0.498266;3.184756;1.292811;-0.77;-0.6323;0.0858;0.225102;2.117031;-0.084165;-0.77;-0.6323;0.0858;-0.42161;3.116795;1.479978;-0.77;-0.6323;0.0858;0.92512;2.991501;-0.689714;0.5437;-0.5773;-0.6091;0.425268;4.893866;-2.939093;0.5437;-0.5773;-0.6091;1.034752;3.014958;-0.614093;0.5437;-0.5773;-0.6091;1.034752;3.014958;-0.614093;0.2826;0.7809;0.557;0.425268;4.893866;-2.939093;0.2826;0.7809;0.557;0.941401;3.017492;-0.57029;0.2826;0.7809;0.557;0.941401;3.017492;-0.57029;-0.9852;-0.0796;0.1516;0.425268;4.893866;-2.939093;-0.9852;-0.0796;0.1516;0.92512;2.991501;-0.689714;-0.9852;-0.0796;0.1516;0.258479;2.346635;-0.076234;-0.6799;0.0999;0.7265;0.191225;2.708182;-0.188869;-0.6799;0.0999;0.7265;-0.201472;-0.060931;-0.175736;-0.6799;0.0999;0.7265;-0.201472;-0.060931;-0.175736;-0.5647;0.0762;-0.8217;0.191225;2.708182;-0.188869;-0.5647;0.0762;-0.8217;0.425107;2.371818;-0.380791;-0.5647;0.0762;-0.8217;0.425107;2.371818;-0.380791;0.9771;-0.1448;-0.1559;0.492361;2.607262;-0.178044;0.9771;-0.1448;-0.1559;0.153894;-0.060931;0.17963;0.9771;-0.1448;-0.1559;0.153894;-0.060931;0.17963;0.3147;0.0868;0.9452;0.492361;2.607262;-0.178044;0.3147;0.0868;0.9452;0.258479;2.346635;-0.076234;0.3147;0.0868;0.9452;1.423021;3.41153;-0.816243;0.555;-0.7575;-0.3436;0.450202;2.409568;-0.178732;0.555;-0.7575;-0.3436;0.361864;2.400751;-0.301981;0.555;-0.7575;-0.3436;1.264117;3.399868;-0.895798;0.2321;0.4381;0.8684;0.342703;2.514155;-0.202763;0.2321;0.4381;0.8684;0.450202;2.409568;-0.178732;0.2321;0.4381;0.8684;1.264117;3.399868;-0.895798;-0.6903;0.2123;-0.6916;1.386052;3.385412;-1.021937;-0.6903;0.2123;-0.6916;0.361864;2.400751;-0.301981;-0.6903;0.2123;-0.6916;-0.287496;3.172278;1.323576;0.1663;0.8768;-0.4512;0.401449;2.288557;-0.139817;0.1663;0.8768;-0.4512;0.129767;2.324837;-0.169429;0.1663;0.8768;-0.4512;-0.287496;3.172278;1.323576;0.7696;-0.3438;0.538;-0.42161;3.116795;1.479978;0.7696;-0.3438;0.538;0.225102;2.117031;-0.084165;0.7696;-0.3438;0.538;-0.498266;3.184756;1.292811;-0.8845;-0.4525;-0.1138;0.129767;2.324837;-0.169429;-0.8845;-0.4525;-0.1138;0.225102;2.117031;-0.084165;-0.8845;-0.4525;-0.1138
8
SPREADER;7;0.1;0.1;0.1;6;5;
MATERIAL;second;0;count;5;CUSTOM;0.678;0.376;0.337;1000;PINK;300000;PURPLE;400000;WHITE;900000;LIGHT_GREEN;900000
INFO;NameId;338;DescId;339;price;31000;dpPerMin;0;range;2;placeSound;thud
LIFE;averagePop;2.8;averageLife;55.0;popFactors;2;0;0.15;breedMat;27.5;breedTime;19.893393;parentId;26;count;150;reqs;3;MATERIAL;col;RED;LIFE;type;2;enviroType;0;classification;pnf127;count;2;LIFE;type;2;enviroType;0;classification;pnm31;count;2;FALL_DEATH;fallTime;3;totalTime;5;fallenAngle;60;particleEffect;1;ExplodeTime;0.975;UseMaterial;1;Colour;1;Spawn;2;5;0;1;0;PPS;30;Speed;1.5;Gravity;0.3;Life;3;Scale;0.1;Colour;1;0;0;Additive;0;Alpha;1;FadeIn;0.1;FadeOut;0.8;HasDir;1;Dir;0;1;0;Varience;0.25;Offset;0;5;0;LifeError;0.4;ScaleError;0.3;SpeedError;0.4;RandRot;1;HasXRot;1;XRotSpeed;180;Stages;1;2;enviroReqCount;3;reqId;1;minAltitude;0;maxAltitude;75;influence;0.9;reqId;2;barren;0;goodBiomes;3;7;1;0;idealFactor;70;influence;0.7;reqId;6;dislikedSpecies;1;pnm;influence;0.6
GROWTH;dynamic;0;growthTime;18.333334;modelStages;3;subStages;2
PARTICLES;isColour;1;spawn;3;3.3;0;1;0;PPS;2;Speed;0;Gravity;0.02;Life;26;Scale;0.6;Colour;0.678;0.376;0.337;Additive;0;Alpha;1;FadeIn;0.2;FadeOut;0.9;HasDir;0;Offset;0;7;0;LifeError;0.0;ScaleError;0.2;SpeedError;0;RandRot;1;XRot;1;XRotSpeed;200;range;15;stages;1;2;takesMat;0
WOOD;cut time;3;bark factor;0.6;colour;0.65;0.65;0.65
PERCH;1;-0.147;3.3559;0.813564
