1.0
ptt
0;1
4
-0.310053;-0.080712;-0.439353;0.969144;2.545866;0.727472;1
57;2
48;0.533;0.557;0.31;0.1
-0.296069;2.545866;0.727472;-0.1538;0.419;-0.8949;0.041763;1.046332;-0.032715;-0.1538;0.419;-0.8949;-0.292132;1.615145;0.290997;-0.1538;0.419;-0.8949;0.6962;2.123899;-0.276502;-0.477;0.4223;0.7708;0.038717;0.937209;-0.033238;-0.477;0.4223;0.7708;0.462565;1.372623;-0.009487;-0.477;0.4223;0.7708;-0.308697;1.558267;-0.255669;-0.2745;-0.1769;-0.9452;-0.310053;2.542039;-0.439353;-0.2745;-0.1769;-0.9452;0.045106;1.619634;-0.369913;-0.2745;-0.1769;-0.9452;-0.1028;1.536508;0.53251;0.9802;0.1673;0.1056;0.041763;1.046332;-0.032715;0.9802;0.1673;0.1056;-0.296069;2.545866;0.727472;0.9802;0.1673;0.1056;0.368548;1.360338;-0.306804;-0.8268;0.3716;-0.4222;0.038717;0.937209;-0.033238;-0.8268;0.3716;-0.4222;0.6962;2.123899;-0.276502;-0.8268;0.3716;-0.4222;0.045106;1.619634;-0.369913;0.794;0.3435;0.5016;-0.310053;2.542039;-0.439353;0.794;0.3435;0.5016;0.055582;1.070926;-0.010755;0.794;0.3435;0.5016;0.462565;1.372623;-0.009487;0.708;-0.6785;-0.1958;0.038717;0.937209;-0.033238;0.708;-0.6785;-0.1958;0.368548;1.360338;-0.306804;0.708;-0.6785;-0.1958;0.462565;1.372623;-0.009487;0.8896;-0.3712;-0.266;0.368548;1.360338;-0.306804;0.8896;-0.3712;-0.266;0.6962;2.123899;-0.276502;0.8896;-0.3712;-0.266;0.055582;1.070926;-0.010755;-0.3842;0.1689;0.9077;-0.310053;2.542039;-0.439353;-0.3842;0.1689;0.9077;-0.308697;1.558267;-0.255669;-0.3842;0.1689;0.9077;-0.308697;1.558267;-0.255669;-0.1717;-0.5418;-0.8227;0.045106;1.619634;-0.369913;-0.1717;-0.5418;-0.8227;0.055582;1.070926;-0.010755;-0.1717;-0.5418;-0.8227;-0.292132;1.615145;0.290997;-0.7053;-0.6148;0.3528;0.041763;1.046332;-0.032715;-0.7053;-0.6148;0.3528;-0.1028;1.536508;0.53251;-0.7053;-0.6148;0.3528;-0.292132;1.615145;0.290997;-0.7993;-0.2579;0.5427;-0.1028;1.536508;0.53251;-0.7993;-0.2579;0.5427;-0.296069;2.545866;0.727472;-0.7993;-0.2579;0.5427;0.969144;2.235222;0.679775;0.8307;-0.3551;-0.4287;0.046412;0.886663;0.008974;0.8307;-0.3551;-0.4287;0.405885;1.588606;0.124017;0.8307;-0.3551;-0.4287;0.230288;1.500742;0.562354;0.5547;-0.6425;0.5287;0.046412;0.886663;0.008974;0.5547;-0.6425;0.5287;0.969144;2.235222;0.679775;0.5547;-0.6425;0.5287;0.405885;1.588606;0.124017;-0.8463;0.4734;-0.2441;0.046412;0.886663;0.008974;-0.8463;0.4734;-0.2441;0.230288;1.500742;0.562354;-0.8463;0.4734;-0.2441;0.405885;1.588606;0.124017;-0.6881;0.7134;-0.1326;0.230288;1.500742;0.562354;-0.6881;0.7134;-0.1326;0.969144;2.235222;0.679775;-0.6881;0.7134;-0.1326
9;0.294;0.322;0.212;0.1
0.034404;-0.070417;-0.072708;0.8659;0.0165;-0.4999;0.034404;1.163533;-0.031958;0.8659;0.0165;-0.4999;0.12253;-0.080712;0.079583;0.8659;0.0165;-0.4999;0.12253;-0.080712;0.079583;0.0;0.0893;0.996;0.034404;1.163533;-0.031958;0.0;0.0893;0.996;-0.053722;-0.080712;0.079583;0.0;0.0893;0.996;-0.053722;-0.080712;0.079583;-0.8659;0.0165;-0.4999;0.034404;1.163533;-0.031958;-0.8659;0.0165;-0.4999;0.034404;-0.070417;-0.072708;-0.8659;0.0165;-0.4999
-2.315253;-0.106576;-2.402811;1.921085;6.434765;1.981388;3;0;extraBounds;2;-1.39637;3.695946;-1.82992;1.511345;6.146614;1.924303;-0.204136;0.030513;-0.278072;0.319111;3.688149;0.245175
111;2
90;0.533;0.557;0.31;0.035
-0.866548;3.984979;-0.068112;-0.5199;-0.7336;-0.4376;-1.447935;4.985545;-1.054619;-0.5199;-0.7336;-0.4376;-0.329131;3.981102;-0.700055;-0.5199;-0.7336;-0.4376;-0.329131;3.981102;-0.700055;0.6686;0.7436;-0.003;-1.447935;4.985545;-1.054619;0.6686;0.7436;-0.003;0.0012;3.687142;0.046356;0.6686;0.7436;-0.003;0.0012;3.687142;0.046356;0.168;0.7399;0.6514;-1.447935;4.985545;-1.054619;0.168;0.7399;0.6514;-0.866548;3.984979;-0.068112;0.168;0.7399;0.6514;-0.866548;3.984979;-0.068112;-0.287;-0.9278;-0.2384;-0.329131;3.981102;-0.700055;-0.287;-0.9278;-0.2384;0.0012;3.687142;0.046356;-0.287;-0.9278;-0.2384;0.656679;4.898893;-0.535419;-0.6035;0.5454;0.5817;0.031944;3.650364;-0.012994;-0.6035;0.5454;0.5817;1.146181;4.639455;0.215677;-0.6035;0.5454;0.5817;1.146181;4.639455;0.215677;0.6733;-0.7156;-0.1856;0.031944;3.650364;-0.012994;0.6733;-0.7156;-0.1856;1.921085;5.523116;-0.380354;0.6733;-0.7156;-0.1856;1.921085;5.523116;-0.380354;0.3459;-0.5042;-0.7913;0.031944;3.650364;-0.012994;0.3459;-0.5042;-0.7913;0.656679;4.898893;-0.535419;0.3459;-0.5042;-0.7913;0.656679;4.898893;-0.535419;-0.4266;0.7322;0.5309;1.146181;4.639455;0.215677;-0.4266;0.7322;0.5309;1.921085;5.523116;-0.380354;-0.4266;0.7322;0.5309;0.622116;4.291162;0.791307;-0.0704;0.8079;-0.5851;-0.043117;3.679969;0.027435;-0.0704;0.8079;-0.5851;-0.37063;4.361146;1.007462;-0.0704;0.8079;-0.5851;-0.37063;4.361146;1.007462;-0.2362;-0.8331;0.5001;-0.043117;3.679969;0.027435;-0.2362;-0.8331;0.5001;0.339614;4.70419;1.914365;-0.2362;-0.8331;0.5001;0.339614;4.70419;1.914365;0.3298;-0.8561;0.3978;-0.043117;3.679969;0.027435;0.3298;-0.8561;0.3978;0.622116;4.291162;0.791307;0.3298;-0.8561;0.3978;0.622116;4.291162;0.791307;-0.0095;0.9377;-0.3472;-0.37063;4.361146;1.007462;-0.0095;0.9377;-0.3472;0.339614;4.70419;1.914365;-0.0095;0.9377;-0.3472;-0.068598;5.363139;-0.784723;0.4704;0.7736;0.4247;0.518265;5.065536;-0.892641;0.4704;0.7736;0.4247;-0.115117;6.279775;-2.402811;0.4704;0.7736;0.4247;-0.068598;5.363139;-0.784723;0.3624;0.4115;0.8362;0.028127;3.679867;0.001686;0.3624;0.4115;0.8362;0.518265;5.065536;-0.892641;0.3624;0.4115;0.8362;0.518265;5.065536;-0.892641;0.0308;-0.7726;-0.6341;-0.6347;5.00661;-0.876854;0.0308;-0.7726;-0.6341;-0.115117;6.279775;-2.402811;0.0308;-0.7726;-0.6341;0.518265;5.065536;-0.892641;0.0164;-0.5463;-0.8374;0.028127;3.679867;0.001686;0.0164;-0.5463;-0.8374;-0.6347;5.00661;-0.876854;0.0164;-0.5463;-0.8374;-0.6347;5.00661;-0.876854;-0.3741;0.3748;0.8483;0.028127;3.679867;0.001686;-0.3741;0.3748;0.8483;-0.068598;5.363139;-0.784723;-0.3741;0.3748;0.8483;-0.6347;5.00661;-0.876854;-0.5303;0.731;0.4294;-0.068598;5.363139;-0.784723;-0.5303;0.731;0.4294;-0.115117;6.279775;-2.402811;-0.5303;0.731;0.4294;0.102693;4.881259;1.187508;0.5434;-0.6891;0.4793;0.854898;5.035882;0.557068;0.5434;-0.6891;0.4793;1.375435;6.434765;1.978085;0.5434;-0.6891;0.4793;0.102693;4.881259;1.187508;0.6101;-0.5156;0.6015;0.065863;3.529197;0.065905;0.6101;-0.5156;0.6015;0.854898;5.035882;0.557068;0.6101;-0.5156;0.6015;0.369348;5.146406;0.69514;-0.757;0.6506;-0.0596;0.102693;4.881259;1.187508;-0.757;0.6506;-0.0596;1.375435;6.434765;1.978085;-0.757;0.6506;-0.0596;0.369348;5.146406;0.69514;-0.8976;0.2956;-0.3269;0.065863;3.529197;0.065905;-0.8976;0.2956;-0.3269;0.102693;4.881259;1.187508;-0.8976;0.2956;-0.3269;0.854898;5.035882;0.557068;-0.1703;0.3849;-0.9071;0.065863;3.529197;0.065905;-0.1703;0.3849;-0.9071;0.369348;5.146406;0.69514;-0.1703;0.3849;-0.9071;0.854898;5.035882;0.557068;-0.034;0.7184;-0.6948;0.369348;5.146406;0.69514;-0.034;0.7184;-0.6948;1.375435;6.434765;1.978085;-0.034;0.7184;-0.6948;-1.196327;4.86181;0.366974;-0.6577;-0.7513;0.0547;-0.703897;4.499071;1.305355;-0.6577;-0.7513;0.0547;-2.315253;5.958857;1.981388;-0.6577;-0.7513;0.0547;-1.196327;4.86181;0.366974;-0.6988;-0.7093;0.0925;-0.01805;3.654249;0.008812;-0.6988;-0.7093;0.0925;-0.703897;4.499071;1.305355;-0.6988;-0.7093;0.0925;-0.629699;5.021137;0.833335;0.1529;0.8634;-0.4807;-1.196327;4.86181;0.366974;0.1529;0.8634;-0.4807;-2.315253;5.958857;1.981388;0.1529;0.8634;-0.4807;-0.629699;5.021137;0.833335;0.4023;0.5981;-0.6931;-0.01805;3.654249;0.008812;0.4023;0.5981;-0.6931;-1.196327;4.86181;0.366974;0.4023;0.5981;-0.6931;-0.703897;4.499071;1.305355;0.9137;0.1933;0.3574;-0.01805;3.654249;0.008812;0.9137;0.1933;0.3574;-0.629699;5.021137;0.833335;0.9137;0.1933;0.3574;-0.703897;4.499071;1.305355;0.66;0.45;0.6015;-0.629699;5.021137;0.833335;0.66;0.45;0.6015;-2.315253;5.958857;1.981388;0.66;0.45;0.6015
21;0.294;0.322;0.212;0.055
-0.149565;-0.077424;0.040279;-0.4953;0.0043;-0.8686;0.005605;3.762772;-0.02902;-0.4953;0.0043;-0.8686;0.224346;-0.066186;-0.172886;-0.4953;0.0043;-0.8686;0.111967;3.663013;0.062419;0.1424;0.747;0.6493;0.005605;3.762772;-0.02902;0.1424;0.747;0.6493;-0.100756;3.69171;0.076065;0.1424;0.747;0.6493;-0.149565;-0.077424;0.040279;0.0626;-0.0103;0.998;0.111967;3.663013;0.062419;0.0626;-0.0103;0.998;-0.100756;3.69171;0.076065;0.0626;-0.0103;0.998;0.179728;-0.106576;0.176558;0.6456;-0.0115;-0.7635;0.005605;3.762772;-0.02902;0.6456;-0.0115;-0.7635;0.111967;3.663013;0.062419;0.6456;-0.0115;-0.7635;-0.149565;-0.077424;0.040279;-0.7081;0.0159;-0.7059;-0.100756;3.69171;0.076065;-0.7081;0.0159;-0.7059;0.005605;3.762772;-0.02902;-0.7081;0.0159;-0.7059;-0.149565;-0.077424;0.040279;-0.3807;0.0211;0.9244;0.179728;-0.106576;0.176558;-0.3807;0.0211;0.9244;0.111967;3.663013;0.062419;-0.3807;0.0211;0.9244;0.179728;-0.106576;0.176558;0.9898;0.0515;0.1323;0.224346;-0.066186;-0.172886;0.9898;0.0515;0.1323;0.005605;3.762772;-0.02902;0.9898;0.0515;0.1323
-8.10771;-0.19392;-6.766839;6.618886;17.104597;8.762659;2;0;extraBounds;2;-7.204849;7.716127;-5.405124;5.388556;14.191751;6.668792;-0.485426;-0.068596;-0.452093;0.515549;7.778675;0.407645
165;2
126;0.533;0.557;0.31;0.015
3.466526;9.03781;-1.282885;-0.1567;-0.8999;-0.407;1.530568;10.032646;-2.737189;-0.1567;-0.8999;-0.407;5.225114;10.820424;-5.90175;-0.1567;-0.8999;-0.407;0.084195;11.824565;-1.750632;0.5089;0.7353;0.4476;1.381844;11.109686;-2.051739;0.5089;0.7353;0.4476;-0.02026;14.950327;-6.766839;0.5089;0.7353;0.4476;0.084195;11.824565;-1.750632;0.3739;0.3107;0.8739;0.039511;7.296228;-0.121559;0.3739;0.3107;0.8739;1.381844;11.109686;-2.051739;0.3739;0.3107;0.8739;3.466526;9.03781;-1.282885;0.0949;-0.7582;-0.645;-0.082176;7.357664;0.16996;0.0949;-0.7582;-0.645;1.530568;10.032646;-2.737189;0.0949;-0.7582;-0.645;1.381844;11.109686;-2.051739;0.0;-0.7753;-0.6315;-1.235909;11.109612;-2.051691;0.0;-0.7753;-0.6315;-0.02026;14.950327;-6.766839;0.0;-0.7753;-0.6315;1.381844;11.109686;-2.051739;0.0;-0.4516;-0.8922;0.039511;7.296228;-0.121559;0.0;-0.4516;-0.8922;-1.235909;11.109612;-2.051691;0.0;-0.4516;-0.8922;2.478258;10.214186;-1.518567;0.6237;0.6195;0.4766;3.466526;9.03781;-1.282885;0.6237;0.6195;0.4766;5.225114;10.820424;-5.90175;0.6237;0.6195;0.4766;2.478258;10.214186;-1.518567;0.2052;0.3551;0.912;-0.082176;7.357664;0.16996;0.2052;0.3551;0.912;3.466526;9.03781;-1.282885;0.2052;0.3551;0.912;-1.235909;11.109612;-2.051691;-0.371;0.3176;0.8726;0.039511;7.296228;-0.121559;-0.371;0.3176;0.8726;0.084195;11.824565;-1.750632;-0.371;0.3176;0.8726;-1.235909;11.109612;-2.051691;-0.5012;0.7296;0.4651;0.084195;11.824565;-1.750632;-0.5012;0.7296;0.4651;-0.02026;14.950327;-6.766839;-0.5012;0.7296;0.4651;1.530568;10.032646;-2.737189;-0.5868;0.7314;0.3474;-0.082176;7.357664;0.16996;-0.5868;0.7314;0.3474;2.478258;10.214186;-1.518567;-0.5868;0.7314;0.3474;1.530568;10.032646;-2.737189;-0.2004;0.9796;0.0099;2.478258;10.214186;-1.518567;-0.2004;0.9796;0.0099;5.225114;10.820424;-5.90175;-0.2004;0.9796;0.0099;1.977413;10.440076;2.171855;0.6094;-0.7928;0.0071;2.445078;10.774889;-0.580499;0.6094;-0.7928;0.0071;6.618886;14.009317;2.339989;0.6094;-0.7928;0.0071;1.977413;10.440076;2.171855;0.8039;-0.5913;0.0646;-0.034263;7.484605;0.154797;0.8039;-0.5913;0.0646;2.445078;10.774889;-0.580499;0.8039;-0.5913;0.0646;1.578908;11.257626;0.616506;-0.5406;0.6796;0.4957;1.977413;10.440076;2.171855;-0.5406;0.6796;0.4957;6.618886;14.009317;2.339989;-0.5406;0.6796;0.4957;1.578908;11.257626;0.616506;-0.863;0.3212;0.39;-0.034263;7.484605;0.154797;-0.863;0.3212;0.39;1.977413;10.440076;2.171855;-0.863;0.3212;0.39;2.445078;10.774889;-0.580499;-0.6768;0.3674;-0.6379;-0.034263;7.484605;0.154797;-0.6768;0.3674;-0.6379;1.578908;11.257626;0.616506;-0.6768;0.3674;-0.6379;2.445078;10.774889;-0.580499;-0.2656;0.812;-0.5197;1.578908;11.257626;0.616506;-0.2656;0.812;-0.5197;6.618886;14.009317;2.339989;-0.2656;0.812;-0.5197;-1.289392;11.349237;3.034149;-0.3265;-0.9152;0.236;0.85064;10.73489;3.61269;-0.3265;-0.9152;0.236;-0.337187;12.486587;8.762659;-0.3265;-0.9152;0.236;-1.289392;11.349237;3.034149;-0.3658;-0.6249;0.6896;0.021207;7.29767;0.057866;-0.3658;-0.6249;0.6896;0.85064;10.73489;3.61269;-0.3658;-0.6249;0.6896;0.083651;11.699814;2.900955;-0.258;0.9549;-0.1467;-1.289392;11.349237;3.034149;-0.258;0.9549;-0.1467;-0.337187;12.486587;8.762659;-0.258;0.9549;-0.1467;0.083651;11.699814;2.900955;-0.2152;0.5319;-0.8189;0.021207;7.29767;0.057866;-0.2152;0.5319;-0.8189;-1.289392;11.349237;3.034149;-0.2152;0.5319;-0.8189;0.85064;10.73489;3.61269;0.8236;0.2994;-0.4816;0.021207;7.29767;0.057866;0.8236;0.2994;-0.4816;0.083651;11.699814;2.900955;0.8236;0.2994;-0.4816;0.85064;10.73489;3.61269;0.7915;0.6106;-0.0251;0.083651;11.699814;2.900955;0.7915;0.6106;-0.0251;-0.337187;12.486587;8.762659;0.7915;0.6106;-0.0251;-3.3881;9.878698;-0.598198;-0.2113;-0.9275;0.3084;-2.58026;10.392483;1.500697;-0.2113;-0.9275;0.3084;-8.10771;11.809968;1.976902;-0.2113;-0.9275;0.3084;-3.3881;9.878698;-0.598198;-0.5641;-0.7253;0.3946;0.092254;7.438747;-0.107548;-0.5641;-0.7253;0.3946;-2.58026;10.392483;1.500697;-0.5641;-0.7253;0.3946;-2.449624;11.02227;0.100791;-0.1708;0.6121;-0.7721;-3.3881;9.878698;-0.598198;-0.1708;0.6121;-0.7721;-8.10771;11.809968;1.976902;-0.1708;0.6121;-0.7721;-2.449624;11.02227;0.100791;0.326;0.2837;-0.9018;0.092254;7.438747;-0.107548;0.326;0.2837;-0.9018;-3.3881;9.878698;-0.598198;0.326;0.2837;-0.9018;-2.58026;10.392483;1.500697;0.7827;0.5369;0.3146;0.092254;7.438747;-0.107548;0.7827;0.5369;0.3146;-2.449624;11.02227;0.100791;0.7827;0.5369;0.3146;-2.58026;10.392483;1.500697;0.2593;0.8715;0.4162;-2.449624;11.02227;0.100791;0.2593;0.8715;0.4162;-8.10771;11.809968;1.976902;0.2593;0.8715;0.4162;-1.523689;9.602115;-3.425915;-0.3422;-0.9396;-0.0014;-3.099337;10.172945;-1.414917;-0.3422;-0.9396;-0.0014;-5.721979;11.135132;-5.914425;-0.3422;-0.9396;-0.0014;-1.523689;9.602115;-3.425915;-0.5846;-0.7756;-0.2379;-0.040391;7.404813;0.091665;-0.5846;-0.7756;-0.2379;-3.099337;10.172945;-1.414917;-0.5846;-0.7756;-0.2379;-1.887461;10.598968;-2.290117;0.5312;0.7138;-0.4564;-1.523689;9.602115;-3.425915;0.5312;0.7138;-0.4564;-5.721979;11.135132;-5.914425;0.5312;0.7138;-0.4564;-1.887461;10.598968;-2.290117;0.892;0.4405;-0.101;-0.040391;7.404813;0.091665;0.892;0.4405;-0.101;-1.523689;9.602115;-3.425915;0.892;0.4405;-0.101;-3.099337;10.172945;-1.414917;0.265;0.6702;0.6932;-0.040391;7.404813;0.091665;0.265;0.6702;0.6932;-1.887461;10.598968;-2.290117;0.265;0.6702;0.6932;-3.099337;10.172945;-1.414917;-0.1319;0.9508;0.2802;-1.887461;10.598968;-2.290117;-0.1319;0.9508;0.2802;-5.721979;11.135132;-5.914425;-0.1319;0.9508;0.2802;-1.854757;12.323365;0.908886;-0.5899;-0.6482;0.4815;-0.187413;11.949982;2.449151;-0.5899;-0.6482;0.4815;-3.622059;17.104597;5.180525;-0.5899;-0.6482;0.4815;-1.854757;12.323365;0.908886;-0.6707;-0.3885;0.6318;0.067257;7.528686;6.36E-4;-0.6707;-0.3885;0.6318;-0.187413;11.949982;2.449151;-0.6707;-0.3885;0.6318;-0.50547;12.631755;1.240869;0.0285;0.6718;-0.7401;-1.854757;12.323365;0.908886;0.0285;0.6718;-0.7401;-3.622059;17.104597;5.180525;0.0285;0.6718;-0.7401;-0.50547;12.631755;1.240869;0.1767;0.2511;-0.9517;0.067257;7.528686;6.36E-4;0.1767;0.2511;-0.9517;-1.854757;12.323365;0.908886;0.1767;0.2511;-0.9517;-0.187413;11.949982;2.449151;0.9736;0.1509;-0.1711;0.067257;7.528686;6.36E-4;0.9736;0.1509;-0.1711;-0.50547;12.631755;1.240869;0.9736;0.1509;-0.1711;-0.187413;11.949982;2.449151;0.8475;0.5257;0.0735;-0.50547;12.631755;1.240869;0.8475;0.5257;0.0735;-3.622059;17.104597;5.180525;0.8475;0.5257;0.0735
39;0.294;0.322;0.212;0.025
0.186543;4.358751;-0.17618;0.8659;0.001;-0.5001;0.535569;-0.19392;0.418872;0.8659;0.001;-0.5001;0.021147;-0.168318;-0.471767;0.8659;0.001;-0.5001;0.535569;-0.19392;0.418872;0.0;0.065;0.9979;-0.332893;4.346656;0.12283;0.0;0.065;0.9979;-0.493276;-0.19392;0.418872;0.0;0.065;0.9979;-0.332893;4.346656;0.12283;-0.4984;-0.0225;-0.8667;0.039334;7.386304;-0.170266;-0.4984;-0.0225;-0.8667;0.186543;4.358751;-0.17618;-0.4984;-0.0225;-0.8667;-0.493276;-0.19392;0.418872;-0.8649;0.0641;-0.4977;0.186543;4.358751;-0.17618;-0.8649;0.0641;-0.4977;0.021147;-0.168318;-0.471767;-0.8649;0.0641;-0.4977;0.323771;7.485485;0.165529;0.1739;0.8946;-0.4116;0.039334;7.386304;-0.170266;0.1739;0.8946;-0.4116;-0.245103;7.607466;0.190241;0.1739;0.8946;-0.4116;-0.332893;4.346656;0.12283;0.0387;-0.0217;0.999;0.323771;7.485485;0.165529;0.0387;-0.0217;0.999;-0.245103;7.607466;0.190241;0.0387;-0.0217;0.999;0.286462;4.566023;0.275356;0.7675;-0.0339;-0.6401;0.039334;7.386304;-0.170266;0.7675;-0.0339;-0.6401;0.323771;7.485485;0.165529;0.7675;-0.0339;-0.6401;0.186543;4.358751;-0.17618;0.971;0.0437;-0.2349;0.286462;4.566023;0.275356;0.971;0.0437;-0.2349;0.535569;-0.19392;0.418872;0.971;0.0437;-0.2349;0.535569;-0.19392;0.418872;-0.2445;0.0164;0.9695;0.286462;4.566023;0.275356;-0.2445;0.0164;0.9695;-0.332893;4.346656;0.12283;-0.2445;0.0164;0.9695;-0.332893;4.346656;0.12283;-0.7744;0.0339;-0.6318;-0.245103;7.607466;0.190241;-0.7744;0.0339;-0.6318;0.039334;7.386304;-0.170266;-0.7744;0.0339;-0.6318;-0.493276;-0.19392;0.418872;-0.4978;-0.0389;-0.8664;-0.332893;4.346656;0.12283;-0.4978;-0.0389;-0.8664;0.186543;4.358751;-0.17618;-0.4978;-0.0389;-0.8664;-0.332893;4.346656;0.12283;-0.2521;0.0396;0.9669;0.286462;4.566023;0.275356;-0.2521;0.0396;0.9669;0.323771;7.485485;0.165529;-0.2521;0.0396;0.9669;0.286462;4.566023;0.275356;0.9704;0.0476;-0.2366;0.186543;4.358751;-0.17618;0.9704;0.0476;-0.2366;0.039334;7.386304;-0.170266;0.9704;0.0476;-0.2366
-0.244452;5.166494;-0.530347;1.925961;8.386683;1.676806;1;1
126;1
126;0.866;0.82;0.43;0.02
0.056862;6.705471;-0.009607;0.2058;-0.2943;-0.9333;0.583132;6.664387;0.119435;0.2058;-0.2943;-0.9333;0.380461;5.501035;0.441613;0.2058;-0.2943;-0.9333;0.056862;6.705471;-0.009607;0.2482;0.2086;-0.946;0.791874;8.314674;0.538092;0.2482;0.2086;-0.946;0.583132;6.664387;0.119435;0.2482;0.2086;-0.946;0.583132;6.664387;0.119435;0.7256;0.0633;0.6851;0.209217;6.701564;0.511999;0.7256;0.0633;0.6851;0.380461;5.501035;0.441613;0.7256;0.0633;0.6851;0.583132;6.664387;0.119435;0.687;-0.2591;0.6789;0.791874;8.314674;0.538092;0.687;-0.2591;0.6789;0.209217;6.701564;0.511999;0.687;-0.2591;0.6789;0.209217;6.701564;0.511999;-0.9076;0.3235;0.2675;0.791874;8.314674;0.538092;-0.9076;0.3235;0.2675;0.056862;6.705471;-0.009607;-0.9076;0.3235;0.2675;0.209217;6.701564;0.511999;-0.9491;-0.1516;0.2761;0.056862;6.705471;-0.009607;-0.9491;-0.1516;0.2761;0.380461;5.501035;0.441613;-0.9491;-0.1516;0.2761;0.77983;6.653586;-0.530347;0.8296;-0.1859;-0.5264;1.069204;6.642944;-0.070511;0.8296;-0.1859;-0.5264;0.893013;5.48507;0.060745;0.8296;-0.1859;-0.5264;0.77983;6.653586;-0.530347;0.8341;0.1818;-0.5207;0.922288;8.195338;0.236037;0.8341;0.1818;-0.5207;1.069204;6.642944;-0.070511;0.8341;0.1818;-0.5207;1.069204;6.642944;-0.070511;0.0396;0.1066;0.9935;0.526243;6.650833;-0.049736;0.0396;0.1066;0.9935;0.893013;5.48507;0.060745;0.0396;0.1066;0.9935;1.069204;6.642944;-0.070511;0.0348;-0.1904;0.9811;0.922288;8.195338;0.236037;0.0348;-0.1904;0.9811;0.526243;6.650833;-0.049736;0.0348;-0.1904;0.9811;0.526243;6.650833;-0.049736;-0.8447;0.2987;-0.444;0.922288;8.195338;0.236037;-0.8447;0.2987;-0.444;0.77983;6.653586;-0.530347;-0.8447;0.2987;-0.444;0.526243;6.650833;-0.049736;-0.841;-0.3068;-0.4455;0.77983;6.653586;-0.530347;-0.841;-0.3068;-0.4455;0.893013;5.48507;0.060745;-0.841;-0.3068;-0.4455;1.786481;6.677728;-0.106936;0.8855;-0.232;0.4026;1.561147;6.67582;0.387554;0.8855;-0.232;0.4026;1.230972;5.184447;0.254152;0.8855;-0.232;0.4026;1.786481;6.677728;-0.106936;0.8806;0.2505;0.4022;1.208003;8.286437;0.157534;0.8806;0.2505;0.4022;1.561147;6.67582;0.387554;0.8806;0.2505;0.4022;1.561147;6.67582;0.387554;-0.8126;0.1291;0.5682;1.246771;6.642284;-0.054423;-0.8126;0.1291;0.5682;1.230972;5.184447;0.254152;-0.8126;0.1291;0.5682;1.561147;6.67582;0.387554;-0.8079;-0.094;0.5818;1.208003;8.286437;0.157534;-0.8079;-0.094;0.5818;1.246771;6.642284;-0.054423;-0.8079;-0.094;0.5818;1.246771;6.642284;-0.054423;-0.1042;0.1247;-0.9867;1.208003;8.286437;0.157534;-0.1042;0.1247;-0.9867;1.786481;6.677728;-0.106936;-0.1042;0.1247;-0.9867;1.246771;6.642284;-0.054423;-0.0814;-0.2055;-0.9752;1.786481;6.677728;-0.106936;-0.0814;-0.2055;-0.9752;1.230972;5.184447;0.254152;-0.0814;-0.2055;-0.9752;1.925961;6.758951;0.879695;0.204;-0.0888;0.9749;1.39437;6.728111;0.988136;0.204;-0.0888;0.9749;1.47271;5.445551;0.854828;0.204;-0.0888;0.9749;1.925961;6.758951;0.879695;0.1656;0.3658;0.9158;1.008192;8.303067;0.428966;0.1656;0.3658;0.9158;1.39437;6.728111;0.988136;0.1656;0.3658;0.9158;1.39437;6.728111;0.988136;-0.9462;-0.0242;-0.3227;1.570246;6.683134;0.475939;-0.9462;-0.0242;-0.3227;1.47271;5.445551;0.854828;-0.9462;-0.0242;-0.3227;1.39437;6.728111;0.988136;-0.9038;-0.3218;-0.2821;1.008192;8.303067;0.428966;-0.9038;-0.3218;-0.2821;1.570246;6.683134;0.475939;-0.9038;-0.3218;-0.2821;1.570246;6.683134;0.475939;0.7093;0.2267;-0.6674;1.008192;8.303067;0.428966;0.7093;0.2267;-0.6674;1.925961;6.758951;0.879695;0.7093;0.2267;-0.6674;1.570246;6.683134;0.475939;0.7496;-0.247;-0.614;1.925961;6.758951;0.879695;0.7496;-0.247;-0.614;1.47271;5.445551;0.854828;0.7496;-0.247;-0.614;1.30268;6.832902;1.676806;-0.5955;-0.1936;0.7797;0.882842;6.763336;1.338879;-0.5955;-0.1936;0.7797;1.059841;5.184849;1.082078;-0.5955;-0.1936;0.7797;1.30268;6.832902;1.676806;-0.63;0.2759;0.7259;0.929566;8.374529;0.76695;-0.63;0.2759;0.7259;0.882842;6.763336;1.338879;-0.63;0.2759;0.7259;0.882842;6.763336;1.338879;-0.3441;0.113;-0.9321;1.391355;6.741602;1.148505;-0.3441;0.113;-0.9321;1.059841;5.184849;1.082078;-0.3441;0.113;-0.9321;0.882842;6.763336;1.338879;-0.3453;-0.305;-0.8875;0.929566;8.374529;0.76695;-0.3453;-0.305;-0.8875;1.391355;6.741602;1.148505;-0.3453;-0.305;-0.8875;1.391355;6.741602;1.148505;0.9496;0.2939;0.1086;0.929566;8.374529;0.76695;0.9496;0.2939;0.1086;1.30268;6.832902;1.676806;0.9496;0.2939;0.1086;1.391355;6.741602;1.148505;0.9571;-0.2122;0.1973;1.30268;6.832902;1.676806;0.9571;-0.2122;0.1973;1.059841;5.184849;1.082078;0.9571;-0.2122;0.1973;0.399402;6.84075;1.648505;-0.9673;-0.2341;0.0975;0.367388;6.750266;1.113635;-0.9673;-0.2341;0.0975;0.679674;5.506939;1.226771;-0.9673;-0.2341;0.0975;0.399402;6.84075;1.648505;-0.9532;0.302;0.006;0.862561;8.322295;0.638426;-0.9532;0.302;0.006;0.367388;6.750266;1.113635;-0.9532;0.302;0.006;0.367388;6.750266;1.113635;0.449;0.0315;-0.8929;0.852474;6.765292;1.358105;0.449;0.0315;-0.8929;0.679674;5.506939;1.226771;0.449;0.0315;-0.8929;0.367388;6.750266;1.113635;0.4253;-0.382;-0.8205;0.862561;8.322295;0.638426;0.4253;-0.382;-0.8205;0.852474;6.765292;1.358105;0.4253;-0.382;-0.8205;0.852474;6.765292;1.358105;0.5462;0.3485;0.7617;0.862561;8.322295;0.638426;0.5462;0.3485;0.7617;0.399402;6.84075;1.648505;0.5462;0.3485;0.7617;0.852474;6.765292;1.358105;0.5139;-0.1585;0.843;0.399402;6.84075;1.648505;0.5139;-0.1585;0.843;0.679674;5.506939;1.226771;0.5139;-0.1585;0.843;-0.244452;6.795848;1.026649;-0.7444;-0.1311;-0.6547;0.118387;6.712561;0.630783;-0.7444;-0.1311;-0.6547;0.345413;5.166494;0.68239;-0.7444;-0.1311;-0.6547;-0.244452;6.795848;1.026649;-0.7092;0.1663;-0.685;0.487375;8.386683;0.655236;-0.7092;0.1663;-0.685;0.118387;6.712561;0.630783;-0.7092;0.1663;-0.685;0.118387;6.712561;0.630783;0.9414;0.1278;-0.3122;0.283876;6.753987;1.146726;0.9414;0.1278;-0.3122;0.345413;5.166494;0.68239;0.9414;0.1278;-0.3122;0.118387;6.712561;0.630783;0.9371;-0.2024;-0.2843;0.487375;8.386683;0.655236;0.9371;-0.2024;-0.2843;0.283876;6.753987;1.146726;0.9371;-0.2024;-0.2843;0.283876;6.753987;1.146726;-0.1881;0.3045;0.9337;0.487375;8.386683;0.655236;-0.1881;0.3045;0.9337;-0.244452;6.795848;1.026649;-0.1881;0.3045;0.9337;0.283876;6.753987;1.146726;-0.2338;-0.2813;0.9307;-0.244452;6.795848;1.026649;-0.2338;-0.2813;0.9307;0.345413;5.166494;0.68239;-0.2338;-0.2813;0.9307
6
INFO;NameId;489;DescId;490;price;44000;dpPerMin;0;range;2;placeSound;thud
LIFE;averagePop;3.2;averageLife;58.0;popFactors;2;0;0.3;breedMat;29.0;breedTime;20.976278;parentId;27;count;420;reqs;2;MATERIAL;col;MUD_GREEN;FRUIT_FALL;target;1.2;FALL_DEATH;fallTime;3;totalTime;5;fallenAngle;60;particleEffect;1;ExplodeTime;0.975;UseMaterial;0;Colour;1;Spawn;2;5;0;1;0;PPS;30;Speed;1.5;Gravity;0.3;Life;3;Scale;0.1;Colour;0.294;0.322;0.212;Additive;0;Alpha;1;FadeIn;0.1;FadeOut;0.8;HasDir;1;Dir;0;1;0;Varience;0.25;Offset;0;5;0;LifeError;0.4;ScaleError;0.3;SpeedError;0.4;RandRot;1;HasXRot;1;XRotSpeed;180;Stages;1;2;enviroReqCount;2;reqId;1;minAltitude;15;maxAltitude;100;influence;0.8;reqId;2;barren;0;goodBiomes;1;9;idealFactor;100;influence;0.8
GROWTH;dynamic;0;growthTime;19.333334;modelStages;3;subStages;2
FRUITER;modelStage;3;stageCount;1;time;28
FRUIT_FALL;fruitID;44;spawnTime;0.35;spawnHeight;7;spawnRadius;1
WOOD;cut time;4;bark factor;0.6;colour;0.533;0.557;0.31
