1.0;name;1079
ef
0;1
1
-0.403869;-0.192179;-1.059902;0.218241;0.207524;0.978997;1
18;1
18;0.866;0.82;0.43
0.218241;0.112021;-0.034608;0.2348;0.965;0.1165;-0.188604;0.207524;-0.005788;0.2348;0.965;0.1165;-0.126157;0.073427;0.978997;0.2348;0.965;0.1165;0.218241;0.112021;-0.034608;0.1873;0.9097;-0.3706;-0.403869;-0.177595;-1.059902;0.1873;0.9097;-0.3706;-0.188604;0.207524;-0.005788;0.1873;0.9097;-0.3706;-0.188604;0.207524;-0.005788;-0.9556;-0.2939;0.0206;-0.065214;-0.192179;0.016282;-0.9556;-0.2939;0.0206;-0.126157;0.073427;0.978997;-0.9556;-0.2939;0.0206;-0.188604;0.207524;-0.005788;-0.9199;-0.2682;0.2858;-0.403869;-0.177595;-1.059902;-0.9199;-0.2682;0.2858;-0.065214;-0.192179;0.016282;-0.9199;-0.2682;0.2858;-0.065214;-0.192179;0.016282;0.6932;-0.684;-0.2274;-0.403869;-0.177595;-1.059902;0.6932;-0.684;-0.2274;0.218241;0.112021;-0.034608;0.6932;-0.684;-0.2274;-0.065214;-0.192179;0.016282;0.7314;-0.6441;0.224;0.218241;0.112021;-0.034608;0.7314;-0.6441;0.224;-0.126157;0.073427;0.978997;0.7314;-0.6441;0.224
2
DECAY;0.8
FOOD;1;906;10;WHOLE;PARTICLE_DEATH;isColour;1;Spawn;0;PPS;8;Speed;0.6;Gravity;0.2;Life;0.5;Scale;0.05;Colour;0.866;0.82;0.43;Additive;0;Alpha;1;FadeIn;0.1;FadeOut;0.8;HasDir;1;Dir;0;1;0;Deviation;0.3;Offset;0;0;0;LifeError;0.4;ScaleError;0.1;SpeedError;0.1;RandomRot;1;HasXRot;0