0.7
pnv
0;1
2
-0.418875;-0.098318;-0.373117;0.516106;0.644581;0.588466;1
78;1
78;0.349;0.655;0.373;0.2
-0.154459;0.357108;-0.163338;0.1802;0.6686;0.7214;-0.418875;0.644581;-0.363694;0.1802;0.6686;0.7214;-0.272224;0.343702;-0.121492;0.1802;0.6686;0.7214;-0.272224;0.343702;-0.121492;-0.5643;-0.6668;-0.4867;-0.418875;0.644581;-0.363694;-0.5643;-0.6668;-0.4867;-0.119914;0.343279;-0.297496;-0.5643;-0.6668;-0.4867;-0.119914;0.343279;-0.297496;0.6942;0.712;0.1053;-0.418875;0.644581;-0.363694;0.6942;0.712;0.1053;-0.154459;0.357108;-0.163338;0.6942;0.712;0.1053;-0.119914;0.343279;-0.297496;0.888;0.4208;0.1853;-0.154459;0.357108;-0.163338;0.888;0.4208;0.1853;0.031503;-0.098318;-0.020259;0.888;0.4208;0.1853;-0.272224;0.343702;-0.121492;-0.6289;-0.5565;-0.5429;-0.119914;0.343279;-0.297496;-0.6289;-0.5565;-0.5429;0.031503;-0.098318;-0.020259;-0.6289;-0.5565;-0.5429;-0.154459;0.357108;-0.163338;0.2693;0.387;0.8819;-0.272224;0.343702;-0.121492;0.2693;0.387;0.8819;0.031503;-0.098318;-0.020259;0.2693;0.387;0.8819;0.143603;0.380241;0.245449;0.193;0.8773;-0.4393;0.33307;0.51031;0.588466;0.193;0.8773;-0.4393;0.264116;0.336596;0.211231;0.193;0.8773;-0.4393;0.264116;0.336596;0.211231;0.2266;-0.8997;0.3729;0.33307;0.51031;0.588466;0.2266;-0.8997;0.3729;0.050969;0.329776;0.324291;0.2266;-0.8997;0.3729;0.050969;0.329776;0.324291;-0.5077;0.8603;-0.0458;0.33307;0.51031;0.588466;-0.5077;0.8603;-0.0458;0.143603;0.380241;0.245449;-0.5077;0.8603;-0.0458;0.050969;0.329776;0.324291;-0.7096;0.4281;-0.5596;0.143603;0.380241;0.245449;-0.7096;0.4281;-0.5596;0.017407;-0.079853;0.053466;-0.7096;0.4281;-0.5596;0.264116;0.336596;0.211231;0.4116;-0.5258;0.7443;0.050969;0.329776;0.324291;0.4116;-0.5258;0.7443;0.017407;-0.079853;0.053466;0.4116;-0.5258;0.7443;0.143603;0.380241;0.245449;-0.1095;0.4082;-0.9063;0.264116;0.336596;0.211231;-0.1095;0.4082;-0.9063;0.017407;-0.079853;0.053466;-0.1095;0.4082;-0.9063;0.255068;0.380354;-0.111735;-0.6219;0.7629;-0.1766;0.516106;0.544054;-0.323839;-0.6219;0.7629;-0.1766;0.225266;0.33154;-0.217657;-0.6219;0.7629;-0.1766;0.225266;0.33154;-0.217657;0.474;-0.8151;-0.3329;0.516106;0.544054;-0.323839;0.474;-0.8151;-0.3329;0.342768;0.33154;-0.050346;0.474;-0.8151;-0.3329;0.342768;0.33154;-0.050346;0.0069;0.7875;0.6163;0.516106;0.544054;-0.323839;0.0069;0.7875;0.6163;0.255068;0.380354;-0.111735;0.0069;0.7875;0.6163;0.342768;0.33154;-0.050346;-0.3912;0.3614;0.8463;0.255068;0.380354;-0.111735;-0.3912;0.3614;0.8463;0.069496;-0.067743;-0.006149;-0.3912;0.3614;0.8463;0.225266;0.33154;-0.217657;0.6944;-0.5292;-0.4876;0.342768;0.33154;-0.050346;0.6944;-0.5292;-0.4876;0.069496;-0.067743;-0.006149;0.6944;-0.5292;-0.4876;0.255068;0.380354;-0.111735;-0.915;0.3965;0.0747;0.225266;0.33154;-0.217657;-0.915;0.3965;0.0747;0.069496;-0.067743;-0.006149;-0.915;0.3965;0.0747;0.022719;-0.0627;0.064614;-0.237;-0.6484;0.7234;-0.294331;0.223884;0.217602;-0.237;-0.6484;0.7234;-0.033685;-0.080901;0.029816;-0.237;-0.6484;0.7234;0.059462;-0.060575;-0.118627;0.6973;-0.4013;-0.5939;0.040878;0.283744;-0.373117;0.6973;-0.4013;-0.5939;0.106952;-0.035933;-0.079521;0.6973;-0.4013;-0.5939;-0.022371;-0.044077;-0.0271;0.6222;0.7684;-0.1499;-0.294331;0.223884;0.217602;0.6222;0.7684;-0.1499;0.022719;-0.0627;0.064614;0.6222;0.7684;-0.1499;0.106952;-0.035933;-0.079521;-0.0668;0.6674;0.7417;0.040878;0.283744;-0.373117;-0.0668;0.6674;0.7417;0.007083;-0.043306;-0.081883;-0.0668;0.6674;0.7417;-0.033685;-0.080901;0.029816;-0.7997;-0.4189;-0.43;-0.294331;0.223884;0.217602;-0.7997;-0.4189;-0.43;-0.022371;-0.044077;-0.0271;-0.7997;-0.4189;-0.43;-0.033685;-0.080901;0.029816;0.4956;-0.7708;-0.4002;-0.022371;-0.044077;-0.0271;0.4956;-0.7708;-0.4002;0.022719;-0.0627;0.064614;0.4956;-0.7708;-0.4002;0.007083;-0.043306;-0.081883;-0.6024;-0.4952;-0.626;0.040878;0.283744;-0.373117;-0.6024;-0.4952;-0.626;0.059462;-0.060575;-0.118627;-0.6024;-0.4952;-0.626;0.059462;-0.060575;-0.118627;0.0529;-0.8726;0.4855;0.106952;-0.035933;-0.079521;0.0529;-0.8726;0.4855;0.007083;-0.043306;-0.081883;0.0529;-0.8726;0.4855
-1.871232;-1.322821;-2.351739;1.717543;1.958341;1.788582;3
126;2
90;0.349;0.655;0.373;0.2
-0.706686;1.521974;0.452443;0.3726;0.8627;0.3418;-1.871232;1.734375;1.186016;0.3726;0.8627;0.3418;-0.550435;1.320725;0.790078;0.3726;0.8627;0.3418;-0.627103;1.567127;-0.421723;-0.0736;0.8427;0.5332;-1.817085;1.958341;-1.204384;-0.0736;0.8427;0.5332;-0.904695;1.361686;-0.135372;-0.0736;0.8427;0.5332;-0.550435;1.320725;0.790078;-0.5919;-0.6525;0.4731;-0.926415;1.297467;0.287573;-0.5919;-0.6525;0.4731;0.029034;0.179108;-0.059614;-0.5919;-0.6525;0.4731;-0.904695;1.361686;-0.135372;-0.7307;-0.5687;-0.3775;-0.587083;1.34196;-0.720532;-0.7307;-0.5687;-0.3775;0.046134;0.05962;-0.014175;-0.7307;-0.5687;-0.3775;-0.550435;1.320725;0.790078;-0.2318;-0.9481;0.2173;-1.871232;1.734375;1.186016;-0.2318;-0.9481;0.2173;-0.926415;1.297467;0.287573;-0.2318;-0.9481;0.2173;-0.706686;1.521974;0.452443;0.8573;0.506;-0.0951;-0.550435;1.320725;0.790078;0.8573;0.506;-0.0951;0.029034;0.179108;-0.059614;0.8573;0.506;-0.0951;-0.926415;1.297467;0.287573;0.2019;0.4436;-0.8732;-0.706686;1.521974;0.452443;0.2019;0.4436;-0.8732;0.029034;0.179108;-0.059614;0.2019;0.4436;-0.8732;-0.926415;1.297467;0.287573;-0.2666;0.7262;-0.6336;-1.871232;1.734375;1.186016;-0.2666;0.7262;-0.6336;-0.706686;1.521974;0.452443;-0.2666;0.7262;-0.6336;0.328177;1.506972;0.54495;0.418;0.799;-0.4322;0.775879;1.945552;1.788582;0.418;0.799;-0.4322;0.692604;1.295675;0.506746;0.418;0.799;-0.4322;0.117411;1.317053;0.757963;-0.6778;0.7351;-0.0152;0.775879;1.945552;1.788582;-0.6778;0.7351;-0.0152;0.328177;1.506972;0.54495;-0.6778;0.7351;-0.0152;0.692604;1.295675;0.506746;0.3051;-0.5886;0.7486;0.117411;1.317053;0.757963;0.3051;-0.5886;0.7486;-0.023476;0.151931;-0.100766;0.3051;-0.5886;0.7486;0.51593;1.244368;-0.759994;0.5372;-0.6404;-0.5489;0.921372;1.177404;-0.285077;0.5372;-0.6404;-0.5489;0.001259;0.188819;-0.032231;0.5372;-0.6404;-0.5489;0.722095;1.320131;-0.434541;-0.7382;0.5879;0.3307;0.51593;1.244368;-0.759994;-0.7382;0.5879;0.3307;0.001259;0.188819;-0.032231;-0.7382;0.5879;0.3307;0.921372;1.177404;-0.285077;-0.2831;0.4764;0.8324;0.722095;1.320131;-0.434541;-0.2831;0.4764;0.8324;0.001259;0.188819;-0.032231;-0.2831;0.4764;0.8324;0.921372;1.177404;-0.285077;0.092;0.7785;0.6208;1.717543;1.733706;-1.100657;0.092;0.7785;0.6208;0.722095;1.320131;-0.434541;0.092;0.7785;0.6208;0.117411;1.317053;0.757963;-0.8042;0.4126;-0.4278;0.328177;1.506972;0.54495;-0.8042;0.4126;-0.4278;-0.023476;0.151931;-0.100766;-0.8042;0.4126;-0.4278;0.722095;1.320131;-0.434541;-0.3722;0.9279;0.0198;1.717543;1.733706;-1.100657;-0.3722;0.9279;0.0198;0.51593;1.244368;-0.759994;-0.3722;0.9279;0.0198;0.692604;1.295675;0.506746;0.1585;-0.8847;0.4382;0.775879;1.945552;1.788582;0.1585;-0.8847;0.4382;0.117411;1.317053;0.757963;0.1585;-0.8847;0.4382;0.51593;1.244368;-0.759994;0.2653;-0.8972;-0.353;1.717543;1.733706;-1.100657;0.2653;-0.8972;-0.353;0.921372;1.177404;-0.285077;0.2653;-0.8972;-0.353;0.328177;1.506972;0.54495;0.1353;0.3974;-0.9076;0.692604;1.295675;0.506746;0.1353;0.3974;-0.9076;-0.023476;0.151931;-0.100766;0.1353;0.3974;-0.9076;-0.587083;1.34196;-0.720532;0.917;0.3678;-0.1543;-0.627103;1.567127;-0.421723;0.917;0.3678;-0.1543;0.046134;0.05962;-0.014175;0.917;0.3678;-0.1543;-0.482784;1.320725;-0.997959;-0.1462;-0.6359;-0.7578;0.136786;1.297468;-1.097987;-0.1462;-0.6359;-0.7578;0.019439;0.129728;-0.0954;-0.1462;-0.6359;-0.7578;-0.482784;1.320725;-0.997959;-0.085;-0.9481;-0.3061;-0.220961;1.734375;-2.351739;-0.085;-0.9481;-0.3061;0.136786;1.297468;-1.097987;-0.085;-0.9481;-0.3061;-0.587083;1.34196;-0.720532;0.5358;0.7072;-0.4612;-1.817085;1.958341;-1.204384;0.5358;0.7072;-0.4612;-0.627103;1.567127;-0.421723;0.5358;0.7072;-0.4612;0.136786;1.297468;-1.097987;0.6781;0.4384;0.5899;-0.111191;1.521974;-0.97979;0.6781;0.4384;0.5899;0.019439;0.129728;-0.0954;0.6781;0.4384;0.5899;0.136786;1.297468;-1.097987;0.685;0.7262;0.0576;-0.220961;1.734375;-2.351739;0.685;0.7262;0.0576;-0.111191;1.521974;-0.97979;0.685;0.7262;0.0576;-0.904695;1.361686;-0.135372;-0.384;-0.906;-0.1779;-1.817085;1.958341;-1.204384;-0.384;-0.906;-0.1779;-0.587083;1.34196;-0.720532;-0.384;-0.906;-0.1779;-0.627103;1.567127;-0.421723;0.4804;0.4223;0.7687;-0.904695;1.361686;-0.135372;0.4804;0.4223;0.7687;0.046134;0.05962;-0.014175;0.4804;0.4223;0.7687;-0.111191;1.521974;-0.97979;-0.4756;0.8627;0.1716;-0.220961;1.734375;-2.351739;-0.4756;0.8627;0.1716;-0.482784;1.320725;-0.997959;-0.4756;0.8627;0.1716;-0.111191;1.521974;-0.97979;-0.3053;0.49;0.8165;-0.482784;1.320725;-0.997959;-0.3053;0.49;0.8165;0.019439;0.129728;-0.0954;-0.3053;0.49;0.8165
36;-1;0;0
0.240477;0.167633;-0.155148;0.1699;0.7186;-0.6743;-0.187526;0.167633;-0.262996;0.1699;0.7186;-0.6743;0.005604;0.311876;-0.060627;0.1699;0.7186;-0.6743;0.084463;-1.185934;-0.129631;0.866;-0.0107;0.5;-0.066924;0.167633;0.16159;0.866;-0.0107;0.5;-0.004658;-1.185934;0.024731;0.866;-0.0107;0.5;-0.004658;-1.185934;0.024731;0.839;-0.2478;0.4844;-0.004658;-1.322821;-0.045305;0.839;-0.2478;0.4844;0.084463;-1.185934;-0.129631;0.839;-0.2478;0.4844;-0.187526;0.167633;-0.262996;-0.7133;0.6709;0.2026;-0.066924;0.167633;0.16159;-0.7133;0.6709;0.2026;0.005604;0.311876;-0.060627;-0.7133;0.6709;0.2026;-0.093778;-1.185934;-0.129631;0.0;-0.0188;-0.9998;0.240477;0.167633;-0.155148;0.0;-0.0188;-0.9998;0.084463;-1.185934;-0.129631;0.0;-0.0188;-0.9998;0.084463;-1.185934;-0.129631;0.0;-0.5245;-0.8514;-0.004658;-1.322821;-0.045305;0.0;-0.5245;-0.8514;-0.093778;-1.185934;-0.129631;0.0;-0.5245;-0.8514;-0.066924;0.167633;0.16159;0.5845;0.5801;0.5673;0.240477;0.167633;-0.155148;0.5845;0.5801;0.5673;0.005604;0.311876;-0.060627;0.5845;0.5801;0.5673;-0.093778;-1.185934;-0.129631;-0.839;-0.2478;0.4844;-0.004658;-1.322821;-0.045305;-0.839;-0.2478;0.4844;-0.004658;-1.185934;0.024731;-0.839;-0.2478;0.4844;-0.004658;-1.185934;0.024731;-0.866;-0.0107;0.5;-0.187526;0.167633;-0.262996;-0.866;-0.0107;0.5;-0.093778;-1.185934;-0.129631;-0.866;-0.0107;0.5;0.084463;-1.185934;-0.129631;0.7159;-0.0694;0.6948;0.240477;0.167633;-0.155148;0.7159;-0.0694;0.6948;-0.066924;0.167633;0.16159;0.7159;-0.0694;0.6948;-0.093778;-1.185934;-0.129631;0.2436;-0.0784;-0.9667;-0.187526;0.167633;-0.262996;0.2436;-0.0784;-0.9667;0.240477;0.167633;-0.155148;0.2436;-0.0784;-0.9667;-0.004658;-1.185934;0.024731;-0.9594;-0.0717;0.2725;-0.066924;0.167633;0.16159;-0.9594;-0.0717;0.2725;-0.187526;0.167633;-0.262996;-0.9594;-0.0717;0.2725
5
MATERIAL;second;0;count;5;CUSTOM;0.776;0.584;0.408;1000;RED;50000;YELLOW;50000;PURPLE;200000;GOLD;2000000
INFO;NameId;460;DescId;461;price;7890;dpPerMin;0;range;2;placeSound;grassPlace
LIFE;averagePop;6.2;averageLife;6.5;popFactors;1;0.5;breedMat;3.25;breedTime;2.3518474;parentId;105;count;200;reqs;2;LIFE;type;2;enviroType;1;biome;GRASSLAND;amount;0.9;LIFE;type;2;enviroType;0;classification;ahs41;count;3;FADE_DEATH;0.5;enviroReqCount;2;reqId;2;barren;0;goodBiomes;3;0;1;8;ideal;70;influence;0.8;reqId;5;likedSpecies;1;ers;influence;0.4
GROWTH;dynamic;0;growthTime;2.1666667;modelStages;2;subStages;2
FOOD;1;908;35;ROOT_VEG;UP_DOWN_DEATH;speed;3.5;isColour;1;Spawn;0;PPS;8;Speed;0.6;Gravity;0.2;Life;0.5;Scale;0.05;Colour;0.776;0.584;0.408;Additive;0;Alpha;1;FadeIn;0.1;FadeOut;0.8;HasDir;1;Dir;0;1;0;Deviation;0.3;Offset;0;0;0;LifeError;0.4;ScaleError;0.1;SpeedError;0.1;RandomRot;1;HasXRot;0
