1.4
ptd
0;1
3
-1.075377;-0.029668;-0.661052;0.959215;1.475614;0.543769;1
108;2
60;-1.0;0.0;0.0;0.1
-0.061896;1.116448;0.240402;-0.0801;-0.9908;0.1089;0.881737;1.0493;0.323888;-0.0801;-0.9908;0.1089;0.317526;1.119096;0.543769;-0.0801;-0.9908;0.1089;-0.489515;1.475614;0.137943;-0.3274;0.914;-0.2396;-0.976011;1.157956;-0.409053;-0.3274;0.914;-0.2396;-1.075377;1.277178;0.18144;-0.3274;0.914;-0.2396;-0.010261;1.010319;-0.197304;0.6554;0.7484;-0.1017;-0.489515;1.475614;0.137943;0.6554;0.7484;-0.1017;-0.032122;1.111938;0.409198;0.6554;0.7484;-0.1017;-0.061896;1.116448;0.240402;-0.0522;-0.979;-0.1968;0.15982;1.229207;-0.37952;-0.0522;-0.979;-0.1968;0.881737;1.0493;0.323888;-0.0522;-0.979;-0.1968;-0.489515;1.475614;0.137943;-0.2289;0.7982;0.5572;-1.075377;1.277178;0.18144;-0.2289;0.7982;0.5572;-0.819794;1.164409;0.447976;-0.2289;0.7982;0.5572;-0.489515;1.475614;0.137943;0.0807;0.6592;0.7476;-0.819794;1.164409;0.447976;0.0807;0.6592;0.7476;-0.032122;1.111938;0.409198;0.0807;0.6592;0.7476;0.140034;1.359878;0.164626;-0.499;0.6066;0.6189;-0.061896;1.116448;0.240402;-0.499;0.6066;0.6189;0.317526;1.119096;0.543769;-0.499;0.6066;0.6189;0.140034;1.359878;0.164626;-0.7838;0.5967;-0.1718;0.15982;1.229207;-0.37952;-0.7838;0.5967;-0.1718;-0.061896;1.116448;0.240402;-0.7838;0.5967;-0.1718;-0.819794;1.164409;0.447976;-0.2841;-0.95;-0.1295;-1.075377;1.277178;0.18144;-0.2841;-0.95;-0.1295;-0.010261;1.010319;-0.197304;-0.2841;-0.95;-0.1295;-0.819794;1.164409;0.447976;-0.0576;-0.9849;0.1629;-0.010261;1.010319;-0.197304;-0.0576;-0.9849;0.1629;-0.032122;1.111938;0.409198;-0.0576;-0.9849;0.1629;0.881737;1.0493;0.323888;0.2715;0.8649;0.4222;0.140034;1.359878;0.164626;0.2715;0.8649;0.4222;0.317526;1.119096;0.543769;0.2715;0.8649;0.4222;0.140034;1.359878;0.164626;0.1039;0.9679;-0.2286;0.836596;1.148419;-0.413984;0.1039;0.9679;-0.2286;0.15982;1.229207;-0.37952;0.1039;0.9679;-0.2286;0.140034;1.359878;0.164626;0.0679;0.9606;-0.2693;0.959215;1.255783;-1.62E-4;0.0679;0.9606;-0.2693;0.836596;1.148419;-0.413984;0.0679;0.9606;-0.2693;0.881737;1.0493;0.323888;0.2144;0.7997;0.5608;0.959215;1.255783;-1.62E-4;0.2144;0.7997;0.5608;0.140034;1.359878;0.164626;0.2144;0.7997;0.5608;0.836596;1.148419;-0.413984;0.8523;-0.5089;-0.1205;0.959215;1.255783;-1.62E-4;0.8523;-0.5089;-0.1205;0.881737;1.0493;0.323888;0.8523;-0.5089;-0.1205;0.836596;1.148419;-0.413984;-0.1238;-0.9844;-0.1246;0.881737;1.0493;0.323888;-0.1238;-0.9844;-0.1246;0.15982;1.229207;-0.37952;-0.1238;-0.9844;-0.1246;-0.489515;1.475614;0.137943;-0.3151;0.9152;-0.2512;-0.407737;1.284423;-0.661052;-0.3151;0.9152;-0.2512;-0.976011;1.157956;-0.409053;-0.3151;0.9152;-0.2512;-0.010261;1.010319;-0.197304;0.6502;0.7513;-0.1132;-0.407737;1.284423;-0.661052;0.6502;0.7513;-0.1132;-0.489515;1.475614;0.137943;0.6502;0.7513;-0.1132;-0.976011;1.157956;-0.409053;-0.0249;-0.8698;-0.4927;-0.407737;1.284423;-0.661052;-0.0249;-0.8698;-0.4927;-0.010261;1.010319;-0.197304;-0.0249;-0.8698;-0.4927;-0.976011;1.157956;-0.409053;-0.1842;-0.969;0.1646;-0.010261;1.010319;-0.197304;-0.1842;-0.969;0.1646;-1.075377;1.277178;0.18144;-0.1842;-0.969;0.1646
48;0.31;0.278;0.227;0.1
-0.020595;0.624889;-0.049641;0.5311;-0.5383;0.6543;0.517302;1.207398;-0.006965;0.5311;-0.5383;0.6543;-0.082383;0.647157;0.018829;0.5311;-0.5383;0.6543;-0.082383;0.647157;0.018829;-0.669;0.7238;0.1687;0.517302;1.207398;-0.006965;-0.669;0.7238;0.1687;-0.100422;0.654541;-0.084351;-0.669;0.7238;0.1687;-0.100422;0.654541;-0.084351;0.3169;-0.2252;-0.9213;0.517302;1.207398;-0.006965;0.3169;-0.2252;-0.9213;-0.020595;0.624889;-0.049641;0.3169;-0.2252;-0.9213;-0.100422;0.654541;-0.084351;0.3302;0.0422;-0.9429;0.109703;-0.029668;-0.041375;0.3302;0.0422;-0.9429;-0.012777;-0.029668;-0.084273;0.3302;0.0422;-0.9429;0.109703;-0.029668;-0.041375;0.0;-1.0;0.0;0.011313;-0.029668;0.043247;0.0;-1.0;0.0;-0.012777;-0.029668;-0.084273;0.0;-1.0;0.0;-0.082383;0.647157;0.018829;-0.9745;-0.1282;0.1841;-0.012777;-0.029668;-0.084273;-0.9745;-0.1282;0.1841;0.011313;-0.029668;0.043247;-0.9745;-0.1282;0.1841;-0.082383;0.647157;0.018829;0.7581;0.1589;0.6324;0.109703;-0.029668;-0.041375;0.7581;0.1589;0.6324;-0.020595;0.624889;-0.049641;0.7581;0.1589;0.6324;-0.004472;0.722577;-0.052562;0.3632;0.6343;0.6824;-0.819417;1.265301;-0.123297;0.3632;0.6343;0.6824;-0.03243;0.68601;-0.003694;0.3632;0.6343;0.6824;-0.03243;0.68601;-0.003694;-0.5434;-0.6219;0.5638;-0.819417;1.265301;-0.123297;-0.5434;-0.6219;0.5638;-0.049024;0.646434;-0.063347;-0.5434;-0.6219;0.5638;-0.049024;0.646434;-0.063347;0.1289;0.0647;-0.9895;-0.819417;1.265301;-0.123297;0.1289;0.0647;-0.9895;-0.004472;0.722577;-0.052562;0.1289;0.0647;-0.9895;-0.2033;0.85036;-0.071543;0.8685;-0.4162;0.2692;-0.19446;1.151728;0.365811;0.8685;-0.4162;0.2692;-0.22454;0.826956;-0.039207;0.8685;-0.4162;0.2692;-0.22454;0.826956;-0.039207;-0.7626;-0.4758;0.4382;-0.19446;1.151728;0.365811;-0.7626;-0.4758;0.4382;-0.249607;0.856819;-0.050399;-0.7626;-0.4758;0.4382;-0.249607;0.856819;-0.050399;-0.1417;0.8165;-0.5597;-0.19446;1.151728;0.365811;-0.1417;0.8165;-0.5597;-0.2033;0.85036;-0.071543;-0.1417;0.8165;-0.5597;-0.100422;0.654541;-0.084351;0.4201;0.0722;-0.9046;-0.020595;0.624889;-0.049641;0.4201;0.0722;-0.9046;0.109703;-0.029668;-0.041375;0.4201;0.0722;-0.9046;-0.082383;0.647157;0.018829;-0.9788;-0.1253;0.1621;-0.100422;0.654541;-0.084351;-0.9788;-0.1253;0.1621;-0.012777;-0.029668;-0.084273;-0.9788;-0.1253;0.1621;-0.082383;0.647157;0.018829;0.6476;0.1168;0.753;0.011313;-0.029668;0.043247;0.6476;0.1168;0.753;0.109703;-0.029668;-0.041375;0.6476;0.1168;0.753
-3.556963;-0.154847;-2.112872;2.825502;4.50815;1.876601;3;0;extraBounds;2;-3.225292;2.618632;-1.900234;2.492806;4.459143;1.455427;-0.48777;-0.013551;-0.062283;0.188699;2.646568;0.225431
225;2
102;-1.0;0.0;0.0;0.05
-1.689514;3.345922;-2.112872;0.728;-0.4903;-0.4792;-0.376687;3.603542;-0.382054;0.728;-0.4903;-0.4792;-1.077909;2.624447;-0.445605;0.728;-0.4903;-0.4792;-0.376687;3.603542;-0.382054;0.7997;-0.0658;-0.5968;-1.689514;3.345922;-2.112872;0.7997;-0.0658;-0.5968;-1.109542;4.368742;-1.448451;0.7997;-0.0658;-0.5968;-1.689514;3.345922;-2.112872;-0.3066;-0.9094;-0.281;-1.077909;2.624447;-0.445605;-0.3066;-0.9094;-0.281;-3.251691;3.567818;-1.126409;-0.3066;-0.9094;-0.281;-1.689514;3.345922;-2.112872;-0.3428;0.6407;-0.687;-3.251691;3.567818;-1.126409;-0.3428;0.6407;-0.687;-1.109542;4.368742;-1.448451;-0.3428;0.6407;-0.687;-0.376687;3.603542;-0.382054;0.6544;0.7509;0.0891;-1.109542;4.368742;-1.448451;0.6544;0.7509;0.0891;-1.578961;4.50815;0.82512;0.6544;0.7509;0.0891;-1.077909;2.624447;-0.445605;0.8079;-0.5838;0.0798;-0.376687;3.603542;-0.382054;0.8079;-0.5838;0.0798;-0.651652;3.449642;1.27615;0.8079;-0.5838;0.0798;-3.251691;3.567818;-1.126409;-0.3858;-0.9215;-0.045;-1.077909;2.624447;-0.445605;-0.3858;-0.9215;-0.045;-2.887212;3.30037;1.227553;-0.3858;-0.9215;-0.045;-1.109542;4.368742;-1.448451;-0.3728;0.8317;-0.4115;-3.251691;3.567818;-1.126409;-0.3728;0.8317;-0.4115;-2.688686;4.423033;0.091901;-0.3728;0.8317;-0.4115;-1.077909;2.624447;-0.445605;0.0513;-0.9055;0.4212;-0.651652;3.449642;1.27615;0.0513;-0.9055;0.4212;-2.887212;3.30037;1.227553;0.0513;-0.9055;0.4212;-3.251691;3.567818;-1.126409;-0.6148;-0.7886;0.0056;-2.887212;3.30037;1.227553;-0.6148;-0.7886;0.0056;-3.556963;3.817087;0.46572;-0.6148;-0.7886;0.0056;-3.251691;3.567818;-1.126409;-0.6224;0.7462;-0.2362;-3.556963;3.817087;0.46572;-0.6224;0.7462;-0.2362;-2.688686;4.423033;0.091901;-0.6224;0.7462;-0.2362;-1.109542;4.368742;-1.448451;-0.0317;0.9972;-0.0677;-2.688686;4.423033;0.091901;-0.0317;0.9972;-0.0677;-1.578961;4.50815;0.82512;-0.0317;0.9972;-0.0677;-2.887212;3.30037;1.227553;-0.0442;0.3586;0.9324;-0.651652;3.449642;1.27615;-0.0442;0.3586;0.9324;-1.578961;4.50815;0.82512;-0.0442;0.3586;0.9324;-3.556963;3.817087;0.46572;-0.3428;0.6095;0.7148;-2.887212;3.30037;1.227553;-0.3428;0.6095;0.7148;-1.578961;4.50815;0.82512;-0.3428;0.6095;0.7148;-2.688686;4.423033;0.091901;-0.3662;0.8087;0.4603;-3.556963;3.817087;0.46572;-0.3662;0.8087;0.4603;-1.578961;4.50815;0.82512;-0.3662;0.8087;0.4603;2.40554;3.083997;1.007519;0.0515;-0.8614;0.5053;0.562508;3.483458;1.876601;0.0515;-0.8614;0.5053;0.215219;2.943892;0.992168;0.0515;-0.8614;0.5053;0.562508;3.483458;1.876601;0.439;0.0782;0.895;2.40554;3.083997;1.007519;0.439;0.0782;0.895;1.993185;4.196759;1.112591;0.439;0.0782;0.895;2.40554;3.083997;1.007519;0.0638;-0.9979;-0.0045;0.215219;2.943892;0.992168;0.0638;-0.9979;-0.0045;2.106469;3.074342;-1.067195;0.0638;-0.9979;-0.0045;2.40554;3.083997;1.007519;0.8109;-0.5738;-0.1142;2.106469;3.074342;-1.067195;0.8109;-0.5738;-0.1142;2.825502;3.914629;-0.183819;0.8109;-0.5738;-0.1142;2.40554;3.083997;1.007519;0.8366;0.2647;0.4795;2.825502;3.914629;-0.183819;0.8366;0.2647;0.4795;1.993185;4.196759;1.112591;0.8366;0.2647;0.4795;0.562508;3.483458;1.876601;-0.0673;0.789;0.6107;1.993185;4.196759;1.112591;-0.0673;0.789;0.6107;0.118555;4.450968;0.577639;-0.0673;0.789;0.6107;0.215219;2.943892;0.992168;-0.6482;-0.5098;0.5656;0.562508;3.483458;1.876601;-0.6482;-0.5098;0.5656;-0.410308;3.638156;0.901042;-0.6482;-0.5098;0.5656;2.106469;3.074342;-1.067195;-0.257;-0.9205;-0.2943;0.215219;2.943892;0.992168;-0.257;-0.9205;-0.2943;-0.278615;3.508009;-0.341046;-0.257;-0.9205;-0.2943;2.825502;3.914629;-0.183819;0.2221;0.6098;-0.7608;2.106469;3.074342;-1.067195;0.2221;0.6098;-0.7608;0.50053;3.68524;-1.046456;0.2221;0.6098;-0.7608;1.993185;4.196759;1.112591;0.3701;0.9283;0.0356;2.825502;3.914629;-0.183819;0.3701;0.9283;0.0356;1.487146;4.445181;-0.102947;0.3701;0.9283;0.0356;0.562508;3.483458;1.876601;-0.5249;0.5868;0.6165;0.118555;4.450968;0.577639;-0.5249;0.5868;0.6165;-0.410308;3.638156;0.901042;-0.5249;0.5868;0.6165;0.215219;2.943892;0.992168;-0.7423;-0.6699;-0.0085;-0.410308;3.638156;0.901042;-0.7423;-0.6699;-0.0085;-0.278615;3.508009;-0.341046;-0.7423;-0.6699;-0.0085;2.106469;3.074342;-1.067195;-0.3062;-0.7868;-0.5359;-0.278615;3.508009;-0.341046;-0.3062;-0.7868;-0.5359;0.50053;3.68524;-1.046456;-0.3062;-0.7868;-0.5359;2.825502;3.914629;-0.183819;0.2101;0.6423;-0.7371;0.50053;3.68524;-1.046456;0.2101;0.6423;-0.7371;1.487146;4.445181;-0.102947;0.2101;0.6423;-0.7371;1.993185;4.196759;1.112591;0.0862;0.9825;0.1649;1.487146;4.445181;-0.102947;0.0862;0.9825;0.1649;0.118555;4.450968;0.577639;0.0862;0.9825;0.1649;0.50053;3.68524;-1.046456;-0.5688;0.6842;-0.4564;-0.278615;3.508009;-0.341046;-0.5688;0.6842;-0.4564;0.118555;4.450968;0.577639;-0.5688;0.6842;-0.4564;1.487146;4.445181;-0.102947;-0.2242;0.86;-0.4582;0.50053;3.68524;-1.046456;-0.2242;0.86;-0.4582;0.118555;4.450968;0.577639;-0.2242;0.86;-0.4582;-0.376687;3.603542;-0.382054;0.7005;0.6905;0.1802;-1.578961;4.50815;0.82512;0.7005;0.6905;0.1802;-0.651652;3.449642;1.27615;0.7005;0.6905;0.1802;-0.278615;3.508009;-0.341046;-0.8546;0.4992;-0.1429;-0.410308;3.638156;0.901042;-0.8546;0.4992;-0.1429;0.118555;4.450968;0.577639;-0.8546;0.4992;-0.1429
123;0.31;0.278;0.227;0.03
-0.038967;-0.067496;0.177909;-0.923;-0.3633;0.1268;-0.429071;0.86677;0.0151;-0.923;-0.3633;0.1268;-0.038967;-0.154847;-0.072325;-0.923;-0.3633;0.1268;-0.429071;0.86677;0.0151;-0.0262;0.0753;-0.9968;0.211267;-0.067496;-0.072325;-0.0262;0.0753;-0.9968;-0.038967;-0.154847;-0.072325;-0.0262;0.0753;-0.9968;0.211267;-0.067496;-0.072325;0.9004;0.4226;0.1032;-0.256972;0.86677;0.187199;0.9004;0.4226;0.1032;0.211267;-0.128642;0.177909;0.9004;0.4226;0.1032;-0.256972;0.86677;0.187199;-0.0026;-0.0105;0.9999;-0.038967;-0.067496;0.177909;-0.0026;-0.0105;0.9999;0.211267;-0.128642;0.177909;-0.0026;-0.0105;0.9999;0.211267;-0.067496;-0.072325;0.313;-0.8967;0.313;-0.038967;-0.067496;0.177909;0.313;-0.8967;0.313;-0.038967;-0.154847;-0.072325;0.313;-0.8967;0.313;-0.256972;1.066244;0.0151;0.9974;0.0469;0.0544;-0.303936;1.977914;0.089061;0.9974;0.0469;0.0544;-0.256972;0.86677;0.187199;0.9974;0.0469;0.0544;-0.454644;2.038093;0.1702;0.3355;-0.3428;0.8774;-0.303936;1.977914;0.089061;0.3355;-0.3428;0.8774;1.425832;3.577832;0.052793;0.3355;-0.3428;0.8774;-0.429071;1.029976;0.187199;-0.9995;-0.0217;0.0206;-0.454644;2.038093;0.007921;-0.9995;-0.0217;0.0206;-0.429071;0.86677;0.0151;-0.9995;-0.0217;0.0206;-0.429071;1.029976;0.187199;0.4822;0.027;0.8756;-0.303936;1.977914;0.089061;0.4822;0.027;0.8756;-0.454644;2.038093;0.1702;0.4822;0.027;0.8756;-0.256972;1.066244;0.0151;0.5012;0.0956;-0.86;-0.454644;2.038093;0.007921;0.5012;0.0956;-0.86;-0.303936;1.977914;0.089061;0.5012;0.0956;-0.86;-0.303936;1.977914;0.089061;0.3224;-0.3683;-0.872;-0.454644;2.038093;0.007921;0.3224;-0.3683;-0.872;1.425832;3.577832;0.052793;0.3224;-0.3683;-0.872;-0.454644;2.038093;0.007921;-0.6335;0.7737;0.0;-0.454644;2.038093;0.1702;-0.6335;0.7737;0.0;1.425832;3.577832;0.052793;-0.6335;0.7737;0.0;-1.060605;2.316317;0.18593;0.7045;0.5401;-0.4604;-2.768222;3.76158;-0.731806;0.7045;0.5401;-0.4604;-1.031577;2.374657;0.298795;0.7045;0.5401;-0.4604;-1.060605;2.316317;0.18593;0.1585;0.8049;-0.5718;-0.309908;2.140943;0.147222;0.1585;0.8049;-0.5718;-0.345056;2.070305;0.03804;0.1585;0.8049;-0.5718;-1.031577;2.374657;0.298795;-0.3837;0.1909;0.9035;-2.768222;3.76158;-0.731806;-0.3837;0.1909;0.9035;-1.089634;2.257977;0.298795;-0.3837;0.1909;0.9035;-1.031577;2.374657;0.298795;0.1251;-0.2382;0.9631;-0.413726;1.999667;0.125776;0.1251;-0.2382;0.9631;-0.309908;2.140943;0.147222;0.1251;-0.2382;0.9631;-1.089634;2.257977;0.298795;-0.387;-0.7747;-0.5;-2.768222;3.76158;-0.731806;-0.387;-0.7747;-0.5;-1.060605;2.316317;0.18593;-0.387;-0.7747;-0.5;-1.060605;2.316317;0.18593;-0.4179;-0.7588;-0.4996;-0.413726;1.999667;0.125776;-0.4179;-0.7588;-0.4996;-1.089634;2.257977;0.298795;-0.4179;-0.7588;-0.4996;-0.796242;2.681528;1.021263;0.852;0.0288;-0.5227;-0.871079;2.732483;0.902077;0.852;0.0288;-0.5227;-0.905896;3.69898;0.898644;0.852;0.0288;-0.5227;-0.871079;2.732483;0.902077;0.8526;0.3171;-0.4154;-1.00519;2.262989;0.268416;0.8526;0.3171;-0.4154;-1.055362;2.355168;0.235795;0.8526;0.3171;-0.4154;-0.945915;2.681528;1.021263;0.0;0.1196;0.9928;-0.796242;2.681528;1.021263;0.0;0.1196;0.9928;-0.905896;3.69898;0.898644;0.0;0.1196;0.9928;-1.00519;2.262989;0.268416;0.217;-0.8603;0.4612;-0.945915;2.681528;1.021263;0.217;-0.8603;0.4612;-1.089634;2.257977;0.298795;0.217;-0.8603;0.4612;-0.871079;2.732483;0.902077;-0.8402;-0.0322;-0.5413;-0.945915;2.681528;1.021263;-0.8402;-0.0322;-0.5413;-0.905896;3.69898;0.898644;-0.8402;-0.0322;-0.5413;-1.089634;2.257977;0.298795;-0.9307;0.3621;0.0523;-0.871079;2.732483;0.902077;-0.9307;0.3621;0.0523;-1.055362;2.355168;0.235795;-0.9307;0.3621;0.0523;0.180746;2.50537;0.041497;0.1546;0.8198;0.5513;-1.126849;3.230753;-0.670459;0.1546;0.8198;0.5513;0.10721;2.462183;0.126336;0.1546;0.8198;0.5513;0.10721;2.462183;0.126336;-0.664;-0.5904;0.4588;-1.126849;3.230753;-0.670459;-0.664;-0.5904;0.4588;0.100576;2.417732;0.059539;-0.664;-0.5904;0.4588;0.100576;2.417732;0.059539;0.2504;-0.4096;-0.8772;-1.126849;3.230753;-0.670459;0.2504;-0.4096;-0.8772;0.180746;2.50537;0.041497;0.2504;-0.4096;-0.8772;-0.038967;-0.067496;0.177909;-0.8966;-0.3213;0.3047;-0.429071;1.029976;0.187199;-0.8966;-0.3213;0.3047;-0.429071;0.86677;0.0151;-0.8966;-0.3213;0.3047;-0.429071;0.86677;0.0151;-0.0602;0.052;-0.9968;-0.256972;1.066244;0.0151;-0.0602;0.052;-0.9968;0.211267;-0.067496;-0.072325;-0.0602;0.052;-0.9968;0.211267;-0.067496;-0.072325;0.8649;0.3279;0.38;-0.256972;1.066244;0.0151;0.8649;0.3279;0.38;-0.256972;0.86677;0.187199;0.8649;0.3279;0.38;-0.256972;0.86677;0.187199;-0.0121;-0.0128;0.9998;-0.429071;1.029976;0.187199;-0.0121;-0.0128;0.9998;-0.038967;-0.067496;0.177909;-0.0121;-0.0128;0.9998;0.211267;-0.067496;-0.072325;-0.2309;-0.9451;-0.2309;0.211267;-0.128642;0.177909;-0.2309;-0.9451;-0.2309;-0.038967;-0.067496;0.177909;-0.2309;-0.9451;-0.2309;-0.429071;1.029976;0.187199;-0.9997;-0.0253;0.0;-0.454644;2.038093;0.1702;-0.9997;-0.0253;0.0;-0.454644;2.038093;0.007921;-0.9997;-0.0253;0.0;-0.429071;1.029976;0.187199;0.0866;0.0913;0.992;-0.256972;0.86677;0.187199;0.0866;0.0913;0.992;-0.303936;1.977914;0.089061;0.0866;0.0913;0.992;-0.256972;1.066244;0.0151;0.0069;-0.006;-0.9999;-0.429071;0.86677;0.0151;0.0069;-0.006;-0.9999;-0.454644;2.038093;0.007921;0.0069;-0.006;-0.9999;-1.060605;2.316317;0.18593;0.1747;0.8556;-0.4872;-1.031577;2.374657;0.298795;0.1747;0.8556;-0.4872;-0.309908;2.140943;0.147222;0.1747;0.8556;-0.4872;-1.031577;2.374657;0.298795;0.2091;-0.104;0.9723;-1.089634;2.257977;0.298795;0.2091;-0.104;0.9723;-0.413726;1.999667;0.125776;0.2091;-0.104;0.9723;-1.060605;2.316317;0.18593;-0.3507;-0.5761;-0.7383;-0.345056;2.070305;0.03804;-0.3507;-0.5761;-0.7383;-0.413726;1.999667;0.125776;-0.3507;-0.5761;-0.7383;-0.871079;2.732483;0.902077;0.8596;0.3063;-0.4089;-0.796242;2.681528;1.021263;0.8596;0.3063;-0.4089;-1.00519;2.262989;0.268416;0.8596;0.3063;-0.4089;-1.00519;2.262989;0.268416;0.0;-0.874;0.4859;-0.796242;2.681528;1.021263;0.0;-0.874;0.4859;-0.945915;2.681528;1.021263;0.0;-0.874;0.4859;-1.089634;2.257977;0.298795;-0.7574;0.6177;-0.2115;-0.945915;2.681528;1.021263;-0.7574;0.6177;-0.2115;-0.871079;2.732483;0.902077;-0.7574;0.6177;-0.2115
-7.036324;-0.074784;-4.17655;5.728608;8.503482;3.519765;1.6666666;0;extraBounds;2;-6.425969;5.102258;-3.505787;5.58224;8.295468;2.936543;-0.997717;-0.021965;-0.336553;0.340592;5.137403;0.284053
405;2
114;-1.0;0.0;0.0;0.04
-2.926854;6.538038;-4.17655;0.3788;-0.8755;-0.3001;-0.371395;6.837719;-1.825217;0.3788;-0.8755;-0.3001;-2.266712;5.676831;-0.830531;0.3788;-0.8755;-0.3001;-0.371395;6.837719;-1.825217;0.6793;-0.1402;-0.7204;-2.926854;6.538038;-4.17655;0.6793;-0.1402;-0.7204;-1.525638;8.028509;-3.145448;0.6793;-0.1402;-0.7204;-2.926854;6.538038;-4.17655;-0.0327;-0.9695;-0.243;-2.266712;5.676831;-0.830531;-0.0327;-0.9695;-0.243;-6.196414;5.968719;-1.465929;-0.0327;-0.9695;-0.243;-2.926854;6.538038;-4.17655;-0.5349;-0.4195;-0.7334;-6.196414;5.968719;-1.465929;-0.5349;-0.4195;-0.7334;-5.397049;7.425102;-2.882149;-0.5349;-0.4195;-0.7334;-2.926854;6.538038;-4.17655;-0.1524;0.6552;-0.7399;-5.397049;7.425102;-2.882149;-0.1524;0.6552;-0.7399;-1.525638;8.028509;-3.145448;-0.1524;0.6552;-0.7399;-0.371395;6.837719;-1.825217;0.7118;0.7022;0.011;-1.525638;8.028509;-3.145448;0.7118;0.7022;0.011;-1.262675;7.699535;0.830315;0.7118;0.7022;0.011;-2.266712;5.676831;-0.830531;0.5284;-0.8488;0.0162;-0.371395;6.837719;-1.825217;0.5284;-0.8488;0.0162;-1.377058;6.290439;2.299755;0.5284;-0.8488;0.0162;-6.196414;5.968719;-1.465929;-0.0882;-0.992;0.0898;-2.266712;5.676831;-0.830531;-0.0882;-0.992;0.0898;-5.696821;6.258156;2.221669;-0.0882;-0.992;0.0898;-5.397049;7.425102;-2.882149;-0.9062;0.0974;-0.4113;-6.196414;5.968719;-1.465929;-0.9062;0.0974;-0.4113;-7.036324;7.291591;0.698001;-0.9062;0.0974;-0.4113;-1.525638;8.028509;-3.145448;-0.1674;0.9232;-0.3457;-5.397049;7.425102;-2.882149;-0.1674;0.9232;-0.3457;-5.299769;8.503482;-0.049635;-0.1674;0.9232;-0.3457;-2.266712;5.676831;-0.830531;0.0039;-0.9815;0.1913;-1.377058;6.290439;2.299755;0.0039;-0.9815;0.1913;-5.696821;6.258156;2.221669;0.0039;-0.9815;0.1913;-6.196414;5.968719;-1.465929;-0.7052;-0.693;0.1499;-5.696821;6.258156;2.221669;-0.7052;-0.693;0.1499;-7.036324;7.291591;0.698001;-0.7052;-0.693;0.1499;-5.397049;7.425102;-2.882149;-0.6252;0.7362;-0.2588;-7.036324;7.291591;0.698001;-0.6252;0.7362;-0.2588;-5.299769;8.503482;-0.049635;-0.6252;0.7362;-0.2588;-1.525638;8.028509;-3.145448;0.1803;0.9812;0.0692;-5.299769;8.503482;-0.049635;0.1803;0.9812;0.0692;-1.262675;7.699535;0.830315;0.1803;0.9812;0.0692;-1.377058;6.290439;2.299755;0.8372;0.3607;0.411;-1.262675;7.699535;0.830315;0.8372;0.3607;0.411;-1.982902;7.415139;2.546807;0.8372;0.3607;0.411;-5.696821;6.258156;2.221669;-0.0159;-0.2227;0.9747;-1.377058;6.290439;2.299755;-0.0159;-0.2227;0.9747;-1.982902;7.415139;2.546807;-0.0159;-0.2227;0.9747;-7.036324;7.291591;0.698001;-0.2694;0.6703;0.6914;-5.696821;6.258156;2.221669;-0.2694;0.6703;0.6914;-1.982902;7.415139;2.546807;-0.2694;0.6703;0.6914;-5.299769;8.503482;-0.049635;-0.247;0.7399;0.6257;-7.036324;7.291591;0.698001;-0.247;0.7399;0.6257;-1.982902;7.415139;2.546807;-0.247;0.7399;0.6257;-1.262675;7.699535;0.830315;0.1441;0.9647;0.2203;-5.299769;8.503482;-0.049635;0.1441;0.9647;0.2203;-1.982902;7.415139;2.546807;0.1441;0.9647;0.2203;4.888684;5.82541;1.7816;1.0E-4;-0.9085;0.4177;1.20262;6.624332;3.519765;1.0E-4;-0.9085;0.4177;0.508042;5.810969;1.750898;1.0E-4;-0.9085;0.4177;1.20262;6.624332;3.519765;0.439;0.0782;0.895;4.888684;5.82541;1.7816;0.439;0.0782;0.895;4.063974;8.050935;1.991743;0.439;0.0782;0.895;4.888684;5.82541;1.7816;0.0033;-1.0;0.0042;0.508042;5.810969;1.750898;0.0033;-1.0;0.0042;4.290541;5.8061;-2.367829;0.0033;-1.0;0.0042;4.888684;5.82541;1.7816;0.8109;-0.5738;-0.1142;4.290541;5.8061;-2.367829;0.8109;-0.5738;-0.1142;5.728608;7.486673;-0.601077;0.8109;-0.5738;-0.1142;4.888684;5.82541;1.7816;0.8366;0.2647;0.4795;5.728608;7.486673;-0.601077;0.8366;0.2647;0.4795;4.063974;8.050935;1.991743;0.8366;0.2647;0.4795;1.20262;6.624332;3.519765;-0.0047;0.7353;0.6777;4.063974;8.050935;1.991743;-0.0047;0.7353;0.6777;0.466377;7.927818;2.100498;-0.0047;0.7353;0.6777;0.508042;5.810969;1.750898;-0.0961;-0.8895;0.4467;1.20262;6.624332;3.519765;-0.0961;-0.8895;0.4467;-1.377058;6.290439;2.299755;-0.0961;-0.8895;0.4467;4.290541;5.8061;-2.367829;-0.2347;-0.9481;-0.2145;0.508042;5.810969;1.750898;-0.2347;-0.9481;-0.2145;-0.371395;6.837719;-1.825217;-0.2347;-0.9481;-0.2145;5.728608;7.486673;-0.601077;0.3648;0.5081;-0.7802;4.290541;5.8061;-2.367829;0.3648;0.5081;-0.7802;1.501021;7.23302;-2.742904;0.3648;0.5081;-0.7802;4.063974;8.050935;1.991743;0.2647;0.9635;-0.0397;5.728608;7.486673;-0.601077;0.2647;0.9635;-0.0397;2.423043;8.396186;-0.573396;0.2647;0.9635;-0.0397;1.20262;6.624332;3.519765;-0.4135;0.5535;0.7229;0.466377;7.927818;2.100498;-0.4135;0.5535;0.7229;-1.377058;6.290439;2.299755;-0.4135;0.5535;0.7229;0.508042;5.810969;1.750898;-0.2949;-0.9352;-0.196;-1.377058;6.290439;2.299755;-0.2949;-0.9352;-0.196;-0.371395;6.837719;-1.825217;-0.2949;-0.9352;-0.196;4.290541;5.8061;-2.367829;-0.2267;-0.6369;-0.7369;-0.371395;6.837719;-1.825217;-0.2267;-0.6369;-0.7369;1.501021;7.23302;-2.742904;-0.2267;-0.6369;-0.7369;5.728608;7.486673;-0.601077;0.2205;0.8175;-0.532;1.501021;7.23302;-2.742904;0.2205;0.8175;-0.532;2.423043;8.396186;-0.573396;0.2205;0.8175;-0.532;4.063974;8.050935;1.991743;-0.0292;0.988;0.1516;2.423043;8.396186;-0.573396;-0.0292;0.988;0.1516;0.466377;7.927818;2.100498;-0.0292;0.988;0.1516;-1.377058;6.290439;2.299755;-0.5074;0.6413;0.5755;0.466377;7.927818;2.100498;-0.5074;0.6413;0.5755;-1.262675;7.699535;0.830315;-0.5074;0.6413;0.5755;1.501021;7.23302;-2.742904;-0.3717;0.8391;-0.3971;-0.371395;6.837719;-1.825217;-0.3717;0.8391;-0.3971;-1.262675;7.699535;0.830315;-0.3717;0.8391;-0.3971;2.423043;8.396186;-0.573396;-0.3005;0.8879;-0.3483;1.501021;7.23302;-2.742904;-0.3005;0.8879;-0.3483;-1.262675;7.699535;0.830315;-0.3005;0.8879;-0.3483;0.466377;7.927818;2.100498;-0.1669;0.9846;0.0503;2.423043;8.396186;-0.573396;-0.1669;0.9846;0.0503;-1.262675;7.699535;0.830315;-0.1669;0.9847;0.0503
291;0.31;0.278;0.227;0.015
-0.375469;-0.067788;-0.033755;-0.7609;0.0942;-0.642;-0.043451;0.394749;-0.359367;-0.7609;0.0942;-0.642;-0.044884;-0.074784;-0.426588;-0.7609;0.0942;-0.642;-0.043451;0.394749;-0.359367;0.6287;0.1083;-0.7701;0.352801;-0.074784;-0.101947;0.6287;0.1083;-0.7701;-0.044884;-0.074784;-0.426588;0.6287;0.1083;-0.7701;0.352801;-0.074784;-0.101947;0.7833;0.0548;0.6192;0.07579;0.580362;0.19054;0.7833;0.0548;0.6192;0.034102;-0.067788;0.30059;0.7833;0.0548;0.6192;0.034102;-0.067788;0.30059;-0.6293;0.0981;0.7709;-0.260042;0.419626;-0.001592;-0.6293;0.0981;0.7709;-0.375469;-0.067788;-0.033755;-0.6293;0.0981;0.7709;0.352801;-0.074784;-0.101947;-0.0086;-0.9999;0.0105;-0.375469;-0.067788;-0.033755;-0.0086;-0.9999;0.0105;-0.044884;-0.074784;-0.426588;-0.0086;-0.9999;0.0105;-0.043451;0.394749;-0.359367;0.3404;0.3376;-0.8775;-0.469328;1.617005;-0.054342;0.3404;0.3376;-0.8775;0.292382;0.555484;-0.167235;0.3404;0.3376;-0.8775;-0.635022;1.602501;0.236749;0.8669;0.0496;0.4959;-0.469328;1.617005;-0.054342;0.8669;0.0496;0.4959;-0.655699;3.298628;0.103101;0.8669;0.0496;0.4959;0.07579;0.580362;0.19054;0.7434;0.4967;0.4479;-0.469328;1.617005;-0.054342;0.7434;0.4967;0.4479;-0.635022;1.602501;0.236749;0.7434;0.4967;0.4479;-0.260042;0.419626;-0.001592;-0.7948;-0.4038;-0.453;-0.760154;1.647162;-0.218383;-0.7948;-0.4038;-0.453;-0.043451;0.394749;-0.359367;-0.7948;-0.4038;-0.453;-0.260042;0.419626;-0.001592;-0.4905;-0.3189;0.811;-0.635022;1.602501;0.236749;-0.4905;-0.3189;0.811;-0.925848;1.632658;0.072708;-0.4905;-0.3189;0.811;-0.655699;3.298628;0.103101;0.8174;-0.5608;-0.1317;0.352649;4.839825;-0.201157;0.8174;-0.5608;-0.1317;0.397055;4.863897;-0.028116;0.8174;-0.5608;-0.1317;-0.925848;1.632658;0.072708;-0.8693;0.0277;-0.4935;-0.729314;3.294527;-0.180104;-0.8693;0.0277;-0.4935;-0.760154;1.647162;-0.218383;-0.8693;0.0277;-0.4935;-0.925848;1.632658;0.072708;-0.2808;0.028;0.9593;-0.655699;3.298628;0.103101;-0.2808;0.028;0.9593;-0.961405;3.372778;0.011437;-0.2808;0.028;0.9593;-0.760154;1.647162;-0.218383;0.4974;0.1353;-0.8569;-0.655699;3.298628;0.103101;0.4974;0.1353;-0.8569;-0.469328;1.617005;-0.054342;0.4974;0.1353;-0.8569;0.202939;4.856077;-0.082815;-0.6236;-0.1144;-0.7732;0.22826;5.476441;-0.195057;-0.6236;-0.1144;-0.7732;0.352649;4.839825;-0.201157;-0.6236;-0.1144;-0.7732;-0.655699;3.298628;0.103101;-0.2257;0.2373;0.9448;0.202939;4.856077;-0.082815;-0.2257;0.2373;0.9448;-0.961405;3.372778;0.011437;-0.2257;0.2373;0.9448;-0.729314;3.294527;-0.180104;-0.5496;0.3746;-0.7467;0.202939;4.856077;-0.082815;-0.5496;0.3746;-0.7467;0.352649;4.839825;-0.201157;-0.5496;0.3746;-0.7467;0.22826;5.476441;-0.195057;-0.089;-0.7384;-0.6685;0.074546;5.410501;-0.10175;-0.089;-0.7384;-0.6685;-2.102929;7.024579;-1.594613;-0.089;-0.7384;-0.6685;0.397055;4.863897;-0.028116;-0.27;-0.0296;0.9624;0.074546;5.410501;-0.10175;-0.27;-0.0296;0.9624;0.202939;4.856077;-0.082815;-0.27;-0.0296;0.9624;0.397055;4.863897;-0.028116;0.9656;0.2586;-0.0272;0.22826;5.476441;-0.195057;0.9656;0.2586;-0.0272;0.220113;5.525099;-0.021677;0.9656;0.2586;-0.0272;0.074546;5.410501;-0.10175;-0.5253;0.0751;0.8475;0.220113;5.525099;-0.021677;-0.5253;0.0751;0.8475;-2.102929;7.024579;-1.594613;-0.5253;0.0751;0.8475;0.220113;5.525099;-0.021677;0.6184;0.7637;-0.1853;0.22826;5.476441;-0.195057;0.6184;0.7637;-0.1853;-2.102929;7.024579;-1.594613;0.6184;0.7637;-0.1853;-4.047487;5.030552;-0.306688;-0.5007;0.1227;0.8569;-3.950104;5.172733;-0.270158;-0.5007;0.1227;0.8569;-5.1507;6.483647;-1.159493;-0.5007;0.1227;0.8569;-1.899379;4.381414;0.203391;0.3366;0.9357;0.1059;-3.950104;5.172733;-0.270158;0.3366;0.9357;0.1059;-1.871288;4.339147;0.48748;0.3366;0.9357;0.1059;-1.899379;4.381414;0.203391;0.5591;0.819;-0.1287;-0.690022;3.532264;0.053198;0.5591;0.819;-0.1287;-0.631059;3.457211;-0.168244;0.5591;0.819;-0.1287;-3.943257;5.100108;-0.430507;-0.3519;-0.6579;-0.6658;-4.047487;5.030552;-0.306688;-0.3519;-0.6579;-0.6658;-5.1507;6.483647;-1.159493;-0.3519;-0.6579;-0.6658;-2.054038;4.1762;0.33473;-0.3166;-0.0268;0.9482;-3.950104;5.172733;-0.270158;-0.3166;-0.0268;0.9482;-4.047487;5.030552;-0.306688;-0.3166;-0.0268;0.9482;-1.871288;4.339147;0.48748;-0.0863;-0.5672;0.8191;-0.836215;3.382158;-0.066143;-0.0863;-0.5672;0.8191;-0.690022;3.532264;0.053198;-0.0863;-0.5672;0.8191;-2.054038;4.1762;0.33473;0.0552;-0.5674;-0.8215;-3.943257;5.100108;-0.430507;0.0552;-0.5674;-0.8215;-1.899379;4.381414;0.203391;0.0552;-0.5674;-0.8215;-0.836215;3.382158;-0.066143;-0.3887;-0.1693;-0.9056;-1.899379;4.381414;0.203391;-0.3887;-0.1693;-0.9056;-0.631059;3.457211;-0.168244;-0.3887;-0.1693;-0.9056;-3.950104;5.172733;-0.270158;0.7897;0.5708;-0.2248;-3.943257;5.100108;-0.430507;0.7897;0.5708;-0.2248;-5.1507;6.483647;-1.159493;0.7897;0.5708;-0.2248;-3.480519;4.909093;-0.235554;0.6519;0.7;-0.2915;-4.994448;6.766582;0.839212;0.6519;0.7;-0.2915;-3.413308;4.89812;-0.111598;0.6519;0.7;-0.2915;-3.413308;4.89812;-0.111598;-0.0751;-0.502;0.8616;-4.994448;6.766582;0.839212;-0.0751;-0.502;0.8616;-3.562613;4.857213;-0.148457;-0.0751;-0.502;0.8616;-3.562613;4.857213;-0.148457;-0.6791;-0.1362;-0.7212;-4.994448;6.766582;0.839212;-0.6791;-0.1362;-0.7212;-3.480519;4.909093;-0.235554;-0.6791;-0.1362;-0.7212;2.174229;4.87231;-0.760811;-0.1285;-0.1098;0.9856;2.214178;4.723958;-0.772129;-0.1285;-0.1098;0.9856;4.404867;6.18157;-0.324114;-0.1285;-0.1098;0.9856;1.195049;5.105693;-0.373315;-0.469;-0.7246;-0.5049;2.214178;4.723958;-0.772129;-0.469;-0.7246;-0.5049;1.164296;5.01847;-0.219588;-0.469;-0.7246;-0.5049;0.322783;4.886487;-0.17598;0.1008;-0.826;-0.5546;1.164296;5.01847;-0.219588;0.1008;-0.826;-0.5546;0.315618;4.791382;-0.035639;0.1008;-0.826;-0.5546;2.157838;4.798134;-0.894832;-0.4025;0.8209;-0.4051;2.174229;4.87231;-0.760811;-0.4025;0.8209;-0.4051;4.404867;6.18157;-0.324114;-0.4025;0.8209;-0.4051;1.164296;5.01847;-0.219588;0.4549;-0.1224;0.882;2.174229;4.87231;-0.760811;0.4549;-0.1224;0.882;1.206098;5.192915;-0.216932;0.4549;-0.1224;0.882;1.164296;5.01847;-0.219588;0.139;0.2553;0.9568;0.259486;4.990559;-0.080632;0.139;0.2553;0.9568;0.315618;4.791382;-0.035639;0.139;0.2553;0.9568;1.195049;5.105693;-0.373315;0.0161;0.874;-0.4857;2.174229;4.87231;-0.760811;0.0161;0.874;-0.4857;2.157838;4.798134;-0.894832;0.0161;0.874;-0.4857;1.206098;5.192915;-0.216932;-0.2357;0.5747;-0.7837;0.322783;4.886487;-0.17598;-0.2357;0.5747;-0.7837;0.259486;4.990559;-0.080632;-0.2357;0.5747;-0.7837;2.214178;4.723958;-0.772129;0.5235;-0.6012;-0.6038;2.157838;4.798134;-0.894832;0.5235;-0.6012;-0.6038;4.404867;6.18157;-0.324114;0.5235;-0.6012;-0.6038;0.867208;5.743512;0.07372;0.9634;-0.1351;0.2315;0.906868;5.794669;-0.061497;0.9634;-0.1351;0.2315;0.557702;7.561625;2.423346;0.9634;-0.1351;0.2315;0.748791;4.986293;-0.260854;0.9054;0.0449;-0.4222;0.867208;5.743512;0.07372;0.9054;0.0449;-0.4222;0.795416;4.945455;-0.165215;0.9054;0.0449;-0.4222;0.782328;5.845825;0.00443;-0.8232;-0.4963;0.2756;0.867208;5.743512;0.07372;-0.8232;-0.4963;0.2756;0.557702;7.561625;2.423346;-0.8232;-0.4963;0.2756;0.867208;5.743512;0.07372;-0.1627;-0.2695;0.9491;0.648403;5.002821;-0.174128;-0.1627;-0.2695;0.9491;0.795416;4.945455;-0.165215;-0.1627;-0.2695;0.9491;0.906868;5.794669;-0.061497;0.0303;0.8166;-0.5764;0.782328;5.845825;0.00443;0.0303;0.8166;-0.5764;0.557702;7.561625;2.423346;0.0303;0.8166;-0.5764;0.648403;5.002821;-0.174128;-0.5948;0.3002;-0.7457;0.906868;5.794669;-0.061497;-0.5948;0.3002;-0.7457;0.748791;4.986293;-0.260854;-0.5948;0.3002;-0.7457;-1.54581;5.576021;1.963474;-0.6458;-0.3001;0.702;-1.410391;5.526976;2.067077;-0.6458;-0.3001;0.702;-1.797961;7.070432;2.370256;-0.6458;-0.3001;0.702;-1.89249;4.797321;1.608097;0.8636;-0.4858;-0.1349;-1.410391;5.526976;2.067077;0.8636;-0.4858;-0.1349;-1.929511;4.693004;1.74675;0.8636;-0.4858;-0.1349;-1.89249;4.797321;1.608097;0.9467;-0.3219;-0.0091;-2.085239;4.267167;0.307782;0.9467;-0.3219;-0.0091;-2.036836;4.412041;0.217527;0.9467;-0.3219;-0.0091;-1.379592;5.584138;1.901968;-0.3488;0.1909;-0.9175;-1.54581;5.576021;1.963474;-0.3488;0.1909;-0.9175;-1.797961;7.070432;2.370256;-0.3488;0.1909;-0.9175;-1.929511;4.693004;1.74675;-0.5199;0.0163;0.854;-1.54581;5.576021;1.963474;-0.5199;0.0163;0.854;-2.059591;4.782508;1.665846;-0.5199;0.0163;0.854;-2.085239;4.267167;0.307782;-0.734;-0.6303;0.253;-2.059591;4.782508;1.665846;-0.734;-0.6303;0.253;-2.205554;4.391469;0.268404;-0.734;-0.6303;0.253;-1.89249;4.797321;1.608097;-0.3207;0.5077;-0.7996;-1.54581;5.576021;1.963474;-0.3207;0.5077;-0.7996;-1.379592;5.584138;1.901968;-0.3207;0.5077;-0.7996;-2.205554;4.391469;0.268404;-0.1895;0.9511;-0.2438;-1.89249;4.797321;1.608097;-0.1895;0.9511;-0.2438;-2.036836;4.412041;0.217527;-0.1895;0.9511;-0.2438;-1.410391;5.526976;2.067077;0.9509;0.1909;0.2435;-1.379592;5.584138;1.901968;0.9509;0.1909;0.2435;-1.797961;7.070432;2.370256;0.9509;0.1909;0.2435;-0.375469;-0.067788;-0.033755;-0.8255;0.2295;-0.5157;-0.260042;0.419626;-0.001592;-0.8255;0.2295;-0.5157;-0.043451;0.394749;-0.359367;-0.8255;0.2295;-0.5157;-0.043451;0.394749;-0.359367;0.5105;-0.04;-0.8589;0.292382;0.555484;-0.167235;0.5105;-0.04;-0.8589;0.352801;-0.074784;-0.101947;0.5105;-0.04;-0.8589;0.352801;-0.074784;-0.101947;0.8518;0.1341;0.5063;0.292382;0.555484;-0.167235;0.8518;0.1341;0.5063;0.07579;0.580362;0.19054;0.8518;0.1341;0.5063;0.034102;-0.067788;0.30059;-0.5504;0.174;0.8165;0.07579;0.580362;0.19054;-0.5504;0.174;0.8165;-0.260042;0.419626;-0.001592;-0.5504;0.174;0.8165;0.352801;-0.074784;-0.101947;-0.0086;-0.9999;0.0105;0.034102;-0.067788;0.30059;-0.0086;-0.9999;0.0105;-0.375469;-0.067788;-0.033755;-0.0086;-0.9999;0.0105;-0.043451;0.394749;-0.359367;0.4855;0.3672;-0.7933;-0.760154;1.647162;-0.218383;0.4855;0.3672;-0.7933;-0.469328;1.617005;-0.054342;0.4855;0.3672;-0.7933;0.07579;0.580362;0.19054;0.7567;0.498;0.4235;0.292382;0.555484;-0.167235;0.7567;0.498;0.4235;-0.469328;1.617005;-0.054342;0.7567;0.498;0.4235;-0.260042;0.419626;-0.001592;-0.7866;-0.4031;-0.4678;-0.925848;1.632658;0.072708;-0.7866;-0.4031;-0.4678;-0.760154;1.647162;-0.218383;-0.7866;-0.4031;-0.4678;-0.260042;0.419626;-0.001592;-0.3649;-0.2937;0.8835;0.07579;0.580362;0.19054;-0.3649;-0.2937;0.8835;-0.635022;1.602501;0.236749;-0.3649;-0.2937;0.8835;-0.655699;3.298628;0.103101;0.8013;-0.5638;-0.2001;-0.729314;3.294527;-0.180104;0.8013;-0.5638;-0.2001;0.352649;4.839825;-0.201157;0.8013;-0.5638;-0.2001;-0.925848;1.632658;0.072708;-0.644;-0.04;-0.764;-0.961405;3.372778;0.011437;-0.644;-0.04;-0.764;-0.729314;3.294527;-0.180104;-0.644;-0.04;-0.764;-0.925848;1.632658;0.072708;-0.4854;0.0628;0.872;-0.635022;1.602501;0.236749;-0.4854;0.0628;0.872;-0.655699;3.298628;0.103101;-0.4854;0.0628;0.872;-0.760154;1.647162;-0.218383;0.9678;-0.0123;-0.2514;-0.729314;3.294527;-0.180104;0.9678;-0.0123;-0.2514;-0.655699;3.298628;0.103101;0.9678;-0.0123;-0.2514;0.202939;4.856077;-0.082815;-0.4698;-0.1386;-0.8718;0.074546;5.410501;-0.10175;-0.4698;-0.1386;-0.8718;0.22826;5.476441;-0.195057;-0.4698;-0.1386;-0.8718;-0.655699;3.298628;0.103101;-0.2716;0.2603;0.9265;0.397055;4.863897;-0.028116;-0.2716;0.2603;0.9265;0.202939;4.856077;-0.082815;-0.2716;0.2603;0.9265;-0.729314;3.294527;-0.180104;-0.5194;0.3584;-0.7757;-0.961405;3.372778;0.011437;-0.5194;0.3584;-0.7757;0.202939;4.856077;-0.082815;-0.5194;0.3584;-0.7757;0.397055;4.863897;-0.028116;-0.406;-0.1175;0.9062;0.220113;5.525099;-0.021677;-0.406;-0.1175;0.9062;0.074546;5.410501;-0.10175;-0.406;-0.1175;0.9062;0.397055;4.863897;-0.028116;0.9449;0.1872;-0.2685;0.352649;4.839825;-0.201157;0.9449;0.1872;-0.2685;0.22826;5.476441;-0.195057;0.9449;0.1872;-0.2685;-1.899379;4.381414;0.203391;0.4072;0.8384;-0.3623;-3.943257;5.100108;-0.430507;0.4072;0.8384;-0.3623;-3.950104;5.172733;-0.270158;0.4072;0.8384;-0.3623;-1.899379;4.381414;0.203391;0.5788;0.813;0.0637;-1.871288;4.339147;0.48748;0.5788;0.813;0.0637;-0.690022;3.532264;0.053198;0.5788;0.813;0.0637;-2.054038;4.1762;0.33473;-0.4326;-0.3089;0.847;-1.871288;4.339147;0.48748;-0.4326;-0.3089;0.847;-3.950104;5.172733;-0.270158;-0.4326;-0.3089;0.847;-1.871288;4.339147;0.48748;-0.1289;-0.5974;0.7915;-2.054038;4.1762;0.33473;-0.1289;-0.5974;0.7915;-0.836215;3.382158;-0.066143;-0.1289;-0.5974;0.7915;-2.054038;4.1762;0.33473;-0.1559;-0.7993;-0.5802;-4.047487;5.030552;-0.306688;-0.1559;-0.7993;-0.5802;-3.943257;5.100108;-0.430507;-0.1559;-0.7993;-0.5802;-0.836215;3.382158;-0.066143;-0.4357;-0.2288;-0.8705;-2.054038;4.1762;0.33473;-0.4357;-0.2288;-0.8705;-1.899379;4.381414;0.203391;-0.4357;-0.2288;-0.8705;1.195049;5.105693;-0.373315;-0.4374;-0.8443;-0.3095;2.157838;4.798134;-0.894832;-0.4374;-0.8443;-0.3095;2.214178;4.723958;-0.772129;-0.4374;-0.8443;-0.3095;0.322783;4.886487;-0.17598;0.1125;-0.8737;-0.4732;1.195049;5.105693;-0.373315;0.1125;-0.8737;-0.4732;1.164296;5.01847;-0.219588;0.1125;-0.8737;-0.4732;1.164296;5.01847;-0.219588;0.4784;0.062;0.8759;2.214178;4.723958;-0.772129;0.4784;0.062;0.8759;2.174229;4.87231;-0.760811;0.4784;0.062;0.8759;1.164296;5.01847;-0.219588;0.1531;-0.0517;0.9868;1.206098;5.192915;-0.216932;0.1531;-0.0517;0.9868;0.259486;4.990559;-0.080632;0.1531;-0.0517;0.9868;1.195049;5.105693;-0.373315;0.015;0.8728;-0.4878;1.206098;5.192915;-0.216932;0.015;0.8728;-0.4878;2.174229;4.87231;-0.760811;0.015;0.8728;-0.4878;1.206098;5.192915;-0.216932;-0.3117;0.839;-0.4459;1.195049;5.105693;-0.373315;-0.3117;0.839;-0.4459;0.322783;4.886487;-0.17598;-0.3117;0.839;-0.4459;0.748791;4.986293;-0.260854;0.9533;-0.2336;0.1912;0.906868;5.794669;-0.061497;0.9533;-0.2336;0.1912;0.867208;5.743512;0.07372;0.9533;-0.2336;0.1912;0.867208;5.743512;0.07372;-0.6678;-0.0512;0.7425;0.782328;5.845825;0.00443;-0.6678;-0.0512;0.7425;0.648403;5.002821;-0.174128;-0.6678;-0.0512;0.7425;0.648403;5.002821;-0.174128;-0.3715;0.2485;-0.8946;0.782328;5.845825;0.00443;-0.3715;0.2485;-0.8946;0.906868;5.794669;-0.061497;-0.3715;0.2485;-0.8946;-1.89249;4.797321;1.608097;0.8423;-0.5382;-0.0292;-1.379592;5.584138;1.901968;0.8423;-0.5382;-0.0292;-1.410391;5.526976;2.067077;0.8423;-0.5382;-0.0292;-1.89249;4.797321;1.608097;0.9415;-0.337;-0.0021;-1.929511;4.693004;1.74675;0.9415;-0.337;-0.0021;-2.085239;4.267167;0.307782;0.9415;-0.337;-0.0021;-1.929511;4.693004;1.74675;-0.5926;0.0604;0.8032;-1.410391;5.526976;2.067077;-0.5926;0.0604;0.8032;-1.54581;5.576021;1.963474;-0.5926;0.0604;0.8032;-2.085239;4.267167;0.307782;-0.6559;-0.7015;0.2786;-1.929511;4.693004;1.74675;-0.6559;-0.7015;0.2786;-2.059591;4.782508;1.665846;-0.6559;-0.7015;0.2786;-1.89249;4.797321;1.608097;-0.3212;0.5078;-0.7993;-2.059591;4.782508;1.665846;-0.3212;0.5078;-0.7993;-1.54581;5.576021;1.963474;-0.3212;0.5078;-0.7993;-2.205554;4.391469;0.268404;-0.1705;0.9534;-0.2489;-2.059591;4.782508;1.665846;-0.1705;0.9534;-0.2489;-1.89249;4.797321;1.608097;-0.1705;0.9534;-0.2489
6
MATERIAL;second;1;count;5;CUSTOM;0.843;0.769;0.553;10000;CUSTOM;0.643;0.533;0.361;10000;BROWN;200000;LIGHT_GREEN;400000;DARK_PURPLE;2000000
INFO;NameId;306;DescId;307;price;47000;dpPerMin;0;range;3;placeSound;thud
LIFE;averagePop;4.9;averageLife;73.0;popFactors;2;0;0.5;breedMat;36.5;breedTime;26.411749;parentId;122;count;150;reqs;2;MATERIAL;col;BEIGE;TRANSFORM;size;1.15;FALL_DEATH;fallTime;3;totalTime;5;fallenAngle;60;particleEffect;1;ExplodeTime;0.975;UseMaterial;1;Colour;1;Spawn;2;5;0;1;0;PPS;30;Speed;1.5;Gravity;0.3;Life;3;Scale;0.1;Colour;1;0;0;Additive;0;Alpha;1;FadeIn;0.1;FadeOut;0.8;HasDir;1;Dir;0;1;0;Varience;0.25;Offset;0;5;0;LifeError;0.4;ScaleError;0.3;SpeedError;0.4;RandRot;1;HasXRot;1;XRotSpeed;180;Stages;1;2;enviroReqCount;3;reqId;1;minAltitude;20;maxAltitude;50;influence;0.8;reqId;2;barren;0;goodBiomes;1;3;idealFactor;70;influence;0.75;reqId;5;likedSpecies;1;er;influence;0.8
GROWTH;dynamic;0;growthTime;24.333334;modelStages;3;subStages;2
WOOD;cut time;4;bark factor;0.1;colour;0.31;0.278;0.227
PERCH;1;-1.931;3.4914;2.08124
