1.0
ptt
0;1
5
-0.622178;-0.026641;-0.930001;0.817617;2.264027;0.682444;1
99;2
54;-1.0;0.0;0.0;0.1
-0.436325;0.972972;-0.424181;-0.9749;-0.2227;-0.008;-0.622178;1.769683;0.045293;-0.9749;-0.2227;-0.008;-0.581981;1.618141;-0.633659;-0.9749;-0.2227;-0.008;0.817617;1.561366;0.018719;0.6219;-0.6124;0.488;0.049023;1.309739;0.682444;0.6219;-0.6124;0.488;0.195549;0.900208;-0.018297;0.6219;-0.6124;0.488;0.208658;2.264027;-0.367564;0.6685;0.7067;0.2316;0.062137;2.128541;0.468882;0.6685;0.7067;0.2316;0.817617;1.561366;0.018719;0.6685;0.7067;0.2316;-0.581981;1.618141;-0.633659;-0.321;0.6691;-0.6702;0.208658;2.264027;-0.367564;-0.321;0.6691;-0.6702;0.396424;1.802617;-0.918121;-0.321;0.6691;-0.6702;0.049023;1.309739;0.682444;-0.7571;-0.4536;0.4701;-0.622178;1.769683;0.045293;-0.7571;-0.4536;0.4701;-0.436325;0.972972;-0.424181;-0.7571;-0.4536;0.4701;0.817617;1.561366;0.018719;0.6047;0.1919;0.773;0.062137;2.128541;0.468882;0.6047;0.1919;0.773;0.049023;1.309739;0.682444;0.6047;0.1919;0.773;-0.622178;1.769683;0.045293;-0.575;0.7906;-0.2105;0.208658;2.264027;-0.367564;-0.575;0.7906;-0.2105;-0.581981;1.618141;-0.633659;-0.575;0.7906;-0.2105;0.208658;2.264027;-0.367564;0.793;0.5722;-0.2091;0.817617;1.561366;0.018719;0.793;0.5722;-0.2091;0.396424;1.802617;-0.918121;0.793;0.5722;-0.2091;0.049023;1.309739;0.682444;-0.5924;0.2122;0.7772;0.062137;2.128541;0.468882;-0.5924;0.2122;0.7772;-0.622178;1.769683;0.045293;-0.5924;0.2122;0.7772;0.049023;1.309739;0.682444;-0.3615;-0.8359;0.4129;-0.436325;0.972972;-0.424181;-0.3615;-0.8359;0.4129;0.195549;0.900208;-0.018297;-0.3615;-0.8359;0.4129;0.817617;1.561366;0.018719;0.6623;-0.5978;-0.4517;0.195549;0.900208;-0.018297;0.6623;-0.5978;-0.4517;0.396424;1.802617;-0.918121;0.6623;-0.5978;-0.4517;-0.622178;1.769683;0.045293;-0.4902;0.8698;0.055;0.062137;2.128541;0.468882;-0.4902;0.8698;0.055;0.208658;2.264027;-0.367564;-0.4902;0.8698;0.055;0.208658;2.264027;-0.367564;0.1153;-0.7437;-0.6584;0.049023;1.309739;0.682444;0.1153;-0.7437;-0.6584;-0.622178;1.769683;0.045293;0.1153;-0.7437;-0.6584;-0.581981;1.618141;-0.633659;-0.3207;0.3352;-0.8858;0.396424;1.802617;-0.918121;-0.3207;0.3352;-0.8858;-0.116743;1.280182;-0.930001;-0.3207;0.3352;-0.8858;0.195549;0.900208;-0.018297;0.1734;-0.8865;-0.4289;-0.436325;0.972972;-0.424181;0.1734;-0.8865;-0.4289;-0.116743;1.280182;-0.930001;0.1734;-0.8865;-0.4289;-0.436325;0.972972;-0.424181;-0.6733;-0.3614;-0.6449;-0.581981;1.618141;-0.633659;-0.6733;-0.3614;-0.6449;-0.116743;1.280182;-0.930001;-0.6733;-0.3614;-0.6449;0.396424;1.802617;-0.918121;0.6341;-0.6121;-0.4723;0.195549;0.900208;-0.018297;0.6341;-0.6121;-0.4723;-0.116743;1.280182;-0.930001;0.6341;-0.6121;-0.4723;0.208658;2.264027;-0.367564;-0.3506;-0.6659;-0.6585;0.817617;1.561366;0.018719;-0.3506;-0.6659;-0.6585;0.049023;1.309739;0.682444;-0.3506;-0.6659;-0.6585
45;0.439;0.333;0.263;0.1
0.005705;-0.026641;-0.121304;0.8655;-0.0329;-0.4997;0.054556;0.375433;-0.06317;0.8655;-0.0329;-0.4997;0.081842;-0.026641;0.010568;0.8655;-0.0329;-0.4997;0.054556;0.375433;-0.06317;0.0;0.1804;0.9836;-0.070431;-0.026641;0.010568;0.0;0.1804;0.9836;0.081842;-0.026641;0.010568;0.0;0.1804;0.9836;0.005705;0.384894;-0.147251;-0.8658;0.078;-0.4942;-0.043145;0.375433;-0.06317;-0.8658;0.078;-0.4942;0.005705;1.941502;0.098445;-0.8658;0.078;-0.4942;-0.043145;0.375433;-0.06317;-0.8655;-0.0329;-0.4997;0.005705;-0.026641;-0.121304;-0.8655;-0.0329;-0.4997;-0.070431;-0.026641;0.010568;-0.8655;-0.0329;-0.4997;-0.043145;0.375433;-0.06317;0.0;-0.1026;0.9947;0.054556;0.375433;-0.06317;0.0;-0.1026;0.9947;0.005705;1.941502;0.098445;0.0;-0.1026;0.9947;0.054556;0.375433;-0.06317;0.8658;0.078;-0.4942;0.005705;0.384894;-0.147251;0.8658;0.078;-0.4942;0.005705;1.941502;0.098445;0.8658;0.078;-0.4942;0.012279;0.358418;-0.11813;0.6874;-0.2119;-0.6947;-0.073698;1.880828;-0.667666;0.6874;-0.2119;-0.6947;0.039375;0.37427;-0.096155;0.6874;-0.2119;-0.6947;0.039375;0.37427;-0.096155;0.7004;0.2985;0.6483;-0.073698;1.880828;-0.667666;0.7004;0.2985;0.6483;0.012279;0.390122;-0.07418;0.7004;0.2985;0.6483;0.012279;0.390122;-0.07418;-0.6911;0.2326;0.6843;-0.073698;1.880828;-0.667666;-0.6911;0.2326;0.6843;-0.014816;0.37427;-0.096155;-0.6911;0.2326;0.6843;-0.014816;0.37427;-0.096155;-0.6979;-0.2777;-0.6601;-0.073698;1.880828;-0.667666;-0.6979;-0.2777;-0.6601;0.012279;0.358418;-0.11813;-0.6979;-0.2777;-0.6601;0.039375;0.37427;-0.096155;0.0;-0.811;0.585;-0.014816;0.37427;-0.096155;0.0;-0.811;0.585;0.012279;0.358418;-0.11813;0.0;-0.811;0.585;0.005705;-0.026641;-0.121304;0.8626;-0.0318;-0.5048;0.005705;0.384894;-0.147251;0.8626;-0.0318;-0.5048;0.054556;0.375433;-0.06317;0.8626;-0.0318;-0.5048;0.054556;0.375433;-0.06317;0.0;0.1804;0.9836;-0.043145;0.375433;-0.06317;0.0;0.1804;0.9836;-0.070431;-0.026641;0.010568;0.0;0.1804;0.9836;-0.043145;0.375433;-0.06317;-0.8626;-0.0318;-0.5048;0.005705;0.384894;-0.147251;-0.8626;-0.0318;-0.5048;0.005705;-0.026641;-0.121304;-0.8626;-0.0318;-0.5048;0.039375;0.37427;-0.096155;0.0;-0.811;0.585;0.012279;0.390122;-0.07418;0.0;-0.811;0.585;-0.014816;0.37427;-0.096155;0.0;-0.811;0.585
-2.351686;-0.092165;-3.138636;2.291073;6.710316;1.931644;3;0;extraBounds;2;-2.015849;2.728811;-2.725184;1.842456;6.618643;1.716352;-0.154879;-0.014253;-0.298751;0.229806;3.288068;0.173507
117;2
60;-1.0;0.0;0.0;0.08
0.329919;2.405005;-1.631473;0.171;-0.4863;-0.8569;-1.32561;3.321821;-2.482071;0.171;-0.4863;-0.8569;0.724308;5.199486;-3.138636;0.171;-0.4863;-0.8569;-1.32561;3.321821;-2.482071;-0.4256;-0.8946;-0.1359;0.329919;2.405005;-1.631473;-0.4256;-0.8946;-0.1359;-2.351686;3.503255;-0.46239;-0.4256;-0.8946;-0.1359;-1.32561;3.321821;-2.482071;-0.8856;0.081;-0.4572;-2.351686;3.503255;-0.46239;-0.8856;0.081;-0.4572;-1.955483;5.949784;-0.796273;-0.8856;0.081;-0.4572;-1.32561;3.321821;-2.482071;-0.5598;0.3482;-0.7519;-1.955483;5.949784;-0.796273;-0.5598;0.3482;-0.7519;0.724308;5.199486;-3.138636;-0.5598;0.3482;-0.7519;0.329919;2.405005;-1.631473;0.6491;-0.43;-0.6275;0.724308;5.199486;-3.138636;0.6491;-0.43;-0.6275;2.291073;4.168477;-0.811179;0.6491;-0.43;-0.6275;0.724308;5.199486;-3.138636;-0.232;0.8173;-0.5273;-1.955483;5.949784;-0.796273;-0.232;0.8173;-0.5273;0.837236;6.710316;-0.846424;-0.232;0.8173;-0.5273;0.329919;2.405005;-1.631473;0.7025;-0.6711;-0.2368;2.291073;4.168477;-0.811179;0.7025;-0.6711;-0.2368;1.504278;3.054745;0.011197;0.7025;-0.6711;-0.2368;0.329919;2.405005;-1.631473;-0.158;-0.8743;0.4588;1.504278;3.054745;0.011197;-0.158;-0.8743;0.4588;-2.351686;3.503255;-0.46239;-0.158;-0.8743;0.4588;0.724308;5.199486;-3.138636;0.8168;0.4624;-0.345;0.837236;6.710316;-0.846424;0.8168;0.4624;-0.345;2.291073;4.168477;-0.811179;0.8168;0.4624;-0.345;-1.955483;5.949784;-0.796273;-0.9327;0.1926;0.3049;-2.351686;3.503255;-0.46239;-0.9327;0.1926;0.3049;-1.342384;4.600242;1.931644;-0.9327;0.1926;0.3049;-2.351686;3.503255;-0.46239;-0.106;-0.9914;-0.0761;1.504278;3.054745;0.011197;-0.106;-0.9914;-0.0761;-0.204484;3.115708;1.596728;-0.106;-0.9914;-0.0761;2.291073;4.168477;-0.811179;0.8055;0.4658;0.3663;0.837236;6.710316;-0.846424;0.8055;0.4658;0.3663;0.138542;6.560827;0.880119;0.8055;0.4658;0.3663;1.504278;3.054745;0.011197;0.8658;-0.3417;0.3655;2.291073;4.168477;-0.811179;0.8658;-0.3417;0.3655;1.354735;4.338015;1.565448;0.8658;-0.3417;0.3655;0.837236;6.710316;-0.846424;-0.2631;0.9645;-0.0229;-1.955483;5.949784;-0.796273;-0.2631;0.9645;-0.0229;0.138542;6.560827;0.880119;-0.2631;0.9645;-0.0229;1.354735;4.338015;1.565448;0.8036;0.5257;0.2791;2.291073;4.168477;-0.811179;0.8036;0.5257;0.2791;0.138542;6.560827;0.880119;0.8036;0.5257;0.2791;1.504278;3.054745;0.011197;0.5115;-0.6378;0.5758;1.354735;4.338015;1.565448;0.5115;-0.6378;0.5758;-0.204484;3.115708;1.596728;0.5115;-0.6378;0.5758;-1.342384;4.600242;1.931644;-0.6124;-0.5885;0.5278;-2.351686;3.503255;-0.46239;-0.6124;-0.5885;0.5278;-0.204484;3.115708;1.596728;-0.6124;-0.5885;0.5278;-1.955483;5.949784;-0.796273;-0.5693;0.6788;0.4638;-1.342384;4.600242;1.931644;-0.5693;0.6788;0.4638;0.138542;6.560827;0.880119;-0.5693;0.6788;0.4638;-0.204484;3.115708;1.596728;0.121;-0.1292;0.9842;1.354735;4.338015;1.565448;0.121;-0.1292;0.9842;-1.342384;4.600242;1.931644;0.121;-0.1292;0.9842;1.354735;4.338015;1.565448;0.1602;0.3698;0.9152;0.138542;6.560827;0.880119;0.1602;0.3698;0.9152;-1.342384;4.600242;1.931644;0.1602;0.3698;0.9152
57;0.439;0.333;0.263;0.05
-0.200906;-0.092165;-0.18787;0.0;0.0146;-0.9999;-0.023188;1.281007;-0.167822;0.0;0.0146;-0.9999;0.21558;-0.092165;-0.18787;0.0;0.0146;-0.9999;0.17607;1.223043;-6.89E-4;0.6632;0.0931;-0.7426;-0.014535;2.093523;-0.061714;0.6632;0.0931;-0.7426;0.128959;2.095308;0.06665;0.6632;0.0931;-0.7426;0.21558;-0.092165;-0.18787;0.9995;0.0301;-3.0E-4;0.17607;1.223043;-6.89E-4;0.9995;0.0301;-3.0E-4;0.21558;-0.088213;0.185331;0.9995;0.0301;-3.0E-4;-0.200906;-0.092165;-0.18787;-0.9413;0.1264;-0.3129;-0.100346;1.225415;0.041806;-0.9413;0.1264;-0.3129;-0.023188;1.281007;-0.167822;-0.9413;0.1264;-0.3129;0.21558;-0.088213;0.185331;0.0;0.1086;0.9941;-0.100346;1.225415;0.041806;0.0;0.1086;0.9941;-0.200906;-0.088213;0.185331;0.0;0.1086;0.9941;-0.014535;2.093523;-0.061714;-0.9698;0.0143;-0.2436;-0.070541;2.100676;0.161665;-0.9698;0.0143;-0.2436;0.007337;4.259305;-0.021781;-0.9698;0.0143;-0.2436;-0.100346;1.225415;0.041806;-0.9416;0.0534;-0.3324;-0.014535;2.093523;-0.061714;-0.9416;0.0534;-0.3324;-0.023188;1.281007;-0.167822;-0.9416;0.0534;-0.3324;-0.100346;1.225415;0.041806;0.4229;-0.1371;0.8957;0.128959;2.095308;0.06665;0.4229;-0.1371;0.8957;-0.070541;2.100676;0.161665;0.4229;-0.1371;0.8957;-0.070541;2.100676;0.161665;0.4305;0.061;0.9005;0.128959;2.095308;0.06665;0.4305;0.061;0.9005;0.007337;4.259305;-0.021781;0.4305;0.061;0.9005;0.128959;2.095308;0.06665;0.6666;0.007;-0.7453;-0.014535;2.093523;-0.061714;0.6666;0.007;-0.7453;0.007337;4.259305;-0.021781;0.6666;0.007;-0.7453;0.012706;0.996737;-0.104061;0.7948;-0.2964;-0.5296;0.236949;5.30794;-2.180577;0.7948;-0.2964;-0.5296;0.096708;1.109239;-0.040965;0.7948;-0.2964;-0.5296;0.096708;1.109239;-0.040965;0.0;0.454;0.891;0.236949;5.30794;-2.180577;0.0;0.454;0.891;-0.071295;1.109239;-0.040965;0.0;0.454;0.891;-0.071295;1.109239;-0.040965;-0.7698;-0.244;-0.5898;0.236949;5.30794;-2.180577;-0.7698;-0.244;-0.5898;0.012706;0.996737;-0.104061;-0.7698;-0.244;-0.5898;0.17607;1.223043;-6.89E-4;0.6554;0.0909;-0.7498;-0.023188;1.281007;-0.167822;0.6554;0.0909;-0.7498;-0.014535;2.093523;-0.061714;0.6554;0.0909;-0.7498;0.21558;-0.092165;-0.18787;0.6587;0.1254;-0.7418;-0.023188;1.281007;-0.167822;0.6587;0.1254;-0.7418;0.17607;1.223043;-6.89E-4;0.6587;0.1254;-0.7418;-0.200906;-0.092165;-0.18787;-0.9971;0.0762;-8.0E-4;-0.200906;-0.088213;0.185331;-0.9971;0.0762;-8.0E-4;-0.100346;1.225415;0.041806;-0.9971;0.0762;-8.0E-4;0.21558;-0.088213;0.185331;0.1516;0.1433;0.978;0.17607;1.223043;-6.89E-4;0.1516;0.1433;0.978;-0.100346;1.225415;0.041806;0.1516;0.1433;0.978;-0.100346;1.225415;0.041806;-0.9673;0.0664;-0.2446;-0.070541;2.100676;0.161665;-0.9673;0.0664;-0.2446;-0.014535;2.093523;-0.061714;-0.9673;0.0664;-0.2446;-0.100346;1.225415;0.041806;0.151;-0.068;0.9862;0.17607;1.223043;-6.89E-4;0.151;-0.068;0.9862;0.128959;2.095308;0.06665;0.151;-0.068;0.9862
-3.761407;-0.13504;-4.703236;4.15777;11.623233;3.750848;1.666666666;0;extraBounds;2;-3.550464;4.446029;-4.111959;3.430889;11.233528;3.407877;-0.305603;0.037728;-0.623412;0.331153;4.467562;0.272657
192;2
90;-1.0;0.0;0.0;0.04
-1.561528;5.474111;-4.42214;-0.0335;-0.8254;-0.5635;1.367688;4.541658;-3.230463;-0.0335;-0.8254;-0.5635;0.128849;3.73509;-1.975231;-0.0335;-0.8254;-0.5635;1.367688;4.541658;-3.230463;0.218;-0.433;-0.8746;-1.561528;5.474111;-4.42214;0.218;-0.433;-0.8746;2.464076;8.068639;-4.703236;0.218;-0.433;-0.8746;-1.561528;5.474111;-4.42214;-0.6754;-0.7353;-0.0559;0.128849;3.73509;-1.975231;-0.6754;-0.7353;-0.0559;-3.704112;7.255723;-1.97128;-0.6754;-0.7353;-0.0559;-1.561528;5.474111;-4.42214;-0.6738;0.1765;-0.7174;-3.704112;7.255723;-1.97128;-0.6738;0.1765;-0.7174;-1.075013;10.277645;-3.696947;-0.6738;0.1765;-0.7174;-1.561528;5.474111;-4.42214;-0.1736;0.1642;-0.971;-1.075013;10.277645;-3.696947;-0.1736;0.1642;-0.971;2.464076;8.068639;-4.703236;-0.1736;0.1642;-0.971;1.367688;4.541658;-3.230463;0.7649;-0.4358;-0.4742;2.464076;8.068639;-4.703236;0.7649;-0.4358;-0.4742;4.15777;7.2042;-1.176751;0.7649;-0.4358;-0.4742;0.128849;3.73509;-1.975231;0.5204;-0.8532;-0.0346;1.367688;4.541658;-3.230463;0.5204;-0.8532;-0.0346;2.789913;5.267958;0.252965;0.5204;-0.8532;-0.0346;-3.704112;7.255723;-1.97128;-0.6225;-0.6773;-0.392;0.128849;3.73509;-1.975231;-0.6225;-0.6773;-0.392;-3.761407;5.800577;0.634019;-0.6225;-0.6773;-0.392;-1.075013;10.277645;-3.696947;-0.7317;0.2823;-0.6204;-3.704112;7.255723;-1.97128;-0.7317;0.2823;-0.6204;-3.224944;10.301036;-1.150836;-0.7317;0.2823;-0.6204;2.464076;8.068639;-4.703236;0.2517;0.7052;-0.6628;-1.075013;10.277645;-3.696947;0.2517;0.7052;-0.6628;1.630248;11.623233;-1.238025;0.2517;0.7052;-0.6628;1.367688;4.541658;-3.230463;0.7425;-0.6485;-0.1679;4.15777;7.2042;-1.176751;0.7425;-0.6485;-0.1679;2.789913;5.267958;0.252965;0.7425;-0.6485;-0.1679;0.128849;3.73509;-1.975231;-0.0311;-0.8057;0.5914;2.789913;5.267958;0.252965;-0.0311;-0.8057;0.5914;-3.761407;5.800577;0.634019;-0.0311;-0.8057;0.5914;-3.704112;7.255723;-1.97128;-0.9885;0.1403;0.0566;-3.761407;5.800577;0.634019;-0.9885;0.1403;0.0566;-3.224944;10.301036;-1.150836;-0.9885;0.1403;0.0566;-1.075013;10.277645;-3.696947;-0.2597;0.9384;-0.2279;-3.224944;10.301036;-1.150836;-0.2597;0.9384;-0.2279;1.630248;11.623233;-1.238025;-0.2597;0.9384;-0.2279;2.464076;8.068639;-4.703236;0.8338;0.473;-0.2845;1.630248;11.623233;-1.238025;0.8338;0.473;-0.2845;4.15777;7.2042;-1.176751;0.8338;0.473;-0.2845;-3.224944;10.301036;-1.150836;-0.9663;0.1858;0.1781;-3.761407;5.800577;0.634019;-0.9663;0.1858;0.1781;-3.195678;7.133369;2.312792;-0.9663;0.1858;0.1781;-3.761407;5.800577;0.634019;-0.0839;-0.9951;-0.0522;2.789913;5.267958;0.252965;-0.0839;-0.9951;-0.0522;-0.180801;5.373944;3.009438;-0.0839;-0.9951;-0.0522;4.15777;7.2042;-1.176751;0.868;0.4964;-0.0039;1.630248;11.623233;-1.238025;0.868;0.4964;-0.0039;1.870322;11.225687;1.596966;0.868;0.4964;-0.0039;2.789913;5.267958;0.252965;0.8694;-0.397;0.294;4.15777;7.2042;-1.176751;0.8694;-0.397;0.294;2.423451;6.659097;3.214632;0.8694;-0.397;0.294;1.630248;11.623233;-1.238025;-0.2632;0.9605;-0.0897;-3.224944;10.301036;-1.150836;-0.2632;0.9605;-0.0897;-0.725224;11.319229;2.418536;-0.2632;0.9605;-0.0897;2.423451;6.659097;3.214632;0.8914;0.2434;0.3822;4.15777;7.2042;-1.176751;0.8914;0.2434;0.3822;1.870322;11.225687;1.596966;0.8914;0.2434;0.3822;2.789913;5.267958;0.252965;0.3715;-0.8218;0.432;2.423451;6.659097;3.214632;0.3715;-0.8218;0.432;-0.180801;5.373944;3.009438;0.3715;-0.8218;0.432;-3.195678;7.133369;2.312792;-0.4931;-0.5928;0.6368;-3.761407;5.800577;0.634019;-0.4931;-0.5928;0.6368;-0.180801;5.373944;3.009438;-0.4931;-0.5928;0.6368;-3.224944;10.301036;-1.150836;-0.7858;0.4531;0.421;-3.195678;7.133369;2.312792;-0.7858;0.4531;0.421;-0.725224;11.319229;2.418536;-0.7858;0.4531;0.421;1.630248;11.623233;-1.238025;0.0774;0.9882;0.132;-0.725224;11.319229;2.418536;0.0774;0.9882;0.132;1.870322;11.225687;1.596966;0.0774;0.9882;0.132;-0.180801;5.373944;3.009438;0.0129;-0.1831;0.983;2.423451;6.659097;3.214632;0.0129;-0.1831;0.983;-0.146868;9.356656;3.750848;0.0129;-0.1831;0.983;1.870322;11.225687;1.596966;0.2622;0.5937;0.7607;-0.725224;11.319229;2.418536;0.2622;0.5937;0.7607;-0.146868;9.356656;3.750848;0.2622;0.5937;0.7607;-3.195678;7.133369;2.312792;-0.3155;-0.1711;0.9333;-0.180801;5.373944;3.009438;-0.3155;-0.1711;0.9333;-0.146868;9.356656;3.750848;-0.3155;-0.1711;0.9333;-0.725224;11.319229;2.418536;-0.5881;0.3284;0.7391;-3.195678;7.133369;2.312792;-0.5881;0.3284;0.7391;-0.146868;9.356656;3.750848;-0.5881;0.3284;0.7391;2.423451;6.659097;3.214632;0.5206;0.3404;0.783;1.870322;11.225687;1.596966;0.5206;0.3404;0.783;-0.146868;9.356656;3.750848;0.5206;0.3404;0.783
102;0.439;0.333;0.263;0.02
-0.287385;0.49008;0.172356;-0.8696;0.4938;0.0;-0.642358;-0.13504;-0.635499;-0.8696;0.4938;0.0;-0.642358;-0.13504;0.649216;-0.8696;0.4938;0.0;-0.287385;0.579407;-0.334904;0.0;0.3878;-0.9217;0.642358;-0.13504;-0.635499;0.0;0.3878;-0.9217;-0.642358;-0.13504;-0.635499;0.0;0.3878;-0.9217;0.642358;-0.13504;-0.635499;0.8696;0.4938;0.0;0.287385;0.49008;0.172356;0.8696;0.4938;0.0;0.642358;-0.13504;0.649216;0.8696;0.4938;0.0;0.287385;0.49008;0.172356;0.0;0.6065;0.7951;-0.642358;-0.13504;0.649216;0.0;0.6065;0.7951;0.642358;-0.13504;0.649216;0.0;0.6065;0.7951;-0.287385;0.579407;-0.334904;0.0;-0.1277;-0.9918;0.167233;1.987581;-0.516274;0.0;-0.1277;-0.9918;0.287385;0.579407;-0.334904;0.0;-0.1277;-0.9918;0.262044;1.899405;-0.080373;0.9685;0.0707;-0.2388;0.128921;3.249875;-0.220227;0.9685;0.0707;-0.2388;0.188881;3.254044;0.024205;0.9685;0.0707;-0.2388;0.287385;0.579407;-0.334904;0.9998;0.0186;0.0033;0.262044;1.899405;-0.080373;0.9998;0.0186;0.0033;0.287385;0.49008;0.172356;0.9998;0.0186;0.0033;-0.287385;0.579407;-0.334904;-0.9712;0.0309;0.2362;-0.167233;1.903088;-0.014377;-0.9712;0.0309;0.2362;-0.262044;1.991265;-0.415756;-0.9712;0.0309;0.2362;0.287385;0.49008;0.172356;0.0;0.131;0.9914;-0.167233;1.903088;-0.014377;0.0;0.131;0.9914;-0.287385;0.49008;0.172356;0.0;0.131;0.9914;-0.196856;3.252671;-0.130061;-0.9683;0.064;0.2415;-0.120946;3.262382;0.171766;-0.9683;0.064;0.2415;0.0;6.165503;-0.113128;-0.9683;0.064;0.2415;-0.167233;1.903088;-0.014377;-0.9733;-0.0017;0.2295;-0.196856;3.252671;-0.130061;-0.9733;-0.0017;0.2295;-0.262044;1.991265;-0.415756;-0.9733;-0.0017;0.2295;-0.167233;1.903088;-0.014377;0.4229;-0.1371;0.8957;0.188881;3.254044;0.024205;0.4229;-0.1371;0.8957;-0.120946;3.262382;0.171766;0.4229;-0.1371;0.8957;-0.262044;1.991265;-0.415756;-0.2208;0.2163;-0.951;0.128921;3.249875;-0.220227;-0.2208;0.2163;-0.951;0.167233;1.987581;-0.516274;-0.2208;0.2163;-0.951;-0.120946;3.262382;0.171766;0.4305;0.0703;0.8998;0.188881;3.254044;0.024205;0.4305;0.0703;0.8998;0.0;6.165503;-0.113128;0.4305;0.0703;0.8998;0.128921;3.249875;-0.220227;-0.2665;0.0236;-0.9635;-0.196856;3.252671;-0.130061;-0.2665;0.0236;-0.9635;0.0;6.165503;-0.113128;-0.2665;0.0236;-0.9635;0.188881;3.254044;0.024205;0.9697;0.0516;-0.2387;0.128921;3.249875;-0.220227;0.9697;0.0516;-0.2387;0.0;6.165503;-0.113128;0.9697;0.0516;-0.2387;-0.0;1.742712;-0.406821;0.8052;-0.3219;-0.498;0.387749;8.135635;-3.91248;0.8052;-0.3219;-0.498;0.130455;1.917428;-0.308831;0.8052;-0.3219;-0.498;-0.17892;3.235956;-0.023263;-0.7046;0.1237;-0.6987;-1.724536;8.271496;2.426742;-0.7046;0.1237;-0.6987;2.88E-4;3.312864;-0.190376;-0.7046;0.1237;-0.6987;0.130455;1.917428;-0.308831;0.0;0.5014;0.8652;0.387749;8.135635;-3.91248;0.0;0.5014;0.8652;-0.130455;1.917428;-0.308831;0.0;0.5014;0.8652;0.073297;3.235956;0.043529;-0.2244;-0.4812;0.8474;-1.724536;8.271496;2.426742;-0.2244;-0.4812;0.8474;-0.17892;3.235956;-0.023263;-0.2244;-0.4812;0.8474;-0.130455;1.917428;-0.308831;-0.7798;-0.2639;-0.5676;0.387749;8.135635;-3.91248;-0.7798;-0.2639;-0.5676;-0.0;1.742712;-0.406821;-0.7798;-0.2639;-0.5676;2.88E-4;3.312864;-0.190376;0.9056;0.3956;-0.1526;-1.724536;8.271496;2.426742;0.9056;0.3956;-0.1526;0.073297;3.235956;0.043529;0.9056;0.3956;-0.1526;-0.287385;0.49008;0.172356;-0.9051;0.4187;0.0737;-0.287385;0.579407;-0.334904;-0.9051;0.4187;0.0737;-0.642358;-0.13504;-0.635499;-0.9051;0.4187;0.0737;-0.287385;0.579407;-0.334904;0.0;0.3878;-0.9217;0.287385;0.579407;-0.334904;0.0;0.3878;-0.9217;0.642358;-0.13504;-0.635499;0.0;0.3878;-0.9217;0.642358;-0.13504;-0.635499;0.9051;0.4187;0.0737;0.287385;0.579407;-0.334904;0.9051;0.4187;0.0737;0.287385;0.49008;0.172356;0.9051;0.4187;0.0737;0.287385;0.49008;0.172356;0.0;0.6065;0.7951;-0.287385;0.49008;0.172356;0.0;0.6065;0.7951;-0.642358;-0.13504;0.649216;0.0;0.6065;0.7951;-0.287385;0.579407;-0.334904;-0.2281;-0.0516;-0.9723;-0.262044;1.991265;-0.415756;-0.2281;-0.0516;-0.9723;0.167233;1.987581;-0.516274;-0.2281;-0.0516;-0.9723;0.262044;1.899405;-0.080373;0.9774;0.0759;-0.1972;0.167233;1.987581;-0.516274;0.9774;0.0759;-0.1972;0.128921;3.249875;-0.220227;0.9774;0.0759;-0.1972;0.287385;0.579407;-0.334904;0.9779;0.0575;-0.2011;0.167233;1.987581;-0.516274;0.9779;0.0575;-0.2011;0.262044;1.899405;-0.080373;0.9779;0.0575;-0.2011;-0.287385;0.579407;-0.334904;-0.9961;0.0867;0.0153;-0.287385;0.49008;0.172356;-0.9961;0.0867;0.0153;-0.167233;1.903088;-0.014377;-0.9961;0.0867;0.0153;0.287385;0.49008;0.172356;0.151;0.1771;0.9725;0.262044;1.899405;-0.080373;0.151;0.1771;0.9725;-0.167233;1.903088;-0.014377;0.151;0.1771;0.9725;-0.167233;1.903088;-0.014377;-0.9698;-4.0E-4;0.2439;-0.120946;3.262382;0.171766;-0.9698;-4.0E-4;0.2439;-0.196856;3.252671;-0.130061;-0.9698;-4.0E-4;0.2439;-0.167233;1.903088;-0.014377;0.151;-0.068;0.9862;0.262044;1.899405;-0.080373;0.151;-0.068;0.9862;0.188881;3.254044;0.024205;0.151;-0.068;0.9862;-0.262044;1.991265;-0.415756;-0.258;0.2261;-0.9393;-0.196856;3.252671;-0.130061;-0.258;0.2261;-0.9393;0.128921;3.249875;-0.220227;-0.258;0.2261;-0.9393
-2.392551;4.592056;-3.993711;2.808599;11.186993;2.450598;1;1
54;1
54;0.812;0.58;0.318;0.04
-2.392551;8.428589;-3.993711;0.4054;0.4773;-0.7796;-1.60491;8.506146;-3.536588;0.4054;0.4773;-0.7796;-1.571573;7.738036;-3.989497;0.4054;0.4773;-0.7796;-1.571573;7.738036;-3.989497;0.8286;-0.2572;0.4972;-1.60491;8.506146;-3.536588;0.8286;-0.2572;0.4972;-2.037069;8.023563;-3.066093;0.8286;-0.2572;0.4972;-2.037069;8.023563;-3.066093;-0.3603;0.7963;0.4858;-1.60491;8.506146;-3.536588;-0.3603;0.7963;0.4858;-2.392551;8.428589;-3.993711;-0.3603;0.7963;0.4858;-2.037069;8.023563;-3.066093;-0.91;0.1142;0.3986;-2.392551;8.428589;-3.993711;-0.91;0.1142;0.3986;-2.385902;7.617524;-3.746138;-0.91;0.1142;0.3986;-1.571573;7.738036;-3.989497;0.2497;-0.8824;0.3987;-2.037069;8.023563;-3.066093;0.2497;-0.8824;0.3987;-2.385902;7.617524;-3.746138;0.2497;-0.8824;0.3987;-2.392551;8.428589;-3.993711;-0.2354;-0.2855;-0.929;-1.571573;7.738036;-3.989497;-0.2354;-0.2855;-0.929;-2.385902;7.617524;-3.746138;-0.2354;-0.2855;-0.929;2.808599;11.008327;-0.278246;0.5588;-0.7678;0.3134;2.040471;10.539422;-0.057442;0.5588;-0.7678;0.3134;2.240406;10.334645;-0.91565;0.5588;-0.7678;0.3134;2.240406;10.334645;-0.91565;-0.8845;-0.4562;-0.0972;2.040471;10.539422;-0.057442;-0.8845;-0.4562;-0.0972;1.749756;11.186993;-0.451171;-0.8845;-0.4562;-0.0972;1.749756;11.186993;-0.451171;-0.0568;0.4999;0.8642;2.040471;10.539422;-0.057442;-0.0568;0.4999;0.8642;2.808599;11.008327;-0.278246;-0.0568;0.4999;0.8642;1.749756;11.186993;-0.451171;0.1403;0.9784;0.152;2.808599;11.008327;-0.278246;0.1403;0.9784;0.152;2.415155;11.180424;-1.023094;0.1403;0.9784;0.152;2.240406;10.334645;-0.91565;-0.6511;0.0382;-0.758;1.749756;11.186993;-0.451171;-0.6511;0.0382;-0.758;2.415155;11.180424;-1.023094;-0.6511;0.0382;-0.758;2.808599;11.008327;-0.278246;0.8357;-0.2357;-0.4959;2.240406;10.334645;-0.91565;0.8357;-0.2357;-0.4959;2.415155;11.180424;-1.023094;0.8357;-0.2357;-0.4959;0.735748;5.26991;2.450598;0.3034;-0.2141;0.9285;1.034213;4.592056;2.196769;0.3034;-0.2141;0.9285;1.586226;5.117473;2.13757;0.3034;-0.2141;0.9285;1.586226;5.117473;2.13757;0.5592;-0.646;-0.5195;1.034213;4.592056;2.196769;0.5592;-0.646;-0.5195;0.859884;4.909559;1.614372;0.5592;-0.646;-0.5195;0.859884;4.909559;1.614372;-0.908;-0.4165;0.0447;1.034213;4.592056;2.196769;-0.908;-0.4165;0.0447;0.735748;5.26991;2.450598;-0.908;-0.4165;0.0447;0.859884;4.909559;1.614372;-0.8696;0.3932;-0.2985;0.735748;5.26991;2.450598;-0.8696;0.3932;-0.2985;1.06792;5.570271;1.878604;-0.8696;0.3932;-0.2985;1.586226;5.117473;2.13757;0.5474;0.1564;-0.8221;0.859884;4.909559;1.614372;0.5474;0.1564;-0.8221;1.06792;5.570271;1.878604;0.5474;0.1564;-0.8221;0.735748;5.26991;2.450598;0.3469;0.7323;0.586;1.586226;5.117473;2.13757;0.3469;0.7323;0.586;1.06792;5.570271;1.878604;0.3469;0.7323;0.586
-2.863924;4.702244;-3.441415;3.35514;10.782695;2.617146;1;1
72;1
72;0.812;0.58;0.318;0.04
2.350073;8.151658;1.743368;-0.8571;-0.3823;0.3453;2.758275;7.561268;2.102915;-0.8571;-0.3823;0.3453;2.702778;8.150137;2.617146;-0.8571;-0.3823;0.3453;2.702778;8.150137;2.617146;0.652;-0.4629;0.6005;2.758275;7.561268;2.102915;0.652;-0.4629;0.6005;3.268407;7.991175;1.880475;0.652;-0.4629;0.6005;3.268407;7.991175;1.880475;0.0422;-0.4982;-0.866;2.758275;7.561268;2.102915;0.0422;-0.4982;-0.866;2.350073;8.151658;1.743368;0.0422;-0.4982;-0.866;3.268407;7.991175;1.880475;0.1933;0.3113;-0.9304;2.350073;8.151658;1.743368;0.1933;0.3113;-0.9304;2.884808;8.695735;2.036542;0.1933;0.3113;-0.9304;2.702778;8.150137;2.617146;0.7854;0.3088;0.5364;3.268407;7.991175;1.880475;0.7854;0.3088;0.5364;2.884808;8.695735;2.036542;0.7854;0.3088;0.5364;2.350073;8.151658;1.743368;-0.7562;0.5782;0.3063;2.702778;8.150137;2.617146;-0.7562;0.5782;0.3063;2.884808;8.695735;2.036542;-0.7562;0.5782;0.3063;-2.439405;10.067392;1.918604;-0.4795;-0.8724;-0.0941;-2.47562;10.185045;1.012952;-0.4795;-0.8724;-0.0941;-1.717716;9.749196;1.191414;-0.4795;-0.8724;-0.0941;-1.717716;9.749196;1.191414;0.3008;0.1365;-0.9438;-2.47562;10.185045;1.012952;0.3008;0.1365;-0.9438;-1.999123;10.782695;1.251234;0.3008;0.1365;-0.9438;-1.999123;10.782695;1.251234;-0.7979;0.5928;0.1089;-2.47562;10.185045;1.012952;-0.7979;0.5928;0.1089;-2.439405;10.067392;1.918604;-0.7979;0.5928;0.1089;-1.999123;10.782695;1.251234;-0.1398;0.7201;0.6796;-2.439405;10.067392;1.918604;-0.1398;0.7201;0.6796;-1.623066;10.28758;1.853276;-0.1398;0.7201;0.6796;-1.717716;9.749196;1.191414;0.9006;0.2651;-0.3445;-1.999123;10.782695;1.251234;0.9006;0.2651;-0.3445;-1.623066;10.28758;1.853276;0.9006;0.2651;-0.3445;-2.439405;10.067392;1.918604;0.2541;-0.7678;0.5882;-1.717716;9.749196;1.191414;0.2541;-0.7678;0.5882;-1.623066;10.28758;1.853276;0.2541;-0.7678;0.5882;-2.863924;5.17532;-1.621246;0.025;0.01;0.9996;-1.939144;4.702244;-1.639675;0.025;0.01;0.9996;-1.764204;5.701241;-1.654063;0.025;0.01;0.9996;-1.764204;5.701241;-1.654063;0.9652;-0.1718;-0.197;-1.939144;4.702244;-1.639675;0.9652;-0.1718;-0.197;-2.082848;4.89997;-2.516319;0.9652;-0.1718;-0.197;-2.082848;4.89997;-2.516319;-0.4538;-0.8823;-0.1246;-1.939144;4.702244;-1.639675;-0.4538;-0.8823;-0.1246;-2.863924;5.17532;-1.621246;-0.4538;-0.8823;-0.1246;-2.082848;4.89997;-2.516319;-0.7677;-0.214;-0.6041;-2.863924;5.17532;-1.621246;-0.7677;-0.214;-0.6041;-2.499224;5.762811;-2.292867;-0.7677;-0.214;-0.6041;-1.764204;5.701241;-1.654063;0.6041;0.46;-0.6507;-2.082848;4.89997;-2.516319;0.6041;0.46;-0.6507;-2.499224;5.762811;-2.292867;0.6041;0.46;-0.6507;-2.863924;5.17532;-1.621246;-0.3631;0.79;0.4939;-1.764204;5.701241;-1.654063;-0.3631;0.79;0.4939;-2.499224;5.762811;-2.292867;-0.3631;0.79;0.4939;2.508748;6.472482;-2.752527;0.025;0.01;0.9996;3.2205;6.108382;-2.766711;0.025;0.01;0.9996;3.35514;6.877254;-2.777785;0.025;0.01;0.9996;3.35514;6.877254;-2.777785;0.9652;-0.1718;-0.197;3.2205;6.108382;-2.766711;0.9652;-0.1718;-0.197;3.109899;6.260561;-3.441415;0.9652;-0.1718;-0.197;3.109899;6.260561;-3.441415;-0.4538;-0.8823;-0.1246;3.2205;6.108382;-2.766711;-0.4538;-0.8823;-0.1246;2.508748;6.472482;-2.752527;-0.4538;-0.8823;-0.1246;3.109899;6.260561;-3.441415;-0.7677;-0.214;-0.6041;2.508748;6.472482;-2.752527;-0.7677;-0.214;-0.6041;2.789437;6.924641;-3.269437;-0.7677;-0.214;-0.6041;3.35514;6.877254;-2.777785;0.6041;0.46;-0.6507;3.109899;6.260561;-3.441415;0.6041;0.46;-0.6507;2.789437;6.924641;-3.269437;0.6041;0.46;-0.6507;2.508748;6.472482;-2.752527;-0.3631;0.79;0.4939;3.35514;6.877254;-2.777785;-0.3631;0.79;0.4939;2.789437;6.924641;-3.269437;-0.3631;0.79;0.4939
7
MATERIAL;second;0;count;5;CUSTOM;0.4863;0.796;0.5059;1000;MUD_GREEN;200000;YELLOW_GREEN;300000;ORANGE;600000;DARK_PURPLE;800000
INFO;NameId;495;DescId;496;price;55700;dpPerMin;0;range;2;placeSound;thud
LIFE;averagePop;3.5;averageLife;60.0;popFactors;2;0;0.3;breedMat;30.0;breedTime;21.703125;parentId;109;count;150;reqs;2;LIFE;type;2;enviroType;0;classification;pbl129;count;2;LIFE;type;2;enviroType;1;biome;TROPICAL;amount;0.8;FALL_DEATH;fallTime;3;totalTime;5;fallenAngle;60;particleEffect;1;ExplodeTime;0.975;UseMaterial;0;Colour;1;Spawn;2;5;0;1;0;PPS;30;Speed;1.5;Gravity;0.3;Life;3;Scale;0.1;Colour;0.294;0.322;0.212;Additive;0;Alpha;1;FadeIn;0.1;FadeOut;0.8;HasDir;1;Dir;0;1;0;Varience;0.25;Offset;0;5;0;LifeError;0.4;ScaleError;0.3;SpeedError;0.4;RandRot;1;HasXRot;1;XRotSpeed;180;Stages;1;2;enviroReqCount;2;reqId;1;minAltitude;0;maxAltitude;20;influence;0.5;reqId;2;barren;0;goodBiomes;3;9;0;7;idealFactor;80;influence;0.7
GROWTH;dynamic;0;growthTime;20.0;modelStages;3;subStages;2
FRUITER;modelStage;3;stageCount;2;time;15
FRUIT_FALL;fruitID;48;spawnTime;0.28;spawnHeight;7;spawnRadius;1
WOOD;cut time;3.6;bark factor;0.5;colour;0.439;0.333;0.263
