1.0;name;622
ef
0;1
1
-0.520441;-0.369734;-0.384368;0.367226;0.486329;0.338113;1
18;1
18;0.812;0.58;0.318
-0.520441;0.012121;0.338113;0.025;0.01;0.9996;0.226019;-0.369734;0.323237;0.025;0.01;0.9996;0.367226;0.436631;0.311623;0.025;0.01;0.9996;0.367226;0.436631;0.311623;0.9652;-0.1718;-0.197;0.226019;-0.369734;0.323237;0.9652;-0.1718;-0.197;0.110025;-0.210135;-0.384368;0.9652;-0.1718;-0.197;0.110025;-0.210135;-0.384368;-0.4538;-0.8823;-0.1246;0.226019;-0.369734;0.323237;-0.4538;-0.8823;-0.1246;-0.520441;0.012121;0.338113;-0.4538;-0.8823;-0.1246;0.110025;-0.210135;-0.384368;-0.7677;-0.214;-0.6041;-0.520441;0.012121;0.338113;-0.7677;-0.214;-0.6041;-0.226067;0.486329;-0.204003;-0.7677;-0.214;-0.6041;0.367226;0.436631;0.311623;0.6041;0.46;-0.6507;0.110025;-0.210135;-0.384368;0.6041;0.46;-0.6507;-0.226067;0.486329;-0.204003;0.6041;0.46;-0.6507;-0.520441;0.012121;0.338113;-0.3631;0.79;0.4939;0.367226;0.436631;0.311623;-0.3631;0.79;0.4939;-0.226067;0.486329;-0.204003;-0.3631;0.79;0.4939
2
DECAY;1.8
FOOD;1;906;10;WHOLE;PARTICLE_DEATH;isColour;1;Spawn;0;PPS;8;Speed;0.6;Gravity;0.2;Life;0.5;Scale;0.05;Colour;0.812;0.58;0.318;Additive;0;Alpha;1;FadeIn;0.1;FadeOut;0.8;HasDir;1;Dir;0;1;0;Deviation;0.3;Offset;0;0;0;LifeError;0.4;ScaleError;0.1;SpeedError;0.1;RandomRot;1;HasXRot;0
