1.0
ahs
0;1
2
-0.096767;0.005256;-0.250916;0.097429;0.360495;0.293731;1
84;3
48;0.635;0.447;0.325
-0.001523;0.005256;0.163546;-0.6152;0.5578;0.5571;-0.001621;0.131704;0.036847;-0.6152;0.5578;0.5571;-0.048503;0.005256;0.111671;-0.6152;0.5578;0.5571;-0.048503;0.005256;0.111671;-0.0032;-0.5083;-0.8611;-0.001621;0.131704;0.036847;-0.0032;-0.5083;-0.8611;0.044605;0.005256;0.111317;-0.0032;-0.5083;-0.8611;0.06019;0.014623;-0.205957;0.6962;-0.2209;0.683;-0.001601;0.133943;-0.10438;0.6962;-0.2209;0.683;-0.001502;0.013492;-0.143435;0.6962;-0.2209;0.683;0.044605;0.005256;0.111317;0.6244;0.5531;0.5515;-0.001621;0.131704;0.036847;0.6244;0.5531;0.5515;-0.001523;0.005256;0.163546;0.6244;0.5531;0.5515;-0.064128;0.014263;-0.205653;-0.0037;0.6471;-0.7624;-0.001601;0.133943;-0.10438;-0.0037;0.6471;-0.7624;0.06019;0.014623;-0.205957;-0.0037;0.6471;-0.7624;-0.001502;0.013492;-0.143435;-0.6882;-0.2243;0.69;-0.001601;0.133943;-0.10438;-0.6882;-0.2243;0.69;-0.064128;0.014263;-0.205653;-0.6882;-0.2243;0.69;0.042229;0.089696;0.162074;0.8373;0.4819;-0.2582;3.31E-4;0.196256;0.225098;0.8373;0.4819;-0.2582;0.061644;0.086035;0.218203;0.8373;0.4819;-0.2582;0.061644;0.086035;0.218203;0.7194;0.3631;0.5922;3.31E-4;0.196256;0.225098;0.7194;0.3631;0.5922;3.31E-4;0.084329;0.293731;0.7194;0.3631;0.5922;-0.041568;0.089696;0.162074;-0.9207;0.3879;-0.0437;3.31E-4;0.196256;0.225098;-0.9207;0.3879;-0.0437;3.31E-4;0.183038;0.107877;-0.9207;0.3879;-0.0437;3.31E-4;0.196256;0.225098;-0.7194;0.3631;0.5922;-0.060983;0.086035;0.218203;-0.7194;0.3631;0.5922;3.31E-4;0.084329;0.293731;-0.7194;0.3631;0.5922;3.31E-4;0.277892;-0.077586;0.7432;-0.511;0.4317;3.31E-4;0.131451;-0.250916;0.7432;-0.511;0.4317;0.052232;0.360495;-0.069157;0.7432;-0.511;0.4317;0.052232;0.360495;-0.069157;0.0;0.6216;-0.7833;3.31E-4;0.131451;-0.250916;0.0;0.6216;-0.7833;-0.05157;0.360495;-0.069157;0.0;0.6216;-0.7833;-0.05157;0.360495;-0.069157;-0.7432;-0.511;0.4317;3.31E-4;0.131451;-0.250916;-0.7432;-0.511;0.4317;3.31E-4;0.277892;-0.077586;-0.7432;-0.511;0.4317;3.31E-4;0.277892;-0.077586;0.0;-0.1015;0.9948;0.052232;0.360495;-0.069157;0.0;-0.1015;0.9948;-0.05157;0.360495;-0.069157;0.0;-0.1015;0.9948;0.042229;0.089696;0.162074;0.9207;0.3879;-0.0437;3.31E-4;0.183038;0.107877;0.9207;0.3879;-0.0437;3.31E-4;0.196256;0.225098;0.9207;0.3879;-0.0437;-0.041568;0.089696;0.162074;-0.8373;0.4819;-0.2582;-0.060983;0.086035;0.218203;-0.8373;0.4819;-0.2582;3.31E-4;0.196256;0.225098;-0.8373;0.4819;-0.2582
18;0.878;0.827;0.62
-0.096767;0.044536;-0.047616;0.0;-0.9776;0.2105;0.042229;0.089696;0.162074;0.0;-0.9776;0.2105;-0.041568;0.089696;0.162074;0.0;-0.9776;0.2105;0.097429;0.044536;-0.047616;0.0;-0.9104;-0.4136;-0.096767;0.044536;-0.047616;0.0;-0.9104;-0.4136;3.31E-4;0.135612;-0.248066;0.0;-0.9104;-0.4136;0.042229;0.089696;0.162074;0.0;-0.9979;-0.0651;-0.060983;0.086035;0.218203;0.0;-0.9979;-0.0651;-0.041568;0.089696;0.162074;0.0;-0.9979;-0.0651;3.31E-4;0.084329;0.293731;0.0;-0.9997;-0.0226;-0.060983;0.086035;0.218203;0.0;-0.9997;-0.0226;0.061644;0.086035;0.218203;0.0;-0.9997;-0.0226;-0.096767;0.044536;-0.047616;0.0;-0.9776;0.2105;0.097429;0.044536;-0.047616;0.0;-0.9776;0.2105;0.042229;0.089696;0.162074;0.0;-0.9776;0.2105;0.042229;0.089696;0.162074;0.0;-0.9979;-0.0651;0.061644;0.086035;0.218203;0.0;-0.9979;-0.0651;-0.060983;0.086035;0.218203;0.0;-0.9979;-0.0651
18;-1;0;0
3.31E-4;0.183038;0.107877;-0.8744;0.4676;0.1294;-0.096767;0.044536;-0.047616;-0.8744;0.4676;0.1294;-0.041568;0.089696;0.162074;-0.8744;0.4676;0.1294;3.31E-4;0.199207;-0.003621;0.819;0.5553;-0.1444;0.097429;0.044536;-0.047616;0.819;0.5553;-0.1444;3.31E-4;0.135612;-0.248066;0.819;0.5553;-0.1444;0.097429;0.044536;-0.047616;0.8744;0.4676;0.1294;3.31E-4;0.183038;0.107877;0.8744;0.4676;0.1294;0.042229;0.089696;0.162074;0.8744;0.4676;0.1294;-0.096767;0.044536;-0.047616;-0.819;0.5553;-0.1444;3.31E-4;0.199207;-0.003621;-0.819;0.5553;-0.1444;3.31E-4;0.135612;-0.248066;-0.819;0.5553;-0.1444;3.31E-4;0.183038;0.107877;-0.854;0.5149;0.0746;3.31E-4;0.199207;-0.003621;-0.854;0.5149;0.0746;-0.096767;0.044536;-0.047616;-0.854;0.5149;0.0746;0.097429;0.044536;-0.047616;0.854;0.5149;0.0746;3.31E-4;0.199207;-0.003621;0.854;0.5149;0.0746;3.31E-4;0.183038;0.107877;0.854;0.5149;0.0746
-0.311062;0.032557;-1.044426;0.311062;1.298203;0.897087;3
168;4
63;0.635;0.447;0.325
-0.11928;0.393704;-0.783621;0.1794;0.1725;-0.9685;-0.229495;0.823165;-0.727547;0.1794;0.1725;-0.9685;0.24799;0.689716;-0.66284;0.1794;0.1725;-0.9685;-0.229495;0.823165;-0.727547;-0.8947;0.2973;0.3334;-0.080459;0.737308;-0.251136;-0.8947;0.2973;0.3334;-0.148594;0.974391;-0.645306;-0.8947;0.2973;0.3334;-0.080459;0.737308;-0.251136;0.7347;-0.2788;0.6184;0.24799;0.689716;-0.66284;0.7347;-0.2788;0.6184;0.244181;1.003653;-0.516781;0.7347;-0.2788;0.6184;0.24799;0.689716;-0.66284;0.2254;0.3696;-0.9014;-0.229495;0.823165;-0.727547;0.2254;0.3696;-0.9014;-0.148594;0.974391;-0.645306;0.2254;0.3696;-0.9014;-0.148594;0.974391;-0.645306;-0.9318;0.3241;-0.1634;-0.131831;1.197109;-0.299022;-0.9318;0.3241;-0.1634;0.008223;1.298203;-0.897259;-0.9318;0.3241;-0.1634;0.008223;1.298203;-0.897259;0.6764;0.6837;0.2739;-0.131831;1.197109;-0.299022;0.6764;0.6837;0.2739;0.157478;1.087181;-0.739046;0.6764;0.6837;0.2739;0.244181;1.003653;-0.516781;0.2011;-0.8885;-0.4124;-0.148594;0.974391;-0.645306;0.2011;-0.8885;-0.4124;0.157478;1.087181;-0.739046;0.2011;-0.8885;-0.4124;0.127188;0.367445;-0.71575;0.2706;0.0563;-0.961;-0.11928;0.393704;-0.783621;0.2706;0.0563;-0.961;0.24799;0.689716;-0.66284;0.2706;0.0563;-0.961;0.157478;1.087181;-0.739046;0.5228;-0.8284;0.2011;-0.118048;0.889827;-0.835723;0.5228;-0.8284;0.2011;0.01863;0.92541;-1.044426;0.5228;-0.8284;0.2011;-0.118048;0.889827;-0.835723;-0.8366;0.1808;-0.5171;0.008223;1.298203;-0.897259;-0.8366;0.1808;-0.5171;0.01863;0.92541;-1.044426;-0.8366;0.1808;-0.5171;0.008223;1.298203;-0.897259;0.8388;0.22;-0.4979;0.157478;1.087181;-0.739046;0.8388;0.22;-0.4979;0.01863;0.92541;-1.044426;0.8388;0.22;-0.4979;-0.11928;0.393704;-0.783621;-0.8171;-0.2758;0.5062;-0.0;0.508345;-0.528611;-0.8171;-0.2758;0.5062;-0.229495;0.823165;-0.727547;-0.8171;-0.2758;0.5062;-0.131831;1.197109;-0.299022;0.5089;0.8521;0.1217;0.244181;1.003653;-0.516781;0.5089;0.8521;0.1217;0.157478;1.087181;-0.739046;0.5089;0.8521;0.1217;-0.0;0.508345;-0.528611;0.6308;-0.3501;0.6924;0.127188;0.367445;-0.71575;0.6308;-0.3501;0.6924;0.24799;0.689716;-0.66284;0.6308;-0.3501;0.6924;-0.080459;0.737308;-0.251136;-0.9888;-0.0988;0.1115;-0.131831;1.197109;-0.299022;-0.9888;-0.0988;0.1115;-0.148594;0.974391;-0.645306;-0.9888;-0.0988;0.1115;-0.131831;1.197109;-0.299022;0.5513;0.1471;0.8212;-0.080459;0.737308;-0.251136;0.5513;0.1471;0.8212;0.244181;1.003653;-0.516781;0.5513;0.1471;0.8212;0.244181;1.003653;-0.516781;0.2558;0.4103;-0.8753;0.24799;0.689716;-0.66284;0.2558;0.4103;-0.8753;-0.148594;0.974391;-0.645306;0.2558;0.4103;-0.8753;-0.118048;0.889827;-0.835723;-0.9328;0.2492;-0.2603;-0.148594;0.974391;-0.645306;-0.9328;0.2492;-0.2603;0.008223;1.298203;-0.897259;-0.9328;0.2492;-0.2603;-0.148594;0.974391;-0.645306;0.4246;-0.8002;0.4235;-0.118048;0.889827;-0.835723;0.4246;-0.8002;0.4235;0.157478;1.087181;-0.739046;0.4246;-0.8002;0.4235;-0.080459;0.737308;-0.251136;0.6612;-0.4732;0.5822;-0.0;0.508345;-0.528611;0.6612;-0.4732;0.5822;0.24799;0.689716;-0.66284;0.6612;-0.4732;0.5822;-0.0;0.508345;-0.528611;-0.8447;-0.5065;0.173;-0.080459;0.737308;-0.251136;-0.8447;-0.5065;0.173;-0.229495;0.823165;-0.727547;-0.8447;-0.5065;0.173
12;0.878;0.827;0.62
-0.222798;0.404673;0.651683;-0.5629;-0.8264;-0.0109;0.0;0.254592;0.524131;-0.5629;-0.8264;-0.0109;0.0;0.249653;0.897087;-0.5629;-0.8264;-0.0109;0.0;0.254592;0.524131;0.6003;-0.791;-0.1178;0.150997;0.384615;0.420474;0.6003;-0.791;-0.1178;0.222799;0.404673;0.651683;0.6003;-0.791;-0.1178;-0.150997;0.384615;0.420474;-0.6003;-0.791;-0.1178;0.0;0.254592;0.524131;-0.6003;-0.791;-0.1178;-0.222798;0.404673;0.651683;-0.6003;-0.791;-0.1178;0.0;0.254592;0.524131;0.5629;-0.8264;-0.0109;0.222799;0.404673;0.651683;0.5629;-0.8264;-0.0109;0.0;0.249653;0.897087;0.5629;-0.8264;-0.0109
27;0.8;0.494489;0.284457
-0.260115;0.356719;0.095547;-0.5569;-0.7904;0.2549;-0.0;0.111927;-0.095212;-0.5569;-0.7904;0.2549;-0.150997;0.384615;0.420474;-0.5569;-0.7904;0.2549;-0.0;0.111927;-0.095212;0.5569;-0.7904;0.2549;0.260115;0.356719;0.095547;0.5569;-0.7904;0.2549;0.150997;0.384615;0.420474;0.5569;-0.7904;0.2549;-0.0;0.111927;-0.095212;-0.4428;-0.8541;-0.2729;-0.311062;0.342808;-0.313112;-0.4428;-0.8541;-0.2729;-0.11928;0.393704;-0.783621;-0.4428;-0.8541;-0.2729;0.127188;0.367445;-0.71575;0.006;-0.9251;-0.3797;-0.0;0.111927;-0.095212;0.006;-0.9251;-0.3797;-0.11928;0.393704;-0.783621;0.006;-0.9251;-0.3797;-0.260115;0.356719;0.095547;-0.6393;-0.7617;0.1056;-0.311062;0.342808;-0.313112;-0.6393;-0.7617;0.1056;-0.0;0.111927;-0.095212;-0.6393;-0.7617;0.1056;0.311062;0.342808;-0.313112;0.4523;-0.8535;-0.2587;-0.0;0.111927;-0.095212;0.4523;-0.8535;-0.2587;0.127188;0.367445;-0.71575;0.4523;-0.8535;-0.2587;0.311062;0.342808;-0.313112;0.6393;-0.7617;0.1056;0.260115;0.356719;0.095547;0.6393;-0.7617;0.1056;-0.0;0.111927;-0.095212;0.6393;-0.7617;0.1056;-0.0;0.111927;-0.095212;-0.7047;-0.6914;0.1592;0.0;0.254592;0.524131;-0.7047;-0.6914;0.1592;-0.150997;0.384615;0.420474;-0.7047;-0.6914;0.1592;0.0;0.254592;0.524131;0.7047;-0.6914;0.1592;-0.0;0.111927;-0.095212;0.7047;-0.6914;0.1592;0.150997;0.384615;0.420474;0.7047;-0.6914;0.1592
66;-1;0;0
-0.0;0.542579;0.304636;-0.655;0.739;0.1579;-0.0;0.642198;-0.161538;-0.655;0.739;0.1579;-0.260115;0.356719;0.095547;-0.655;0.739;0.1579;-0.311062;0.342808;-0.313112;-0.5934;0.7562;-0.2757;-0.0;0.642198;-0.161538;-0.5934;0.7562;-0.2757;-0.0;0.508345;-0.528611;-0.5934;0.7562;-0.2757;0.311062;0.342808;-0.313112;0.7081;0.7031;0.0643;-0.0;0.642198;-0.161538;0.7081;0.7031;0.0643;0.260115;0.356719;0.095547;0.7081;0.7031;0.0643;-0.0;0.642198;-0.161538;0.5934;0.7562;-0.2757;0.311062;0.342808;-0.313112;0.5934;0.7562;-0.2757;-0.0;0.508345;-0.528611;0.5934;0.7562;-0.2757;0.0;0.602521;0.696537;-0.5231;0.4211;0.7409;-0.222798;0.404673;0.651683;-0.5231;0.4211;0.7409;0.0;0.249653;0.897087;-0.5231;0.4211;0.7409;0.260115;0.356719;0.095547;0.6543;0.74;0.1562;-0.0;0.542579;0.304636;0.6543;0.74;0.1562;0.150997;0.384615;0.420474;0.6543;0.74;0.1562;-0.0;0.542579;0.304636;-0.6543;0.74;0.1562;-0.260115;0.356719;0.095547;-0.6543;0.74;0.1562;-0.150997;0.384615;0.420474;-0.6543;0.74;0.1562;-0.0;0.642198;-0.161538;0.655;0.739;0.1579;-0.0;0.542579;0.304636;0.655;0.739;0.1579;0.260115;0.356719;0.095547;0.655;0.739;0.1579;0.0;0.602521;0.696537;-0.6465;0.7541;-0.1153;-0.0;0.542579;0.304636;-0.6465;0.7541;-0.1153;-0.222798;0.404673;0.651683;-0.6465;0.7541;-0.1153;-0.11928;0.393704;-0.783621;-0.533;0.8365;-0.1267;-0.311062;0.342808;-0.313112;-0.533;0.8365;-0.1267;-0.0;0.508345;-0.528611;-0.533;0.8365;-0.1267;-0.0;0.642198;-0.161538;-0.7081;0.7031;0.0643;-0.311062;0.342808;-0.313112;-0.7081;0.7031;0.0643;-0.260115;0.356719;0.095547;-0.7081;0.7031;0.0643;0.311062;0.342808;-0.313112;0.5692;0.7945;-0.2113;0.127188;0.367445;-0.71575;0.5692;0.7945;-0.2113;-0.0;0.508345;-0.528611;0.5692;0.7945;-0.2113;-0.0;0.542579;0.304636;0.6465;0.7541;-0.1153;0.0;0.602521;0.696537;0.6465;0.7541;-0.1153;0.222799;0.404673;0.651683;0.6465;0.7541;-0.1153;-0.0;0.542579;0.304636;-0.7892;0.5403;-0.2919;-0.150997;0.384615;0.420474;-0.7892;0.5403;-0.2919;-0.222798;0.404673;0.651683;-0.7892;0.5403;-0.2919;0.150997;0.384615;0.420474;0.7892;0.5403;-0.2919;-0.0;0.542579;0.304636;0.7892;0.5403;-0.2919;0.222799;0.404673;0.651683;0.7892;0.5403;-0.2919;0.006132;0.032557;0.49774;-0.6152;0.5578;0.5571;0.005826;0.427128;0.102385;-0.6152;0.5578;0.5571;-0.140467;0.032557;0.335865;-0.6152;0.5578;0.5571;-0.140467;0.032557;0.335865;-0.0032;-0.5083;-0.8611;0.005826;0.427128;0.102385;-0.0032;-0.5083;-0.8611;0.150071;0.032557;0.334764;-0.0032;-0.5083;-0.8611;0.1987;0.061787;-0.655266;0.6962;-0.2209;0.683;0.005888;0.434114;-0.338304;0.6962;-0.2209;0.683;0.006197;0.058257;-0.460171;0.6962;-0.2209;0.683;0.150071;0.032557;0.334764;0.6244;0.5531;0.5515;0.005826;0.427128;0.102385;0.6244;0.5531;0.5515;0.006132;0.032557;0.49774;0.6244;0.5531;0.5515;-0.189223;0.060664;-0.654316;-0.0037;0.6471;-0.7624;0.005888;0.434114;-0.338304;-0.0037;0.6471;-0.7624;0.1987;0.061787;-0.655266;-0.0037;0.6471;-0.7624;0.006197;0.058257;-0.460171;-0.6882;-0.2243;0.69;0.005888;0.434114;-0.338304;-0.6882;-0.2243;0.69;-0.189223;0.060664;-0.654316;-0.6882;-0.2243;0.69;0.222799;0.404673;0.651683;0.5231;0.4211;0.7409;0.0;0.602521;0.696537;0.5231;0.4211;0.7409;0.0;0.249653;0.897087;0.5231;0.4211;0.7409
10
MATERIAL;second;0;count;7;CUSTOM;0.655;0.38;0.329;10000;GREY;100000;BROWN;300000;BEIGE;250000;WHITE;900000;BLACK;1000000;BRIGHT_GREEN;2000000
INFO;NameId;462;DescId;463;price;11800;dpPerMin;70;range;2;placeSound;thud
LIFE;averagePop;5.0;averageLife;34.0;popFactors;1;0.3;breedMat;17.0;breedTime;12.305399;parentId;52;count;150;reqs;2;EATING;en;MATERIAL;col;DARK_ORANGE;FALL_DEATH;fallTime;1.5;totalTime;2.5;angle;60;particles;0;enviroReqCount;3;reqId;2;barren;0;goodBiomes;3;1;8;0;idealFactor;80;influence;0.85;reqId;5;likedSpecies;1;pt;influence;0.65;reqId;1;minAltitude;0;maxAltitude;65;influence;0.8
GROWTH;dynamic;1;growthTime;11.333333;modelStages;2
MOVEMENT;13;speed;0.75;bounce;1;upRot;300;gravFactor;0.6;frontZ;2;0.12;0.4;backZ;2;-0.17;-0.55;
AI;PATROL
FLEE;safeRange;2.5;land;1;swim;0
EATING;maxHunger;20;HungerPerHour;1.8;eatRadius;0.1;EatingAnims;1;0;DietOptionCount;1;en;WHOLE;0
TREE_SWING;handPos;0;0;0
DROP;itemId;140
