1
ptf
0;1
3
-0.518142;-0.13771;-0.576742;0.535691;2.932262;0.377878;1
60;2
12;0.246194;0.146634;0.118815;0.06
-0.080993;-0.13771;0.062015;-0.852779;0.029298;-0.521409;0.0039;1.287113;0.003258;-0.852779;0.029298;-0.521409;-0.010946;-0.13771;-0.052543;-0.852779;0.029298;-0.521409;-0.010946;-0.13771;-0.052543;0.865963;0.010529;-0.499954;0.0039;1.287113;0.003258;0.865963;0.010529;-0.499954;0.053241;-0.13771;0.058632;0.865963;0.010529;-0.499954;0.053241;-0.13771;0.058632;0.025147;0.039674;0.998871;0.0039;1.287113;0.003258;0.025147;0.039674;0.998871;-0.080993;-0.13771;0.062015;0.025147;0.039674;0.998871;-0.010946;-0.13771;-0.052543;0.0;-1.0;0.0;0.053241;-0.13771;0.058632;0.0;-1.0;0.0;-0.080993;-0.13771;0.062015;0.0;-1.0;0.0
48;-1.0;0.0;0.0;0.12
-0.02574;1.34868;-0.576742;-0.892941;0.050752;-0.447249;-0.518142;1.097904;0.377878;-0.892941;0.050752;-0.447249;-0.299222;2.699744;0.122586;-0.892941;0.050752;-0.447249;0.173324;0.671082;0.222294;0.763421;-0.497299;-0.412061;-0.048467;0.743837;-0.276405;0.763421;-0.497299;-0.412061;0.535691;1.280782;0.157818;0.763421;-0.497299;-0.412061;-0.299222;2.699744;0.122586;-0.201178;0.180914;0.962676;-0.518142;1.097904;0.377878;-0.201178;0.180914;0.962676;0.060556;2.483086;0.238488;-0.201178;0.180914;0.962676;-0.300712;0.568622;0.186435;0.222327;-0.945738;-0.236854;-0.048467;0.743837;-0.276405;0.222327;-0.945738;-0.236854;0.173324;0.671082;0.222294;0.222327;-0.945738;-0.236854;0.060556;2.483086;0.238488;0.929319;0.368633;-0.020753;0.535691;1.280782;0.157818;0.929319;0.368633;-0.020753;-0.050477;2.745215;-0.077097;0.929319;0.368633;-0.020753;-0.300712;0.568622;0.186435;0.002167;-0.339335;0.940642;0.173324;0.671082;0.222294;0.002167;-0.339335;0.940642;-0.518142;1.097904;0.377878;0.002167;-0.339335;0.940642;-0.048467;0.743837;-0.276405;-0.840663;-0.157994;-0.51796;-0.300712;0.568622;0.186435;-0.840663;-0.157994;-0.51796;-0.518142;1.097904;0.377878;-0.840663;-0.157994;-0.51796;-0.299222;2.699744;0.122586;-0.185858;0.205329;0.960845;0.060556;2.483086;0.238488;-0.185858;0.205329;0.960845;-0.155879;2.932262;0.100624;-0.185858;0.205329;0.960845;-0.050477;2.745215;-0.077097;-0.627949;0.320109;-0.709342;-0.299222;2.699744;0.122586;-0.627949;0.320109;-0.709342;-0.155879;2.932262;0.100624;-0.627949;0.320109;-0.709342;0.060556;2.483086;0.238488;0.89227;0.447707;0.057955;-0.050477;2.745215;-0.077097;0.89227;0.447707;0.057955;-0.155879;2.932262;0.100624;0.89227;0.447707;0.057955;-0.050477;2.745215;-0.077097;-0.633442;0.250679;-0.732017;-0.02574;1.34868;-0.576742;-0.633442;0.250679;-0.732017;-0.299222;2.699744;0.122586;-0.633442;0.250679;-0.732017;-0.048467;0.743837;-0.276405;0.737449;-0.322367;-0.593432;-0.02574;1.34868;-0.576742;0.737449;-0.322367;-0.593432;0.535691;1.280782;0.157818;0.737449;-0.322367;-0.593432;0.535691;1.280782;0.157818;0.78457;0.221107;-0.579211;-0.02574;1.34868;-0.576742;0.78457;0.221107;-0.579211;-0.050477;2.745215;-0.077097;0.78457;0.221107;-0.579211;0.173324;0.671082;0.222294;0.207678;-0.01999;0.977966;0.535691;1.280782;0.157818;0.207678;-0.01999;0.977966;-0.518142;1.097904;0.377878;0.207678;-0.01999;0.977966;-0.02574;1.34868;-0.576742;-0.84463;-0.212287;-0.49144;-0.048467;0.743837;-0.276405;-0.84463;-0.212287;-0.49144;-0.518142;1.097904;0.377878;-0.84463;-0.212287;-0.49144;-0.518142;1.097904;0.377878;0.202033;0.01413;0.979247;0.535691;1.280782;0.157818;0.202033;0.01413;0.979247;0.060556;2.483086;0.238488;0.202033;0.01413;0.979247
-1.412754;-0.398663;-1.54675;1.089361;6.383434;0.988446;2.1;0;extraBounds;2;-1.155842;1.455021;-1.359332;0.88814;5.913039;0.861523;-0.235554;-0.011734;-0.235863;0.259325;1.894812;0.082521
117;2
51;0.246194;0.146634;0.118815;0.06
-0.056501;0.551431;-4.92E-4;-0.87344;0.126835;0.470046;-0.12847;0.562502;-0.137208;-0.904202;0.110355;0.412519;-0.121805;-0.398663;0.134522;-0.998688;0.007324;0.050447;-0.12847;0.562502;-0.137208;-0.457717;-0.073183;-0.886044;0.008676;0.570741;-0.208736;-0.403424;-0.084292;-0.9111;-0.121805;-0.398663;-0.061261;-0.045412;-0.144261;-0.988495;0.008676;0.570741;-0.208736;0.884426;-0.011383;-0.466475;0.080645;0.55967;-0.07202;0.907193;-0.011017;-0.420515;0.073979;-0.398663;-0.061261;0.999054;-0.007416;-0.042695;0.080645;0.55967;-0.07202;0.445601;0.185644;0.875759;-0.056501;0.551431;-4.92E-4;0.398846;0.18247;0.898648;0.073979;-0.398663;0.134522;0.044771;0.14655;0.988159;-0.121805;-0.398663;0.134522;0.0;-1.0;0.0;-0.121805;-0.398663;-0.061261;0.0;-1.0;0.0;0.073979;-0.398663;-0.061261;0.0;-1.0;0.0;-0.056501;0.551431;-4.92E-4;0.464309;-0.055361;0.883908;0.080645;0.55967;-0.07202;0.464309;-0.055361;0.883908;-0.023913;2.698964;0.116941;0.464309;-0.055361;0.883908;0.080645;0.55967;-0.07202;0.884548;0.083743;-0.458846;0.008676;0.570741;-0.208736;0.884548;0.083743;-0.458846;-0.023913;2.698964;0.116941;0.884548;0.083743;-0.458846;-0.12847;0.562502;-0.137208;-0.885189;-0.011994;0.465011;-0.056501;0.551431;-4.92E-4;-0.885189;-0.011994;0.465011;-0.023913;2.698964;0.116941;-0.885189;-0.011994;0.465011;0.008676;0.570741;-0.208736;-0.464675;0.126957;-0.876309;-0.12847;0.562502;-0.137208;-0.464675;0.126957;-0.876309;-0.023913;2.698964;0.116941;-0.464675;0.126957;-0.876309;-0.07295;0.819384;-0.063026;-0.907743;-0.356822;-0.220496;-0.310814;1.830082;-0.719311;-0.907743;-0.356822;-0.220496;-0.011591;0.721044;-0.156482;-0.907743;-0.356822;-0.220496;-0.011591;0.721044;-0.156482;0.904294;0.027802;-0.425947;-0.310814;1.830082;-0.719311;0.904294;0.027802;-0.425947;0.033404;0.936505;-0.046894;0.904294;0.027802;-0.425947;0.033404;0.936505;-0.046894;-0.52617;0.372509;0.764397;-0.310814;1.830082;-0.719311;-0.52617;0.372509;0.764397;-0.07295;0.819384;-0.063026;-0.52617;0.372509;0.764397;-0.12847;0.562502;-0.137208;-0.904202;0.110355;0.412519;-0.121805;-0.398663;-0.061261;-0.999969;-0.006928;0.0;-0.121805;-0.398663;0.134522;-0.998688;0.007324;0.050447;0.008676;0.570741;-0.208736;-0.403424;-0.084292;-0.9111;0.073979;-0.398663;-0.061261;0.0;-0.150395;-0.988617;-0.121805;-0.398663;-0.061261;-0.045412;-0.144261;-0.988495;0.080645;0.55967;-0.07202;0.907193;-0.011017;-0.420515;0.073979;-0.398663;0.134522;0.999969;-0.006928;0.0;0.073979;-0.398663;-0.061261;0.999054;-0.007416;-0.042695;-0.056501;0.551431;-4.92E-4;0.398846;0.18247;0.898648;-0.121805;-0.398663;0.134522;0.0;0.14069;0.990051;0.073979;-0.398663;0.134522;0.044771;0.14655;0.988159;0.073979;-0.398663;0.134522;0.0;-1.0;0.0;-0.121805;-0.398663;0.134522;0.0;-1.0;0.0;0.073979;-0.398663;-0.061261;0.0;-1.0;0.0
66;-1.0;0.0;0.0;0.12
0.501936;1.342243;-0.332465;0.189459;-0.800806;0.568102;0.226776;2.155228;0.905279;0.189459;-0.800806;0.568102;-0.788374;1.427578;0.218116;0.189459;-0.800806;0.568102;0.226776;2.155228;0.905279;0.878475;-0.285653;0.382916;0.501936;1.342243;-0.332465;0.878475;-0.285653;0.382916;1.089361;2.921767;-0.501737;0.878475;-0.285653;0.382916;0.501936;1.342243;-0.332465;-0.140843;-0.973662;-0.179174;-0.788374;1.427578;0.218116;-0.140843;-0.973662;-0.179174;-0.291236;1.534659;-0.754581;-0.140843;-0.973662;-0.179174;0.501936;1.342243;-0.332465;0.231727;-0.644032;-0.729026;-0.291236;1.534659;-0.754581;0.231727;-0.644032;-0.729026;0.547054;2.733041;-1.54675;0.231727;-0.644032;-0.729026;0.501936;1.342243;-0.332465;0.853633;-0.357982;-0.378307;0.547054;2.733041;-1.54675;0.853633;-0.357982;-0.378307;1.089361;2.921767;-0.501737;0.853633;-0.357982;-0.378307;-0.788374;1.427578;0.218116;-0.405805;-0.260964;0.875881;0.226776;2.155228;0.905279;-0.405805;-0.260964;0.875881;-0.860044;3.439328;0.784335;-0.405805;-0.260964;0.875881;-0.291236;1.534659;-0.754581;-0.703726;-0.571154;-0.422529;-0.788374;1.427578;0.218116;-0.703726;-0.571154;-0.422529;-1.412754;2.981741;-0.842772;-0.703726;-0.571154;-0.422529;-0.788374;1.427578;0.218116;-0.926664;-0.132054;0.351909;-0.860044;3.439328;0.784335;-0.926664;-0.132054;0.351909;-1.412754;2.981741;-0.842772;-0.926664;-0.132054;0.351909;1.089361;2.921767;-0.501737;0.821253;0.413984;-0.39259;-0.138988;5.121108;-0.752083;0.821253;0.413984;-0.39259;0.388749;5.054227;0.281359;0.821253;0.413984;-0.39259;0.154983;4.422766;0.988446;0.896146;0.139775;0.421094;1.089361;2.921767;-0.501737;0.896146;0.139775;0.421094;0.388749;5.054227;0.281359;0.896146;0.139775;0.421094;1.089361;2.921767;-0.501737;0.788507;0.385876;-0.478866;0.547054;2.733041;-1.54675;0.788507;0.385876;-0.478866;-0.138988;5.121108;-0.752083;0.788507;0.385876;-0.478866;0.547054;2.733041;-1.54675;-0.304758;0.22074;-0.926481;-1.412754;2.981741;-0.842772;-0.304758;0.22074;-0.926481;-0.138988;5.121108;-0.752083;-0.304758;0.22074;-0.926481;-1.01934;4.731581;-0.132268;-0.639363;0.408277;-0.651509;-0.138988;5.121108;-0.752083;-0.639363;0.408277;-0.651509;-1.412754;2.981741;-0.842772;-0.639363;0.408277;-0.651509;-0.291236;1.534659;-0.754581;-0.355937;-0.329142;-0.874599;-1.412754;2.981741;-0.842772;-0.355937;-0.329142;-0.874599;0.547054;2.733041;-1.54675;-0.355937;-0.329142;-0.874599;-0.860044;3.439328;0.784335;-0.428175;0.262429;0.864742;0.154983;4.422766;0.988446;-0.428175;0.262429;0.864742;-0.59115;6.383434;0.023916;-0.428175;0.262429;0.864742;-1.412754;2.981741;-0.842772;-0.950407;0.093234;0.296609;-0.860044;3.439328;0.784335;-0.950407;0.093234;0.296609;-1.01934;4.731581;-0.132268;-0.950407;0.093234;0.296609;-0.138988;5.121108;-0.752083;0.781426;0.505112;-0.366344;-0.59115;6.383434;0.023916;0.781426;0.505112;-0.366344;0.388749;5.054227;0.281359;0.781426;0.505112;-0.366344;0.388749;5.054227;0.281359;0.544847;0.527848;0.651509;-0.59115;6.383434;0.023916;0.544847;0.527848;0.651509;0.154983;4.422766;0.988446;0.544847;0.527848;0.651509;-1.01934;4.731581;-0.132268;-0.886532;0.189917;0.421827;-0.860044;3.439328;0.784335;-0.886532;0.189917;0.421827;-0.59115;6.383434;0.023916;-0.886532;0.189917;0.421827;-0.59115;6.383434;0.023916;-0.626606;0.232734;-0.743736;-0.138988;5.121108;-0.752083;-0.626606;0.232734;-0.743736;-1.01934;4.731581;-0.132268;-0.626606;0.232734;-0.743736;0.226776;2.155228;0.905279;0.850642;0.00763;0.525651;1.089361;2.921767;-0.501737;0.850642;0.00763;0.525651;0.154983;4.422766;0.988446;0.850642;0.00763;0.525651;0.226776;2.155228;0.905279;-0.158452;-0.041169;0.98648;0.154983;4.422766;0.988446;-0.158452;-0.041169;0.98648;-0.860044;3.439328;0.784335;-0.158452;-0.041169;0.98648
-3.165181;-0.574926;-3.666958;2.680159;12.827;2.643334;2;0;extraBounds;2;-2.542404;3.029223;-2.910017;2.389441;12.403528;2.021828;-0.297725;0.003731;-0.622012;0.549711;3.366596;0.312662
258;2
120;-1.0;0.0;0.0;0.06
-3.165181;5.53815;-1.399165;-0.979583;0.144749;0.139409;-2.49848;6.46174;2.326211;-0.979583;0.144749;0.139409;-2.561737;8.287611;-0.014296;-0.979583;0.144749;0.139409;-3.165181;5.53815;-1.399165;-0.569536;-0.340068;-0.748283;-0.091558;5.380522;-3.666958;-0.569536;-0.340068;-0.748283;-1.286462;3.088164;-1.715639;-0.569536;-0.340068;-0.748283;-0.091558;5.380522;-3.666958;-0.586963;0.104526;-0.80282;-3.165181;5.53815;-1.399165;-0.586963;0.104526;-0.80282;-0.851725;7.902305;-2.782811;-0.586963;0.104526;-0.80282;-0.091558;5.380522;-3.666958;0.644765;-0.36903;-0.669362;2.680159;5.795448;-1.225787;0.644765;-0.36903;-0.669362;0.893444;3.621765;-1.748444;0.644765;-0.36903;-0.669362;-0.091558;5.380522;-3.666958;0.157323;-0.686361;-0.709983;0.893444;3.621765;-1.748444;0.157323;-0.686361;-0.709983;-1.286462;3.088164;-1.715639;0.157323;-0.686361;-0.709983;-3.165181;5.53815;-1.399165;-0.790704;-0.581713;-0.19068;-1.286462;3.088164;-1.715639;-0.790704;-0.581713;-0.19068;-2.268659;3.633383;0.693783;-0.790704;-0.581713;-0.19068;2.050308;5.895422;2.195414;0.934568;0.316294;0.162786;2.680159;5.795448;-1.225787;0.934568;0.316294;0.162786;0.868176;9.451462;2.072736;0.934568;0.316294;0.162786;2.680159;5.795448;-1.225787;0.529466;0.499008;-0.685995;-0.091558;5.380522;-3.666958;0.529466;0.499008;-0.685995;1.86572;8.543612;0.144675;0.529466;0.499008;-0.685995;0.893444;3.621765;-1.748444;0.772912;-0.566668;-0.285409;2.680159;5.795448;-1.225787;0.772912;-0.566668;-0.285409;1.98785;3.820745;0.820035;0.772912;-0.566668;-0.285409;-1.286462;3.088164;-1.715639;0.208655;-0.878842;-0.428999;0.893444;3.621765;-1.748444;0.208655;-0.878842;-0.428999;0.554607;2.661354;0.054228;0.208655;-0.878842;-0.428999;-3.165181;5.53815;-1.399165;-0.953276;-0.205298;0.221503;-2.268659;3.633383;0.693783;-0.953276;-0.205298;0.221503;-2.49848;6.46174;2.326211;-0.953276;-0.205298;0.221503;-0.851725;7.902305;-2.782811;-0.742973;0.423933;-0.517899;-3.165181;5.53815;-1.399165;-0.742973;0.423933;-0.517899;-2.561737;8.287611;-0.014296;-0.742973;0.423933;-0.517899;2.680159;5.795448;-1.225787;0.971435;-0.1507;0.183233;2.050308;5.895422;2.195414;0.971435;-0.1507;0.183233;1.98785;3.820745;0.820035;0.971435;-0.1507;0.183233;0.893444;3.621765;-1.748444;0.684561;-0.688864;-0.238319;1.98785;3.820745;0.820035;0.684561;-0.688864;-0.238319;0.554607;2.661354;0.054228;0.684561;-0.688864;-0.238319;-1.286462;3.088164;-1.715639;-0.305979;-0.947783;0.089724;0.554607;2.661354;0.054228;-0.305979;-0.947783;0.089724;-2.268659;3.633383;0.693783;-0.305979;-0.947783;0.089724;-2.49848;6.46174;2.326211;-0.472762;-0.468978;0.745994;-2.268659;3.633383;0.693783;-0.472762;-0.468978;0.745994;-0.245008;4.086151;2.26091;-0.472762;-0.468978;0.745994;2.050308;5.895422;2.195414;0.028687;-2.14E-4;0.999573;-2.49848;6.46174;2.326211;0.028687;-2.14E-4;0.999573;-0.245008;4.086151;2.26091;0.028687;-2.14E-4;0.999573;1.98785;3.820745;0.820035;0.422987;-0.509476;0.749321;2.050308;5.895422;2.195414;0.422987;-0.509476;0.749321;-0.245008;4.086151;2.26091;0.422987;-0.509476;0.749321;0.554607;2.661354;0.054228;0.292154;-0.751701;0.591235;1.98785;3.820745;0.820035;0.292154;-0.751701;0.591235;-0.245008;4.086151;2.26091;0.292154;-0.751701;0.591235;-2.268659;3.633383;0.693783;-0.184393;-0.854793;0.485092;0.554607;2.661354;0.054228;-0.184393;-0.854793;0.485092;-0.245008;4.086151;2.26091;-0.184393;-0.854793;0.485092;-2.49848;6.46174;2.326211;0.001251;-0.215461;0.976501;2.050308;5.895422;2.195414;0.001251;-0.215461;0.976501;-0.840691;7.908498;2.643334;0.001251;-0.215461;0.976501;1.86572;8.543612;0.144675;0.617664;0.419416;-0.665242;-0.091558;5.380522;-3.666958;0.617664;0.419416;-0.665242;-0.851725;7.902305;-2.782811;0.617664;0.419416;-0.665242;1.86572;8.543612;0.144675;0.895718;0.044862;0.442274;0.868176;9.451462;2.072736;0.895718;0.044862;0.442274;2.680159;5.795448;-1.225787;0.895718;0.044862;0.442274;0.868176;9.451462;2.072736;0.22544;0.108341;0.9682;-0.840691;7.908498;2.643334;0.22544;0.108341;0.9682;2.050308;5.895422;2.195414;0.22544;0.108341;0.9682;-2.49848;6.46174;2.326211;-0.624226;0.607685;0.490921;-0.840691;7.908498;2.643334;-0.624226;0.607685;0.490921;-2.561737;8.287611;-0.014296;-0.624226;0.607685;0.490921;-0.840691;7.908498;2.643334;-0.182012;0.51204;0.839442;0.868176;9.451462;2.072736;-0.182012;0.51204;0.839442;0.623832;11.255608;0.919278;-0.182012;0.51204;0.839442;-2.561737;8.287611;-0.014296;-0.841548;-0.050172;0.537797;-0.840691;7.908498;2.643334;-0.841548;-0.050172;0.537797;-1.847217;10.939239;1.351199;-0.841548;-0.050172;0.537797;-0.851725;7.902305;-2.782811;-0.835658;0.128269;-0.534013;-2.561737;8.287611;-0.014296;-0.835658;0.128269;-0.534013;-1.483649;11.278762;-0.982893;-0.835658;0.128269;-0.534013;1.86572;8.543612;0.144675;0.719413;0.093326;-0.688253;-0.851725;7.902305;-2.782811;0.719413;0.093326;-0.688253;-0.029284;10.223694;-1.6083;0.719413;0.093326;-0.688253;0.868176;9.451462;2.072736;0.89172;0.336009;0.30314;1.86572;8.543612;0.144675;0.89172;0.336009;0.30314;1.017598;11.352798;-0.474297;0.89172;0.336009;0.30314;1.86572;8.543612;0.144675;0.704672;0.056917;-0.707205;-0.029284;10.223694;-1.6083;0.704672;0.056917;-0.707205;1.017598;11.352798;-0.474297;0.704672;0.056917;-0.707205;-1.483649;11.278762;-0.982893;-0.044313;0.463454;-0.884976;-0.029284;10.223694;-1.6083;-0.044313;0.463454;-0.884976;-0.851725;7.902305;-2.782811;-0.044313;0.463454;-0.884976;-1.847217;10.939239;1.351199;-0.945921;0.307718;-0.102573;-1.483649;11.278762;-0.982893;-0.945921;0.307718;-0.102573;-2.561737;8.287611;-0.014296;-0.945921;0.307718;-0.102573;0.623832;11.255608;0.919278;0.103977;0.41908;0.901944;-1.847217;10.939239;1.351199;0.103977;0.41908;0.901944;-0.840691;7.908498;2.643334;0.103977;0.41908;0.901944;0.868176;9.451462;2.072736;0.911771;0.301645;0.278664;1.017598;11.352798;-0.474297;0.911771;0.301645;0.278664;0.623832;11.255608;0.919278;0.911771;0.301645;0.278664;-0.029284;10.223694;-1.6083;0.08948;0.59624;-0.797784;-1.483649;11.278762;-0.982893;0.08948;0.59624;-0.797784;-1.445593;12.827;0.178509;0.08948;0.59624;-0.797784;-1.483649;11.278762;-0.982893;-0.982879;0.125309;-0.134861;-1.847217;10.939239;1.351199;-0.982879;0.125309;-0.134861;-1.445593;12.827;0.178509;-0.982879;0.125309;-0.134861;-1.847217;10.939239;1.351199;0.083651;0.512925;0.854335;0.623832;11.255608;0.919278;0.083651;0.512925;0.854335;-1.445593;12.827;0.178509;0.083651;0.512925;0.854335;1.017598;11.352798;-0.474297;0.166082;0.617847;-0.768517;-0.029284;10.223694;-1.6083;0.166082;0.617847;-0.768517;-1.445593;12.827;0.178509;0.166082;0.617847;-0.768517;0.623832;11.255608;0.919278;0.542467;0.813379;0.209998;1.017598;11.352798;-0.474297;0.542467;0.813379;0.209998;-1.445593;12.827;0.178509;0.542467;0.813379;0.209998
138;0.246194;0.146634;0.118815;0.025
-0.011073;-0.574925;-0.254031;0.583056;-0.116947;-0.803949;-0.011073;1.226429;-0.513402;0.579211;-0.116153;-0.806848;0.352079;1.208697;-0.250153;0.579852;-0.116306;-0.80633;0.352079;-0.574926;0.009814;0.949889;0.045808;0.309183;0.352079;1.208697;-0.250153;0.948943;0.045473;0.312082;0.213367;1.180005;0.175792;0.949095;0.045534;0.311594;0.213367;-0.574925;0.436725;0.0;0.147069;0.989105;0.213367;1.180005;0.175792;0.0;0.147069;0.989105;-0.235513;-0.574925;0.436725;0.0;0.147069;0.989105;-0.011073;1.226429;-0.513402;-0.586657;0.11597;-0.801477;-0.374225;1.208697;-0.250153;-0.586657;0.11597;-0.801477;-0.264771;3.057103;-0.062778;-0.586657;0.11597;-0.801477;-0.374225;-0.574925;0.009814;-0.583056;-0.116001;-0.804071;-0.374225;1.208697;-0.250153;-0.579058;-0.117557;-0.806726;-0.011073;1.226429;-0.513402;-0.579821;-0.117252;-0.806207;-0.235513;-0.574925;0.436725;-0.949889;0.045198;0.309244;-0.235513;1.180005;0.175792;-0.948882;0.046388;0.312113;-0.374225;1.208697;-0.250153;-0.949095;0.046144;0.311533;0.352079;-0.574926;0.009814;0.0;-1.0;0.0;0.213367;-0.574925;0.436725;0.0;-1.0;0.0;-0.235513;-0.574925;0.436725;0.0;-1.0;0.0;0.145721;3.037059;0.234788;0.0;0.997711;0.067202;-0.264771;3.057103;-0.062778;0.0;0.997711;0.067202;-0.167867;3.037058;0.234788;0.0;0.997711;0.067202;-0.374225;1.208697;-0.250153;-0.950041;0.02472;0.311045;-0.235513;1.180005;0.175792;-0.950041;0.02472;0.311045;-0.167867;3.037058;0.234788;-0.950041;0.02472;0.311045;-0.235513;1.180005;0.175792;0.0;-0.031739;0.999481;0.213367;1.180005;0.175792;0.0;-0.031739;0.999481;0.145721;3.037059;0.234788;0.0;-0.031739;0.999481;0.352079;1.208697;-0.250153;0.586657;0.11597;-0.801477;-0.011073;1.226429;-0.513402;0.586657;0.11597;-0.801477;-0.011073;3.06949;-0.246683;0.586657;0.11597;-0.801477;0.213367;1.180005;0.175792;0.950041;0.02472;0.311045;0.352079;1.208697;-0.250153;0.950041;0.02472;0.311045;0.242625;3.057103;-0.062778;0.950041;0.02472;0.311045;-0.218176;1.566915;-0.379243;-0.963866;-0.21482;0.157414;-0.218176;1.89538;-0.272402;-0.949034;-0.097476;0.299661;-0.455174;2.240906;-0.910522;-0.923978;-0.37672;-0.065737;-0.218176;1.89538;-0.272402;-0.211249;0.824488;0.524918;0.167511;1.929725;-0.171114;-0.303629;0.759453;0.575304;-0.455174;2.240906;-0.910522;-0.402417;0.671957;0.621693;0.167511;1.929725;-0.171114;0.970702;0.230873;-0.066225;0.224549;1.53257;-0.183845;0.985656;0.144353;-0.08713;0.067967;2.11153;-0.995988;0.88937;0.457106;-0.006561;0.224549;1.53257;-0.183845;0.201758;-0.77871;-0.594012;-0.218176;1.566915;-0.379243;0.264534;-0.78045;-0.566454;0.067967;2.11153;-0.995988;0.400433;-0.77105;-0.495071;0.067967;2.11153;-0.995988;0.321238;-0.033784;-0.946379;-0.271078;1.963711;-1.105795;0.280465;-0.040223;-0.959014;-0.465833;3.431205;-1.224309;0.053591;-0.073305;-0.995849;0.224549;1.53257;-0.183845;-0.322977;-0.166723;0.931578;0.167511;1.929725;-0.171114;-0.247871;-0.066561;0.966491;-0.218176;1.89538;-0.272402;-0.340251;-0.190435;0.920835;-0.796155;3.430653;-1.22821;0.0;0.990112;-0.140172;-0.765637;3.473236;-0.927466;0.0;0.990112;-0.140172;-0.465833;3.431205;-1.224309;0.0;0.990112;-0.140172;-0.116129;2.388725;-0.800715;0.8923;0.390973;0.225562;0.067967;2.11153;-0.995988;0.878658;0.400403;0.259987;-0.465833;3.431205;-1.224309;0.949217;0.314402;-0.009857;-0.271078;1.963711;-1.105795;-0.910031;-0.260018;-0.322764;-0.455174;2.240906;-0.910522;-0.846065;-0.219825;-0.48558;-0.765637;3.473236;-0.927466;-0.944121;-0.319041;0.082461;-0.455174;2.240906;-0.910522;-0.284402;-0.058473;0.956908;-0.116129;2.388725;-0.800715;-0.259224;-0.042482;0.964873;-0.765637;3.473236;-0.927466;-0.142125;0.030488;0.989349;0.352079;-0.574926;0.009814;0.583728;-0.1171;-0.80343;-0.011073;-0.574925;-0.254031;0.583056;-0.116947;-0.803949;0.352079;1.208697;-0.250153;0.579852;-0.116306;-0.80633;0.213367;-0.574925;0.436725;0.950041;0.045869;0.308664;0.352079;-0.574926;0.009814;0.949889;0.045808;0.309183;0.213367;1.180005;0.175792;0.949095;0.045534;0.311594;0.213367;1.180005;0.175792;0.0;0.147069;0.989105;-0.235513;1.180005;0.175792;0.0;0.147069;0.989105;-0.235513;-0.574925;0.436725;0.0;0.147069;0.989105;-0.011073;3.06949;-0.246683;-0.586657;0.11597;-0.801477;-0.011073;1.226429;-0.513402;-0.586657;0.11597;-0.801477;-0.264771;3.057103;-0.062778;-0.586657;0.11597;-0.801477;-0.011073;-0.574925;-0.254031;-0.583819;-0.115696;-0.803583;-0.374225;-0.574925;0.009814;-0.583056;-0.116001;-0.804071;-0.011073;1.226429;-0.513402;-0.579821;-0.117252;-0.806207;-0.374225;-0.574925;0.009814;-0.950072;0.044984;0.308695;-0.235513;-0.574925;0.436725;-0.949889;0.045198;0.309244;-0.374225;1.208697;-0.250153;-0.949095;0.046144;0.311533;-0.011073;-0.574925;-0.254031;0.0;-0.999969;0.0;0.352079;-0.574926;0.009814;0.0;-1.0;0.0;-0.374225;-0.574925;0.009814;0.0;-1.0;0.0;0.352079;-0.574926;0.009814;0.0;-1.0;0.0;-0.235513;-0.574925;0.436725;0.0;-1.0;0.0;-0.374225;-0.574925;0.009814;0.0;-1.0;0.0;0.242625;3.057103;-0.062778;0.0;0.997711;0.067202;-0.011073;3.06949;-0.246683;0.0;0.997711;0.067202;-0.264771;3.057103;-0.062778;0.0;0.997711;0.067202;0.145721;3.037059;0.234788;0.0;0.997711;0.067202;0.242625;3.057103;-0.062778;0.0;0.997711;0.067202;-0.264771;3.057103;-0.062778;0.0;0.997711;0.067202;-0.264771;3.057103;-0.062778;-0.950041;0.02472;0.311045;-0.374225;1.208697;-0.250153;-0.950041;0.02472;0.311045;-0.167867;3.037058;0.234788;-0.950041;0.02472;0.311045;-0.167867;3.037058;0.234788;0.0;-0.031739;0.999481;-0.235513;1.180005;0.175792;0.0;-0.031739;0.999481;0.145721;3.037059;0.234788;0.0;-0.031739;0.999481;0.242625;3.057103;-0.062778;0.586657;0.11597;-0.801477;0.352079;1.208697;-0.250153;0.586657;0.11597;-0.801477;-0.011073;3.06949;-0.246683;0.586657;0.11597;-0.801477;0.145721;3.037059;0.234788;0.950041;0.02472;0.311045;0.213367;1.180005;0.175792;0.950041;0.02472;0.311045;0.242625;3.057103;-0.062778;0.950041;0.02472;0.311045;-0.271078;1.963711;-1.105795;-0.87344;-0.451247;-0.182836;-0.218176;1.566915;-0.379243;-0.963866;-0.21482;0.157414;-0.455174;2.240906;-0.910522;-0.923978;-0.37672;-0.065737;0.167511;1.929725;-0.171114;-0.303629;0.759453;0.575304;-0.116129;2.388725;-0.800715;-0.470809;0.598315;0.648305;-0.455174;2.240906;-0.910522;-0.402417;0.671957;0.621693;-0.116129;2.388725;-0.800715;0.838862;0.543962;0.018647;0.167511;1.929725;-0.171114;0.970702;0.230873;-0.066225;0.067967;2.11153;-0.995988;0.88937;0.457106;-0.006561;-0.218176;1.566915;-0.379243;0.264534;-0.78045;-0.566454;-0.271078;1.963711;-1.105795;0.475234;-0.757164;-0.448103;0.067967;2.11153;-0.995988;0.400433;-0.77105;-0.495071;-0.271078;1.963711;-1.105795;0.280465;-0.040223;-0.959014;-0.796155;3.430653;-1.22821;0.011902;-0.078921;-0.996796;-0.465833;3.431205;-1.224309;0.053591;-0.073305;-0.995849;-0.218176;1.566915;-0.379243;-0.40556;-0.282723;0.869228;0.224549;1.53257;-0.183845;-0.322977;-0.166723;0.931578;-0.218176;1.89538;-0.272402;-0.340251;-0.190435;0.920835;-0.765637;3.473236;-0.927466;0.0;0.990112;-0.140172;-0.461893;3.477514;-0.897249;0.0;0.990112;-0.140172;-0.465833;3.431205;-1.224309;0.0;0.990112;-0.140172;-0.461893;3.477514;-0.897249;0.953063;0.297891;-0.053652;-0.116129;2.388725;-0.800715;0.8923;0.390973;0.225562;-0.465833;3.431205;-1.224309;0.949217;0.314402;-0.009857;-0.796155;3.430653;-1.22821;-0.935789;-0.323191;0.140721;-0.271078;1.963711;-1.105795;-0.910031;-0.260018;-0.322764;-0.765637;3.473236;-0.927466;-0.944121;-0.319041;0.082461;-0.116129;2.388725;-0.800715;-0.259224;-0.042482;0.964873;-0.461893;3.477514;-0.897249;-0.099612;0.056429;0.993408;-0.765637;3.473236;-0.927466;-0.142125;0.030488;0.989349
6
MATERIAL;second;1;count;3;CUSTOM;0.365;0.49;0.337;1000;CUSTOM;0.278;0.388;0.255;1000;YELLOW_GREEN;300000
SPREADER;1;0;0;0;7.5;6
INFO;NameId;282;DescId;283;price;3460;dpPerMin;0;range;3;placeSound;thud
LIFE;averagePop;7.0;averageLife;70.0;popFactors;2;0;0.2;breedMat;35.0;breedTime;25.331778;parentId;28;chance;150;reqCount;2;MATERIAL;col;DARK_GREEN;LIFE;type;2;enviroType;0;classification;a;count;2;FALL_DEATH;fallTime;3;totalTime;5;fallenAngle;60;particleEffect;1;ExplodeTime;0.975;UseMaterial;1;Colour;1;Spawn;2;5;0;1;0;PPS;30;Speed;1.5;Gravity;0.3;Life;3;Scale;0.1;Colour;1;0;0;Additive;0;Alpha;1;FadeIn;0.1;FadeOut;0.8;HasDir;1;Dir;0;1;0;Varience;0.25;Offset;0;5;0;LifeError;0.4;ScaleError;0.3;SpeedError;0.4;RandRot;1;HasXRot;1;XRotSpeed;180;Stages;1;2;enviroReqCount;3;reqId;1;minAltitude;15;maxAltitude;100;influence;0.7;reqId;2;barren;0;goodBiomes;3;1;4;0;idealFactor;60;influence;0.75;reqId;3;badBiomes;3;3;5;6;influence;0.8
GROWTH;dynamic;0;growthTime;23.333334;modelStages;3;subStages;2
WOOD;cut time;6.5;bark factor;0.4;colour;0.246194;0.146634;0.118815
