1.4
pnv
0;1
3
-0.349239;-0.16271;-0.378199;0.22841;0.538675;0.231001;1
42;2
18;0.243;0.333;0.231;0.2
0.002175;-0.14163;0.041752;0.8501;-0.0585;-0.5233;0.140158;0.170483;0.231001;0.8501;-0.0585;-0.5233;0.049638;-0.16271;0.121212;0.8501;-0.0585;-0.5233;0.049638;-0.16271;0.121212;0.0;-0.313;0.9498;0.140158;0.170483;0.231001;0.0;-0.313;0.9498;-0.045288;-0.16271;0.121212;0.0;-0.313;0.9498;-0.045288;-0.16271;0.121212;-0.7783;0.5392;-0.3218;0.140158;0.170483;0.231001;-0.7783;0.5392;-0.3218;0.002175;-0.14163;0.041752;-0.7783;0.5392;-0.3218;0.002175;-0.120071;-0.143253;0.8397;0.1659;-0.5171;-0.062281;0.538675;-0.03662;0.8397;0.1659;-0.5171;0.048004;-0.107637;-0.064855;0.8397;0.1659;-0.5171;0.048004;-0.107637;-0.064855;0.0;-0.0436;0.999;-0.062281;0.538675;-0.03662;0.0;-0.0436;0.999;-0.043654;-0.107637;-0.064855;0.0;-0.0436;0.999;-0.043654;-0.107637;-0.064855;-0.8635;-0.0029;-0.5043;-0.062281;0.538675;-0.03662;-0.8635;-0.0029;-0.5043;0.002175;-0.120071;-0.143253;-0.8635;-0.0029;-0.5043
24;0.38;0.466;0.271;0.2
0.068707;0.243637;0.0897;-0.3441;0.7871;-0.512;-8.15E-4;0.105959;-0.075247;-0.3441;0.7871;-0.512;-0.050553;0.280518;0.226556;-0.3441;0.7871;-0.512;-0.050553;0.280518;0.226556;0.0655;-0.8591;0.5077;-8.15E-4;0.105959;-0.075247;0.0655;-0.8591;0.5077;0.22841;0.276168;0.183226;0.0655;-0.8591;0.5077;0.22841;0.276168;0.183226;0.2593;0.6849;-0.6809;-8.15E-4;0.105959;-0.075247;0.2593;0.6849;-0.6809;0.068707;0.243637;0.0897;0.2593;0.6849;-0.6809;0.068707;0.243637;0.0897;-0.0291;0.9585;-0.2837;-0.050553;0.280518;0.226556;-0.0291;0.9585;-0.2837;0.22841;0.276168;0.183226;-0.0291;0.9585;-0.2837;-0.160786;0.41715;-0.199602;0.5885;0.7414;0.3224;-0.0491;0.270334;-0.065866;0.5885;0.7414;0.3224;-0.11044;0.45485;-0.378199;0.5885;0.7414;0.3224;-0.11044;0.45485;-0.378199;-0.2862;-0.8485;-0.4451;-0.0491;0.270334;-0.065866;-0.2862;-0.8485;-0.4451;-0.349239;0.450404;-0.21618;-0.2862;-0.8485;-0.4451;-0.349239;0.450404;-0.21618;0.0601;0.6968;0.7148;-0.0491;0.270334;-0.065866;0.0601;0.6968;0.7148;-0.160786;0.41715;-0.199602;0.0601;0.6968;0.7148;-0.160786;0.41715;-0.199602;0.1477;0.9585;0.244;-0.11044;0.45485;-0.378199;0.1477;0.9585;0.244;-0.349239;0.450404;-0.21618;0.1477;0.9585;0.244
-0.518608;-0.22476;-0.479773;0.59553;0.907015;0.638169;1.5
108;2
36;0.243;0.333;0.231;0.15
0.084219;0.456837;-0.12511;0.8576;-0.139;-0.4951;0.007772;-0.184755;-0.077357;0.8576;-0.139;-0.4951;-0.031219;-0.184755;-0.144892;0.8576;-0.139;-0.4951;0.007772;-0.184755;-0.077357;-0.0;-0.0218;0.9998;0.047902;0.467455;-0.06311;-0.0;-0.0218;0.9998;-0.07021;-0.184755;-0.077357;-0.0;-0.0218;0.9998;0.084219;0.456837;-0.12511;-0.8326;-0.3522;-0.4274;0.047902;0.467455;-0.06311;-0.8326;-0.3522;-0.4274;-0.035263;0.889731;-0.249091;-0.8326;-0.3522;-0.4274;-0.07021;-0.184755;-0.077357;-0.8536;0.1688;-0.4928;0.084219;0.456837;-0.12511;-0.8536;0.1688;-0.4928;-0.031219;-0.184755;-0.144892;-0.8536;0.1688;-0.4928;0.047902;0.467455;-0.06311;0.0;0.4031;0.9152;0.120536;0.467455;-0.06311;0.0;0.4031;0.9152;-0.035263;0.889731;-0.249091;0.0;0.4031;0.9152;0.120536;0.467455;-0.06311;0.8529;0.088;-0.5146;0.084219;0.456837;-0.12511;0.8529;0.088;-0.5146;-0.035263;0.889731;-0.249091;0.8529;0.088;-0.5146;-0.031219;-0.21154;-0.008862;0.8413;-0.14;-0.5221;0.325851;0.556654;0.360563;0.8413;-0.14;-0.5221;0.008751;-0.22476;0.059093;0.8413;-0.14;-0.5221;0.008751;-0.22476;0.059093;0.0;-0.3599;0.933;0.325851;0.556654;0.360563;0.0;-0.3599;0.933;-0.071188;-0.22476;0.059093;0.0;-0.3599;0.933;-0.071188;-0.22476;0.059093;-0.7728;0.5283;-0.3517;0.325851;0.556654;0.360563;-0.7728;0.5283;-0.3517;-0.031219;-0.21154;-0.008862;-0.7728;0.5283;-0.3517;0.084219;0.456837;-0.12511;0.8647;-0.139;-0.4827;0.120536;0.467455;-0.06311;0.8647;-0.139;-0.4827;0.007772;-0.184755;-0.077357;0.8647;-0.139;-0.4827;0.007772;-0.184755;-0.077357;-0.0;-0.0218;0.9998;0.120536;0.467455;-0.06311;-0.0;-0.0218;0.9998;0.047902;0.467455;-0.06311;-0.0;-0.0218;0.9998;-0.07021;-0.184755;-0.077357;-0.8388;0.1633;-0.5193;0.047902;0.467455;-0.06311;-0.8388;0.1633;-0.5193;0.084219;0.456837;-0.12511;-0.8388;0.1633;-0.5193
72;0.38;0.466;0.271;0.15
0.304464;0.445328;-0.28867;0.4666;0.7932;0.3913;0.091218;0.472759;-0.090014;0.4666;0.7932;0.3913;0.421881;0.341846;-0.218896;0.4666;0.7932;0.3913;-0.016962;0.463307;-0.313753;0.0943;0.983;0.1578;0.081514;0.418704;-0.094753;0.0943;0.983;0.1578;0.043952;0.47658;-0.432862;0.0943;0.983;0.1578;0.421881;0.341846;-0.218896;-0.3882;-0.9195;-0.062;0.091218;0.472759;-0.090014;-0.3882;-0.9195;-0.062;0.302468;0.409861;-0.479773;-0.3882;-0.9195;-0.062;0.302468;0.409861;-0.479773;-0.0431;0.9824;-0.1819;0.091218;0.472759;-0.090014;-0.0431;0.9824;-0.1819;0.304464;0.445328;-0.28867;-0.0431;0.9824;-0.1819;0.304464;0.445328;-0.28867;0.6996;0.7012;-0.1374;0.421881;0.341846;-0.218896;0.6996;0.7012;-0.1374;0.302468;0.409861;-0.479773;0.6996;0.7012;-0.1374;0.043952;0.47658;-0.432862;0.2695;-0.9438;-0.1915;0.081514;0.418704;-0.094753;0.2695;-0.9438;-0.1915;-0.152674;0.423646;-0.448711;0.2695;-0.9438;-0.1915;-0.152674;0.423646;-0.448711;-0.6078;0.6791;0.4116;0.081514;0.418704;-0.094753;-0.6078;0.6791;0.4116;-0.016962;0.463307;-0.313753;-0.6078;0.6791;0.4116;-0.016962;0.463307;-0.313753;-0.2581;0.9658;-0.0243;0.043952;0.47658;-0.432862;-0.2581;0.9658;-0.0243;-0.152674;0.423646;-0.448711;-0.2581;0.9658;-0.0243;-0.248989;0.202231;0.081012;-0.0116;0.8415;-0.5401;7.23E-4;0.086468;-0.104716;-0.0116;0.8415;-0.5401;-0.518608;0.201375;0.085466;-0.0116;0.8415;-0.5401;-0.518608;0.201375;0.085466;-0.193;-0.9791;0.0646;7.23E-4;0.086468;-0.104716;-0.193;-0.9791;0.0646;-0.298652;0.175114;0.344665;-0.193;-0.9791;0.0646;-0.298652;0.175114;0.344665;0.5228;0.8324;0.1841;7.23E-4;0.086468;-0.104716;0.5228;0.8324;0.1841;-0.248989;0.202231;0.081012;0.5228;0.8324;0.1841;-0.248989;0.202231;0.081012;-0.0015;0.9948;0.102;-0.518608;0.201375;0.085466;-0.0015;0.9948;0.102;-0.298652;0.175114;0.344665;-0.0015;0.9948;0.102;0.364156;0.208094;0.32789;-0.2059;0.8859;0.4156;0.154702;0.204276;0.232262;-0.2059;0.8859;0.4156;0.459976;0.1164;0.570834;-0.2059;0.8859;0.4156;0.459976;0.1164;0.570834;-0.2331;-0.9716;-0.042;0.154702;0.204276;0.232262;-0.2331;-0.9716;-0.042;0.59553;0.097765;0.249735;-0.2331;-0.9716;-0.042;0.59553;0.097765;0.249735;0.2205;0.8278;-0.5159;0.154702;0.204276;0.232262;0.2205;0.8278;-0.5159;0.364156;0.208094;0.32789;0.2205;0.8278;-0.5159;0.364156;0.208094;0.32789;0.4655;0.8729;0.1459;0.459976;0.1164;0.570834;0.4655;0.8729;0.1459;0.59553;0.097765;0.249735;0.4655;0.8729;0.1459;-0.092107;0.864918;-0.106938;-0.1617;0.4746;-0.8652;0.010054;0.740907;-0.19405;-0.1617;0.4746;-0.8652;-0.244213;0.907015;-0.055421;-0.1617;0.4746;-0.8652;-0.244213;0.907015;-0.055421;-0.304;-0.8402;0.4491;0.010054;0.740907;-0.19405;-0.304;-0.8402;0.4491;-0.074545;0.906541;0.058549;-0.304;-0.8402;0.4491;-0.074545;0.906541;0.058549;0.6544;0.714;-0.249;0.010054;0.740907;-0.19405;0.6544;0.714;-0.249;-0.092107;0.864918;-0.106938;0.6544;0.714;-0.249;-0.092107;0.864918;-0.106938;0.1757;0.9501;-0.2576;-0.244213;0.907015;-0.055421;0.1757;0.9501;-0.2576;-0.074545;0.906541;0.058549;0.1757;0.9501;-0.2576;-0.09802;0.276966;0.456388;0.2742;-0.8985;0.3427;0.195317;0.291754;0.260438;0.2742;-0.8985;0.3427;-0.061585;0.357427;0.638169;0.2742;-0.8985;0.3427;-0.061585;0.357427;0.638169;0.1651;0.9845;-0.0589;0.195317;0.291754;0.260438;0.1651;0.9845;-0.0589;-0.269718;0.37975;0.428082;0.1651;0.9845;-0.0589;-0.269718;0.37975;0.428082;-0.3477;-0.7396;-0.5763;0.195317;0.291754;0.260438;-0.3477;-0.7396;-0.5763;-0.09802;0.276966;0.456388;-0.3477;-0.7396;-0.5763;-0.09802;0.276966;0.456388;-0.5147;-0.7411;0.4312;-0.061585;0.357427;0.638169;-0.5147;-0.7411;0.4312;-0.269718;0.37975;0.428082;-0.5147;-0.7411;0.4312
-0.643663;-0.329407;-0.773279;0.920917;1.746326;1.004104;1.8
168;3
36;0.243;0.333;0.231;0.1
0.091538;0.611775;-0.145576;0.8631;-0.0825;-0.4983;0.054503;-0.286991;-0.060868;0.8631;-0.0825;-0.4983;-0.013047;-0.286991;-0.177869;0.8631;-0.0825;-0.4983;0.054503;-0.286991;-0.060868;0.0;0.0177;0.9998;0.051378;0.623516;-0.077015;0.0;0.0177;0.9998;-0.080597;-0.286991;-0.060869;0.0;0.0177;0.9998;0.091538;0.611775;-0.145576;-0.8468;-0.2889;-0.4465;0.051378;0.623516;-0.077015;-0.8468;-0.2889;-0.4465;-0.071271;1.669832;-0.521445;-0.8468;-0.2889;-0.4465;-0.080597;-0.286991;-0.060869;-0.86;0.1179;-0.4965;0.091538;0.611775;-0.145576;-0.86;0.1179;-0.4965;-0.013047;-0.286991;-0.177869;-0.86;0.1179;-0.4965;0.051378;0.623516;-0.077015;-0.0;0.391;0.9204;0.131699;0.623516;-0.077015;-0.0;0.391;0.9204;-0.071271;1.669832;-0.521445;-0.0;0.391;0.9204;0.131699;0.623516;-0.077015;0.8653;-0.0442;-0.4993;0.091538;0.611775;-0.145576;0.8653;-0.0442;-0.4993;-0.071271;1.669832;-0.521445;0.8653;-0.0442;-0.4993;-0.013047;-0.306311;-0.046077;0.8565;-0.0509;-0.5137;0.399272;0.947088;0.517214;0.8565;-0.0509;-0.5137;0.05678;-0.329407;0.072642;0.8565;-0.0509;-0.5137;0.05678;-0.329407;0.072642;0.0;-0.3289;0.9444;0.399272;0.947088;0.517214;0.0;-0.3289;0.9444;-0.082874;-0.329407;0.072642;0.0;-0.3289;0.9444;-0.082874;-0.329407;0.072642;-0.8084;0.4411;-0.3897;0.399272;0.947088;0.517214;-0.8084;0.4411;-0.3897;-0.013047;-0.306311;-0.046077;-0.8084;0.4411;-0.3897;0.091538;0.611775;-0.145576;0.866;-0.0822;-0.4932;0.131699;0.623516;-0.077015;0.866;-0.0822;-0.4932;0.054503;-0.286991;-0.060868;0.866;-0.0822;-0.4932;0.054503;-0.286991;-0.060868;0.0;0.0177;0.9998;0.131699;0.623516;-0.077015;0.0;0.0177;0.9998;0.051378;0.623516;-0.077015;0.0;0.0177;0.9998;-0.080597;-0.286991;-0.060869;-0.8486;0.1138;-0.5166;0.051378;0.623516;-0.077015;-0.8486;0.1138;-0.5166;0.091538;0.611775;-0.145576;-0.8486;0.1138;-0.5166
108;0.38;0.466;0.271;0.1
0.320483;0.582606;-0.380601;0.5544;0.7679;0.3208;0.098364;0.628227;-0.105952;0.5544;0.7679;0.3208;0.555193;0.363127;-0.260881;0.5544;0.7679;0.3208;-0.107855;0.717278;-0.45257;0.1587;0.941;0.2988;0.0889;0.57551;-0.110574;0.1587;0.941;0.2988;0.160254;0.761689;-0.734833;0.1587;0.941;0.2988;0.555193;0.363127;-0.260881;-0.501;-0.8655;0.0037;0.098364;0.628227;-0.105952;-0.501;-0.8655;0.0037;0.351404;0.4792;-0.706091;-0.501;-0.8655;0.0037;0.351404;0.4792;-0.706091;-0.1973;0.9288;-0.3138;0.098364;0.628227;-0.105952;-0.1973;0.9288;-0.3138;0.320483;0.582606;-0.380601;-0.1973;0.9288;-0.3138;0.320483;0.582606;-0.380601;0.7149;0.6832;-0.1491;0.555193;0.363127;-0.260881;0.7149;0.6832;-0.1491;0.351404;0.4792;-0.706091;0.7149;0.6832;-0.1491;0.160254;0.761689;-0.734833;0.2704;-0.9306;-0.2466;0.0889;0.57551;-0.110574;0.2704;-0.9306;-0.2466;-0.316704;0.633286;-0.773279;0.2704;-0.9306;-0.2466;-0.316704;0.633286;-0.773279;-0.8454;0.0949;0.5257;0.0889;0.57551;-0.110574;-0.8454;0.0949;0.5257;-0.107855;0.717278;-0.45257;-0.8454;0.0949;0.5257;-0.107855;0.717278;-0.45257;-0.2523;0.9636;-0.0881;0.160254;0.761689;-0.734833;-0.2523;0.9636;-0.0881;-0.316704;0.633286;-0.773279;-0.2523;0.9636;-0.0881;0.560695;0.981985;0.302595;0.1755;0.7058;0.6864;0.378962;0.848764;0.486036;0.1755;0.7058;0.6864;0.842472;0.974272;0.23849;0.1755;0.7058;0.6864;0.842472;0.974272;0.23849;0.0178;-0.9049;-0.4253;0.378962;0.848764;0.486036;0.0178;-0.9049;-0.4253;0.559784;1.068258;0.02669;0.0178;-0.9049;-0.4253;0.559784;1.068258;0.02669;-0.3689;0.8868;0.2785;0.378962;0.848764;0.486036;-0.3689;0.8868;0.2785;0.560695;0.981985;0.302595;-0.3689;0.8868;0.2785;0.560695;0.981985;0.302595;0.0935;0.9503;0.2968;0.842472;0.974272;0.23849;0.0935;0.9503;0.2968;0.559784;1.068258;0.02669;0.0935;0.9503;0.2968;-0.220496;0.217512;0.090602;-0.0083;0.9462;-0.3234;0.04577;0.1553;-0.098264;-0.0083;0.9462;-0.3234;-0.643663;0.216169;0.097593;-0.0083;0.9462;-0.3234;-0.643663;0.216169;0.097593;-0.0939;-0.9954;-0.0212;0.04577;0.1553;-0.098264;-0.0939;-0.9954;-0.0212;-0.298442;0.174951;0.504405;-0.0939;-0.9954;-0.0212;-0.298442;0.174951;0.504405;0.3294;0.9309;0.1578;0.04577;0.1553;-0.098264;0.3294;0.9309;0.1578;-0.220496;0.217512;0.090602;0.3294;0.9309;0.1578;-0.220496;0.217512;0.090602;-0.0015;0.9948;0.102;-0.643663;0.216169;0.097593;-0.0015;0.9948;0.102;-0.298442;0.174951;0.504405;-0.0015;0.9948;0.102;0.473085;0.280489;0.368403;0.0161;0.9375;0.3475;0.186075;0.319051;0.277695;0.0161;0.9375;0.3475;0.658548;0.103013;0.83863;0.0161;0.9375;0.3475;0.658548;0.103013;0.83863;-0.3296;-0.9403;-0.0846;0.186075;0.319051;0.277695;-0.3296;-0.9403;-0.0846;0.920917;0.066944;0.217131;-0.3296;-0.9403;-0.0846;0.920917;0.066944;0.217131;0.2568;0.8561;-0.4485;0.186075;0.319051;0.277695;0.2568;0.8561;-0.4485;0.473085;0.280489;0.368403;0.2568;0.8561;-0.4485;0.473085;0.280489;0.368403;0.4655;0.8729;0.1459;0.658548;0.103013;0.83863;0.4655;0.8729;0.1459;0.920917;0.066944;0.217131;0.4655;0.8729;0.1459;-0.292045;1.527434;-0.468352;0.6607;0.7464;-0.0794;-0.018948;1.29544;-0.376791;0.6607;0.7464;-0.0794;-0.39937;1.604852;-0.633669;0.6607;0.7464;-0.0794;-0.39937;1.604852;-0.633669;-0.5651;-0.8127;-0.1421;-0.018948;1.29544;-0.376791;-0.5651;-0.8127;-0.1421;-0.46503;1.605109;-0.374091;-0.5651;-0.8127;-0.1421;-0.46503;1.605109;-0.374091;0.5357;0.7686;0.3497;-0.018948;1.29544;-0.376791;0.5357;0.7686;0.3497;-0.292045;1.527434;-0.468352;0.5357;0.7686;0.3497;-0.292045;1.527434;-0.468352;0.4584;0.8813;0.1151;-0.39937;1.604852;-0.633669;0.4584;0.8813;0.1151;-0.46503;1.605109;-0.374091;0.4584;0.8813;0.1151;-0.076185;1.115615;0.008496;0.0453;0.6255;-0.7789;0.060414;0.852243;-0.195052;0.0453;0.6255;-0.7789;-0.372676;1.229908;0.083046;0.0453;0.6255;-0.7789;-0.372676;1.229908;0.083046;-0.3495;-0.7814;0.517;0.060414;0.852243;-0.195052;-0.3495;-0.7814;0.517;-0.024212;1.228935;0.317117;-0.3495;-0.7814;0.517;-0.024212;1.228935;0.317117;0.6948;0.6294;-0.3481;0.060414;0.852243;-0.195052;0.6948;0.6294;-0.3481;-0.076185;1.115615;0.008496;0.6948;0.6294;-0.3481;-0.076185;1.115615;0.008496;0.2515;0.8941;-0.3706;-0.372676;1.229908;0.083046;0.2515;0.8941;-0.3706;-0.024212;1.228935;0.317117;0.2515;0.8941;-0.3706;0.132745;0.747574;0.675258;-0.1726;0.8294;-0.5313;0.274788;0.583621;0.37314;-0.1726;0.8294;-0.5313;-0.1771;0.766915;0.806137;-0.1726;0.8294;-0.5313;-0.1771;0.766915;0.806137;-0.2323;-0.9588;0.1635;0.274788;0.583621;0.37314;-0.2323;-0.9588;0.1635;0.195832;0.71032;1.004104;-0.2323;-0.9588;0.1635;0.195832;0.71032;1.004104;0.7028;0.7093;-0.0545;0.274788;0.583621;0.37314;0.7028;0.7093;-0.0545;0.132745;0.747574;0.675258;0.7028;0.7093;-0.0545;0.132745;0.747574;0.675258;0.101;0.9905;0.0928;-0.1771;0.766915;0.806137;0.101;0.9905;0.0928;0.195832;0.71032;1.004104;0.101;0.9905;0.0928;-0.172285;0.312972;0.512623;0.2331;-0.9057;0.3542;0.226427;0.317501;0.261825;0.2331;-0.9057;0.3542;-0.105017;0.461525;0.848241;0.2331;-0.9057;0.3542;-0.105017;0.461525;0.848241;0.2191;0.969;-0.1141;0.226427;0.317501;0.261825;0.2191;0.969;-0.1141;-0.489287;0.502739;0.460362;0.2191;0.969;-0.1141;-0.489287;0.502739;0.460362;-0.3505;-0.7427;-0.5706;0.226427;0.317501;0.261825;-0.3505;-0.7427;-0.5706;-0.172285;0.312972;0.512623;-0.3505;-0.7427;-0.5706;-0.172285;0.312972;0.512623;-0.5147;-0.7411;0.4312;-0.105017;0.461525;0.848241;-0.5147;-0.7411;0.4312;-0.489287;0.502739;0.460362;-0.5147;-0.7411;0.4312
24;0.627871;0.495857;0.495857;0.1
-0.073544;1.746326;-0.426864;0.8011;-0.0116;0.5984;-0.048945;1.542054;-0.463741;0.8011;-0.0116;0.5984;0.050427;1.678142;-0.594136;0.8011;-0.0116;0.5984;0.050427;1.678142;-0.594136;0.1357;-0.7353;-0.664;-0.048945;1.542054;-0.463741;0.1357;-0.7353;-0.664;-0.165022;1.638393;-0.594136;0.1357;-0.7353;-0.664;-0.165022;1.638393;-0.594136;-0.8003;-0.1985;0.5658;-0.048945;1.542054;-0.463741;-0.8003;-0.1985;0.5658;-0.073544;1.746326;-0.426864;-0.8003;-0.1985;0.5658;-0.073544;1.746326;-0.426864;-0.16;0.867;-0.472;0.050427;1.678142;-0.594136;-0.16;0.867;-0.472;-0.165022;1.638393;-0.594136;-0.16;0.867;-0.472;0.548392;0.934192;0.567594;0.4624;-0.3035;-0.8331;0.37854;0.883345;0.491839;0.4624;-0.3035;-0.8331;0.425672;1.074082;0.44852;0.4624;-0.3035;-0.8331;0.425672;1.074082;0.44852;-0.9406;0.165;-0.2968;0.37854;0.883345;0.491839;-0.9406;0.165;-0.2968;0.35133;0.999838;0.642864;-0.9406;0.165;-0.2968;0.35133;0.999838;0.642864;-0.0328;-0.7942;0.6067;0.37854;0.883345;0.491839;-0.0328;-0.7942;0.6067;0.548392;0.934192;0.567594;-0.0328;-0.7942;0.6067;0.548392;0.934192;0.567594;0.434;0.7737;0.4616;0.425672;1.074082;0.44852;0.434;0.7737;0.4616;0.35133;0.999838;0.642864;0.434;0.7737;0.4616
5
SPREADER;1;0.1;0.1;0.1;5;4;
INFO;NameId;466;DescId;467;price;8950;dpPerMin;0;range;2;placeSound;grassPlace
LIFE;averagePop;5.2;averageLife;8.0;popFactors;1;0.5;breedMat;4.0;breedTime;2.8922677;parentId;106;count;150;reqs;2;LIFE;type;2;enviroType;0;classification;ptf5;count;1;LIFE;type;2;enviroType;1;biome;FOREST;amount;0.8;FADE_DEATH;0.5;enviroReqCount;1;reqId;2;barren;0;goodBiomes;3;0;1;8;ideal;70;influence;0.95
GROWTH;dynamic;0;growthTime;2.6666667;modelStages;3;subStages;1
FOOD;2;909;30;ROOT_VEG;SPAWN_DEATH;53;5;9;0;900;20;WHOLE;PARTICLE_DEATH;isColour;1;Spawn;0;PPS;8;Speed;0.6;Gravity;0.2;Life;0.5;Scale;0.05;Colour;0.38;0.466;0.271;Additive;0;Alpha;1;FadeIn;0.1;FadeOut;0.8;HasDir;1;Dir;0;1;0;Deviation;0.3;Offset;0;0;0;LifeError;0.4;ScaleError;0.1;SpeedError;0.1;RandomRot;1;HasXRot;0
