0.65
ahs
0;1
2
-0.398539;0.085226;-0.46161;0.351597;0.692139;0.440497;1
60;3
48;-1;0;0
-0.250516;0.692139;0.251242;0.2527;0.2222;-0.9416;-0.065599;0.304314;0.209352;0.2527;0.2222;-0.9416;-0.398539;0.628326;0.196454;0.2527;0.2222;-0.9416;-0.398539;0.628326;0.196454;-0.1621;-0.205;-0.9652;-0.065599;0.304314;0.209352;-0.1621;-0.205;-0.9652;-0.387659;0.438805;0.234879;-0.1621;-0.205;-0.9652;-0.398539;0.628326;0.196454;-0.4024;0.1596;0.9014;-0.387659;0.438805;0.234879;-0.4024;0.1596;0.9014;-0.250516;0.692139;0.251242;-0.4024;0.1596;0.9014;-0.022523;0.505134;0.284105;0.8416;0.5375;0.0518;0.274447;0.094895;-0.284009;0.8416;0.5375;0.0518;-0.006427;0.524406;-0.177369;0.8416;0.5375;0.0518;0.218406;0.085226;0.209577;-0.1005;-0.9944;-0.0309;-0.310398;0.154557;-0.301716;-0.1005;-0.9944;-0.0309;0.274447;0.094895;-0.284009;-0.1005;-0.9944;-0.0309;-0.310398;0.154557;-0.301716;-0.7725;0.635;-4.0E-4;-0.022523;0.505134;0.284105;-0.7725;0.635;-4.0E-4;-0.006427;0.524406;-0.177369;-0.7725;0.635;-4.0E-4;-0.310398;0.154557;-0.301716;-0.5649;0.6396;-0.5213;-0.006427;0.524406;-0.177369;-0.5649;0.6396;-0.5213;-0.024051;0.277171;-0.46161;-0.5649;0.6396;-0.5213;-0.263452;0.085226;0.209577;0.0;-0.9613;0.2754;0.218406;0.085226;0.209577;0.0;-0.9613;0.2754;-0.022523;0.151384;0.440497;0.0;-0.9613;0.2754;0.274447;0.094895;-0.284009;-0.0554;-0.7419;-0.6682;-0.310398;0.154557;-0.301716;-0.0554;-0.7419;-0.6682;-0.024051;0.277171;-0.46161;-0.0554;-0.7419;-0.6682;-0.006427;0.524406;-0.177369;0.6487;0.5538;-0.5219;0.274447;0.094895;-0.284009;0.6487;0.5538;-0.5219;-0.024051;0.277171;-0.46161;0.6487;0.5538;-0.5219;-0.022523;0.505134;0.284105;0.8704;0.4802;0.1082;0.218406;0.085226;0.209577;0.8704;0.4802;0.1082;0.274447;0.094895;-0.284009;0.8704;0.4802;0.1082;0.218406;0.085226;0.209577;0.0;-0.9909;-0.1343;-0.263452;0.085226;0.209577;0.0;-0.9909;-0.1343;-0.310398;0.154557;-0.301716;0.0;-0.9909;-0.1343;-0.310398;0.154557;-0.301716;-0.8691;0.4731;0.144;-0.263452;0.085226;0.209577;-0.8691;0.4731;0.144;-0.022523;0.505134;0.284105;-0.8691;0.4731;0.144;0.351597;0.494123;0.255901;0.2857;-0.2678;-0.9201;0.014938;0.293632;0.209694;0.2857;-0.2678;-0.9201;0.314316;0.65016;0.198914;0.2857;-0.2678;-0.9201;0.314316;0.65016;0.198914;-0.1327;0.0816;-0.9878;0.014938;0.293632;0.209694;-0.1327;0.0816;-0.9878;0.12339;0.668147;0.226054;-0.1327;0.0816;-0.9878;0.314316;0.65016;0.198914;0.1649;0.3729;0.9131;0.12339;0.668147;0.226054;0.1649;0.3729;0.9131;0.351597;0.494123;0.255901;0.1649;0.3729;0.9131
6;0.945;0.702;0.8
-0.387659;0.438805;0.234879;0.0424;-0.0873;0.9953;-0.065599;0.304314;0.209352;0.0424;-0.0873;0.9953;-0.250516;0.692139;0.251242;0.0424;-0.0873;0.9953;0.12339;0.668147;0.226054;-0.1332;-0.0047;0.9911;0.014938;0.293632;0.209694;-0.1332;-0.0047;0.9911;0.351597;0.494123;0.255901;-0.1332;-0.0047;0.9911
6;0.878;0.808;0.694
-0.022523;0.505134;0.284105;-0.7027;0.2877;0.6507;-0.263452;0.085226;0.209577;-0.7027;0.2877;0.6507;-0.022523;0.151384;0.440497;-0.7027;0.2877;0.6507;0.218406;0.085226;0.209577;0.7027;0.2877;0.6507;-0.022523;0.505134;0.284105;0.7027;0.2877;0.6507;-0.022523;0.151384;0.440497;0.7027;0.2877;0.6507
-0.840616;0.081008;-1.041928;0.823489;1.343224;1.133865;2
84;5
66;-1;0;0
0.706638;0.258036;-0.007537;0.3171;-0.9068;0.2778;0.087894;0.383633;1.108573;0.3171;-0.9068;0.2778;-0.205359;0.081008;0.455513;0.3171;-0.9068;0.2778;0.087894;0.383633;1.108573;0.8688;-0.0722;0.4898;0.706638;0.258036;-0.007537;0.8688;-0.0722;0.4898;0.642383;0.798897;0.186166;0.8688;-0.0722;0.4898;0.706638;0.258036;-0.007537;0.1829;-0.983;-0.0156;-0.205359;0.081008;0.455513;0.1829;-0.983;-0.0156;-0.097969;0.11869;-0.65802;0.1829;-0.983;-0.0156;0.706638;0.258036;-0.007537;0.3492;-0.9064;-0.2378;-0.097969;0.11869;-0.65802;0.3492;-0.9064;-0.2378;0.363055;0.390647;-1.017627;0.3492;-0.9064;-0.2378;0.706638;0.258036;-0.007537;0.9329;0.2144;-0.2892;0.363055;0.390647;-1.017627;0.9329;0.2144;-0.2892;0.642383;0.798897;0.186166;0.9329;0.2144;-0.2892;-0.205359;0.081008;0.455513;-0.0251;-0.9027;0.4295;0.087894;0.383633;1.108573;-0.0251;-0.9027;0.4295;-0.340494;0.407572;1.133865;-0.0251;-0.9027;0.4295;-0.097969;0.11869;-0.65802;-0.2221;-0.9735;-0.0544;-0.205359;0.081008;0.455513;-0.2221;-0.9735;-0.0544;-0.807769;0.252459;-0.153426;-0.2221;-0.9735;-0.0544;0.363055;0.390647;-1.017627;-0.0963;-0.7306;-0.676;-0.097969;0.11869;-0.65802;-0.0963;-0.7306;-0.676;-0.328469;0.504242;-1.041928;-0.0963;-0.7306;-0.676;0.642383;0.798897;0.186166;0.7111;0.5989;-0.3681;0.363055;0.390647;-1.017627;0.7111;0.5989;-0.3681;0.094661;1.10816;-0.368742;0.7111;0.5989;-0.3681;-0.205359;0.081008;0.455513;-0.5178;-0.8066;0.2851;-0.340494;0.407572;1.133865;-0.5178;-0.8066;0.2851;-0.807769;0.252459;-0.153426;-0.5178;-0.8066;0.2851;-0.097969;0.11869;-0.65802;-0.4727;-0.7474;-0.4668;-0.807769;0.252459;-0.153426;-0.4727;-0.7474;-0.4668;-0.328469;0.504242;-1.041928;-0.4727;-0.7474;-0.4668;0.642383;0.798897;0.186166;0.4021;0.909;0.1097;0.094661;1.10816;-0.368742;0.4021;0.909;0.1097;-0.027039;1.029679;0.726933;0.4021;0.909;0.1097;-0.807769;0.252459;-0.153426;-0.938;0.1157;0.3265;-0.340494;0.407572;1.133865;-0.938;0.1157;0.3265;-0.592771;0.872815;0.244425;-0.938;0.1157;0.3265;-0.328469;0.504242;-1.041928;-0.8212;0.4812;-0.3066;-0.807769;0.252459;-0.153426;-0.8212;0.4812;-0.3066;-0.592771;0.872815;0.244425;-0.8212;0.4812;-0.3066;0.094661;1.10816;-0.368742;-0.5571;0.7609;-0.3325;-0.328469;0.504242;-1.041928;-0.5571;0.7609;-0.3325;-0.592771;0.872815;0.244425;-0.5571;0.7609;-0.3325;-0.027039;1.029679;0.726933;-0.2951;0.9548;0.0356;0.094661;1.10816;-0.368742;-0.2951;0.9548;0.0356;-0.592771;0.872815;0.244425;-0.2951;0.9548;0.0356;-0.568659;1.343224;0.790024;0.2527;0.2523;-0.934;-0.228918;0.633524;0.690241;0.2527;0.2523;-0.934;-0.840616;1.229273;0.685654;0.2527;0.2523;-0.934;-0.840616;1.229273;0.685654;-0.1621;-0.1739;-0.9713;-0.228918;0.633524;0.690241;-0.1621;-0.1739;-0.9713;-0.820626;0.878989;0.745044;-0.1621;-0.1739;-0.9713;-0.840616;1.229273;0.685654;-0.4024;0.1306;0.906;-0.820626;0.878989;0.745044;-0.4024;0.1306;0.906;-0.568659;1.343224;0.790024;-0.4024;0.1306;0.906;0.823489;0.865547;0.67182;0.0613;-0.2508;-0.9661;0.121206;0.642419;0.685171;0.0613;-0.2508;-0.9661;0.800488;1.151164;0.596214;0.0613;-0.2508;-0.9661;0.800488;1.151164;0.596214;-0.3472;0.3087;-0.8855;0.121206;0.642419;0.685171;-0.3472;0.3087;-0.8855;0.447397;1.228222;0.761526;-0.3472;0.3087;-0.8855;0.800488;1.151164;0.596214;0.4555;0.2619;0.8508;0.447397;1.228222;0.761526;0.4555;0.2619;0.8508;0.823489;0.865547;0.67182;0.4555;0.2619;0.8508
6;0.945;0.702;0.8
-0.820626;0.878989;0.745044;0.0424;-0.1191;0.9919;-0.228918;0.633524;0.690241;0.0424;-0.1191;0.9919;-0.568659;1.343224;0.790024;0.0424;-0.1191;0.9919;0.447397;1.228222;0.761526;0.0721;-0.1683;0.9831;0.121206;0.642419;0.685171;0.0721;-0.1683;0.9831;0.823489;0.865547;0.67182;0.0721;-0.1683;0.9831
3;0.878;0.808;0.694
0.363055;0.390647;-1.017627;0.1386;0.6923;-0.7082;-0.328469;0.504242;-1.041928;0.1386;0.6923;-0.7082;0.094661;1.10816;-0.368742;0.1386;0.6923;-0.7082
6;0.973;0.741;0.498
0.087894;0.383633;1.108573;0.647;0.4698;0.6005;0.642383;0.798897;0.186166;0.647;0.4698;0.6005;-0.027039;1.029679;0.726933;0.647;0.4698;0.6005;-0.340494;0.407572;1.133865;-0.5987;0.6274;0.498;-0.027039;1.029679;0.726933;-0.5987;0.6274;0.498;-0.592771;0.872815;0.244425;-0.5987;0.6274;0.498
3;0.878;0.808;0.694
0.087894;0.383633;1.108573;0.0792;0.5174;0.852;-0.027039;1.029679;0.726933;0.0792;0.5174;0.852;-0.340494;0.407572;1.133865;0.0792;0.5174;0.852
13
MATERIAL;second;0;count;9;CUSTOM;0.973;0.741;0.498;1000;CUSTOM;0.769;0.639;0.51;8000;BROWN;8000;GREY;5000;DARK_ORANGE;35000;WHITE;400000;BLACK;400000;GOLD;600000;LIGHT_BLUE;2500000
INFO;NameId;405;DescId;406;price;3670;dpPerMin;60;range;2;placeSound;gPig1
LIFE;averagePop;5.0;averageLife;34.0;popFactors;1;0.3;breedMat;17.0;breedTime;12.297676;parentId;-1;FALL_DEATH;fallTime;1.5;totalTime;2.5;angle;60;particles;0;enviroReqCount;3;reqId;2;barren;0;goodBiomes;3;0;1;8;idealFactor;85;influence;0.85;reqId;5;likedSpecies;2;pnh;pnf;influence;0.65;reqId;1;minAltitude;0;maxAltitude;55;influence;0.8
GROWTH;dynamic;1;growthTime;11.333333;modelStages;2
MOVEMENT;9;speed;0.5;xRot;0;minRot;-25;maxRot;25;rockSpeed;2.5
AI;PATROL
EATING;maxHunger;25;HungerPerHour;2.7;eatRadius;0.15;EatingAnims;1;0;DietOptionCount;6;ef;WHOLE;0;ev;WHOLE;0;en;WHOLE;0;pbf;FRUIT;0;pnh;WHOLE;0;png;WHOLE;0;
PANIC
FLEE;safeRange;2.5;land;1;swim;0
DROP;itemId;140
NAME
SOUND
RANDOM_SOUNDER;4;7;5;gPig0;5;gPig1;5;gPig2;5;gPig3;5;gPig4;5
