0.7;Name;603
ev
0;1
1
-0.492682;-0.043243;-0.49235;0.381501;0.688471;0.511213;1
18;1
18;0.8341841;0.6867758;0.5051512
0.19483;0.688471;0.144973;0.9743;0.1226;0.1887;0.209163;0.010911;0.511213;0.9743;0.1226;0.1887;0.381501;-0.043243;-0.343237;0.9743;0.1226;0.1887;0.381501;-0.043243;-0.343237;-0.1722;-0.9846;0.0277;0.209163;0.010911;0.511213;-0.1722;-0.9846;0.0277;-0.492682;0.122759;0.124513;-0.1722;-0.9846;0.0277;-0.492682;0.122759;0.124513;-0.3809;0.4334;0.8167;0.209163;0.010911;0.511213;-0.3809;0.4334;0.8167;0.19483;0.688471;0.144973;-0.3809;0.4334;0.8167;-0.492682;0.122759;0.124513;-0.6223;0.748;0.2306;0.19483;0.688471;0.144973;-0.6223;0.748;0.2306;-0.139551;0.606743;-0.49235;-0.6223;0.748;0.2306;0.381501;-0.043243;-0.343237;-0.4745;-0.5399;-0.6952;-0.492682;0.122759;0.124513;-0.4745;-0.5399;-0.6952;-0.139551;0.606743;-0.49235;-0.4745;-0.5399;-0.6952;0.19483;0.688471;0.144973;0.7434;0.492;-0.4531;0.381501;-0.043243;-0.343237;0.7434;0.492;-0.4531;-0.139551;0.606743;-0.49235;0.7434;0.492;-0.4531
2
DECAY;8.4
FOOD;1;910;14;WHOLE;PARTICLE_DEATH;isColour;1;Spawn;0;PPS;8;Speed;0.6;Gravity;0.2;Life;0.5;Scale;0.035;Colour;0.682;0.525;0.274;Additive;0;Alpha;1;FadeIn;0.1;FadeOut;0.8;HasDir;1;Dir;0;1;0;Deviation;0.3;Offset;0;0;0;LifeError;0.4;ScaleError;0.1;SpeedError;0.1;RandomRot;1;HasXRot;0

