1.5
ptf
0;1
3
-0.514262;-0.063713;-0.815228;0.706974;1.669515;0.643664;1
87;2
60;-1.0;0.0;0.0;0.1
0.165352;1.479505;-0.521133;0.4407;0.761;0.476;0.422523;0.966005;0.061747;0.4407;0.761;0.476;0.706974;1.171277;-0.529822;0.4407;0.761;0.476;0.358279;0.797605;-0.815228;-0.5969;-0.6909;-0.4077;-0.128707;0.886055;-0.25203;-0.5969;-0.6909;-0.4077;-0.22612;1.227955;-0.688868;-0.5969;-0.6909;-0.4077;0.358279;0.797605;-0.815228;0.0366;-0.9819;0.1859;0.422523;0.966005;0.061747;0.0366;-0.9819;0.1859;-0.128707;0.886055;-0.25203;0.0366;-0.9819;0.1859;-0.194882;0.829327;0.328361;0.247;-0.7897;-0.5615;0.429604;1.441927;-0.258561;0.247;-0.7897;-0.5615;0.518134;1.177293;0.152557;0.247;-0.7897;-0.5615;-0.128707;0.886055;-0.25203;-0.6028;0.5575;0.5708;0.165352;1.479505;-0.521133;-0.6028;0.5575;0.5708;-0.22612;1.227955;-0.688868;-0.6028;0.5575;0.5708;-0.128707;0.886055;-0.25203;-0.4725;0.5473;0.6907;0.422523;0.966005;0.061747;-0.4725;0.5473;0.6907;0.165352;1.479505;-0.521133;-0.4725;0.5473;0.6907;0.140625;1.669515;0.273261;-0.2749;0.9498;-0.1491;-0.141079;1.480455;-0.411855;-0.2749;0.9498;-0.1491;-0.514262;1.456009;0.120549;-0.2749;0.9498;-0.1491;0.422523;0.966005;0.061747;0.6947;-0.7141;0.0862;0.358279;0.797605;-0.815228;0.6947;-0.7141;0.0862;0.706974;1.171277;-0.529822;0.6947;-0.7141;0.0862;0.358279;0.797605;-0.815228;0.2368;0.4405;-0.866;0.165352;1.479505;-0.521133;0.2368;0.4405;-0.866;0.706974;1.171277;-0.529822;0.2368;0.4405;-0.866;0.165352;1.479505;-0.521133;0.1152;0.4207;-0.8998;0.358279;0.797605;-0.815228;0.1152;0.4207;-0.8998;-0.22612;1.227955;-0.688868;0.1152;0.4207;-0.8998;-0.194882;0.829327;0.328361;0.1241;-0.7495;-0.6503;-0.141079;1.480455;-0.411855;0.1241;-0.7495;-0.6503;0.429604;1.441927;-0.258561;0.1241;-0.7495;-0.6503;0.429604;1.441927;-0.258561;0.8009;0.567;0.1925;0.140625;1.669515;0.273261;0.8009;0.567;0.1925;0.518134;1.177293;0.152557;0.8009;0.567;0.1925;0.429604;1.441927;-0.258561;0.149;0.9358;-0.3195;-0.141079;1.480455;-0.411855;0.149;0.9358;-0.3195;0.140625;1.669515;0.273261;0.149;0.9358;-0.3195;-0.141079;1.480455;-0.411855;-0.6886;-0.5189;-0.5065;-0.194882;0.829327;0.328361;-0.6886;-0.5189;-0.5065;-0.514262;1.456009;0.120549;-0.6886;-0.5189;-0.5065;-0.194882;0.829327;0.328361;-0.2767;0.1725;0.9453;0.140625;1.669515;0.273261;-0.2767;0.1725;0.9453;-0.514262;1.456009;0.120549;-0.2767;0.1725;0.9453;0.140625;1.669515;0.273261;0.2573;-0.0394;0.9655;-0.194882;0.829327;0.328361;0.2573;-0.0394;0.9655;0.518134;1.177293;0.152557;0.2573;-0.0394;0.9655;-0.07265;0.634345;0.61955;-8.0E-4;-0.9124;-0.4092;0.133655;0.843238;0.153318;-8.0E-4;-0.9124;-0.4092;0.626717;0.622939;0.643664;-8.0E-4;-0.9124;-0.4092;0.626717;0.622939;0.643664;0.7363;0.3157;-0.5985;0.133655;0.843238;0.153318;0.7363;0.3157;-0.5985;0.355593;1.115487;0.569918;0.7363;0.3157;-0.5985;0.355593;1.115487;0.569918;-0.7483;0.6625;-0.0343;0.133655;0.843238;0.153318;-0.7483;0.6625;-0.0343;-0.07265;0.634345;0.61955;-0.7483;0.6625;-0.0343;0.355593;1.115487;0.569918;-0.032;0.1307;0.9909;-0.07265;0.634345;0.61955;-0.032;0.1307;0.9909;0.626717;0.622939;0.643664;-0.032;0.1307;0.9909
27;0.31;0.266;0.22;0.1
0.028711;-0.063713;-0.022868;0.866;-4.0E-4;-0.5;0.028711;1.433199;-0.024223;0.866;-4.0E-4;-0.5;0.119816;-0.063713;0.134932;0.866;-4.0E-4;-0.5;0.119816;-0.063713;0.134932;0.0;0.1057;0.9944;0.028711;1.433199;-0.024223;0.0;0.1057;0.9944;-0.062395;-0.063713;0.134932;0.0;0.1057;0.9944;0.07844;0.361646;0.080964;-0.2637;0.573;0.7759;0.1919;1.260143;-0.544026;-0.2637;0.573;0.7759;-0.003028;0.369789;0.047261;-0.2637;0.573;0.7759;-0.062395;-0.063713;0.134932;-0.866;-4.0E-4;-0.5;0.028711;1.433199;-0.024223;-0.866;-4.0E-4;-0.5;0.028711;-0.063713;-0.022868;-0.866;-4.0E-4;-0.5;0.036211;0.305465;0.013981;0.8991;-0.3207;-0.2978;0.1919;1.260143;-0.544026;0.8991;-0.3207;-0.2978;0.07844;0.361646;0.080964;0.8991;-0.3207;-0.2978;-0.003028;0.369789;0.047261;-0.8024;-0.1982;-0.5629;0.1919;1.260143;-0.544026;-0.8024;-0.1982;-0.5629;0.036211;0.305465;0.013981;-0.8024;-0.1982;-0.5629;-0.018154;0.189419;0.091125;-0.4943;0.6207;-0.6086;0.369107;0.956397;0.558779;-0.4943;0.6207;-0.6086;0.045284;0.197562;0.047909;-0.4943;0.6207;-0.6086;0.057668;0.133238;0.097849;-0.3418;-0.3573;0.8691;0.369107;0.956397;0.558779;-0.3418;-0.3573;0.8691;-0.018154;0.189419;0.091125;-0.3418;-0.3573;0.8691;0.045284;0.197562;0.047909;0.9122;-0.1269;-0.3897;0.369107;0.956397;0.558779;0.9122;-0.1269;-0.3897;0.057668;0.133238;0.097849;0.9122;-0.1269;-0.3897
-3.243142;-0.115165;-3.005697;2.806179;5.116579;2.786524;3;0;extraBounds;2;-2.90567;2.349718;-2.76889;2.377907;4.968641;2.588971;-0.410226;-0.001374;-0.470829;0.410226;2.624476;0.28518
204;2
114;-1.0;0.0;0.0;0.08
-0.843457;3.670627;-2.852128;-0.7758;0.6086;0.1662;-0.86583;3.081638;-0.799583;-0.7758;0.6086;0.1662;0.289516;4.816499;-1.759182;-0.7758;0.6086;0.1662;-0.86583;3.081638;-0.799583;-0.4017;-0.8791;-0.2566;-0.843457;3.670627;-2.852128;-0.4017;-0.8791;-0.2566;0.433645;2.458744;-0.700057;-0.4017;-0.8791;-0.2566;0.289516;4.816499;-1.759182;-0.2345;0.5854;0.776;-0.86583;3.081638;-0.799583;-0.2345;0.5854;0.776;1.967635;2.792878;0.27462;-0.2345;0.5854;0.776;-0.843457;3.670627;-2.852128;-0.2169;0.7775;-0.5903;0.289516;4.816499;-1.759182;-0.2169;0.7775;-0.5903;0.933562;4.216735;-2.785722;-0.2169;0.7775;-0.5903;-0.86583;3.081638;-0.799583;-0.3383;-0.5885;0.7342;0.433645;2.458744;-0.700057;-0.3383;-0.5885;0.7342;1.967635;2.792878;0.27462;-0.3383;-0.5885;0.7342;0.289516;4.816499;-1.759182;0.0262;0.7194;0.6941;1.967635;2.792878;0.27462;0.0262;0.7194;0.6941;2.320407;3.904754;-0.891062;0.0262;0.7194;0.6941;0.289516;4.816499;-1.759182;0.4723;0.8573;-0.2046;2.320407;3.904754;-0.891062;0.4723;0.8573;-0.2046;0.933562;4.216735;-2.785722;0.4723;0.8573;-0.2046;-0.843457;3.670627;-2.852128;0.0011;0.1171;-0.9931;0.933562;4.216735;-2.785722;0.0011;0.1171;-0.9931;1.248612;2.348618;-3.005697;0.0011;0.1171;-0.9931;-0.843457;3.670627;-2.852128;-0.536;-0.8308;-0.1498;1.248612;2.348618;-3.005697;-0.536;-0.8308;-0.1498;0.433645;2.458744;-0.700057;-0.536;-0.8308;-0.1498;0.933562;4.216735;-2.785722;0.7444;0.4781;-0.4661;2.320407;3.904754;-0.891062;0.7444;0.4781;-0.4661;2.806179;2.506259;-1.549772;0.7444;0.4781;-0.4661;1.248612;2.348618;-3.005697;0.6588;0.1966;-0.7261;0.933562;4.216735;-2.785722;0.6588;0.1966;-0.7261;2.806179;2.506259;-1.549772;0.6588;0.1966;-0.7261;0.433645;2.458744;-0.700057;0.0424;-0.9971;0.0626;1.248612;2.348618;-3.005697;0.0424;-0.9971;0.0626;2.806179;2.506259;-1.549772;0.0424;-0.9971;0.0626;0.433645;2.458744;-0.700057;0.0892;-0.9768;0.1945;2.806179;2.506259;-1.549772;0.0892;-0.9768;0.1945;1.967635;2.792878;0.27462;0.0892;-0.9768;0.1945;2.320407;3.904754;-0.891062;0.9086;0.1284;0.3974;1.967635;2.792878;0.27462;0.9086;0.1284;0.3974;2.806179;2.506259;-1.549772;0.9086;0.1284;0.3974;-0.056872;3.369629;1.098769;-0.8982;-0.3465;0.2704;0.839126;2.283297;2.683259;-0.8982;-0.3465;0.2704;0.307313;3.74256;2.786524;-0.8982;-0.3465;0.2704;0.839126;2.283297;2.683259;-0.5911;-0.7811;-0.2012;-0.056872;3.369629;1.098769;-0.5911;-0.7811;-0.2012;1.398635;2.408118;0.55503;-0.5911;-0.7811;-0.2012;-0.056872;3.369629;1.098769;-0.565;0.8229;-0.0599;0.307313;3.74256;2.786524;-0.565;0.8229;-0.0599;1.308537;4.360301;1.829799;-0.565;0.8229;-0.0599;-0.056872;3.369629;1.098769;-0.4653;0.8422;-0.2723;1.308537;4.360301;1.829799;-0.4653;0.8422;-0.2723;1.257298;3.890869;0.465357;-0.4653;0.8422;-0.2723;-0.056872;3.369629;1.098769;-0.402;-0.0934;-0.9109;1.257298;3.890869;0.465357;-0.402;-0.0934;-0.9109;1.398635;2.408118;0.55503;-0.402;-0.0934;-0.9109;0.839126;2.283297;2.683259;0.4481;-0.8916;0.0655;1.398635;2.408118;0.55503;0.4481;-0.8916;0.0655;2.05026;2.884926;2.587427;0.4481;-0.8916;0.0655;0.307313;3.74256;2.786524;0.0962;-0.0353;0.9947;0.839126;2.283297;2.683259;0.0962;-0.0353;0.9947;2.05026;2.884926;2.587427;0.0962;-0.0353;0.9947;0.307313;3.74256;2.786524;0.362;0.5634;0.7426;2.05026;2.884926;2.587427;0.362;0.5634;0.7426;1.308537;4.360301;1.829799;0.362;0.5634;0.7426;1.257298;3.890869;0.465357;0.9125;0.3749;-0.1632;1.308537;4.360301;1.829799;0.9125;0.3749;-0.1632;2.05026;2.884926;2.587427;0.9125;0.3749;-0.1632;1.398635;2.408118;0.55503;0.9449;0.0707;-0.3195;1.257298;3.890869;0.465357;0.9449;0.0707;-0.3195;2.05026;2.884926;2.587427;0.9449;0.0707;-0.3195;-2.268282;5.001471;-1.019997;-0.8731;0.3319;-0.3571;-2.410281;3.693053;-1.888816;-0.8731;0.3319;-0.3571;-3.243142;3.749199;0.199551;-0.8731;0.3319;-0.3571;-2.410281;3.693053;-1.888816;0.3348;0.4957;-0.8013;-2.268282;5.001471;-1.019997;0.3348;0.4957;-0.8013;-0.416396;4.006507;-0.861629;0.3348;0.4957;-0.8013;-2.268282;5.001471;-1.019997;-0.7414;0.6649;0.09;-3.243142;3.749199;0.199551;-0.7414;0.6649;0.09;-2.14257;4.841393;1.197228;-0.7414;0.6649;0.09;-2.268282;5.001471;-1.019997;-0.1268;0.9888;0.0786;-2.14257;4.841393;1.197228;-0.1268;0.9888;0.0786;-0.614593;5.116579;0.200291;-0.1268;0.9888;0.0786;-2.268282;5.001471;-1.019997;0.4116;0.6673;-0.6207;-0.614593;5.116579;0.200291;0.4116;0.6673;-0.6207;-0.416396;4.006507;-0.861629;0.4116;0.6673;-0.6207;-2.410281;3.693053;-1.888816;0.1178;-0.9903;0.0736;-0.416396;4.006507;-0.861629;0.1178;-0.9903;0.0736;-3.243142;3.749199;0.199551;0.1178;-0.9903;0.0736;-0.614593;5.116579;0.200291;0.0717;0.9278;0.366;-2.14257;4.841393;1.197228;0.0717;0.9278;0.366;-0.629318;4.404596;2.007743;0.0717;0.9278;0.366;-0.416396;4.006507;-0.861629;0.921;0.3423;-0.1859;-0.614593;5.116579;0.200291;0.921;0.3423;-0.1859;-0.021297;3.83886;0.7866;0.921;0.3423;-0.1859;-3.243142;3.749199;0.199551;0.0113;-0.9782;-0.2072;-0.416396;4.006507;-0.861629;0.0113;-0.9782;-0.2072;-1.806463;3.423459;1.81585;0.0113;-0.9782;-0.2072;-2.14257;4.841393;1.197228;-0.7298;0.1206;0.673;-3.243142;3.749199;0.199551;-0.7298;0.1206;0.673;-1.806463;3.423459;1.81585;-0.7298;0.1206;0.673;-0.416396;4.006507;-0.861629;0.1498;-0.9794;-0.1355;-0.021297;3.83886;0.7866;0.1498;-0.9794;-0.1355;-1.806463;3.423459;1.81585;0.1498;-0.9794;-0.1355;-0.021297;3.83886;0.7866;0.851;0.4862;0.1985;-0.614593;5.116579;0.200291;0.851;0.4862;0.1985;-0.629318;4.404596;2.007743;0.851;0.4862;0.1985;-0.629318;4.404596;2.007743;-0.3851;0.2908;0.8758;-2.14257;4.841393;1.197228;-0.3851;0.2908;0.8758;-1.806463;3.423459;1.81585;-0.3851;0.2908;0.8758;-1.806463;3.423459;1.81585;0.478;-0.6818;0.5538;-0.021297;3.83886;0.7866;0.478;-0.6818;0.5538;-0.629318;4.404596;2.007743;0.478;-0.6818;0.5538
90;0.31;0.266;0.22;0.08
-0.174623;-0.115165;0.219042;-0.9949;0.1003;0.0;-0.11201;0.506149;-0.087957;-0.9949;0.1003;0.0;-0.174623;-0.115165;-0.219042;-0.9949;0.1003;0.0;-0.11201;0.506149;-0.087957;0.0;0.2064;-0.9785;0.263462;-0.115165;-0.219042;0.0;0.2064;-0.9785;-0.174623;-0.115165;-0.219042;0.0;0.2064;-0.9785;0.263462;-0.115165;-0.219042;0.9937;0.1117;0.0;0.188095;0.555297;0.001095;0.9937;0.1117;0.0;0.263462;-0.115165;0.219042;0.9937;0.1117;0.0;0.263462;-0.115165;0.219042;0.0;0.1669;0.986;-0.009515;0.549367;0.106545;0.0;0.1669;0.986;-0.174623;-0.115165;0.219042;0.0;0.1669;0.986;-0.009515;0.549367;0.106545;-0.8635;-0.1369;0.4854;-0.573255;2.696241;-0.290787;-0.8635;-0.1369;0.4854;-0.11201;0.506149;-0.087957;-0.8635;-0.1369;0.4854;-0.453194;2.740637;-0.213728;0.8237;0.5243;-0.2159;-0.455396;2.686729;-0.353057;0.8237;0.5243;-0.2159;-1.725925;4.643226;-0.449056;0.8237;0.5243;-0.2159;-0.009515;0.549367;0.106545;0.4543;0.2182;0.8637;0.188095;0.555297;0.001095;0.4543;0.2182;0.8637;-0.453194;2.740637;-0.213728;0.4543;0.2182;0.8637;0.067711;0.715989;-0.205771;-0.4706;-0.1893;-0.8618;-0.573255;2.696241;-0.290787;-0.4706;-0.1893;-0.8618;-0.455396;2.686729;-0.353057;-0.4706;-0.1893;-0.8618;0.067711;0.715989;-0.205771;0.9082;0.2323;-0.3481;-0.453194;2.740637;-0.213728;0.9082;0.2323;-0.3481;0.188095;0.555297;0.001095;0.9082;0.2323;-0.3481;-0.455396;2.686729;-0.353057;-0.4607;-0.3394;-0.8201;-0.573255;2.696241;-0.290787;-0.4607;-0.3394;-0.8201;-1.725925;4.643226;-0.449056;-0.4607;-0.3394;-0.8201;-0.573255;2.696241;-0.290787;-0.472;-0.2098;0.8563;-0.453194;2.740637;-0.213728;-0.472;-0.2098;0.8563;-1.725925;4.643226;-0.449056;-0.472;-0.2098;0.8563;-0.004843;0.479674;0.075695;-0.9211;0.3659;0.1326;0.525018;1.444789;1.093599;-0.9211;0.3659;0.1326;0.03264;0.619221;-0.048996;-0.9211;0.3659;0.1326;0.525018;1.444789;1.093599;0.7177;0.3797;-0.5836;0.151601;0.481037;0.007396;0.7177;0.3797;-0.5836;0.03264;0.619221;-0.048996;0.7177;0.3797;-0.5836;0.666386;1.396969;1.174267;0.2393;-0.8122;0.532;-0.004843;0.479674;0.075695;0.2393;-0.8122;0.532;0.151601;0.481037;0.007396;0.2393;-0.8122;0.532;0.021442;0.927415;-0.10936;0.6368;0.2536;0.7281;0.866796;3.477812;-1.737133;0.6368;0.2536;0.7281;-0.090002;1.059052;-0.057734;0.6368;0.2536;0.7281;0.525018;1.444789;1.093599;-0.9449;0.2774;0.1741;0.536557;1.38477;1.25185;-0.9449;0.2774;0.1741;1.390629;3.87472;1.92;-0.9449;0.2774;0.1741;0.536557;1.38477;1.25185;0.5005;-0.3804;0.7777;0.666386;1.396969;1.174267;0.5005;-0.3804;0.7777;1.390629;3.87472;1.92;0.5005;-0.3804;0.7777;0.666386;1.396969;1.174267;0.5192;0.1036;-0.8484;0.525018;1.444789;1.093599;0.5192;0.1036;-0.8484;1.390629;3.87472;1.92;0.5192;0.1036;-0.8484;-0.090002;1.059052;-0.057734;-0.9497;0.2836;-0.1325;0.866796;3.477812;-1.737133;-0.9497;0.2836;-0.1325;-0.113548;0.928702;-0.168001;-0.9497;0.2836;-0.1325;-0.113548;0.928702;-0.168001;0.3191;-0.5828;-0.7473;0.866796;3.477812;-1.737133;0.3191;-0.5828;-0.7473;0.021442;0.927415;-0.10936;0.3191;-0.5828;-0.7473;-0.174623;-0.115165;0.219042;-0.8728;0.284;0.3968;-0.009515;0.549367;0.106545;-0.8728;0.284;0.3968;-0.11201;0.506149;-0.087957;-0.8728;0.284;0.3968;-0.11201;0.506149;-0.087957;-0.4653;-0.0955;-0.88;0.067711;0.715989;-0.205771;-0.4653;-0.0955;-0.88;0.263462;-0.115165;-0.219042;-0.4653;-0.0955;-0.88;0.263462;-0.115165;-0.219042;0.9077;0.2195;-0.3577;0.067711;0.715989;-0.205771;0.9077;0.2195;-0.3577;0.188095;0.555297;0.001095;0.9077;0.2195;-0.3577;0.263462;-0.115165;0.219042;0.4382;0.322;0.8392;0.188095;0.555297;0.001095;0.4382;0.322;0.8392;-0.009515;0.549367;0.106545;0.4382;0.322;0.8392;-0.009515;0.549367;0.106545;-0.5434;0.0126;0.8394;-0.453194;2.740637;-0.213728;-0.5434;0.0126;0.8394;-0.573255;2.696241;-0.290787;-0.5434;0.0126;0.8394;0.067711;0.715989;-0.205771;-0.3966;-0.1671;-0.9026;-0.11201;0.506149;-0.087957;-0.3966;-0.1671;-0.9026;-0.573255;2.696241;-0.290787;-0.3966;-0.1671;-0.9026;0.067711;0.715989;-0.205771;0.9626;0.2472;-0.1108;-0.455396;2.686729;-0.353057;0.9626;0.2472;-0.1108;-0.453194;2.740637;-0.213728;0.9626;0.2472;-0.1108;-0.004843;0.479674;0.075695;-0.9308;0.3139;0.1869;0.536557;1.38477;1.25185;-0.9308;0.3139;0.1869;0.525018;1.444789;1.093599;-0.9308;0.3139;0.1869;0.525018;1.444789;1.093599;0.549;0.5225;-0.6523;0.666386;1.396969;1.174267;0.549;0.5225;-0.6523;0.151601;0.481037;0.007396;0.549;0.5225;-0.6523;0.666386;1.396969;1.174267;0.3531;-0.813;0.4631;0.536557;1.38477;1.25185;0.3531;-0.813;0.4631;-0.004843;0.479674;0.075695;0.3531;-0.813;0.4631
-4.886964;-0.170493;-6.203649;4.764574;9.356576;5.160211;1.66666;0;extraBounds;3;-2.169472;2.87726;-2.686315;1.444037;5.534331;4.655353;-4.665627;5.030956;-5.409812;4.436252;9.115026;3.781024;-0.315329;0.02592;-0.556564;0.453507;5.604838;0.45293
393;2
252;-1.0;0.0;0.0;0.05
-1.924966;7.093287;-4.189477;-0.8091;0.4827;0.3351;-1.101796;6.391114;-1.190228;-0.8091;0.4827;0.3351;-0.134417;8.38149;-1.721369;-0.8091;0.4827;0.3351;-1.101796;6.391114;-1.190228;-0.9276;-0.3285;0.1777;-1.924966;7.093287;-4.189477;-0.9276;-0.3285;0.1777;-1.232471;5.543105;-3.440338;-0.9276;-0.3285;0.1777;-1.924966;7.093287;-4.189477;-0.6943;0.707;0.1347;-0.134417;8.38149;-1.721369;-0.6943;0.707;0.1347;-0.109164;8.78336;-3.700729;-0.6943;0.707;0.1347;-1.924966;7.093287;-4.189477;-0.4783;0.676;-0.5606;-0.109164;8.78336;-3.700729;-0.4783;0.676;-0.5606;0.245501;6.958383;-6.203649;-0.4783;0.676;-0.5606;-1.924966;7.093287;-4.189477;-0.5864;-0.5495;-0.5951;0.245501;6.958383;-6.203649;-0.5864;-0.5495;-0.5951;-1.232471;5.543105;-3.440338;-0.5864;-0.5495;-0.5951;-1.101796;6.391114;-1.190228;-0.4275;-0.8375;0.3404;-1.232471;5.543105;-3.440338;-0.4275;-0.8375;0.3404;0.857335;5.452019;-1.040179;-0.4275;-0.8375;0.3404;-0.134417;8.38149;-1.721369;-0.4009;0.413;0.8177;-1.101796;6.391114;-1.190228;-0.4009;0.413;0.8177;1.241565;6.866677;-0.281551;-0.4009;0.413;0.8177;-0.109164;8.78336;-3.700729;-0.1502;0.9692;0.1949;-0.134417;8.38149;-1.721369;-0.1502;0.9692;0.1949;3.000785;8.855298;-1.66097;-0.1502;0.9692;0.1949;0.245501;6.958383;-6.203649;0.2453;0.7995;-0.5482;-0.109164;8.78336;-3.700729;0.2453;0.7995;-0.5482;2.460083;7.463859;-4.475254;0.2453;0.7995;-0.5482;-1.232471;5.543105;-3.440338;-0.2797;-0.7855;-0.5519;0.245501;6.958383;-6.203649;-0.2797;-0.7855;-0.5519;2.348302;5.234801;-4.816105;-0.2797;-0.7855;-0.5519;-1.101796;6.391114;-1.190228;-0.2594;-0.4007;0.8787;0.857335;5.452019;-1.040179;-0.2594;-0.4007;0.8787;1.241565;6.866677;-0.281551;-0.2594;-0.4007;0.8787;-0.134417;8.38149;-1.721369;-0.11;0.6304;0.7684;1.241565;6.866677;-0.281551;-0.11;0.6304;0.7684;3.000785;8.855298;-1.66097;-0.11;0.6304;0.7684;-0.109164;8.78336;-3.700729;0.2878;0.8354;-0.4683;3.000785;8.855298;-1.66097;0.2878;0.8354;-0.4683;2.460083;7.463859;-4.475254;0.2878;0.8354;-0.4683;0.245501;6.958383;-6.203649;0.5996;0.0915;-0.795;2.460083;7.463859;-4.475254;0.5996;0.0915;-0.795;2.348302;5.234801;-4.816105;0.5996;0.0915;-0.795;-1.232471;5.543105;-3.440338;-0.0752;-0.9968;0.0276;2.348302;5.234801;-4.816105;-0.0752;-0.9968;0.0276;0.857335;5.452019;-1.040179;-0.0752;-0.9968;0.0276;2.460083;7.463859;-4.475254;0.4672;0.7536;-0.4624;3.000785;8.855298;-1.66097;0.4672;0.7536;-0.4624;4.624567;6.89492;-3.215356;0.4672;0.7536;-0.4624;2.348302;5.234801;-4.816105;0.2411;0.1349;-0.9611;2.460083;7.463859;-4.475254;0.2411;0.1349;-0.9611;4.764574;5.529123;-4.168547;0.2411;0.1349;-0.9611;0.857335;5.452019;-1.040179;-0.1032;-0.9945;0.0164;2.348302;5.234801;-4.816105;-0.1032;-0.9945;0.0164;4.740964;5.027867;-2.315651;-0.1032;-0.9945;0.0164;1.241565;6.866677;-0.281551;-0.1955;-0.4217;0.8854;0.857335;5.452019;-1.040179;-0.1955;-0.4217;0.8854;4.350771;5.982309;-0.016131;-0.1955;-0.4217;0.8854;3.000785;8.855298;-1.66097;0.1669;0.458;0.8731;1.241565;6.866677;-0.281551;0.1669;0.458;0.8731;4.396638;7.428794;-1.179437;0.1669;0.458;0.8731;2.348302;5.234801;-4.816105;0.1838;-0.9494;-0.2545;4.764574;5.529123;-4.168547;0.1838;-0.9494;-0.2545;4.740964;5.027867;-2.315651;0.1838;-0.9494;-0.2545;4.764574;5.529123;-4.168547;0.5274;0.5219;-0.6704;2.460083;7.463859;-4.475254;0.5274;0.5219;-0.6704;4.624567;6.89492;-3.215356;0.5274;0.5219;-0.6704;4.624567;6.89492;-3.215356;0.7275;0.6792;-0.0967;3.000785;8.855298;-1.66097;0.7275;0.6792;-0.0967;4.396638;7.428794;-1.179437;0.7275;0.6792;-0.0967;4.396638;7.428794;-1.179437;0.1103;0.6207;0.7762;1.241565;6.866677;-0.281551;0.1103;0.6207;0.7762;4.350771;5.982309;-0.016131;0.1103;0.6207;0.7762;0.857335;5.452019;-1.040179;0.0264;-0.9217;0.387;4.740964;5.027867;-2.315651;0.0264;-0.9217;0.387;4.350771;5.982309;-0.016131;0.0264;-0.9217;0.387;4.740964;5.027867;-2.315651;0.9963;0.0784;0.0339;4.764574;5.529123;-4.168547;0.9963;0.0784;0.0339;4.624567;6.89492;-3.215356;0.9963;0.0784;0.0339;4.396638;7.428794;-1.179437;0.994;0.0479;0.0987;4.350771;5.982309;-0.016131;0.994;0.0479;0.0987;4.624567;6.89492;-3.215356;0.994;0.0479;0.0987;4.350771;5.982309;-0.016131;0.9859;0.1184;0.1181;4.740964;5.027867;-2.315651;0.9859;0.1184;0.1181;4.624567;6.89492;-3.215356;0.9859;0.1184;0.1181;-0.029834;5.924543;1.707343;-0.8228;-0.5545;0.1245;1.296628;4.483149;4.053066;-0.8228;-0.5545;0.1245;0.365601;5.946365;4.417284;-0.8228;-0.5545;0.1245;1.296628;4.483149;4.053066;-0.6035;-0.7848;-0.141;-0.029834;5.924543;1.707343;-0.6035;-0.7848;-0.141;1.686946;4.750384;0.894972;-0.6035;-0.7848;-0.141;-0.029834;5.924543;1.707343;-0.5505;0.8315;0.0736;0.365601;5.946365;4.417284;-0.5505;0.8315;0.0736;0.896936;6.445148;2.75722;-0.5505;0.8315;0.0736;-0.029834;5.924543;1.707343;-0.4076;0.9086;-0.0907;0.896936;6.445148;2.75722;-0.4076;0.9086;-0.0907;1.407383;6.42024;0.214458;-0.4076;0.9086;-0.0907;-0.029834;5.924543;1.707343;-0.597;-0.3864;-0.703;1.407383;6.42024;0.214458;-0.597;-0.3864;-0.703;1.686946;4.750384;0.894972;-0.597;-0.3864;-0.703;1.296628;4.483149;4.053066;0.0919;-0.9931;-0.0727;1.686946;4.750384;0.894972;0.0919;-0.9931;-0.0727;3.922362;4.83762;2.528825;0.0919;-0.9931;-0.0727;0.365601;5.946365;4.417284;-0.0406;-0.2656;0.9632;1.296628;4.483149;4.053066;-0.0406;-0.2656;0.9632;2.965368;5.765447;4.477021;-0.0406;-0.2656;0.9632;0.896936;6.445148;2.75722;-0.4312;0.8928;0.1302;0.365601;5.946365;4.417284;-0.4312;0.8928;0.1302;2.650645;7.192019;3.444373;-0.4312;0.8928;0.1302;1.407383;6.42024;0.214458;-0.3984;0.9128;-0.0889;0.896936;6.445148;2.75722;-0.3984;0.9128;-0.0889;2.424024;6.972164;1.324784;-0.3984;0.9128;-0.0889;1.686946;4.750384;0.894972;-0.0294;-0.3815;-0.9239;1.407383;6.42024;0.214458;-0.0294;-0.3815;-0.9239;2.758374;5.429083;0.58063;-0.0294;-0.3815;-0.9239;1.296628;4.483149;4.053066;0.4168;-0.7241;0.5495;3.922362;4.83762;2.528825;0.4168;-0.7241;0.5495;2.965368;5.765447;4.477021;0.4168;-0.7241;0.5495;0.365601;5.946365;4.417284;0.0225;0.5894;0.8075;2.965368;5.765447;4.477021;0.0225;0.5895;0.8075;2.650645;7.192019;3.444373;0.0225;0.5895;0.8075;0.896936;6.445148;2.75722;-0.3724;0.9263;-0.0562;2.650645;7.192019;3.444373;-0.3724;0.9263;-0.0562;2.424024;6.972164;1.324784;-0.3724;0.9263;-0.0562;1.407383;6.42024;0.214458;0.5299;0.4588;-0.7132;2.424024;6.972164;1.324784;0.5299;0.4588;-0.7132;2.758374;5.429083;0.58063;0.5299;0.4588;-0.7132;1.686946;4.750384;0.894972;0.3719;-0.8029;-0.4659;2.758374;5.429083;0.58063;0.3719;-0.8029;-0.4659;3.922362;4.83762;2.528825;0.3719;-0.8029;-0.4659;2.965368;5.765447;4.477021;0.9045;0.3033;0.2998;3.922362;4.83762;2.528825;0.9045;0.3033;0.2998;3.518969;6.040401;2.528825;0.9045;0.3033;0.2998;2.650645;7.192019;3.444373;0.861;0.4088;0.3024;2.965368;5.765447;4.477021;0.861;0.4088;0.3024;3.518969;6.040401;2.528825;0.861;0.4088;0.3024;2.424024;6.972164;1.324784;0.7299;0.6674;-0.1473;2.650645;7.192019;3.444373;0.7299;0.6674;-0.1473;3.518969;6.040401;2.528825;0.7299;0.6674;-0.1473;2.758374;5.429083;0.58063;0.8112;0.3871;-0.4382;2.424024;6.972164;1.324784;0.8112;0.3871;-0.4382;3.518969;6.040401;2.528825;0.8112;0.3871;-0.4382;3.922362;4.83762;2.528825;0.8581;0.2878;-0.4253;2.758374;5.429083;0.58063;0.8581;0.2878;-0.4253;3.518969;6.040401;2.528825;0.8581;0.2878;-0.4253;-3.160298;8.457773;-2.800995;-0.7729;-0.037;-0.6335;-3.183552;6.316108;-2.647592;-0.7729;-0.037;-0.6335;-4.637582;8.120201;-0.978934;-0.7729;-0.037;-0.6335;-3.160298;8.457773;-2.800995;-0.4596;0.8622;-0.2129;-4.637582;8.120201;-0.978934;-0.4596;0.8622;-0.2129;-2.913113;9.356576;0.305941;-0.4596;0.8622;-0.2129;-3.160298;8.457773;-2.800995;0.094;0.9543;-0.2835;-2.913113;9.356576;0.305941;0.094;0.9543;-0.2835;-1.950305;8.5446;-2.107655;0.094;0.9543;-0.2835;-3.160298;8.457773;-2.800995;0.4996;-0.0673;-0.8636;-1.950305;8.5446;-2.107655;0.4996;-0.0673;-0.8636;-3.183552;6.316108;-2.647592;0.4996;-0.0673;-0.8636;-4.637582;8.120201;-0.978934;-0.8606;-0.3783;-0.3409;-3.183552;6.316108;-2.647592;-0.8606;-0.3783;-0.3409;-4.886964;6.490665;1.458872;-0.8606;-0.3783;-0.3409;-2.913113;9.356576;0.305941;-0.7127;0.5716;0.4065;-4.637582;8.120201;-0.978934;-0.7127;0.5716;0.4065;-2.215821;8.552519;2.659292;-0.7127;0.5716;0.4065;-1.950305;8.5446;-2.107655;0.2505;0.9434;-0.2174;-2.913113;9.356576;0.305941;0.2505;0.9434;-0.2174;-0.771636;8.912453;0.846235;0.2505;0.9434;-0.2174;-3.183552;6.316108;-2.647592;0.6428;-0.175;-0.7458;-1.950305;8.5446;-2.107655;0.6428;-0.175;-0.7458;-0.255814;6.261592;-0.111619;0.6428;-0.175;-0.7458;-4.637582;8.120201;-0.978934;-0.6661;0.6497;0.3662;-4.886964;6.490665;1.458872;-0.6661;0.6497;0.3662;-2.215821;8.552519;2.659292;-0.6661;0.6497;0.3662;-2.913113;9.356576;0.305941;0.1244;0.9496;0.2876;-2.215821;8.552519;2.659292;0.1244;0.9496;0.2876;-0.771636;8.912453;0.846235;0.1244;0.9496;0.2876;-1.950305;8.5446;-2.107655;0.8696;0.3085;-0.3854;-0.771636;8.912453;0.846235;0.8696;0.3085;-0.3854;-0.255814;6.261592;-0.111619;0.8696;0.3085;-0.3854;-3.183552;6.316108;-2.647592;-0.0407;-0.9988;0.0255;-0.255814;6.261592;-0.111619;-0.0407;-0.9988;0.0255;-4.886964;6.490665;1.458872;-0.0407;-0.9988;0.0255;-0.771636;8.912453;0.846235;0.2245;0.906;0.3587;-2.215821;8.552519;2.659292;0.2245;0.906;0.3587;-0.795261;7.770164;3.746071;0.2245;0.906;0.3587;-0.255814;6.261592;-0.111619;0.9104;0.2853;-0.2994;-0.771636;8.912453;0.846235;0.9104;0.2853;-0.2994;0.180236;6.862509;1.786896;0.9104;0.2853;-0.2994;-4.886964;6.490665;1.458872;-0.1113;-0.9762;-0.1859;-0.255814;6.261592;-0.111619;-0.1113;-0.9762;-0.1859;-1.746816;5.733899;3.552082;-0.1113;-0.9762;-0.1859;-2.215821;8.552519;2.659292;-0.666;0.6327;0.3952;-4.886964;6.490665;1.458872;-0.666;0.6327;0.3952;-3.620877;6.658198;3.324321;-0.666;0.6327;0.3952;-0.255814;6.261592;-0.111619;0.5818;-0.8043;0.1209;0.180236;6.862509;1.786896;0.5818;-0.8043;0.1209;-1.746816;5.733899;3.552082;0.5818;-0.8043;0.1209;0.180236;6.862509;1.786896;0.851;0.4862;0.1985;-0.771636;8.912453;0.846235;0.851;0.4862;0.1985;-0.795261;7.770164;3.746071;0.851;0.4862;0.1985;-0.795261;7.770164;3.746071;-0.3219;0.5171;0.793;-2.215821;8.552519;2.659292;-0.3219;0.5171;0.793;-3.620877;6.658198;3.324321;-0.3219;0.5171;0.793;-4.886964;6.490665;1.458872;-0.4462;-0.8122;0.3758;-1.746816;5.733899;3.552082;-0.4462;-0.8122;0.3758;-3.620877;6.658198;3.324321;-0.4462;-0.8122;0.3758;-1.746816;5.733899;3.552082;0.7355;-0.396;0.5497;0.180236;6.862509;1.786896;0.7355;-0.396;0.5497;-0.795261;7.770164;3.746071;0.7355;-0.396;0.5497;-3.620877;6.658198;3.324321;-0.1356;-0.0309;0.9903;-1.746816;5.733899;3.552082;-0.1356;-0.0309;0.9903;-0.795261;7.770164;3.746071;-0.1356;-0.0309;0.9903;-2.389035;4.617344;4.12071;-0.5935;-0.5246;0.6103;-0.75929;2.932822;4.257519;-0.5935;-0.5246;0.6103;-0.910141;4.153584;5.160211;-0.5935;-0.5246;0.6103;-0.75929;2.932822;4.257519;-0.7157;-0.6791;0.163;-2.389035;4.617344;4.12071;-0.7157;-0.6791;0.163;-1.911834;3.649917;2.184937;-0.7157;-0.6791;0.163;-0.75929;2.932822;4.257519;0.0907;-0.9244;-0.3703;-1.911834;3.649917;2.184937;0.0907;-0.9244;-0.3703;-0.151441;4.079416;1.544075;0.0907;-0.9244;-0.3703;-0.910141;4.153584;5.160211;0.4689;-0.487;0.7369;-0.75929;2.932822;4.257519;0.4689;-0.487;0.7369;1.03421;3.705416;3.626918;0.4689;-0.487;0.7369;-2.389035;4.617344;4.12071;-0.1724;0.7847;0.5954;-0.910141;4.153584;5.160211;-0.1724;0.7847;0.5954;-0.051209;5.642941;3.445751;-0.1724;0.7847;0.5954;-0.75929;2.932822;4.257519;0.2774;-0.9057;-0.3205;-0.151441;4.079416;1.544075;0.2774;-0.9057;-0.3205;1.03421;3.705416;3.626918;0.2774;-0.9057;-0.3205;-0.910141;4.153584;5.160211;0.6211;0.4104;0.6677;1.03421;3.705416;3.626918;0.6211;0.4104;0.6677;-0.051209;5.642941;3.445751;0.6211;0.4104;0.6677;-2.389035;4.617344;4.12071;-0.2813;0.8852;0.3705;-0.051209;5.642941;3.445751;-0.2813;0.8852;0.3705;-1.298362;5.496592;2.848427;-0.2813;0.8852;0.3705;-2.389035;4.617344;4.12071;-0.8122;0.4165;-0.4084;-1.298362;5.496592;2.848427;-0.8122;0.4165;-0.4084;-1.911834;3.649917;2.184937;-0.8122;0.4165;-0.4084;1.03421;3.705416;3.626918;0.7805;0.5169;-0.3515;-0.151441;4.079416;1.544075;0.7805;0.5169;-0.3515;-0.747968;5.109086;1.733604;0.7805;0.5169;-0.3515;-0.051209;5.642941;3.445751;0.7964;0.404;-0.4501;1.03421;3.705416;3.626918;0.7964;0.404;-0.4501;-0.747968;5.109086;1.733604;0.7964;0.404;-0.4501;-1.298362;5.496592;2.848427;0.0377;0.9495;-0.3114;-0.051209;5.642941;3.445751;0.0377;0.9495;-0.3114;-0.747968;5.109086;1.733604;0.0377;0.9495;-0.3114;-1.911834;3.649917;2.184937;-0.7405;0.4312;-0.5155;-1.298362;5.496592;2.848427;-0.7405;0.4312;-0.5155;-0.747968;5.109086;1.733604;-0.7405;0.4312;-0.5155;-0.151441;4.079416;1.544075;-0.3372;-0.0221;-0.9412;-1.911834;3.649917;2.184937;-0.3372;-0.0221;-0.9412;-0.747968;5.109086;1.733604;-0.3372;-0.0221;-0.9412
141;0.31;0.266;0.22;0.025
-0.344188;-0.170493;0.415894;-0.9805;0.1964;0.0;-0.159878;0.749318;-0.130214;-0.9805;0.1964;0.0;-0.344188;-0.170493;-0.415894;-0.9805;0.1964;0.0;-0.159878;0.749318;-0.130214;0.0;0.2966;-0.955;0.4876;-0.170493;-0.415894;0.0;0.2966;-0.955;-0.344188;-0.170493;-0.415894;0.0;0.2966;-0.955;0.4876;-0.170493;-0.415894;0.9797;0.2005;0.0;0.284406;0.822078;0.001622;0.9797;0.2005;0.0;0.4876;-0.170493;0.415894;0.9797;0.2005;0.0;0.4876;-0.170493;0.415894;0.0;0.2538;0.9672;-0.008141;0.813299;0.157733;0.0;0.2538;0.9672;-0.344188;-0.170493;0.415894;0.0;0.2538;0.9672;-0.008141;0.813299;0.157733;-0.8635;-0.1369;0.4854;-0.842717;3.991593;-0.430489;-0.8635;-0.1369;0.4854;-0.159878;0.749318;-0.130214;-0.8635;-0.1369;0.4854;-0.664977;4.057317;-0.316409;0.8559;0.4776;-0.1983;-0.668235;3.97751;-0.522675;0.8559;0.4776;-0.1983;-2.969974;8.042882;-0.664796;0.8559;0.4776;-0.1983;-0.008141;0.813299;0.157733;0.4543;0.2182;0.8637;0.284406;0.822078;0.001622;0.4543;0.2182;0.8637;-0.664977;4.057317;-0.316409;0.4543;0.2182;0.8637;0.106186;1.05997;-0.304629;-0.4706;-0.1893;-0.8618;-0.842717;3.991593;-0.430489;-0.4706;-0.1893;-0.8618;-0.668235;3.97751;-0.522675;-0.4706;-0.1893;-0.8618;0.106186;1.05997;-0.304629;0.9082;0.2323;-0.3481;-0.664977;4.057317;-0.316409;0.9082;0.2323;-0.3481;0.284406;0.822078;0.001622;0.9082;0.2323;-0.3481;-0.668235;3.97751;-0.522675;-0.465;-0.2925;-0.8355;-0.842717;3.991593;-0.430489;-0.465;-0.2925;-0.8355;-2.969974;8.042882;-0.664796;-0.465;-0.2925;-0.8355;-0.842717;3.991593;-0.430489;-0.4757;-0.2002;0.8565;-0.664977;4.057317;-0.316409;-0.4757;-0.2002;0.8565;-2.969974;8.042882;-0.664796;-0.4757;-0.2002;0.8565;-0.001224;0.710122;0.112061;-0.896;0.0262;0.4433;0.794601;2.130864;1.636814;-0.896;0.0262;0.4433;-0.061534;0.915703;-0.021979;-0.896;0.0262;0.4433;-0.061534;0.915703;-0.021979;-0.2246;0.8377;-0.4978;0.794601;2.130864;1.636814;-0.2246;0.8377;-0.4978;0.170068;0.917722;-0.123091;-0.2246;0.8377;-0.4978;0.794601;2.130864;1.636814;0.9327;0.0399;-0.3585;0.230379;0.712141;0.010949;0.9327;0.0399;-0.3585;0.170068;0.917722;-0.123091;0.9327;0.0399;-0.3585;0.972255;2.07077;1.738189;0.2403;-0.8104;0.5343;-0.001224;0.710122;0.112061;0.2403;-0.8104;0.5343;0.230379;0.712141;0.010949;0.2403;-0.8104;0.5343;-0.019123;1.566898;-0.035421;-0.2794;0.735;0.6178;0.64789;3.43057;-1.950956;-0.2794;0.735;0.6178;-0.235474;1.568802;-0.135521;-0.2794;0.735;0.6178;0.037688;1.372972;-0.161899;0.9318;0.0375;0.361;0.64789;3.43057;-1.950956;0.9318;0.0375;0.361;-0.019123;1.566898;-0.035421;0.9318;0.0375;0.361;0.794601;2.130864;1.636814;-0.9593;0.2336;0.1585;0.809103;2.055439;1.835686;-0.9593;0.2336;0.1585;2.113088;6.672294;2.923117;-0.9593;0.2336;0.1585;0.809103;2.055439;1.835686;0.5068;-0.3306;0.7961;0.972255;2.07077;1.738189;0.5068;-0.3306;0.7961;2.113088;6.672294;2.923117;0.5068;-0.3306;0.7961;0.972255;2.07077;1.738189;0.5166;0.0911;-0.8513;0.794601;2.130864;1.636814;0.5166;0.0911;-0.8513;2.113088;6.672294;2.923117;0.5166;0.0911;-0.8513;0.64789;3.43057;-1.950956;-0.8762;-0.0515;-0.4792;-0.162155;1.374876;-0.248714;-0.8762;-0.0515;-0.4792;-0.235474;1.568802;-0.135521;-0.8762;-0.0515;-0.4792;-0.162155;1.374876;-0.248714;0.2697;-0.7224;-0.6366;0.787012;3.355145;-2.093803;0.2697;-0.7224;-0.6366;0.037688;1.372972;-0.161899;0.2697;-0.7224;-0.6366;0.64789;3.43057;-1.950956;0.7553;0.2336;0.6123;0.787012;3.355145;-2.093803;0.7553;0.2336;0.6123;0.734846;7.972;-3.790908;0.7553;0.2336;0.6123;0.787012;3.355145;-2.093803;0.259;-0.3306;-0.9075;0.605797;3.370476;-2.15112;0.259;-0.3306;-0.9075;0.734846;7.972;-3.790908;0.259;-0.3306;-0.9075;0.605797;3.370476;-2.15112;-0.9797;0.0911;0.1787;0.64789;3.43057;-1.950956;-0.9797;0.0911;0.1787;0.734846;7.972;-3.790908;-0.9797;0.0911;0.1787;-0.799445;4.15324;-0.506269;0.3126;0.317;-0.8954;-1.039626;7.640383;0.644605;0.3126;0.317;-0.8954;-0.668235;3.97751;-0.522675;0.3126;0.317;-0.8954;-0.668235;3.97751;-0.522675;0.9409;-0.0125;0.3385;-1.039626;7.640383;0.644605;0.9409;-0.0125;0.3385;-0.719717;3.990772;-0.379123;0.9409;-0.0125;0.3385;-0.719717;3.990772;-0.379123;-0.92;-0.1785;0.3488;-1.039626;7.640383;0.644605;-0.92;-0.1785;0.3488;-0.799445;4.15324;-0.506269;-0.92;-0.1785;0.3488;0.55193;3.088402;-1.788376;0.5137;-0.2857;-0.809;3.573088;7.290876;-1.354159;0.5137;-0.2857;-0.809;0.602054;2.935159;-1.702437;0.5137;-0.2857;-0.809;0.602054;2.935159;-1.702437;0.3651;-0.3189;0.8746;3.573088;7.290876;-1.354159;0.3651;-0.3189;0.8746;0.501805;3.060358;-1.614932;0.3651;-0.3189;0.8746;0.501805;3.060358;-1.614932;-0.7978;0.5875;-0.1355;3.573088;7.290876;-1.354159;-0.7978;0.5875;-0.1355;0.55193;3.088402;-1.788376;-0.7978;0.5875;-0.1355;1.06649;2.888858;1.908657;0.8011;0.0809;0.593;-0.297933;3.821747;3.624465;0.8011;0.0809;0.593;1.015018;2.783669;1.992541;0.8011;0.0809;0.593;1.015018;2.783669;1.992541;-0.5345;-0.8388;0.1035;-0.297933;3.821747;3.624465;-0.5345;-0.8388;0.1035;1.002762;2.773356;1.845662;-0.5345;-0.8388;0.1035;1.002762;2.773356;1.845662;-0.4309;0.6036;-0.6708;-0.297933;3.821747;3.624465;-0.4309;0.6036;-0.6708;1.06649;2.888858;1.908657;-0.4309;0.6036;-0.6708;-0.344188;-0.170493;0.415894;-0.849;0.385;0.3619;-0.008141;0.813299;0.157733;-0.849;0.385;0.3619;-0.159878;0.749318;-0.130214;-0.849;0.385;0.3619;-0.159878;0.749318;-0.130214;-0.4866;-0.0721;-0.8706;0.106186;1.05997;-0.304629;-0.4866;-0.0721;-0.8706;0.4876;-0.170493;-0.415894;-0.4866;-0.0721;-0.8706;0.4876;-0.170493;-0.415894;0.9067;0.3072;-0.289;0.106186;1.05997;-0.304629;0.9067;0.3072;-0.289;0.284406;0.822078;0.001622;0.9067;0.3072;-0.289;0.4876;-0.170493;0.415894;0.417;0.4215;0.8052;0.284406;0.822078;0.001622;0.417;0.4215;0.8052;-0.008141;0.813299;0.157733;0.417;0.4215;0.8052;-0.008141;0.813299;0.157733;-0.5434;0.0126;0.8394;-0.664977;4.057317;-0.316409;-0.5434;0.0126;0.8394;-0.842717;3.991593;-0.430489;-0.5434;0.0126;0.8394;0.106186;1.05997;-0.304629;-0.3966;-0.1671;-0.9026;-0.159878;0.749318;-0.130214;-0.3966;-0.1671;-0.9026;-0.842717;3.991593;-0.430489;-0.3966;-0.1671;-0.9026;0.106186;1.05997;-0.304629;0.9626;0.2472;-0.1108;-0.668235;3.97751;-0.522675;0.9626;0.2472;-0.1108;-0.664977;4.057317;-0.316409;0.9626;0.2472;-0.1108;-0.001224;0.710122;0.112061;-0.9291;0.3182;0.1884;0.809103;2.055439;1.835686;-0.9291;0.3182;0.1884;0.794601;2.130864;1.636814;-0.9291;0.3182;0.1884;0.794601;2.130864;1.636814;0.5487;0.5262;-0.6496;0.972255;2.07077;1.738189;0.5487;0.5262;-0.6496;0.230379;0.712141;0.010949;0.5487;0.5262;-0.6496;0.972255;2.07077;1.738189;0.3546;-0.8106;0.466;0.809103;2.055439;1.835686;0.3546;-0.8106;0.466;-0.001224;0.710122;0.112061;0.3546;-0.8106;0.466;0.037688;1.372972;-0.161899;0.7575;0.2857;0.5869;0.787012;3.355145;-2.093803;0.7575;0.2857;0.5869;0.64789;3.43057;-1.950956;0.7575;0.2857;0.5869;0.64789;3.43057;-1.950956;-0.9081;0.4133;0.0669;0.605797;3.370476;-2.15112;-0.9081;0.4133;0.0669;-0.162155;1.374876;-0.248714;-0.9081;0.4133;0.0669;-0.162155;1.374876;-0.248714;0.1561;-0.7123;-0.6842;0.605797;3.370476;-2.15112;0.1561;-0.7123;-0.6842;0.787012;3.355145;-2.093803;0.1561;-0.7123;-0.6842
7
MATERIAL;second;1;count;6;CUSTOM;0.502;0.824;0.631;10000;CUSTOM;0.412;0.78;0.749;10000;GREEN;400000;LIGHT_GREEN;500000;ORANGE;700000;DARK_PURPLE;900000
INFO;NameId;296;DescId;297;price;68000;dpPerMin;0;range;3;placeSound;thud
LIFE;averagePop;6.8;averageLife;68.0;popFactors;2;0;0.7;breedMat;34.0;breedTime;24.60026;parentId;5;chance;750;reqCount;4;TRANSFORM;size;1.2;LIFE;type;2;enviroType;2;amount;0.9;LIFE;type;2;enviroType;3;min;0;max;10;MATERIAL;col;CYAN;FALL_DEATH;fallTime;3;totalTime;5;fallenAngle;60;particleEffect;1;ExplodeTime;0.975;UseMaterial;1;Colour;1;Spawn;2;5;0;1;0;PPS;30;Speed;1.5;Gravity;0.3;Life;3;Scale;0.1;Colour;1;0;0;Additive;0;Alpha;1;FadeIn;0.1;FadeOut;0.8;HasDir;1;Dir;0;1;0;Varience;0.25;Offset;0;5;0;LifeError;0.4;ScaleError;0.3;SpeedError;0.4;RandRot;1;HasXRot;1;XRotSpeed;180;Stages;1;2;enviroReqCount;3;reqId;2;barren;0;goodBiomes;5;1;0;7;8;9;idealFactor;100;influence;0.8;reqId;5;likedSpecies;2;pnf;pnh;influence;0.7;reqId;1;minAltitude;0;maxAltitude;40;influence;0.8
GROWTH;dynamic;0;growthTime;22.666666;modelStages;3;subStages;2
WOOD;cut time;9;bark factor;0.25;colour;0.31;0.266;0.22
PERCH;3;0.937;4.752585;3.668;0.5328;2.1435;1.00683;0.3569;3.60945;-1.3983
PARTICLES;isColour;1;spawn;3;7.5;0;1;0;PPS;5;Speed;0;Gravity;0.01;Life;35;Scale;0.6;Colour;1;0;0;Additive;0;Alpha;1;FadeIn;0.2;FadeOut;0.9;HasDir;0;Offset;0;8;0;LifeError;0.0;ScaleError;0.4;SpeedError;0;RandRot;1;HasXRot;1;XRotSpeed;190;range;30;stages;1;2;takesMaterial;1
