0.4
ai
0;1
2
-0.067775;0.008109;-0.990478;0.101941;0.356016;0.746415;1
66;1
66;0.375748;0.299581;0.199779
0.017083;0.15476;-0.457783;0.8344;0.4986;-0.2349;0.101941;0.209037;-0.041098;0.8344;0.4986;-0.2349;0.101941;0.008109;-0.467603;0.8344;0.4986;-0.2349;0.101941;0.209037;-0.041098;0.0;-0.9046;0.4262;-0.067775;0.008109;-0.467603;0.0;-0.9046;0.4262;0.101941;0.008109;-0.467603;0.0;-0.9046;0.4262;-0.067775;0.209037;-0.041098;-0.8459;0.4884;0.2145;0.017083;0.156709;0.412725;-0.8459;0.4884;0.2145;0.017083;0.356016;-0.041098;-0.8459;0.4884;0.2145;-0.067775;0.209037;-0.041098;-0.8344;0.4986;-0.2349;0.017083;0.15476;-0.457783;-0.8344;0.4986;-0.2349;-0.067775;0.008109;-0.467603;-0.8344;0.4986;-0.2349;-0.067775;0.008109;-0.467603;-0.8658;0.5004;0.0093;0.017083;0.15476;-0.457783;-0.8658;0.5004;0.0093;0.036983;0.19908;-0.990478;-0.8658;0.5004;0.0093;0.101941;0.008109;-0.467603;0.0;-0.9393;-0.3431;-0.067775;0.008109;-0.467603;0.0;-0.9393;-0.3431;0.036983;0.19908;-0.990478;0.0;-0.9393;-0.3431;0.017083;0.15476;-0.457783;0.8653;0.4958;0.0736;0.101941;0.008109;-0.467603;0.8653;0.4958;0.0736;0.036983;0.19908;-0.990478;0.8653;0.4958;0.0736;0.017083;0.156709;0.412725;-0.8267;0.5442;-0.1426;-0.023569;0.174074;0.714641;-0.8267;0.5442;-0.1426;0.017083;0.244158;0.746415;-0.8267;0.5442;-0.1426;0.101941;0.209037;-0.041098;0.0;-0.9205;-0.3907;-0.067775;0.010413;0.426881;0.0;-0.9205;-0.3907;-0.067775;0.209037;-0.041098;0.0;-0.9205;-0.3907;0.101941;0.209037;-0.041098;0.8357;0.5055;0.2146;0.017083;0.156709;0.412725;0.8357;0.5055;0.2146;0.101941;0.010413;0.426881;0.8357;0.5055;0.2146;0.057735;0.174074;0.714641;0.0;-0.4129;0.9108;0.017083;0.244158;0.746415;0.0;-0.4129;0.9108;-0.023569;0.174074;0.714641;0.0;-0.4129;0.9108;0.101941;0.010413;0.426881;0.0;-0.8692;0.4944;-0.023569;0.174074;0.714641;0.0;-0.8692;0.4944;-0.067775;0.010413;0.426881;0.0;-0.8692;0.4944;0.017083;0.156709;0.412725;0.862;0.4861;-0.144;0.057735;0.174074;0.714641;0.862;0.4861;-0.144;0.101941;0.010413;0.426881;0.862;0.4861;-0.144;0.017083;0.15476;-0.457783;0.8418;0.486;-0.2347;0.017083;0.356016;-0.041098;0.8418;0.486;-0.2347;0.101941;0.209037;-0.041098;0.8418;0.486;-0.2347;0.101941;0.209037;-0.041098;0.0;-0.9046;0.4262;-0.067775;0.209037;-0.041098;0.0;-0.9046;0.4262;-0.067775;0.008109;-0.467603;0.0;-0.9046;0.4262;-0.067775;0.209037;-0.041098;-0.8357;0.5055;0.2146;-0.067775;0.010413;0.426881;-0.8357;0.5055;0.2146;0.017083;0.156709;0.412725;-0.8357;0.5055;0.2146;-0.067775;0.209037;-0.041098;-0.8418;0.486;-0.2347;0.017083;0.356016;-0.041098;-0.8418;0.486;-0.2347;0.017083;0.15476;-0.457783;-0.8418;0.486;-0.2347;0.017083;0.156709;0.412725;-0.862;0.4861;-0.144;-0.067775;0.010413;0.426881;-0.862;0.4861;-0.144;-0.023569;0.174074;0.714641;-0.862;0.4861;-0.144;0.101941;0.209037;-0.041098;0.0;-0.9205;-0.3907;0.101941;0.010413;0.426881;0.0;-0.9205;-0.3907;-0.067775;0.010413;0.426881;0.0;-0.9205;-0.3907;0.101941;0.209037;-0.041098;0.8459;0.4884;0.2145;0.017083;0.356016;-0.041098;0.8459;0.4884;0.2145;0.017083;0.156709;0.412725;0.8459;0.4884;0.2145;0.101941;0.010413;0.426881;0.0;-0.8692;0.4944;0.057735;0.174074;0.714641;0.0;-0.8692;0.4944;-0.023569;0.174074;0.714641;0.0;-0.8692;0.4944;0.017083;0.156709;0.412725;0.8267;0.5442;-0.1426;0.017083;0.244158;0.746415;0.8267;0.5442;-0.1426;0.057735;0.174074;0.714641;0.8267;0.5442;-0.1426
-1.232593;0.019286;-1.54987;1.260835;0.748415;0.923622;1
102;5
18;0.375748;0.299581;0.199779
0.010955;0.231662;0.541485;-0.8764;0.4796;-0.0428;0.01415;0.091923;-1.088451;-0.8764;0.4796;-0.0428;-0.105269;0.019286;0.541485;-0.8764;0.4796;-0.0428;-0.105269;0.019286;0.541485;0.0228;-0.9988;-0.0428;0.01415;0.091923;-1.088451;0.0228;-0.9988;-0.0428;0.136766;0.024821;0.541485;0.0228;-0.9988;-0.0428;0.136766;0.024821;0.541485;0.8258;0.5023;0.2563;0.010955;0.231662;0.541485;0.8258;0.5023;0.2563;0.01415;0.091923;0.805093;0.8258;0.5023;0.2563;0.136766;0.024821;0.541485;0.8536;0.5192;-0.0428;0.01415;0.091923;-1.088451;0.8536;0.5192;-0.0428;0.010955;0.231662;0.541485;0.8536;0.5192;-0.0428;0.010955;0.231662;0.541485;-0.8479;0.464;0.2563;-0.105269;0.019286;0.541485;-0.8479;0.464;0.2563;0.01415;0.091923;0.805093;-0.8479;0.464;0.2563;-0.105269;0.019286;0.541485;0.0221;-0.9664;0.2563;0.136766;0.024821;0.541485;0.0221;-0.9664;0.2563;0.01415;0.091923;0.805093;0.0221;-0.9664;0.2563
24;0.8;0.67482;0.241653
0.412499;0.442795;-0.378906;-0.3948;0.869;0.2981;0.011115;0.098625;0.092806;-0.3948;0.869;0.2981;1.08246;0.748415;-0.382489;-0.3948;0.869;0.2981;-0.390269;0.442794;-0.378906;0.6056;0.7932;0.0634;0.011115;0.098625;0.092806;0.6056;0.7932;0.0634;-0.316462;0.480011;-1.54987;0.6056;0.7932;0.0634;-0.814913;0.39701;0.099854;-0.3291;-0.93;0.1639;0.023895;0.100194;0.099854;-0.3291;-0.93;0.1639;-1.232593;0.690019;0.923622;-0.3291;-0.93;0.1639;-0.416581;0.306963;0.099854;0.4249;0.9052;-0.0;-1.232593;0.690019;0.923622;0.4249;0.9052;-0.0;0.023895;0.100194;0.099854;0.4249;0.9052;-0.0;0.843155;0.39701;0.099854;0.3291;-0.93;-0.1639;0.004347;0.100194;0.099854;0.3291;-0.93;-0.1639;1.260835;0.690019;-0.723915;0.3291;-0.93;-0.1639;0.444823;0.306963;0.099854;-0.4249;0.9052;0.0;1.260835;0.690019;-0.723915;-0.4249;0.9052;0.0;0.004347;0.100194;0.099854;-0.4249;0.9052;0.0;-0.416581;0.306963;0.099854;0.4249;0.9052;-0.0;-1.061997;0.609937;0.522996;0.4249;0.9052;-0.0;-1.232593;0.690019;0.923622;0.4249;0.9052;-0.0;0.444823;0.306963;0.099854;-0.4249;0.9052;0.0;1.090239;0.609937;-0.323289;-0.4249;0.9052;0.0;1.260835;0.690019;-0.723915;-0.4249;0.9052;0.0
30;0.390104;0.384547;0.8
0.412499;0.442795;-0.378906;-0.4142;0.9085;0.055;1.08246;0.748415;-0.382489;-0.4142;0.9085;0.055;0.338692;0.480011;-1.54987;-0.4142;0.9085;0.055;-0.390269;0.442794;-0.378906;0.4142;0.9085;0.055;-0.316462;0.480011;-1.54987;0.4142;0.9085;0.055;-1.060231;0.748415;-0.38249;0.4142;0.9085;0.055;0.011115;0.098625;0.092806;0.4808;-0.8704;-0.1062;0.338692;0.480011;-1.54987;0.4808;-0.8704;-0.1062;1.08246;0.748415;-0.382489;0.4808;-0.8704;-0.1062;0.011115;0.098625;0.092806;-0.4808;-0.8704;-0.1062;-1.060231;0.748415;-0.38249;-0.4808;-0.8704;-0.1062;-0.316462;0.480011;-1.54987;-0.4808;-0.8704;-0.1062;-0.814913;0.39701;0.099854;-0.5743;-0.8186;0.0;-1.232593;0.690019;0.923622;-0.5743;-0.8186;0.0;-1.232593;0.690019;-0.723915;-0.5743;-0.8186;0.0;-1.061997;0.609937;-0.323289;0.4249;0.9052;-0.0;-1.232593;0.690019;0.923622;0.4249;0.9052;-0.0;-1.061997;0.609937;0.522996;0.4249;0.9052;-0.0;0.843155;0.39701;0.099854;0.5743;-0.8186;-0.0;1.260835;0.690019;-0.723915;0.5743;-0.8186;-0.0;1.260835;0.690019;0.923622;0.5743;-0.8186;-0.0;1.090239;0.609937;0.522996;-0.4249;0.9052;0.0;1.260835;0.690019;-0.723915;-0.4249;0.9052;0.0;1.090239;0.609937;-0.323289;-0.4249;0.9052;0.0;-1.061997;0.609937;-0.323289;0.4249;0.9052;-0.0;-1.232593;0.690019;-0.723915;0.4249;0.9052;-0.0;-1.232593;0.690019;0.923622;0.4249;0.9052;-0.0;1.090239;0.609937;0.522996;-0.4249;0.9052;0.0;1.260835;0.690019;0.923622;-0.4249;0.9052;0.0;1.260835;0.690019;-0.723915;-0.4249;0.9052;0.0
24;0.8;0.477874;0.246463
0.338692;0.480011;-1.54987;-0.6056;0.7932;0.0634;0.011115;0.098625;0.092806;-0.6056;0.7932;0.0634;0.412499;0.442795;-0.378906;-0.6056;0.7932;0.0634;-1.060231;0.748415;-0.38249;0.3948;0.869;0.2981;0.011115;0.098625;0.092806;0.3948;0.869;0.2981;-0.390269;0.442794;-0.378906;0.3948;0.869;0.2981;-1.232593;0.690019;-0.723915;-0.3291;-0.93;-0.1639;0.023895;0.100194;0.099854;-0.3291;-0.93;-0.1639;-0.814913;0.39701;0.099854;-0.3291;-0.93;-0.1639;-0.416581;0.306963;0.099854;0.4249;0.9052;-0.0;-1.232593;0.690019;-0.723915;0.4249;0.9052;-0.0;-1.061997;0.609937;-0.323289;0.4249;0.9052;-0.0;1.260835;0.690019;0.923622;0.3291;-0.93;0.1639;0.004347;0.100194;0.099854;0.3291;-0.93;0.1639;0.843155;0.39701;0.099854;0.3291;-0.93;0.1639;0.444823;0.306963;0.099854;-0.4249;0.9052;0.0;1.260835;0.690019;0.923622;-0.4249;0.9052;0.0;1.090239;0.609937;0.522996;-0.4249;0.9052;0.0;-0.416581;0.306963;0.099854;0.4249;0.9052;-0.0;0.023895;0.100194;0.099854;0.4249;0.9052;-0.0;-1.232593;0.690019;-0.723915;0.4249;0.9052;-0.0;0.444823;0.306963;0.099854;-0.4249;0.9052;0.0;0.004347;0.100194;0.099854;-0.4249;0.9052;0.0;1.260835;0.690019;0.923622;-0.4249;0.9052;0.0
6;0.8;0.234667;0.535149
-1.061997;0.609937;0.522996;0.4249;0.9052;-0.0;-0.416581;0.306963;0.099854;0.4249;0.9052;-0.0;-1.061997;0.609937;-0.323289;0.4249;0.9052;-0.0;1.090239;0.609937;-0.323289;-0.4249;0.9052;0.0;0.444823;0.306963;0.099854;-0.4249;0.9052;0.0;1.090239;0.609937;0.522996;-0.4249;0.9052;0.0
6
INFO;NameId;414;DescId;415;price;38000;dpPerMin;30;range;2;placeSound;grassPlace
LIFE;averagePop;5.5;averageLife;6.0;popFactors;0;breedMat;3.0;breedTime;2.1707644;parentId;-1;FALL_DEATH;fallTime;1.5;totalTime;2.5;angle;60;particles;0;enviroReqCount;2;reqId;2;barren;0;goodBiomes;7;0;1;5;6;7;8;9;idealFactor;100;influence;0.5;reqId;4;faveBiome;0;influence;0.1
GROWTH;dynamic;1;growthTime;2.0;modelStages;2
MOVEMENT;10
AI;BEE
EATING;maxHunger;10;HungerPerHour;2.2;eatRadius;0.05;EatingAnims;1;0;DietOptionCount;1;pnf;SAMPLE;0;
