0.5
ai
0;1
2
-0.626315;-0.042547;-0.568673;0.579391;0.853477;0.51371;1
42;3
24;0.769;0.878;0.863
0.579391;0.853477;0.050038;0.6762;-0.7087;0.2013;0.008776;0.335733;0.143926;0.6762;-0.7087;0.2013;0.331663;0.569323;-0.118228;0.6762;-0.7087;0.2013;0.331663;0.569323;-0.118228;0.3316;-0.8694;-0.3663;0.008776;0.335733;0.143926;0.3316;-0.8694;-0.3663;0.56177;0.839461;-0.551139;0.3316;-0.8694;-0.3663;0.56177;0.839461;-0.551139;-0.6717;0.7408;0.0024;0.008776;0.335733;0.143926;-0.6717;0.7408;0.0024;0.579391;0.853477;0.050038;-0.6717;0.7408;0.0024;0.331663;0.569323;-0.118228;0.7558;-0.6548;-0.0069;0.56177;0.839461;-0.551139;0.7558;-0.6548;-0.0069;0.579391;0.853477;0.050038;0.7558;-0.6548;-0.0069;-0.626315;0.831811;-0.516138;-0.3414;-0.8738;-0.3464;-0.026929;0.335504;0.144977;-0.3414;-0.8738;-0.3464;-0.367667;0.56482;-0.097626;-0.3414;-0.8738;-0.3464;-0.367667;0.56482;-0.097626;-0.654;-0.7173;0.2405;-0.026929;0.335504;0.144977;-0.654;-0.7173;0.2405;-0.608695;0.845827;0.085039;-0.654;-0.7173;0.2405;-0.608695;0.845827;0.085039;0.6611;0.7494;-0.0368;-0.026929;0.335504;0.144977;0.6611;0.7494;-0.0368;-0.626315;0.831811;-0.516138;0.6611;0.7494;-0.0368;-0.367667;0.56482;-0.097626;-0.7464;-0.6645;0.0374;-0.608695;0.845827;0.085039;-0.7464;-0.6645;0.0374;-0.626315;0.831811;-0.516138;-0.7464;-0.6645;0.0374
9;-1;0;0
-0.007145;-0.042547;0.003814;0.7914;-0.5646;-0.2345;-0.007145;0.195258;-0.568673;0.7914;-0.5646;-0.2345;0.345253;0.464047;-0.02661;0.7914;-0.5646;-0.2345;-0.359543;0.464047;-0.02661;-0.7914;-0.5646;-0.2345;-0.007145;0.195258;-0.568673;-0.7914;-0.5646;-0.2345;-0.007145;-0.042547;0.003814;-0.7914;-0.5646;-0.2345;0.345253;0.464047;-0.02661;0.0;0.9225;0.386;-0.359543;0.464047;-0.02661;0.0;0.9225;0.386;-0.007145;0.237982;0.51371;0.0;0.9225;0.386
9;0.22;0.22;0.22
0.345253;0.464047;-0.02661;0.0;0.8959;-0.4442;-0.007145;0.195258;-0.568673;0.0;0.8959;-0.4442;-0.359543;0.464047;-0.02661;0.0;0.8959;-0.4442;-0.359543;0.464047;-0.02661;-0.7929;-0.5339;0.2937;-0.007145;-0.042547;0.003814;-0.7929;-0.5339;0.2937;-0.007145;0.237982;0.51371;-0.7929;-0.5339;0.2937;-0.007145;-0.042547;0.003814;0.7929;-0.5339;0.2937;0.345253;0.464047;-0.02661;0.7929;-0.5339;0.2937;-0.007145;0.237982;0.51371;0.7929;-0.5339;0.2937
-1.056769;0.012876;-0.972458;0.991785;1.392727;0.888587;1.66666
60;3
24;0.769;0.878;0.863
0.991785;1.392727;0.123943;0.6762;-0.7087;0.2013;0.022283;0.513055;0.283462;0.6762;-0.7087;0.2013;0.570884;0.909936;-0.161949;0.6762;-0.7087;0.2013;0.570884;0.909936;-0.161949;0.3316;-0.8694;-0.3663;0.022283;0.513055;0.283462;0.3316;-0.8694;-0.3663;0.961846;1.368913;-0.897487;0.3316;-0.8694;-0.3663;0.961846;1.368913;-0.897487;-0.6717;0.7408;0.0024;0.022283;0.513055;0.283462;-0.6717;0.7408;0.0024;0.991785;1.392727;0.123943;-0.6717;0.7408;0.0024;0.570884;0.909936;-0.161949;0.7558;-0.6548;-0.0069;0.961846;1.368913;-0.897487;0.7558;-0.6548;-0.0069;0.991785;1.392727;0.123943;0.7558;-0.6548;-0.0069;-1.056769;1.355916;-0.838019;-0.3414;-0.8738;-0.3464;-0.038383;0.512665;0.285249;-0.3414;-0.8738;-0.3464;-0.617313;0.902285;-0.126945;-0.3414;-0.8738;-0.3464;-0.617313;0.902285;-0.126945;-0.654;-0.7173;0.2405;-0.038383;0.512665;0.285249;-0.654;-0.7173;0.2405;-1.026831;1.37973;0.183412;-0.654;-0.7173;0.2405;-1.026831;1.37973;0.183412;0.6611;0.7494;-0.0368;-0.038383;0.512665;0.285249;0.6611;0.7494;-0.0368;-1.056769;1.355916;-0.838019;0.6611;0.7494;-0.0368;-0.617313;0.902285;-0.126945;-0.7464;-0.6645;0.0374;-1.026831;1.37973;0.183412;-0.7464;-0.6645;0.0374;-1.056769;1.355916;-0.838019;-0.7464;-0.6645;0.0374
18;-1;0;0
-0.016875;0.012876;-0.473684;0.7996;-0.5054;-0.3243;-0.018367;0.330614;-0.972458;0.7996;-0.5054;-0.3243;0.406245;0.679956;-0.4699;0.7996;-0.5054;-0.3243;-0.439008;0.678178;-0.463216;-0.8026;-0.5042;-0.3188;-0.018367;0.330614;-0.972458;-0.8026;-0.5042;-0.3188;-0.016875;0.012876;-0.473684;-0.8026;-0.5042;-0.3188;-0.016875;0.012876;-0.473684;-0.8161;-0.5779;0.0074;-0.0105;0.014175;0.332942;-0.8161;-0.5779;0.0074;-0.481488;0.679374;0.343796;-0.8161;-0.5779;0.0074;0.406245;0.679956;-0.4699;-0.0021;1.0;-0.0016;-0.439008;0.678178;-0.463216;-0.0021;1.0;-0.0016;-0.481488;0.679374;0.343796;-0.0021;1.0;-0.0016;-0.0105;0.014175;0.332942;0.8164;-0.5775;-0.0055;-0.016875;0.012876;-0.473684;0.8164;-0.5775;-0.0055;0.461477;0.681358;0.33634;0.8164;-0.5775;-0.0055;0.461477;0.681358;0.33634;0.0025;0.8449;0.5349;-0.481488;0.679374;0.343796;0.0025;0.8449;0.5349;-0.004134;0.333127;0.888587;0.0025;0.8449;0.5349
18;0.22;0.22;0.22
0.406245;0.679956;-0.4699;-0.0062;0.8235;-0.5672;-0.018367;0.330614;-0.972458;-0.0062;0.8235;-0.5672;-0.439008;0.678178;-0.463216;-0.0062;0.8235;-0.5672;-0.439008;0.678178;-0.463216;-0.8439;-0.5348;-0.0436;-0.016875;0.012876;-0.473684;-0.8439;-0.5348;-0.0436;-0.481488;0.679374;0.343796;-0.8439;-0.5348;-0.0436;-0.016875;0.012876;-0.473684;0.8432;-0.5345;-0.0568;0.406245;0.679956;-0.4699;0.8432;-0.5345;-0.0568;0.461477;0.681358;0.33634;0.8432;-0.5345;-0.0568;0.461477;0.681358;0.33634;-0.0021;1.0;-0.0016;0.406245;0.679956;-0.4699;-0.0021;1.0;-0.0016;-0.481488;0.679374;0.343796;-0.0021;1.0;-0.0016;-0.481488;0.679374;0.343796;-0.7694;-0.5501;0.3246;-0.0105;0.014175;0.332942;-0.7694;-0.5501;0.3246;-0.004134;0.333127;0.888587;-0.7694;-0.5501;0.3246;-0.0105;0.014175;0.332942;0.7762;-0.5506;0.3072;0.461477;0.681358;0.33634;0.7762;-0.5506;0.3072;-0.004134;0.333127;0.888587;0.7762;-0.5506;0.3072
11
MATERIAL;second;0;count;6;CUSTOM;0.863;0.82;0.439;1000;RED;700000;ORANGE;800000;DARK_PURPLE;1000000;PINK;1300000;WHITE;2000000
INFO;NameId;438;DescId;439;price;50000;dpPerMin;85;range;2;placeSound;thud
LIFE;averagePop;5.5;averageLife;6.0;popFactors;0;breedMat;3.0;breedTime;2.1704102;parentId;55;count;150;reqs;1;EATING;pnf116;FALL_DEATH;fallTime;1.5;totalTime;2.5;angle;60;particles;0;enviroReqCount;3;reqId;2;barren;0;goodBiomes;5;0;1;7;8;9;idealFactor;100;influence;0.7;reqId;4;faveBiome;8;influence;0.1;reqId;5;likedSpecies;2;pt;pnf;influence;0.8
GROWTH;dynamic;1;growthTime;2.0;modelStages;2
MOVEMENT;11;height;0.4
AI;BEE
BUILDER;buildModel;57;buildPoints;5;needsPerch;0;buildTime;30;buildAge;0
EATING;maxHunger;10;HungerPerHour;4;eatRadius;0.08;EatingAnims;1;0;DietOptionCount;2;em;TO_SHARE;0;pnf;SAMPLE;0;
FIGHT;damage;7;revenge;0;anim;1;biteRange;0.25;pause;0
HOSTILE;time;25;enemy;ah;notifyPrey;0
BEE
