2.0
es
0;1
8
-0.215662;-0.107453;-0.23292;0.229039;0.233465;0.211523;1
36;1
36;0.8;0.69;0.431
-0.160064;-0.107453;-0.102774;-0.2108;-0.3303;-0.92;0.078838;0.102614;-0.23292;-0.2108;-0.3303;-0.92;0.106937;-0.107453;-0.16395;-0.2108;-0.3303;-0.92;0.164361;-0.107453;0.144926;0.0669;-0.2541;0.9649;-0.098357;0.076195;0.211523;0.0669;-0.2541;0.9649;-0.121306;-0.107453;0.164745;0.0669;-0.2541;0.9649;0.229039;0.098168;0.111975;0.5719;0.7847;-0.239;0.078838;0.102614;-0.23292;0.5719;0.7847;-0.239;-0.001535;0.233465;0.004432;0.5719;0.7847;-0.239;0.078838;0.102614;-0.23292;-0.3185;0.7804;-0.5381;-0.215662;0.080868;-0.090129;-0.3185;0.7804;-0.5381;-0.001535;0.233465;0.004432;-0.3185;0.7804;-0.5381;-0.121306;-0.107453;0.164745;-0.9475;-0.2889;0.1373;-0.215662;0.080868;-0.090129;-0.9475;-0.2889;0.1373;-0.160064;-0.107453;-0.102774;-0.9475;-0.2889;0.1373;0.106937;-0.107453;-0.16395;0.9312;-0.3207;-0.1731;0.229039;0.098168;0.111975;0.9312;-0.3207;-0.1731;0.164361;-0.107453;0.144926;0.9312;-0.3207;-0.1731;-0.098357;0.076195;0.211523;0.1441;0.7545;0.6403;0.229039;0.098168;0.111975;0.1441;0.7545;0.6403;-0.001535;0.233465;0.004432;0.1441;0.7545;0.6403;-0.215662;0.080868;-0.090129;-0.6336;0.7294;0.2577;-0.098357;0.076195;0.211523;-0.6336;0.7294;0.2577;-0.001535;0.233465;0.004432;-0.6336;0.7294;0.2577;-0.160064;-0.107453;-0.102774;-0.4313;-0.0669;-0.8997;-0.215662;0.080868;-0.090129;-0.4313;-0.0669;-0.8997;0.078838;0.102614;-0.23292;-0.4313;-0.0669;-0.8997;0.164361;-0.107453;0.144926;0.2864;0.0631;0.956;0.229039;0.098168;0.111975;0.2864;0.0631;0.956;-0.098357;0.076195;0.211523;0.2864;0.0631;0.956;-0.121306;-0.107453;0.164745;-0.9316;0.024;0.3627;-0.098357;0.076195;0.211523;-0.9316;0.024;0.3627;-0.215662;0.080868;-0.090129;-0.9316;0.024;0.3627;0.106937;-0.107453;-0.16395;0.9168;-0.0085;-0.3994;0.078838;0.102614;-0.23292;0.9168;-0.0085;-0.3994;0.229039;0.098168;0.111975;0.9168;-0.0085;-0.3994
-0.445662;-0.167466;-0.517936;0.48184;0.609318;0.400337;1
93;1
93;0.8;0.69;0.431
0.391604;-0.167466;-0.036973;0.7593;-0.3453;0.5516;0.237042;0.191356;0.400337;0.7593;-0.3453;0.5516;0.109117;-0.167466;0.351837;0.7593;-0.3453;0.5516;-0.347957;-0.167466;0.203325;-0.9682;-0.2501;0.0;-0.445662;0.210788;-0.23818;-0.9682;-0.2501;0.0;-0.347957;-0.167466;-0.277271;-0.9682;-0.2501;0.0;0.109117;-0.167466;0.351837;-0.2948;-0.2997;0.9073;-0.336186;0.202479;0.329344;-0.2948;-0.2997;0.9073;-0.347957;-0.167466;0.203325;-0.2948;-0.2997;0.9073;-0.347957;-0.167466;-0.277271;-0.2979;-0.2663;-0.9167;0.059906;0.2048;-0.517936;-0.2979;-0.2663;-0.9167;0.109117;-0.167466;-0.425784;-0.2979;-0.2663;-0.9167;0.109117;-0.167466;-0.425784;0.7651;-0.3249;-0.5559;0.48184;0.192791;-0.123311;0.7651;-0.3249;-0.5559;0.391604;-0.167466;-0.036973;0.7651;-0.3249;-0.5559;0.237042;0.191356;0.400337;-0.0751;0.695;0.715;-0.135049;0.369981;0.187642;-0.0751;0.695;0.715;-0.336186;0.202479;0.329344;-0.0751;0.695;0.715;0.059906;0.2048;-0.517936;-0.0968;0.9013;-0.4223;-0.178291;0.369981;-0.110827;-0.0968;0.9013;-0.4223;0.119601;0.369981;-0.17908;-0.0968;0.9013;-0.4223;-0.445662;0.210788;-0.23818;-0.5371;0.8399;0.0778;-0.135049;0.369981;0.187642;-0.5371;0.8399;0.0778;-0.178291;0.369981;-0.110827;-0.5371;0.8399;0.0778;0.48184;0.192791;-0.123311;0.4482;0.89;-0.0833;0.119601;0.369981;-0.17908;0.4482;0.89;-0.0833;0.183667;0.369981;0.16553;0.4482;0.89;-0.0833;0.237042;0.191356;0.400337;0.6965;0.6385;0.3274;0.48184;0.192791;-0.123311;0.6965;0.6385;0.3274;0.183667;0.369981;0.16553;0.6965;0.6385;0.3274;-0.178291;0.369981;-0.110827;-0.1904;-0.5228;-0.8309;0.078838;0.478466;-0.237998;-0.1904;-0.5228;-0.8309;0.119601;0.369981;-0.17908;-0.1904;-0.5228;-0.8309;0.183667;0.369981;0.16553;0.067;-0.2512;0.9656;-0.098357;0.452047;0.206444;0.067;-0.2512;0.9656;-0.135049;0.369981;0.187642;0.067;-0.2512;0.9656;0.229039;0.474021;0.106896;0.5719;0.7847;-0.239;0.078838;0.478466;-0.237998;0.5719;0.7847;-0.239;-0.001535;0.609318;-6.46E-4;0.5719;0.7847;-0.239;0.078838;0.478466;-0.237998;-0.3185;0.7804;-0.5381;-0.215662;0.45672;-0.095208;-0.3185;0.7804;-0.5381;-0.001535;0.609318;-6.46E-4;-0.3185;0.7804;-0.5381;-0.135049;0.369981;0.187642;-0.9018;-0.412;0.1306;-0.215662;0.45672;-0.095208;-0.9018;-0.412;0.1306;-0.178291;0.369981;-0.110827;-0.9018;-0.412;0.1306;0.119601;0.369981;-0.17908;0.8681;-0.4695;-0.1614;0.229039;0.474021;0.106896;0.8681;-0.4695;-0.1614;0.183667;0.369981;0.16553;0.8681;-0.4695;-0.1614;-0.098357;0.452047;0.206444;0.1441;0.7545;0.6403;0.229039;0.474021;0.106896;0.1441;0.7545;0.6403;-0.001535;0.609318;-6.46E-4;0.1441;0.7545;0.6403;-0.215662;0.45672;-0.095208;-0.6336;0.7294;0.2577;-0.098357;0.452047;0.206444;-0.6336;0.7294;0.2577;-0.001535;0.609318;-6.46E-4;-0.6336;0.7294;0.2577;0.391604;-0.167466;-0.036973;0.899;-0.1245;0.4199;0.48184;0.192791;-0.123311;0.899;-0.1245;0.4199;0.237042;0.191356;0.400337;0.899;-0.1245;0.4199;-0.347957;-0.167466;0.203325;-0.9815;-0.0331;0.1888;-0.336186;0.202479;0.329344;-0.9815;-0.0331;0.1888;-0.445662;0.210788;-0.23818;-0.9815;-0.0331;0.1888;0.109117;-0.167466;0.351837;-0.1241;-0.0893;0.9882;0.237042;0.191356;0.400337;-0.1241;-0.0893;0.9882;-0.336186;0.202479;0.329344;-0.1241;-0.0893;0.9882;-0.347957;-0.167466;-0.277271;-0.4842;-0.0347;-0.8743;-0.445662;0.210788;-0.23818;-0.4842;-0.0347;-0.8743;0.059906;0.2048;-0.517936;-0.4842;-0.0347;-0.8743;0.109117;-0.167466;-0.425784;0.6789;-0.0906;-0.7286;0.059906;0.2048;-0.517936;0.6789;-0.0906;-0.7286;0.48184;0.192791;-0.123311;0.6789;-0.0906;-0.7286;0.237042;0.191356;0.400337;0.0416;0.7997;0.5989;0.183667;0.369981;0.16553;0.0416;0.7997;0.5989;-0.135049;0.369981;0.187642;0.0416;0.7997;0.5989;0.059906;0.2048;-0.517936;-0.2615;0.8314;-0.4903;-0.445662;0.210788;-0.23818;-0.2615;0.8314;-0.4903;-0.178291;0.369981;-0.110827;-0.2615;0.8314;-0.4903;-0.445662;0.210788;-0.23818;-0.5819;0.8037;0.124;-0.336186;0.202479;0.329344;-0.5819;0.8037;0.124;-0.135049;0.369981;0.187642;-0.5819;0.8037;0.124;0.48184;0.192791;-0.123311;0.4469;0.7706;-0.4544;0.059906;0.2048;-0.517936;0.4469;0.7706;-0.4544;0.119601;0.369981;-0.17908;0.4469;0.7706;-0.4544;-0.178291;0.369981;-0.110827;-0.4346;-0.0252;-0.9003;-0.215662;0.45672;-0.095208;-0.4346;-0.0252;-0.9003;0.078838;0.478466;-0.237998;-0.4346;-0.0252;-0.9003;0.183667;0.369981;0.16553;0.2431;0.3936;0.8865;0.229039;0.474021;0.106896;0.2431;0.3936;0.8865;-0.098357;0.452047;0.206444;0.2431;0.3936;0.8865;-0.135049;0.369981;0.187642;-0.8829;0.315;0.3482;-0.098357;0.452047;0.206444;-0.8829;0.315;0.3482;-0.215662;0.45672;-0.095208;-0.8829;0.315;0.3482;0.119601;0.369981;-0.17908;0.9099;0.1276;-0.3946;0.078838;0.478466;-0.237998;0.9099;0.1276;-0.3946;0.229039;0.474021;0.106896;0.9099;0.1276;-0.3946
-0.542369;-0.157059;-0.655833;0.66257;1.051198;0.56438;1
153;1
153;0.8;0.69;0.431
0.66257;0.23068;0.006825;0.6123;0.5383;0.579;0.125404;0.416629;0.401962;0.6123;0.5383;0.579;0.147167;0.217175;0.56438;0.6123;0.5383;0.579;0.147167;0.217175;0.56438;-0.3971;0.34;0.8525;-0.390596;0.416629;0.234304;-0.3971;0.34;0.8525;-0.542369;0.209221;0.24631;-0.3971;0.34;0.8525;-0.542369;0.209221;0.24631;-0.9142;0.3917;-0.1037;-0.390596;0.416629;-0.30825;-0.9142;0.3917;-0.1037;-0.453123;0.21781;-0.507822;-0.9142;0.3917;-0.1037;0.29157;0.231072;-0.655833;0.6457;0.6728;-0.3611;0.44431;0.416629;-0.036973;0.6457;0.6728;-0.3611;0.66257;0.23068;0.006825;0.6457;0.6728;-0.3611;-0.453123;0.21781;-0.507822;-0.1654;0.6062;-0.7779;0.125404;0.416629;-0.475909;-0.1654;0.6062;-0.7779;0.29157;0.231072;-0.655833;-0.1654;0.6062;-0.7779;-0.514421;-0.157059;-0.396055;-0.9852;0.1268;-0.1152;-0.542369;0.209221;0.24631;-0.9852;0.1268;-0.1152;-0.453123;0.21781;-0.507822;-0.9852;0.1268;-0.1152;0.569609;-0.157059;-0.043833;0.8634;-0.1438;-0.4835;0.29157;0.231072;-0.655833;0.8634;-0.1438;-0.4835;0.66257;0.23068;0.006825;0.8634;-0.1438;-0.4835;0.155546;-0.157059;0.526075;0.7339;-0.0529;0.6772;0.66257;0.23068;0.006825;0.7339;-0.0529;0.6772;0.147167;0.217175;0.56438;0.7339;-0.0529;0.6772;0.155546;-0.157059;-0.61374;-0.1941;-0.0383;-0.9802;-0.453123;0.21781;-0.507822;-0.1941;-0.0383;-0.9802;0.29157;0.231072;-0.655833;-0.1941;-0.0383;-0.9802;-0.514421;-0.157059;0.30839;-0.4169;0.1209;0.9009;0.147167;0.217175;0.56438;-0.4169;0.1209;0.9009;-0.542369;0.209221;0.24631;-0.4169;0.1209;0.9009;0.44431;0.416629;-0.036973;0.7479;-0.3814;0.5434;0.237042;0.633236;0.400337;0.7479;-0.3814;0.5434;0.125404;0.416629;0.401962;0.7479;-0.3814;0.5434;-0.390596;0.416629;0.234304;-0.9738;-0.2272;0.0;-0.445662;0.652668;-0.23818;-0.9738;-0.2272;0.0;-0.390596;0.416629;-0.30825;-0.9738;-0.2272;0.0;0.125404;0.416629;0.401962;-0.2941;-0.3074;0.905;-0.336186;0.644359;0.329344;-0.2941;-0.3074;0.905;-0.390596;0.416629;0.234304;-0.2941;-0.3074;0.905;-0.390596;0.416629;-0.30825;-0.2989;-0.2532;-0.9201;0.059906;0.64668;-0.517936;-0.2989;-0.2532;-0.9201;0.125404;0.416629;-0.475909;-0.2989;-0.2532;-0.9201;0.125404;0.416629;-0.475909;0.7583;-0.3487;-0.5509;0.48184;0.634671;-0.123311;0.7583;-0.3487;-0.5509;0.44431;0.416629;-0.036973;0.7583;-0.3487;-0.5509;0.237042;0.633236;0.400337;-0.0751;0.695;0.715;-0.135049;0.811862;0.187642;-0.0751;0.695;0.715;-0.336186;0.644359;0.329344;-0.0751;0.695;0.715;0.059906;0.64668;-0.517936;-0.0968;0.9013;-0.4223;-0.178291;0.811862;-0.110827;-0.0968;0.9013;-0.4223;0.119601;0.811862;-0.17908;-0.0968;0.9013;-0.4223;-0.445662;0.652668;-0.23818;-0.5371;0.8399;0.0778;-0.135049;0.811862;0.187642;-0.5371;0.8399;0.0778;-0.178291;0.811862;-0.110827;-0.5371;0.8399;0.0778;0.48184;0.634671;-0.123311;0.4482;0.89;-0.0833;0.119601;0.811862;-0.17908;0.4482;0.89;-0.0833;0.183667;0.811862;0.16553;0.4482;0.89;-0.0833;0.237042;0.633236;0.400337;0.6965;0.6385;0.3274;0.48184;0.634671;-0.123311;0.6965;0.6385;0.3274;0.183667;0.811862;0.16553;0.6965;0.6385;0.3274;-0.178291;0.811862;-0.110827;-0.1904;-0.5228;-0.8309;0.078838;0.920347;-0.237998;-0.1904;-0.5228;-0.8309;0.119601;0.811862;-0.17908;-0.1904;-0.5228;-0.8309;0.183667;0.811862;0.16553;0.067;-0.2512;0.9656;-0.098357;0.893927;0.206444;0.067;-0.2512;0.9656;-0.135049;0.811862;0.187642;0.067;-0.2512;0.9656;0.229039;0.915901;0.106896;0.5719;0.7847;-0.239;0.078838;0.920347;-0.237998;0.5719;0.7847;-0.239;-0.001535;1.051198;-6.46E-4;0.5719;0.7847;-0.239;0.078838;0.920347;-0.237998;-0.3185;0.7804;-0.5381;-0.215662;0.8986;-0.095208;-0.3185;0.7804;-0.5381;-0.001535;1.051198;-6.46E-4;-0.3185;0.7804;-0.5381;-0.135049;0.811862;0.187642;-0.9018;-0.412;0.1306;-0.215662;0.8986;-0.095208;-0.9018;-0.412;0.1306;-0.178291;0.811862;-0.110827;-0.9018;-0.412;0.1306;0.119601;0.811862;-0.17908;0.8681;-0.4695;-0.1614;0.229039;0.915901;0.106896;0.8681;-0.4695;-0.1614;0.183667;0.811862;0.16553;0.8681;-0.4695;-0.1614;-0.098357;0.893927;0.206444;0.1441;0.7545;0.6403;0.229039;0.915901;0.106896;0.1441;0.7545;0.6403;-0.001535;1.051198;-6.46E-4;0.1441;0.7545;0.6403;-0.215662;0.8986;-0.095208;-0.6336;0.7294;0.2577;-0.098357;0.893927;0.206444;-0.6336;0.7294;0.2577;-0.001535;1.051198;-6.46E-4;-0.6336;0.7294;0.2577;0.66257;0.23068;0.006825;0.5475;0.7363;0.3977;0.44431;0.416629;-0.036973;0.5475;0.7363;0.3977;0.125404;0.416629;0.401962;0.5475;0.7363;0.3977;0.147167;0.217175;0.56438;-0.2483;0.5952;0.7642;0.125404;0.416629;0.401962;-0.2483;0.5952;0.7642;-0.390596;0.416629;0.234304;-0.2483;0.5952;0.7642;-0.542369;0.209221;0.24631;-0.807;0.5905;0.0;-0.390596;0.416629;0.234304;-0.807;0.5905;0.0;-0.390596;0.416629;-0.30825;-0.807;0.5905;0.0;0.29157;0.231072;-0.655833;0.4946;0.7914;-0.3593;0.125404;0.416629;-0.475909;0.4946;0.7914;-0.3593;0.44431;0.416629;-0.036973;0.4946;0.7914;-0.3593;-0.453123;0.21781;-0.507822;-0.2129;0.7247;-0.6553;-0.390596;0.416629;-0.30825;-0.2129;0.7247;-0.6553;0.125404;0.416629;-0.475909;-0.2129;0.7247;-0.6553;-0.514421;-0.157059;-0.396055;-0.9971;-0.0761;0.0;-0.514421;-0.157059;0.30839;-0.9971;-0.0761;0.0;-0.542369;0.209221;0.24631;-0.9971;-0.0761;0.0;0.569609;-0.157059;-0.043833;0.7642;-0.3281;-0.5553;0.155546;-0.157059;-0.61374;0.7642;-0.3281;-0.5553;0.29157;0.231072;-0.655833;0.7642;-0.3281;-0.5553;0.155546;-0.157059;0.526075;0.7809;-0.2613;0.5674;0.569609;-0.157059;-0.043833;0.7809;-0.2613;0.5674;0.66257;0.23068;0.006825;0.7809;-0.2613;0.5674;0.155546;-0.157059;-0.61374;-0.301;-0.2269;-0.9262;-0.514421;-0.157059;-0.396055;-0.301;-0.2269;-0.9262;-0.453123;0.21781;-0.507822;-0.301;-0.2269;-0.9262;-0.514421;-0.157059;0.30839;-0.3074;-0.1037;0.9459;0.155546;-0.157059;0.526075;-0.3074;-0.1037;0.9459;0.147167;0.217175;0.56438;-0.3074;-0.1037;0.9459;0.44431;0.416629;-0.036973;0.9058;0.0118;0.4235;0.48184;0.634671;-0.123311;0.9058;0.0118;0.4235;0.237042;0.633236;0.400337;0.9058;0.0118;0.4235;-0.390596;0.416629;0.234304;-0.97;0.1527;0.1893;-0.336186;0.644359;0.329344;-0.97;0.1527;0.1893;-0.445662;0.652668;-0.23818;-0.97;0.1527;0.1893;0.125404;0.416629;0.401962;-0.1213;0.0699;0.9902;0.237042;0.633236;0.400337;-0.1213;0.0699;0.9902;-0.336186;0.644359;0.329344;-0.1213;0.0699;0.9902;-0.390596;0.416629;-0.30825;-0.4777;0.1458;-0.8664;-0.445662;0.652668;-0.23818;-0.4777;0.1458;-0.8664;0.059906;0.64668;-0.517936;-0.4777;0.1458;-0.8664;0.125404;0.416629;-0.475909;0.6827;0.0614;-0.7281;0.059906;0.64668;-0.517936;0.6827;0.0614;-0.7281;0.48184;0.634671;-0.123311;0.6827;0.0614;-0.7281;0.237042;0.633236;0.400337;0.0416;0.7997;0.5989;0.183667;0.811862;0.16553;0.0416;0.7997;0.5989;-0.135049;0.811862;0.187642;0.0416;0.7997;0.5989;0.059906;0.64668;-0.517936;-0.2615;0.8314;-0.4903;-0.445662;0.652668;-0.23818;-0.2615;0.8314;-0.4903;-0.178291;0.811862;-0.110827;-0.2615;0.8314;-0.4903;-0.445662;0.652668;-0.23818;-0.5819;0.8037;0.124;-0.336186;0.644359;0.329344;-0.5819;0.8037;0.124;-0.135049;0.811862;0.187642;-0.5819;0.8037;0.124;0.48184;0.634671;-0.123311;0.4469;0.7706;-0.4544;0.059906;0.64668;-0.517936;0.4469;0.7706;-0.4544;0.119601;0.811862;-0.17908;0.4469;0.7706;-0.4544;-0.178291;0.811862;-0.110827;-0.4346;-0.0252;-0.9003;-0.215662;0.8986;-0.095208;-0.4346;-0.0252;-0.9003;0.078838;0.920347;-0.237998;-0.4346;-0.0252;-0.9003;0.183667;0.811862;0.16553;0.2431;0.3936;0.8865;0.229039;0.915901;0.106896;0.2431;0.3936;0.8865;-0.098357;0.893927;0.206444;0.2431;0.3936;0.8865;-0.135049;0.811862;0.187642;-0.8829;0.315;0.3482;-0.098357;0.893927;0.206444;-0.8829;0.315;0.3482;-0.215662;0.8986;-0.095208;-0.8829;0.315;0.3482;0.119601;0.811862;-0.17908;0.9099;0.1276;-0.3946;0.078838;0.920347;-0.237998;0.9099;0.1276;-0.3946;0.229039;0.915901;0.106896;0.9099;0.1276;-0.3946
-0.675582;-0.241227;-0.682853;0.684454;1.518474;0.602754;1
213;1
213;0.8;0.69;0.431
0.684454;0.278264;-0.175302;0.4655;0.8179;-0.3382;0.111297;0.452431;-0.543033;0.4655;0.8179;-0.3382;0.487836;0.452431;-0.024771;0.4655;0.8179;-0.3382;0.613126;0.697955;0.045199;0.6212;0.5195;0.5868;0.125404;0.883905;0.396883;0.6212;0.5195;0.5868;0.097723;0.684451;0.602754;0.6212;0.5195;0.5868;0.097723;0.684451;0.602754;-0.3557;0.5476;0.7574;-0.390596;0.883905;0.229225;-0.3557;0.5476;0.7574;-0.591814;0.676497;0.284685;-0.3557;0.5476;0.7574;0.684454;0.278264;-0.175302;0.6023;-0.0516;-0.7966;0.171309;-0.241227;-0.52959;0.6023;-0.0516;-0.7966;0.014356;0.293048;-0.682853;0.6023;-0.0516;-0.7966;0.014356;0.293048;-0.682853;-0.2161;0.7149;-0.6651;-0.497957;0.452431;-0.345074;-0.2161;0.7149;-0.6651;0.111297;0.452431;-0.543033;-0.2161;0.7149;-0.6651;-0.591814;0.676497;0.284685;-0.8347;0.5428;-0.0926;-0.390596;0.883905;-0.313329;-0.8347;0.5428;-0.0926;-0.502567;0.685086;-0.469448;-0.8347;0.5428;-0.0926;0.242126;0.698348;-0.617458;0.7604;0.4907;-0.4254;0.44431;0.883905;-0.042052;0.7604;0.4907;-0.4254;0.613126;0.697955;0.045199;0.7604;0.4907;-0.4254;-0.474596;-0.241227;-0.319722;-0.2904;-0.3417;-0.8938;0.014356;0.293048;-0.682853;-0.2904;-0.3417;-0.8938;0.171309;-0.241227;-0.52959;-0.2904;-0.3417;-0.8938;-0.675582;0.266304;-0.203182;-0.7234;0.6904;0.0;-0.497957;0.452431;0.295533;-0.7234;0.6904;0.0;-0.497957;0.452431;-0.345074;-0.7234;0.6904;0.0;-0.502567;0.685086;-0.469448;-0.1765;0.5087;-0.8427;0.125404;0.883905;-0.480988;-0.1765;0.5087;-0.8427;0.242126;0.698348;-0.617458;-0.1765;0.5087;-0.8427;-0.497957;0.452431;-0.345074;-0.9896;-0.0827;-0.118;-0.591814;0.676497;0.284685;-0.9896;-0.0827;-0.118;-0.502567;0.685086;-0.469448;-0.9896;-0.0827;-0.118;-0.474596;-0.241227;0.359423;-0.9298;-0.3682;0.0;-0.675582;0.266304;-0.203182;-0.9298;-0.3682;0.0;-0.474596;-0.241227;-0.319722;-0.9298;-0.3682;0.0;-0.431888;0.23499;0.600821;-0.1939;0.7788;0.5966;0.111297;0.452431;0.493492;-0.1939;0.7788;0.5966;-0.497957;0.452431;0.295533;-0.1939;0.7788;0.5966;0.487836;0.452431;-0.024771;0.8343;-0.2926;-0.4673;0.242126;0.698348;-0.617458;0.8343;-0.2926;-0.4673;0.613126;0.697955;0.045199;0.8343;-0.2926;-0.4673;0.111297;0.452431;0.493492;0.7113;-0.265;0.6511;0.613126;0.697955;0.045199;0.7113;-0.265;0.6511;0.097723;0.684451;0.602754;0.7113;-0.265;0.6511;0.171309;-0.241227;0.56929;-0.2813;-0.4137;0.8659;-0.431888;0.23499;0.600821;-0.2813;-0.4137;0.8659;-0.474596;-0.241227;0.359423;-0.2813;-0.4137;0.8659;0.365127;0.261369;0.53281;0.519;0.7671;0.3771;0.487836;0.452431;-0.024771;0.519;0.7671;0.3771;0.111297;0.452431;0.493492;0.519;0.7671;0.3771;0.111297;0.452431;-0.543033;-0.1881;-0.1915;-0.9633;-0.502567;0.685086;-0.469448;-0.1881;-0.1915;-0.9633;0.242126;0.698348;-0.617458;-0.1881;-0.1915;-0.9633;-0.497957;0.452431;0.295533;-0.4141;-0.1298;0.9009;0.097723;0.684451;0.602754;-0.4141;-0.1298;0.9009;-0.591814;0.676497;0.284685;-0.4141;-0.1298;0.9009;0.570501;-0.241227;0.01985;0.7812;-0.2601;0.5676;0.365127;0.261369;0.53281;0.7812;-0.2601;0.5676;0.171309;-0.241227;0.56929;0.7812;-0.2601;0.5676;0.44431;0.883905;-0.042052;0.7479;-0.3814;0.5434;0.237042;1.100512;0.395258;0.7479;-0.3814;0.5434;0.125404;0.883905;0.396883;0.7479;-0.3814;0.5434;-0.390596;0.883905;0.229225;-0.9738;-0.2272;0.0;-0.445662;1.119944;-0.243259;-0.9738;-0.2272;0.0;-0.390596;0.883905;-0.313329;-0.9738;-0.2272;0.0;0.125404;0.883905;0.396883;-0.2941;-0.3074;0.905;-0.336186;1.111635;0.324265;-0.2941;-0.3074;0.905;-0.390596;0.883905;0.229225;-0.2941;-0.3074;0.905;-0.390596;0.883905;-0.313329;-0.2989;-0.2532;-0.9201;0.059906;1.113956;-0.523015;-0.2989;-0.2532;-0.9201;0.125404;0.883905;-0.480988;-0.2989;-0.2532;-0.9201;0.125404;0.883905;-0.480988;0.7583;-0.3487;-0.5509;0.48184;1.101947;-0.12839;0.7583;-0.3487;-0.5509;0.44431;0.883905;-0.042052;0.7583;-0.3487;-0.5509;0.237042;1.100512;0.395258;-0.0751;0.695;0.715;-0.135049;1.279138;0.182563;-0.0751;0.695;0.715;-0.336186;1.111635;0.324265;-0.0751;0.695;0.715;0.059906;1.113956;-0.523015;-0.0968;0.9013;-0.4223;-0.178291;1.279138;-0.115906;-0.0968;0.9013;-0.4223;0.119601;1.279138;-0.184159;-0.0968;0.9013;-0.4223;-0.445662;1.119944;-0.243259;-0.5371;0.8399;0.0778;-0.135049;1.279138;0.182563;-0.5371;0.8399;0.0778;-0.178291;1.279138;-0.115906;-0.5371;0.8399;0.0778;0.48184;1.101947;-0.12839;0.4482;0.89;-0.0833;0.119601;1.279138;-0.184159;0.4482;0.89;-0.0833;0.183667;1.279138;0.160451;0.4482;0.89;-0.0833;0.237042;1.100512;0.395258;0.6965;0.6385;0.3274;0.48184;1.101947;-0.12839;0.6965;0.6385;0.3274;0.183667;1.279138;0.160451;0.6965;0.6385;0.3274;-0.178291;1.279138;-0.115906;-0.1904;-0.5228;-0.8309;0.078838;1.387622;-0.243077;-0.1904;-0.5228;-0.8309;0.119601;1.279138;-0.184159;-0.1904;-0.5228;-0.8309;0.183667;1.279138;0.160451;0.067;-0.2512;0.9656;-0.098357;1.361203;0.201365;0.067;-0.2512;0.9656;-0.135049;1.279138;0.182563;0.067;-0.2512;0.9656;0.229039;1.383177;0.101817;0.5719;0.7847;-0.239;0.078838;1.387622;-0.243077;0.5719;0.7847;-0.239;-0.001535;1.518474;-0.005725;0.5719;0.7847;-0.239;0.078838;1.387622;-0.243077;-0.3185;0.7804;-0.5381;-0.215662;1.365876;-0.100287;-0.3185;0.7804;-0.5381;-0.001535;1.518474;-0.005725;-0.3185;0.7804;-0.5381;-0.135049;1.279138;0.182563;-0.9018;-0.412;0.1306;-0.215662;1.365876;-0.100287;-0.9018;-0.412;0.1306;-0.178291;1.279138;-0.115906;-0.9018;-0.412;0.1306;0.119601;1.279138;-0.184159;0.8681;-0.4695;-0.1614;0.229039;1.383177;0.101817;0.8681;-0.4695;-0.1614;0.183667;1.279138;0.160451;0.8681;-0.4695;-0.1614;-0.098357;1.361203;0.201365;0.1441;0.7545;0.6403;0.229039;1.383177;0.101817;0.1441;0.7545;0.6403;-0.001535;1.518474;-0.005725;0.1441;0.7545;0.6403;-0.215662;1.365876;-0.100287;-0.6336;0.7294;0.2577;-0.098357;1.361203;0.201365;-0.6336;0.7294;0.2577;-0.001535;1.518474;-0.005725;-0.6336;0.7294;0.2577;0.684454;0.278264;-0.175302;0.5783;0.3102;-0.7545;0.014356;0.293048;-0.682853;0.5783;0.3102;-0.7545;0.111297;0.452431;-0.543033;0.5783;0.3102;-0.7545;0.613126;0.697955;0.045199;0.5691;0.7107;0.4135;0.44431;0.883905;-0.042052;0.5691;0.7107;0.4135;0.125404;0.883905;0.396883;0.5691;0.7107;0.4135;0.097723;0.684451;0.602754;-0.2158;0.7156;0.6643;0.125404;0.883905;0.396883;-0.2158;0.7156;0.6643;-0.390596;0.883905;0.229225;-0.2158;0.7156;0.6643;0.684454;0.278264;-0.175302;0.7516;-0.37;-0.5461;0.570501;-0.241227;0.01985;0.7516;-0.37;-0.5461;0.171309;-0.241227;-0.52959;0.7516;-0.37;-0.5461;0.014356;0.293048;-0.682853;-0.5666;-0.0841;-0.8197;-0.675582;0.266304;-0.203182;-0.5666;-0.0841;-0.8197;-0.497957;0.452431;-0.345074;-0.5666;-0.0841;-0.8197;-0.591814;0.676497;0.284685;-0.7177;0.6963;0.0;-0.390596;0.883905;0.229225;-0.7177;0.6963;0.0;-0.390596;0.883905;-0.313329;-0.7177;0.6963;0.0;0.242126;0.698348;-0.617458;0.5891;0.6854;-0.428;0.125404;0.883905;-0.480988;0.5891;0.6854;-0.428;0.44431;0.883905;-0.042052;0.5891;0.6854;-0.428;-0.474596;-0.241227;-0.319722;-0.5695;-0.037;-0.8212;-0.675582;0.266304;-0.203182;-0.5695;-0.037;-0.8212;0.014356;0.293048;-0.682853;-0.5695;-0.037;-0.8212;-0.675582;0.266304;-0.203182;-0.9485;0.1221;0.2923;-0.431888;0.23499;0.600821;-0.9485;0.1221;0.2923;-0.497957;0.452431;0.295533;-0.9485;0.1221;0.2923;-0.502567;0.685086;-0.469448;-0.2273;0.6774;-0.6996;-0.390596;0.883905;-0.313329;-0.2273;0.6774;-0.6996;0.125404;0.883905;-0.480988;-0.2273;0.6774;-0.6996;-0.497957;0.452431;-0.345074;-0.9224;-0.3864;0.0;-0.497957;0.452431;0.295533;-0.9224;-0.3864;0.0;-0.591814;0.676497;0.284685;-0.9224;-0.3864;0.0;-0.474596;-0.241227;0.359423;-0.9559;-0.06;0.2874;-0.431888;0.23499;0.600821;-0.9559;-0.06;0.2874;-0.675582;0.266304;-0.203182;-0.9559;-0.06;0.2874;-0.431888;0.23499;0.600821;0.0717;0.2916;0.9538;0.365127;0.261369;0.53281;0.0717;0.2916;0.9538;0.111297;0.452431;0.493492;0.0717;0.2916;0.9538;0.487836;0.452431;-0.024771;0.6912;-0.5197;-0.5022;0.111297;0.452431;-0.543033;0.6912;-0.5197;-0.5022;0.242126;0.698348;-0.617458;0.6912;-0.5197;-0.5022;0.111297;0.452431;0.493492;0.6997;-0.5019;0.5084;0.487836;0.452431;-0.024771;0.6997;-0.5019;0.5084;0.613126;0.697955;0.045199;0.6997;-0.5019;0.5084;0.171309;-0.241227;0.56929;0.0836;0.04;0.9957;0.365127;0.261369;0.53281;0.0836;0.04;0.9957;-0.431888;0.23499;0.600821;0.0836;0.04;0.9957;0.365127;0.261369;0.53281;0.7573;0.5484;0.3546;0.684454;0.278264;-0.175302;0.7573;0.5484;0.3546;0.487836;0.452431;-0.024771;0.7573;0.5484;0.3546;0.111297;0.452431;-0.543033;-0.2748;-0.4575;-0.8457;-0.497957;0.452431;-0.345074;-0.2748;-0.4575;-0.8457;-0.502567;0.685086;-0.469448;-0.2748;-0.4575;-0.8457;-0.497957;0.452431;0.295533;-0.2801;-0.4224;0.8621;0.111297;0.452431;0.493492;-0.2801;-0.4224;0.8621;0.097723;0.684451;0.602754;-0.2801;-0.4224;0.8621;0.570501;-0.241227;0.01985;0.911;-0.0459;0.4097;0.684454;0.278264;-0.175302;0.911;-0.0459;0.4097;0.365127;0.261369;0.53281;0.911;-0.0459;0.4097;0.44431;0.883905;-0.042052;0.9058;0.0118;0.4235;0.48184;1.101947;-0.12839;0.9058;0.0118;0.4235;0.237042;1.100512;0.395258;0.9058;0.0118;0.4235;-0.390596;0.883905;0.229225;-0.97;0.1527;0.1893;-0.336186;1.111635;0.324265;-0.97;0.1527;0.1893;-0.445662;1.119944;-0.243259;-0.97;0.1527;0.1893;0.125404;0.883905;0.396883;-0.1213;0.0699;0.9902;0.237042;1.100512;0.395258;-0.1213;0.0699;0.9902;-0.336186;1.111635;0.324265;-0.1213;0.0699;0.9902;-0.390596;0.883905;-0.313329;-0.4777;0.1458;-0.8664;-0.445662;1.119944;-0.243259;-0.4777;0.1458;-0.8664;0.059906;1.113956;-0.523015;-0.4777;0.1458;-0.8664;0.125404;0.883905;-0.480988;0.6827;0.0614;-0.7281;0.059906;1.113956;-0.523015;0.6827;0.0614;-0.7281;0.48184;1.101947;-0.12839;0.6827;0.0614;-0.7281;0.237042;1.100512;0.395258;0.0416;0.7997;0.5989;0.183667;1.279138;0.160451;0.0416;0.7997;0.5989;-0.135049;1.279138;0.182563;0.0416;0.7997;0.5989;0.059906;1.113956;-0.523015;-0.2615;0.8314;-0.4903;-0.445662;1.119944;-0.243259;-0.2615;0.8314;-0.4903;-0.178291;1.279138;-0.115906;-0.2615;0.8314;-0.4903;-0.445662;1.119944;-0.243259;-0.5819;0.8037;0.124;-0.336186;1.111635;0.324265;-0.5819;0.8037;0.124;-0.135049;1.279138;0.182563;-0.5819;0.8037;0.124;0.48184;1.101947;-0.12839;0.4469;0.7706;-0.4544;0.059906;1.113956;-0.523015;0.4469;0.7706;-0.4544;0.119601;1.279138;-0.184159;0.4469;0.7706;-0.4544;-0.178291;1.279138;-0.115906;-0.4346;-0.0252;-0.9003;-0.215662;1.365876;-0.100287;-0.4346;-0.0252;-0.9003;0.078838;1.387622;-0.243077;-0.4346;-0.0252;-0.9003;0.183667;1.279138;0.160451;0.2431;0.3936;0.8865;0.229039;1.383177;0.101817;0.2431;0.3936;0.8865;-0.098357;1.361203;0.201365;0.2431;0.3936;0.8865;-0.135049;1.279138;0.182563;-0.8829;0.315;0.3482;-0.098357;1.361203;0.201365;-0.8829;0.315;0.3482;-0.215662;1.365876;-0.100287;-0.8829;0.315;0.3482;0.119601;1.279138;-0.184159;0.9099;0.1276;-0.3946;0.078838;1.387622;-0.243077;0.9099;0.1276;-0.3946;0.229039;1.383177;0.101817;0.9099;0.1276;-0.3946
-0.2969;0.968094;-0.46247;1.4E-45;1.333169;1.4E-45;1;1
12;1
12;0.753;0.467;0.157
-0.023378;1.333169;-0.054214;-0.5928;0.8027;-0.0651;-0.177091;1.192756;-0.385891;-0.5928;0.8027;-0.0651;-0.2969;1.10537;-0.372534;-0.5928;0.8027;-0.0651;-0.227213;0.968094;-0.406433;-0.4342;0.1776;-0.8831;-0.177091;1.192756;-0.385891;-0.4342;0.1776;-0.8831;-0.04663;1.130971;-0.46247;-0.4342;0.1776;-0.8831;-0.04663;1.130971;-0.46247;0.156;0.8816;-0.4455;-0.177091;1.192756;-0.385891;0.156;0.8816;-0.4455;-0.023378;1.333169;-0.054214;0.156;0.8816;-0.4455;-0.177091;1.192756;-0.385891;-0.2062;0.1346;-0.9692;-0.227213;0.968094;-0.406433;-0.2062;0.1346;-0.9692;-0.2969;1.10537;-0.372534;-0.2062;0.1346;-0.9692
-0.179361;0.661063;-0.039745;0.517485;1.393027;0.494092;1;1
21;1
21;0.753;0.467;0.157
0.02174;1.393027;-0.017169;0.3392;0.802;0.4917;-0.064142;1.240841;0.290302;0.3392;0.802;0.4917;0.120188;1.066912;0.446828;0.3392;0.802;0.4917;0.120188;1.066912;0.446828;-0.2006;0.5293;0.8244;-0.064142;1.240841;0.290302;-0.2006;0.5293;0.8244;-0.179361;1.126256;0.335838;-0.2006;0.5293;0.8244;-0.179361;1.126256;0.335838;-0.6574;0.732;0.1787;-0.064142;1.240841;0.290302;-0.6574;0.732;0.1787;0.02174;1.393027;-0.017169;-0.6574;0.732;0.1787;0.210965;0.976765;0.003339;0.392;0.8982;0.1989;0.349713;0.864038;0.238892;0.392;0.8982;0.1989;0.517485;0.852516;-0.039745;0.392;0.8982;0.1989;0.469918;0.661063;0.281432;0.6988;0.5174;0.4939;0.349713;0.864038;0.238892;0.6988;0.5174;0.4939;0.204894;0.816009;0.494092;0.6988;0.5174;0.4939;0.204894;0.816009;0.494092;0.2319;0.9236;0.3054;0.349713;0.864038;0.238892;0.2319;0.9236;0.3054;0.210965;0.976765;0.003339;0.2319;0.9236;0.3054;0.349713;0.864038;0.238892;0.7382;0.5257;0.4227;0.469918;0.661063;0.281432;0.7382;0.5257;0.4227;0.517485;0.852516;-0.039745;0.7382;0.5257;0.4227
-0.372359;0.039519;-0.593805;0.357243;0.529133;0.67;1;1
21;1
21;0.753;0.467;0.157
0.357243;0.171176;-0.593805;0.8845;0.3496;-0.3089;0.288891;0.356331;-0.579984;0.8845;0.3496;-0.3089;0.347038;0.501634;-0.249;0.8845;0.3496;-0.3089;0.347038;0.501634;-0.249;0.3401;0.8376;-0.4275;0.288891;0.356331;-0.579984;0.3401;0.8376;-0.4275;0.133749;0.464576;-0.49129;0.3401;0.8376;-0.4275;0.133749;0.464576;-0.49129;-0.567;-0.1488;-0.8102;0.288891;0.356331;-0.579984;-0.567;-0.1488;-0.8102;0.357243;0.171176;-0.593805;-0.567;-0.1488;-0.8102;-0.092715;0.529133;0.357014;0.0803;0.8155;0.5731;-0.20026;0.319784;0.67;0.0803;0.8155;0.5731;0.037684;0.324448;0.630006;0.0803;0.8155;0.5731;-0.232338;0.039519;0.595972;-0.3003;-0.2113;0.9301;-0.20026;0.319784;0.67;-0.3003;-0.2113;0.9301;-0.372359;0.269273;0.602961;-0.3003;-0.2113;0.9301;-0.372359;0.269273;0.602961;-0.4003;0.8193;0.4104;-0.20026;0.319784;0.67;-0.4003;0.8193;0.4104;-0.092715;0.529133;0.357014;-0.4003;0.8193;0.4104;-0.20026;0.319784;0.67;0.1648;-0.2695;0.9488;-0.232338;0.039519;0.595972;0.1648;-0.2695;0.9488;0.037684;0.324448;0.630006;0.1648;-0.2695;0.9488
-0.635044;0.205083;-0.534515;0.491356;1.086042;0.292823;1;1
36;1
36;0.753;0.467;0.157
0.220551;1.086042;-0.140332;0.3119;0.582;-0.751;0.462317;0.755039;-0.296428;0.3119;0.582;-0.751;0.40265;0.70395;-0.360791;0.3119;0.582;-0.751;0.416414;0.551203;-0.262875;0.9079;-0.2587;-0.3297;0.462317;0.755039;-0.296428;0.9079;-0.2587;-0.3297;0.491356;0.706434;-0.178316;0.9079;-0.2587;-0.3297;0.491356;0.706434;-0.178316;0.8153;0.5779;0.0374;0.462317;0.755039;-0.296428;0.8153;0.5779;0.0374;0.220551;1.086042;-0.140332;0.8153;0.5779;0.0374;0.462317;0.755039;-0.296428;0.8033;-0.2684;-0.5316;0.416414;0.551203;-0.262875;0.8033;-0.2684;-0.5316;0.40265;0.70395;-0.360791;0.8033;-0.2684;-0.5316;-0.251349;0.631616;-0.424413;-0.7582;0.4482;-0.4736;-0.366816;0.343382;-0.512322;-0.7582;0.4482;-0.4736;-0.509555;0.205083;-0.414665;-0.7582;0.4482;-0.4736;-0.509555;0.205083;-0.414665;-0.4841;-0.113;-0.8677;-0.366816;0.343382;-0.512322;-0.4841;-0.113;-0.8677;-0.302439;0.238014;-0.534515;-0.4841;-0.113;-0.8677;-0.302439;0.238014;-0.534515;0.0898;0.2575;-0.9621;-0.366816;0.343382;-0.512322;0.0898;0.2575;-0.9621;-0.251349;0.631616;-0.424413;0.0898;0.2575;-0.9621;-0.349269;0.952824;0.176517;-0.705;0.7066;0.0607;-0.520046;0.809725;-0.141208;-0.705;0.7066;0.0607;-0.56936;0.739806;0.100198;-0.705;0.7066;0.0607;-0.602952;0.652206;-0.227074;-0.6494;0.5979;-0.4699;-0.520046;0.809725;-0.141208;-0.6494;0.5979;-0.4699;-0.372668;0.896423;-0.234569;-0.6494;0.5979;-0.4699;-0.372668;0.896423;-0.234569;-0.5441;0.8349;-0.0836;-0.520046;0.809725;-0.141208;-0.5441;0.8349;-0.0836;-0.349269;0.952824;0.176517;-0.5441;0.8349;-0.0836;-0.520046;0.809725;-0.141208;-0.8753;0.482;-0.0392;-0.602952;0.652206;-0.227074;-0.8753;0.482;-0.0392;-0.56936;0.739806;0.100198;-0.8753;0.482;-0.0392;-0.349269;0.952824;0.176517;-0.6981;0.7158;0.0152;-0.56936;0.739806;0.100198;-0.6981;0.7158;0.0152;-0.635044;0.671655;0.292823;-0.6981;0.7158;0.0152
5
INFO;NameId;440;DescId;441;price;1000;dpPerMin;0;range;2;placeSound;thud
BUILD;4;200
HIVE;300;4;4
FOOD;1;911;35;HONEY
SOUND_LOOPER;sound;bees;range;8;volume;1
