0.65
pnm
0;1
2
-0.377451;-0.045498;-0.361795;0.377451;0.933225;0.291969;1
39;2
30;-1;0;0
0.043696;0.532914;-0.178313;0.9103;0.2405;-0.3368;-0.0;0.933225;-0.010511;0.9103;0.2405;-0.3368;0.186437;0.532914;0.207439;0.9103;0.2405;-0.3368;0.186437;0.532914;0.207439;-0.1531;0.4166;0.8961;-0.0;0.933225;-0.010511;-0.1531;0.4166;0.8961;-0.219004;0.532914;0.138181;-0.1531;0.4166;0.8961;-0.219004;0.532914;0.138181;-0.7568;0.1807;-0.6282;-0.0;0.933225;-0.010511;-0.7568;0.1807;-0.6282;0.043696;0.532914;-0.178313;-0.7568;0.1807;-0.6282;-0.219004;0.532914;0.138181;-0.812;0.3477;-0.4688;0.0;0.370248;-0.361795;-0.812;0.3477;-0.4688;-0.377451;0.370248;0.291969;-0.812;0.3477;-0.4688;0.0;0.370248;-0.361795;0.0;-1.0;0.0;0.377451;0.370248;0.291969;0.0;-1.0;0.0;-0.377451;0.370248;0.291969;0.0;-1.0;0.0;0.186437;0.532914;0.207439;0.0;0.4611;0.8873;-0.377451;0.370248;0.291969;0.0;0.4611;0.8873;0.377451;0.370248;0.291969;0.0;0.4611;0.8873;0.043696;0.532914;-0.178313;0.822;0.3145;-0.4746;0.377451;0.370248;0.291969;0.822;0.3145;-0.4746;0.0;0.370248;-0.361795;0.822;0.3145;-0.4746;-0.219004;0.532914;0.138181;-0.5643;0.6799;-0.4683;0.043696;0.532914;-0.178313;-0.5643;0.6799;-0.4683;0.0;0.370248;-0.361795;-0.5643;0.6799;-0.4683;0.186437;0.532914;0.207439;-0.1135;0.7387;0.6644;-0.219004;0.532914;0.138181;-0.1135;0.7387;0.6644;-0.377451;0.370248;0.291969;-0.1135;0.7387;0.6644;0.043696;0.532914;-0.178313;0.6898;0.6774;-0.2553;0.186437;0.532914;0.207439;0.6898;0.6774;-0.2553;0.377451;0.370248;0.291969;0.6898;0.6774;-0.2553
9;0.737;0.682;0.616
-0.0;-0.045498;-0.080726;0.8645;0.0593;-0.4991;0.0;0.727477;0.011083;0.8645;0.0593;-0.4991;0.07951;-0.045498;0.056988;0.8645;0.0593;-0.4991;0.07951;-0.045498;0.056988;0.0;0.0593;0.9982;0.0;0.727477;0.011083;0.0;0.0593;0.9982;-0.07951;-0.045498;0.056988;0.0;0.0593;0.9982;-0.07951;-0.045498;0.056988;-0.8645;0.0593;-0.4991;0.0;0.727477;0.011083;-0.8645;0.0593;-0.4991;-0.0;-0.045498;-0.080726;-0.8645;0.0593;-0.4991
-1.491406;-0.204851;-1.499324;1.491406;2.741264;1.337498;3
93;2
84;-1;0;0
-0.435943;2.592433;-0.072814;-0.3542;0.928;0.1151;-0.269428;2.592433;0.439668;-0.3542;0.928;0.1151;-0.0;2.741264;0.068833;-0.3542;0.928;0.1151;-0.159502;1.731996;-0.754934;-0.5355;0.4122;-0.7371;-0.435943;2.592433;-0.072814;-0.5355;0.4122;-0.7371;-0.0;2.592433;-0.389545;-0.5355;0.4122;-0.7371;0.0;1.199048;-1.499324;0.4253;0.6903;-0.5853;0.73416;1.731996;-0.337421;0.4253;0.6903;-0.5853;1.491406;1.199048;-0.415754;0.4253;0.6903;-0.5853;0.269428;2.592433;0.439668;0.3542;0.928;0.1151;0.435943;2.592433;-0.072814;0.3542;0.928;0.1151;-0.0;2.741264;0.068833;0.3542;0.928;0.1151;-0.832738;1.731996;-0.03403;-0.8665;0.4122;0.2815;-0.269428;2.592433;0.439668;-0.8665;0.4122;0.2815;-0.435943;2.592433;-0.072814;-0.8665;0.4122;0.2815;1.491406;1.199048;-0.415754;0.6881;0.6903;0.2236;0.613238;1.731996;0.641521;0.6881;0.6903;0.2236;0.921739;1.199048;1.337498;0.6881;0.6903;0.2236;-0.355158;1.731996;0.829027;0.0;0.4122;0.911;0.269428;2.592433;0.439668;0.0;0.4122;0.911;-0.269428;2.592433;0.439668;0.0;0.4122;0.911;0.921739;1.199048;1.337498;0.0;0.6903;0.7235;-0.355158;1.731996;0.829027;0.0;0.6903;0.7235;-0.92174;1.199048;1.337498;0.0;0.6903;0.7235;0.73416;1.731996;-0.337421;0.5355;0.4122;-0.7371;-0.0;2.592433;-0.389545;0.5355;0.4122;-0.7371;0.435943;2.592433;-0.072814;0.5355;0.4122;-0.7371;-0.0;2.592433;-0.389545;-0.2189;0.928;-0.3013;-0.435943;2.592433;-0.072814;-0.2189;0.928;-0.3013;-0.0;2.741264;0.068833;-0.2189;0.928;-0.3013;-0.92174;1.199048;1.337498;-0.6881;0.6903;0.2236;-0.832738;1.731996;-0.03403;-0.6881;0.6903;0.2236;-1.491406;1.199048;-0.415755;-0.6881;0.6903;0.2236;-0.269428;2.592433;0.439668;0.0;0.928;0.3724;0.269428;2.592433;0.439668;0.0;0.928;0.3724;-0.0;2.741264;0.068833;0.0;0.928;0.3724;0.613238;1.731996;0.641521;0.8665;0.4122;0.2815;0.435943;2.592433;-0.072814;0.8665;0.4122;0.2815;0.269428;2.592433;0.439668;0.8665;0.4122;0.2815;-1.491406;1.199048;-0.415755;-0.4253;0.6903;-0.5853;-0.159502;1.731996;-0.754934;-0.4253;0.6903;-0.5853;0.0;1.199048;-1.499324;-0.4253;0.6903;-0.5853;1.491406;1.199048;-0.415754;0.0;-1.0;0.0;-0.92174;1.199048;1.337498;0.0;-1.0;0.0;-1.491406;1.199048;-0.415755;0.0;-1.0;0.0;0.435943;2.592433;-0.072814;0.2189;0.928;-0.3013;-0.0;2.592433;-0.389545;0.2189;0.928;-0.3013;-0.0;2.741264;0.068833;0.2189;0.928;-0.3013;-0.159502;1.731996;-0.754934;-0.6988;0.2928;-0.6526;-0.832738;1.731996;-0.03403;-0.6988;0.2928;-0.6526;-0.435943;2.592433;-0.072814;-0.6988;0.2928;-0.6526;0.0;1.199048;-1.499324;0.2469;0.8122;-0.5286;-0.159502;1.731996;-0.754934;0.2469;0.8122;-0.5286;0.73416;1.731996;-0.337421;0.2469;0.8122;-0.5286;-0.832738;1.731996;-0.03403;-0.8366;0.2928;0.4629;-0.355158;1.731996;0.829027;-0.8366;0.2928;0.4629;-0.269428;2.592433;0.439668;-0.8366;0.2928;0.4629;1.491406;1.199048;-0.415754;0.579;0.8122;0.0715;0.73416;1.731996;-0.337421;0.579;0.8122;0.0715;0.613238;1.731996;0.641521;0.579;0.8122;0.0715;-0.355158;1.731996;0.829027;0.1817;0.2928;0.9387;0.613238;1.731996;0.641521;0.1817;0.2928;0.9387;0.269428;2.592433;0.439668;0.1817;0.2928;0.9387;0.921739;1.199048;1.337498;0.1109;0.8122;0.5727;0.613238;1.731996;0.641521;0.1109;0.8122;0.5727;-0.355158;1.731996;0.829027;0.1109;0.8122;0.5727;0.73416;1.731996;-0.337421;0.4047;0.2928;-0.8663;-0.159502;1.731996;-0.754934;0.4047;0.2928;-0.8663;-0.0;2.592433;-0.389545;0.4047;0.2928;-0.8663;-0.92174;1.199048;1.337498;-0.5105;0.8122;0.2824;-0.355158;1.731996;0.829027;-0.5105;0.8122;0.2824;-0.832738;1.731996;-0.03403;-0.5105;0.8122;0.2824;0.613238;1.731996;0.641521;0.9489;0.2928;0.1172;0.73416;1.731996;-0.337421;0.9489;0.2928;0.1172;0.435943;2.592433;-0.072814;0.9489;0.2928;0.1172;-1.491406;1.199048;-0.415755;-0.4264;0.8122;-0.3982;-0.832738;1.731996;-0.03403;-0.4264;0.8122;-0.3982;-0.159502;1.731996;-0.754934;-0.4264;0.8122;-0.3982;-1.491406;1.199048;-0.415755;0.0;-1.0;0.0;0.0;1.199048;-1.499324;0.0;-1.0;0.0;1.491406;1.199048;-0.415754;0.0;-1.0;0.0;1.491406;1.199048;-0.415754;0.0;-1.0;0.0;0.921739;1.199048;1.337498;0.0;-1.0;0.0;-0.92174;1.199048;1.337498;0.0;-1.0;0.0
9;0.737;0.682;0.616
-0.0;-0.204851;-0.206597;0.8645;0.0593;-0.4991;0.0;2.114074;0.068833;0.8645;0.0593;-0.4991;0.238529;-0.204851;0.206547;0.8645;0.0593;-0.4991;0.238529;-0.204851;0.206547;0.0;0.0593;0.9982;0.0;2.114074;0.068833;0.0;0.0593;0.9982;-0.238529;-0.204851;0.206547;0.0;0.0593;0.9982;-0.238529;-0.204851;0.206547;-0.8645;0.0593;-0.4991;0.0;2.114074;0.068833;-0.8645;0.0593;-0.4991;-0.0;-0.204851;-0.206597;-0.8645;0.0593;-0.4991
6
SPREADER;6;0.1;0.1;0.1;5;5;
MATERIAL;second;0;count;4;CUSTOM;0.561;0.286;0.314;1000;PURPLE;180000;PINK;200000;MUD_GREEN;190000
INFO;NameId;381;DescId;382;price;9400;dpPerMin;0;range;2;placeSound;grassPlace
LIFE;averagePop;7.0;averageLife;6.0;popFactors;1;0.5;breedMat;3.0;breedTime;2.1699667;parentId;119;count;280;reqs;2;LIFE;type;2;enviroType;1;biome;SWAMP;amount;0.35;MATERIAL;col;RED;FADE_DEATH;0.5;enviroReqCount;3;reqId;1;minAltitude;0;maxAltitude;15;influence;0.6;reqId;2;barren;0;goodBiomes;2;6;7;ideal;60;influence;0.95;reqId;3;badBiomes;2;3;9;influence;0.8
GROWTH;dynamic;0;growthTime;2.0;modelStages;2;subStages;2
FOOD;1;902;15;WHOLE;PARTICLE_DEATH;isColour;1;Spawn;0;PPS;8;Speed;0.6;Gravity;0.2;Life;0.5;Scale;0.05;Colour;0.737;0.682;0.616;Additive;0;Alpha;1;FadeIn;0.1;FadeOut;0.8;HasDir;1;Dir;0;1;0;Deviation;0.3;Offset;0;0;0;LifeError;0.4;ScaleError;0.1;SpeedError;0.1;RandomRot;1;HasXRot;0
