1
ptf
0;1
3
-0.454532;-0.096861;-0.829742;0.475884;1.522347;0.822869;1
75;2
36;-1.0;0.0;0.0;0.12
-0.43966;0.772101;0.599204;-0.545396;0.407331;0.732505;0.05319;1.029773;0.822869;-0.545396;0.407331;0.732505;0.029067;1.522347;0.530989;-0.545396;0.407331;0.732505;0.029067;1.522347;0.530989;0.721;0.379009;0.580065;0.05319;1.029773;0.822869;0.721;0.379009;0.580065;0.475884;1.000857;0.316363;0.721;0.379009;0.580065;-0.43966;0.772101;0.599204;-0.828608;0.533189;0.170446;0.029067;1.522347;0.530989;-0.828608;0.533189;0.170446;-0.454532;1.071899;-0.41089;-0.828608;0.533189;0.170446;0.475884;1.000857;0.316363;0.321329;-0.891568;0.319041;0.05319;1.029773;0.822869;0.321329;-0.891568;0.319041;-0.43966;0.772101;0.599204;0.321329;-0.891568;0.319041;0.029067;1.522347;0.530989;0.783319;0.587085;0.20423;0.475884;1.000857;0.316363;0.783319;0.587085;0.20423;0.270508;1.512405;-0.366435;0.783319;0.587085;0.20423;-0.43966;0.772101;0.599204;-0.338023;-0.903562;-0.263192;-0.454532;1.071899;-0.41089;-0.338023;-0.903562;-0.263192;0.370582;0.825263;-0.623912;-0.338023;-0.903562;-0.263192;0.475884;1.000857;0.316363;0.969848;0.195624;-0.145146;0.370582;0.825263;-0.623912;0.969848;0.195624;-0.145146;0.270508;1.512405;-0.366435;0.969848;0.195624;-0.145146;0.475884;1.000857;0.316363;0.281899;-0.948332;0.145512;-0.43966;0.772101;0.599204;0.281899;-0.948332;0.145512;0.370582;0.825263;-0.623912;0.281899;-0.948332;0.145512;0.029067;1.522347;0.530989;-0.507126;0.849422;-0.145848;0.270508;1.512405;-0.366435;-0.507126;0.849422;-0.145848;-0.454532;1.071899;-0.41089;-0.507126;0.849422;-0.145848;0.270508;1.512405;-0.366435;0.73516;0.329112;-0.592578;0.370582;0.825263;-0.623912;0.73516;0.329112;-0.592578;-0.001697;1.286247;-0.829742;0.73516;0.329112;-0.592578;0.370582;0.825263;-0.623912;-0.363933;-0.608692;-0.704978;-0.454532;1.071899;-0.41089;-0.363933;-0.608692;-0.704978;-0.001697;1.286247;-0.829742;-0.363933;-0.608692;-0.704978;-0.454532;1.071899;-0.41089;-0.510514;0.851985;-0.11594;0.270508;1.512405;-0.366435;-0.510514;0.851985;-0.11594;-0.001697;1.286247;-0.829742;-0.510514;0.851985;-0.11594
39;0.438543;0.325333;0.199449;0.06
0.006966;-0.096861;-0.083535;-0.86404;-0.070467;0.498398;0.064465;-0.096861;0.016055;-0.863857;-0.07062;0.498733;0.069277;0.403313;0.095215;-0.864956;-0.069826;0.496933;0.064465;-0.096861;0.016055;0.0;0.156316;-0.987701;-0.050532;-0.096861;0.016055;0.0;0.156316;-0.987701;-0.055345;0.403313;0.095215;0.0;0.156316;-0.987701;0.018459;0.389553;0.032966;-0.826655;-0.275002;-0.49086;-0.034672;0.423633;0.103349;-0.826655;-0.275002;-0.49086;0.004605;0.831413;-0.191247;-0.826655;-0.275002;-0.49086;0.006966;-0.096861;-0.083535;0.0;1.0;0.0;-0.050532;-0.096861;0.016055;0.0;1.0;0.0;0.064465;-0.096861;0.016055;0.0;1.0;0.0;-0.050532;-0.096861;0.016055;0.864071;-0.07004;0.498459;0.006966;-0.096861;-0.083535;0.863887;-0.070009;0.498764;0.006966;0.427969;-0.009856;0.864956;-0.070223;0.496872;0.006966;0.427969;-0.009856;-0.865444;-0.148961;0.478286;0.069277;0.403313;0.095215;-0.865444;-0.148961;0.478286;0.006966;1.389703;0.289731;-0.865444;-0.148961;0.478286;-0.055345;0.403313;0.095215;0.865444;-0.148961;0.478286;0.006966;0.427969;-0.009856;0.865444;-0.148961;0.478286;0.006966;1.389703;0.289731;0.865444;-0.148961;0.478286;0.069277;0.403313;0.095215;0.0;0.193457;-0.981079;-0.055345;0.403313;0.095215;0.0;0.193457;-0.981079;0.006966;1.389703;0.289731;0.0;0.193457;-0.981079;-0.034672;0.423633;0.103349;0.020692;0.584155;0.811365;0.030029;0.478782;0.061991;0.020692;0.584155;0.811365;0.004605;0.831413;-0.191247;0.020692;0.584155;0.811365;0.030029;0.478782;0.061991;0.979705;-0.065401;-0.189428;0.018459;0.389553;0.032966;0.979705;-0.065401;-0.189428;0.004605;0.831413;-0.191247;0.979705;-0.065401;-0.189428;0.006966;0.427969;-0.009856;-0.865108;-0.069704;0.496658;0.006966;-0.096861;-0.083535;-0.86404;-0.070467;0.498398;0.069277;0.403313;0.095215;-0.864956;-0.069826;0.496933;0.069277;0.403313;0.095215;0.0;0.156316;-0.987701;0.064465;-0.096861;0.016055;0.0;0.156316;-0.987701;-0.055345;0.403313;0.095215;0.0;0.156316;-0.987701;-0.055345;0.403313;0.095215;0.865139;-0.070254;0.496567;-0.050532;-0.096861;0.016055;0.864071;-0.07004;0.498459;0.006966;0.427969;-0.009856;0.864956;-0.070223;0.496872
-2.125875;-0.377562;-2.248772;1.786032;5.039731;3.051841;3;0;extraBounds;2;-1.889938;2.275958;-1.981612;1.504679;4.887942;2.417186;-0.179481;-0.019089;-0.152548;0.225609;2.928866;0.290556
138;2
60;0.438543;0.325333;0.199449;0.06
-0.035394;0.539662;0.244618;-0.925016;-0.233924;0.299326;-0.126911;0.6247;0.028281;-0.859584;-0.218635;0.461837;0.124372;-0.377562;0.021501;-0.380993;-0.101718;0.918943;-0.126911;0.6247;0.028281;-0.506272;0.259255;-0.822443;0.085384;0.532406;-0.082753;-0.340098;0.292764;-0.893643;-0.074024;-0.377562;-0.320226;-0.921445;0.083285;-0.379406;0.085384;0.532406;-0.082753;0.837031;0.194922;-0.511185;0.181903;0.640184;0.164069;0.885006;0.18543;-0.427045;0.196038;-0.377562;-0.248561;0.349223;0.208899;-0.913419;0.181903;0.640184;0.164069;0.534135;-0.146794;0.832514;-0.035394;0.539662;0.244618;0.403638;-0.149236;0.902646;0.124372;-0.377562;0.021501;0.930509;-0.101871;0.351787;0.124372;-0.377562;0.021501;0.0;-0.999969;0.0;-0.145689;-0.377562;-0.050165;0.0;-1.0;0.0;-0.074024;-0.377562;-0.320226;0.0;-1.0;0.0;-0.035394;0.539662;0.244618;0.347514;6.1E-5;0.937651;0.181903;0.640184;0.164069;0.347514;6.1E-5;0.937651;0.025174;4.030889;0.221869;0.347514;6.1E-5;0.937651;0.181903;0.640184;0.164069;0.922727;0.049165;-0.382275;0.085384;0.532406;-0.082753;0.922727;0.049165;-0.382275;0.025174;4.030889;0.221869;0.922727;0.049165;-0.382275;-0.126911;0.6247;0.028281;-0.91818;0.018494;0.395672;-0.035394;0.539662;0.244618;-0.91818;0.018494;0.395672;0.025174;4.030889;0.221869;-0.91818;0.018494;0.395672;0.085384;0.532406;-0.082753;-0.438063;0.070467;-0.896146;-0.126911;0.6247;0.028281;-0.438063;0.070467;-0.896146;0.025174;4.030889;0.221869;-0.438063;0.070467;-0.896146;-0.062272;0.949409;0.104791;-0.891537;-0.320444;-0.319987;-0.372025;3.14726;-1.233237;-0.891537;-0.320444;-0.319987;0.026083;0.802033;0.006221;-0.891537;-0.320444;-0.319987;0.026083;0.802033;0.006221;0.853053;-0.123142;-0.507035;-0.372025;3.14726;-1.233237;0.853053;-0.123142;-0.507035;0.127544;0.965606;0.137186;0.853053;-0.123142;-0.507035;0.105479;1.104734;0.138493;0.194952;-0.587176;0.785607;-0.242601;2.885224;1.555629;0.194952;-0.587176;0.785607;-0.015558;1.158156;0.208457;0.194952;-0.587176;0.785607;0.127544;0.965606;0.137186;-0.187078;0.49144;0.850551;-0.372025;3.14726;-1.233237;-0.187078;0.49144;0.850551;-0.062272;0.949409;0.104791;-0.187078;0.49144;0.850551;0.088665;1.251876;0.111391;0.988372;0.128025;0.081881;-0.242601;2.885224;1.555629;0.988372;0.128025;0.081881;0.105479;1.104734;0.138493;0.988372;0.128025;0.081881;-0.015558;1.158156;0.208457;-0.782952;0.315317;-0.53621;-0.242601;2.885224;1.555629;-0.782952;0.315317;-0.53621;0.088665;1.251876;0.111391;-0.782952;0.315317;-0.53621;-0.126911;0.6247;0.028281;-0.859584;-0.218635;0.461837;-0.145689;-0.377562;-0.050165;-0.255837;-0.07065;0.96411;0.124372;-0.377562;0.021501;-0.380993;-0.101718;0.918943;-0.145689;-0.377562;-0.050165;-0.965819;0.038148;-0.256294;-0.126911;0.6247;0.028281;-0.506272;0.259255;-0.822443;-0.074024;-0.377562;-0.320226;-0.921445;0.083285;-0.379406;-0.074024;-0.377562;-0.320226;0.251137;0.202979;-0.94641;0.085384;0.532406;-0.082753;0.837031;0.194922;-0.511185;0.196038;-0.377562;-0.248561;0.349223;0.208899;-0.913419;0.196038;-0.377562;-0.248561;0.962584;-0.090182;0.25544;0.181903;0.640184;0.164069;0.534135;-0.146794;0.832514;0.124372;-0.377562;0.021501;0.930509;-0.101871;0.351787;0.196038;-0.377562;-0.248561;0.0;-1.0;0.0;0.124372;-0.377562;0.021501;0.0;-0.999969;0.0;-0.074024;-0.377562;-0.320226;0.0;-1.0;0.0
78;-1.0;0.0;0.0;0.12
1.786032;3.970472;0.834437;0.400433;0.859737;-0.316935;1.054582;3.606653;-1.076603;0.400433;0.859737;-0.316935;-0.047945;5.039731;1.417775;0.400433;0.859737;-0.316935;1.054582;3.606653;-1.076603;0.817896;-0.535173;-0.211158;1.786032;3.970472;0.834437;0.817896;-0.535173;-0.211158;0.688067;1.86023;1.93007;0.817896;-0.535173;-0.211158;-1.582216;2.786;-2.013242;-0.838771;-0.5403;-0.067202;-1.386223;2.129648;0.817472;-0.838771;-0.5403;-0.067202;-2.125875;3.410847;-0.251688;-0.838771;-0.5403;-0.067202;-0.070253;4.793374;-1.126451;-0.36729;0.848079;-0.381878;-0.522382;4.092204;-2.248772;-0.36729;0.848079;-0.381878;-1.954476;4.67051;0.412925;-0.36729;0.848079;-0.381878;-0.047945;5.039731;1.417775;-0.141209;0.985473;-0.09418;-0.070253;4.793374;-1.126451;-0.141209;0.985473;-0.09418;-1.954476;4.67051;0.412925;-0.141209;0.985473;-0.09418;0.521173;2.445116;-1.658169;-0.04294;-0.986358;-0.158757;0.688067;1.86023;1.93007;-0.04294;-0.986358;-0.158757;-1.386223;2.129648;0.817472;-0.04294;-0.986358;-0.158757;-1.582216;2.786;-2.013242;-0.120487;-0.968841;-0.216285;0.521173;2.445116;-1.658169;-0.120487;-0.968841;-0.216285;-1.386223;2.129648;0.817472;-0.120487;-0.968841;-0.216285;-1.954476;4.67051;0.412925;-0.781823;0.37083;-0.501206;-0.522382;4.092204;-2.248772;-0.781823;0.37083;-0.501206;-2.125875;3.410847;-0.251688;-0.781823;0.37083;-0.501206;1.054582;3.606653;-1.076603;0.601581;0.545732;-0.5833;-0.522382;4.092204;-2.248772;0.601581;0.545732;-0.5833;-0.070253;4.793374;-1.126451;0.601581;0.545732;-0.5833;0.521173;2.445116;-1.658169;0.117954;-0.268105;-0.956114;-1.582216;2.786;-2.013242;0.117954;-0.268105;-0.956114;-0.522382;4.092204;-2.248772;0.117954;-0.268105;-0.956114;-0.522382;4.092204;-2.248772;-0.741478;0.526658;-0.415662;-1.582216;2.786;-2.013242;-0.741478;0.526688;-0.415662;-2.125875;3.410847;-0.251688;-0.741478;0.526658;-0.415662;0.521173;2.445116;-1.658169;0.922513;-0.371807;-0.103488;1.054582;3.606653;-1.076603;0.922513;-0.371807;-0.103488;0.688067;1.86023;1.93007;0.922513;-0.371807;-0.103488;1.054582;3.606653;-1.076603;0.725364;0.6845;-0.072634;-0.070253;4.793374;-1.126451;0.725364;0.6845;-0.072634;-0.047945;5.039731;1.417775;0.725364;0.6845;-0.072634;-0.047945;5.039731;1.417775;-0.363414;0.852168;0.376446;-1.954476;4.67051;0.412925;-0.363414;0.852168;0.376446;-1.092401;3.896551;2.997212;-0.363414;0.852168;0.376446;-1.386223;2.129648;0.817472;-0.403424;-0.7069;0.58095;0.688067;1.86023;1.93007;-0.403424;-0.7069;0.58095;0.092523;3.121986;3.051841;-0.403424;-0.7069;0.58095;-2.125875;3.410847;-0.251688;-0.867367;-0.497635;0.003693;-1.386223;2.129648;0.817472;-0.867367;-0.497635;0.003693;-1.943944;3.110217;1.959855;-0.867367;-0.497635;0.003693;-1.954476;4.67051;0.412925;-0.991913;0.085757;0.093234;-2.125875;3.410847;-0.251688;-0.991913;0.085757;0.093234;-1.943944;3.110217;1.959855;-0.991913;0.085757;0.093234;0.688067;1.86023;1.93007;0.907682;-0.381054;0.175634;1.786032;3.970472;0.834437;0.907682;-0.381054;0.175634;1.181999;3.162018;2.201831;0.907682;-0.381054;0.175634;0.688067;1.86023;1.93007;0.579577;-0.371319;0.725364;1.181999;3.162018;2.201831;0.579577;-0.371319;0.725364;0.092523;3.121986;3.051841;0.579577;-0.371319;0.725364;-1.386223;2.129648;0.817472;-0.285134;-0.79165;0.5403;0.092523;3.121986;3.051841;-0.285134;-0.79165;0.5403;-1.943944;3.110217;1.959855;-0.285134;-0.79165;0.5403;-1.092401;3.896551;2.997212;-0.834834;0.384686;0.393689;-1.954476;4.67051;0.412925;-0.834834;0.384686;0.393689;-1.943944;3.110217;1.959855;-0.834834;0.384686;0.393689;0.092523;3.121986;3.051841;-0.392621;-0.54857;0.738151;-1.092401;3.896551;2.997212;-0.392621;-0.54857;0.738151;-1.943944;3.110217;1.959855;-0.392621;-0.54857;0.738151;1.786032;3.970472;0.834437;0.437788;0.675802;0.592944;0.092523;3.121986;3.051841;0.437788;0.675802;0.592944;1.181999;3.162018;2.201831;0.437788;0.675802;0.592944;1.786032;3.970472;0.834437;0.531907;0.571429;0.624897;-0.047945;5.039731;1.417775;0.531907;0.571429;0.624897;0.092523;3.121986;3.051841;0.531907;0.571429;0.624897;0.092523;3.121986;3.051841;0.371807;0.617664;0.692953;-0.047945;5.039731;1.417775;0.371807;0.617664;0.692953;-1.092401;3.896551;2.997212;0.371807;0.617664;0.692953;1.054582;3.606653;-1.076603;0.614399;0.109073;-0.781396;0.521173;2.445116;-1.658169;0.614399;0.109073;-0.781396;-0.522382;4.092204;-2.248772;0.614399;0.109073;-0.781396
-4.200286;-0.501285;-4.985403;5.127393;10.858811;6.235784;2;0;extraBounds;2;-3.720545;3.958029;-4.289494;4.023566;10.517605;5.906331;-0.51138;-0.028416;-0.296251;0.638914;4.423766;0.854044
279;2
153;0.438543;0.325333;0.199449;0.025
0.058893;-0.501285;-0.80392;0.563005;0.287118;-0.774926;0.058893;1.356925;-0.115386;0.569414;0.288369;-0.769768;0.635165;-0.501285;-0.385233;0.56444;0.287393;-0.773797;0.635165;-0.501285;-0.385233;0.949858;-0.049532;0.308634;0.531824;1.333833;0.227441;0.950499;-0.049654;0.306711;0.415049;-0.501285;0.292215;0.950011;-0.049562;0.308206;0.415049;-0.501285;0.292215;0.0;-0.262917;0.964812;0.351181;1.296467;0.782148;0.0;-0.262917;0.964812;-0.297262;-0.501285;0.292215;0.0;-0.262917;0.964812;0.058893;1.356925;-0.115386;-0.587329;0.092624;-0.80401;-0.414037;1.333833;0.227441;-0.587329;0.092624;-0.80401;0.058893;4.371101;0.23196;-0.587329;0.092624;-0.80401;-0.517379;-0.501285;-0.385234;-0.562487;0.290139;-0.774194;-0.414037;1.333833;0.227441;-0.569567;0.286233;-0.77047;0.058893;-0.501285;-0.80392;-0.564287;0.289132;-0.773247;-0.297262;-0.501285;0.292215;-0.949828;-0.050356;0.308603;-0.233394;1.296467;0.782147;-0.950468;-0.049104;0.306833;-0.517379;-0.501285;-0.385234;-0.950011;-0.049989;0.308115;0.058893;-0.501285;-0.80392;0.0;-1.0;0.0;0.635165;-0.501285;-0.385233;0.0;-1.0;0.0;-0.517379;-0.501285;-0.385234;0.0;-0.999969;0.0;-0.414037;1.333833;0.227441;-0.950255;0.019715;0.31077;-0.233394;1.296467;0.782147;-0.950255;0.019715;0.31077;-0.271496;4.354969;0.471459;-0.950255;0.019715;0.31077;-0.233394;1.296467;0.782147;0.0;-0.0253;0.999664;0.351181;1.296467;0.782148;0.0;-0.0253;0.999664;0.263085;4.328865;0.858977;0.0;-0.0253;0.999664;0.531824;1.333833;0.227441;0.587329;0.092624;-0.80401;0.058893;1.356925;-0.115386;0.587329;0.092624;-0.80401;0.389283;4.354969;0.471459;0.587329;0.092624;-0.80401;0.351181;1.296467;0.782148;0.950255;0.019715;0.31077;0.531824;1.333833;0.227441;0.950255;0.019715;0.31077;0.263085;4.328865;0.858977;0.950255;0.019715;0.31077;-0.145859;1.763286;0.145063;-0.951872;-0.276498;0.132023;-0.210815;2.228096;0.198467;-0.950438;-0.163213;0.264595;-0.519457;2.678072;-0.632554;-0.90817;-0.415265;-0.052187;-0.210815;2.228096;0.198467;-0.211249;0.824488;0.524918;0.291462;2.272823;0.330374;-0.303629;0.759453;0.575304;-0.519457;2.678072;-0.632554;-0.402417;0.671957;0.621693;0.291462;2.272823;0.330374;0.970702;0.230873;-0.066225;0.365742;1.75561;0.313795;0.985656;0.144353;-0.08713;0.161827;2.509587;-0.743856;0.88937;0.457106;-0.006561;0.365742;1.75561;0.313795;0.184088;-0.783227;-0.593829;-0.145859;1.763286;0.145063;0.248512;-0.782464;-0.57091;0.161827;2.509587;-0.743856;0.408948;-0.763634;-0.499557;0.161827;2.509587;-0.743856;0.413923;-0.315012;-0.85403;-0.279709;2.317083;-0.886857;0.376324;-0.322459;-0.868526;-0.402402;4.912127;-1.903525;0.052492;-0.362102;-0.930631;-0.07792;2.870576;-0.489553;0.892361;0.344066;0.292001;0.161827;2.509587;-0.743856;0.87759;0.359264;0.317331;-0.402402;4.912127;-1.903525;0.985687;0.16773;0.015961;-0.279709;2.317083;-0.886857;-0.89639;-0.259102;-0.35963;-0.519457;2.678072;-0.632554;-0.861629;-0.269143;-0.430219;-0.792835;4.966864;-1.516947;-0.982086;-0.17188;0.076876;-0.519457;2.678072;-0.632554;-0.384533;0.336985;0.859371;-0.07792;2.870576;-0.489553;-0.418897;0.333384;0.8446;-0.39727;4.972435;-1.477597;-0.136204;0.348766;0.927244;0.183195;2.510244;0.748566;0.771935;0.023652;0.635212;0.198201;2.911097;0.715401;0.760399;-0.091098;0.643025;-0.573581;3.052145;1.648036;0.665273;-0.42375;0.614643;0.198201;2.911097;0.715401;0.537492;0.781335;-0.317179;-0.225004;3.00978;0.409117;0.473739;0.783441;-0.402173;-0.470925;3.581946;1.234036;0.637959;0.754662;-0.153081;-0.225004;3.00978;0.409117;-0.916227;0.144749;-0.373547;-0.289165;2.514706;0.374613;-0.821131;0.266549;-0.504654;-0.470925;3.581946;1.234036;-0.646779;0.40846;-0.644032;-0.289165;2.514706;0.374613;-0.382946;-0.878597;0.285257;0.183195;2.510244;0.748566;-0.265114;-0.908109;0.324046;-0.573581;3.052145;1.648036;-0.617847;-0.764306;0.184545;-0.803729;3.236409;1.268049;-0.861751;-0.032258;0.506272;-0.573581;3.052145;1.648036;-0.861751;-0.032258;0.506272;-0.165631;5.477262;2.496978;-0.861751;-0.032258;0.506272;-0.470925;3.581946;1.234036;-0.593432;0.5103;-0.622364;-0.803729;3.236409;1.268049;-0.593432;0.5103;-0.622364;-0.165631;5.477262;2.496978;-0.593432;0.5103;-0.622364;-0.573581;3.052145;1.648036;0.458174;-0.361339;0.812067;-0.240776;3.397683;1.614022;0.458174;-0.361339;0.812067;-0.165631;5.477262;2.496978;0.458174;-0.361339;0.812067;-0.240776;3.397683;1.614022;0.876827;0.16071;-0.453139;-0.470925;3.581946;1.234036;0.876827;0.16071;-0.453139;-0.165631;5.477262;2.496978;0.876827;0.16071;-0.453139;0.058893;1.356925;-0.115386;0.569414;0.288369;-0.769768;0.531824;1.333833;0.227441;0.571123;0.288705;-0.768395;0.635165;-0.501285;-0.385233;0.56444;0.287393;-0.773797;0.531824;1.333833;0.227441;0.950499;-0.049654;0.306711;0.351181;1.296467;0.782148;0.950652;-0.049684;0.306223;0.415049;-0.501285;0.292215;0.950011;-0.049562;0.308206;0.351181;1.296467;0.782148;0.0;-0.262917;0.964812;-0.233394;1.296467;0.782147;0.0;-0.262917;0.964812;-0.297262;-0.501285;0.292215;0.0;-0.262917;0.964812;-0.414037;1.333833;0.227441;-0.587329;0.092624;-0.80401;-0.271496;4.354969;0.471459;-0.587329;0.092624;-0.80401;0.058893;4.371101;0.23196;-0.587329;0.092624;-0.80401;-0.414037;1.333833;0.227441;-0.569567;0.286233;-0.77047;0.058893;1.356925;-0.115386;-0.571642;0.285073;-0.769372;0.058893;-0.501285;-0.80392;-0.564287;0.289132;-0.773247;-0.233394;1.296467;0.782147;-0.950468;-0.049104;0.306833;-0.414037;1.333833;0.227441;-0.950682;-0.048708;0.306284;-0.517379;-0.501285;-0.385234;-0.950011;-0.049989;0.308115;0.635165;-0.501285;-0.385233;0.0;-1.0;0.0;0.415049;-0.501285;0.292215;0.0;-0.999969;0.0;-0.297262;-0.501285;0.292215;0.0;-1.0;0.0;-0.517379;-0.501285;-0.385234;0.0;-0.999969;0.0;0.635165;-0.501285;-0.385233;0.0;-1.0;0.0;-0.297262;-0.501285;0.292215;0.0;-1.0;0.0;-0.233394;1.296467;0.782147;-0.950255;0.019715;0.31077;-0.145299;4.328865;0.858977;-0.950255;0.019715;0.31077;-0.271496;4.354969;0.471459;-0.950255;0.019715;0.31077;-0.145299;4.328865;0.858977;0.0;-0.0253;0.999664;-0.233394;1.296467;0.782147;0.0;-0.0253;0.999664;0.263085;4.328865;0.858977;0.0;-0.0253;0.999664;0.058893;1.356925;-0.115386;0.587329;0.092624;-0.80401;0.058893;4.371101;0.23196;0.587329;0.092624;-0.80401;0.389283;4.354969;0.471459;0.587329;0.092624;-0.80401;0.531824;1.333833;0.227441;0.950255;0.019715;0.31077;0.389283;4.354969;0.471459;0.950255;0.019715;0.31077;0.263085;4.328865;0.858977;0.950255;0.019715;0.31077;-0.279709;2.317083;-0.886857;-0.867855;-0.475784;-0.142766;-0.145859;1.763286;0.145063;-0.951872;-0.276498;0.132023;-0.519457;2.678072;-0.632554;-0.90817;-0.415265;-0.052187;0.291462;2.272823;0.330374;-0.303629;0.759453;0.575304;-0.07792;2.870576;-0.489553;-0.470809;0.598315;0.648305;-0.519457;2.678072;-0.632554;-0.402417;0.671957;0.621693;-0.07792;2.870576;-0.489553;0.838862;0.543962;0.018647;0.291462;2.272823;0.330374;0.970702;0.230873;-0.066225;0.161827;2.509587;-0.743856;0.88937;0.457106;-0.006561;-0.145859;1.763286;0.145063;0.248512;-0.782464;-0.57091;-0.279709;2.317083;-0.886857;0.475936;-0.747703;-0.462996;0.161827;2.509587;-0.743856;0.408948;-0.763634;-0.499557;-0.279709;2.317083;-0.886857;0.376324;-0.322459;-0.868526;-0.832578;4.911408;-1.908605;0.011597;-0.364269;-0.931211;-0.402402;4.912127;-1.903525;0.052492;-0.362102;-0.930631;-0.39727;4.972435;-1.477597;0.990234;0.135807;-0.031129;-0.07792;2.870576;-0.489553;0.892361;0.344066;0.292001;-0.402402;4.912127;-1.903525;0.985687;0.16773;0.015961;-0.832578;4.911408;-1.908605;-0.97943;-0.160619;0.122105;-0.279709;2.317083;-0.886857;-0.89639;-0.259102;-0.35963;-0.792835;4.966864;-1.516947;-0.982086;-0.17188;0.076876;-0.792835;4.966864;-1.516947;-0.097629;0.348521;0.932188;-0.519457;2.678072;-0.632554;-0.384533;0.336985;0.859371;-0.39727;4.972435;-1.477597;-0.136204;0.348766;0.927244;0.198201;2.911097;0.715401;0.760399;-0.091098;0.643025;-0.240776;3.397683;1.614022;0.611499;-0.531236;0.586352;-0.573581;3.052145;1.648036;0.665273;-0.42375;0.614643;-0.240776;3.397683;1.614022;0.682882;0.727989;-0.060579;0.198201;2.911097;0.715401;0.537492;0.781335;-0.317179;-0.470925;3.581946;1.234036;0.637959;0.754662;-0.153081;-0.289165;2.514706;0.374613;-0.821131;0.266549;-0.504654;-0.803729;3.236409;1.268049;-0.552293;0.463759;-0.692709;-0.470925;3.581946;1.234036;-0.646779;0.40846;-0.644032;-0.803729;3.236409;1.268049;-0.732841;-0.669881;0.119022;-0.289165;2.514706;0.374613;-0.382946;-0.878597;0.285257;-0.573581;3.052145;1.648036;-0.617847;-0.764306;0.184545
126;-1.0;0.0;0.0;0.06
1.572786;3.747673;1.042474;-0.130924;-0.988403;-0.076571;-3.788229;4.413655;1.612782;-0.130924;-0.988403;-0.076571;0.536429;4.065873;-1.29276;-0.130924;-0.988403;-0.076571;1.572786;3.747673;1.042474;0.639485;-0.768792;-0.001282;5.127393;6.702832;1.9942;0.639485;-0.768792;-0.001282;2.605622;4.600951;4.514556;0.639485;-0.768792;-0.001282;5.127393;6.702832;1.9942;0.652669;-0.673055;-0.347819;1.572786;3.747673;1.042474;0.652669;-0.673055;-0.347819;3.215217;6.928139;-2.029859;0.652669;-0.673055;-0.347819;1.044954;10.858811;3.108539;0.724754;0.675344;0.136387;5.127393;6.702832;1.9942;0.724754;0.675344;0.136387;3.453252;8.854518;0.235814;0.724754;0.675344;0.136387;5.127393;6.702832;1.9942;0.782525;-0.261238;0.565081;3.761652;7.842854;4.412523;0.782525;-0.261238;0.565081;2.605622;4.600951;4.514556;0.782525;-0.261238;0.565081;1.572786;3.747673;1.042474;0.240547;-0.956725;0.163549;2.605622;4.600951;4.514556;0.240547;-0.956725;0.163549;-1.095458;3.559429;3.865605;0.240547;-0.956725;0.163549;-3.323084;8.914007;3.983963;-0.357006;0.905332;0.229926;1.044954;10.858811;3.108539;-0.357006;0.905332;0.229926;-4.200286;9.587721;-0.030592;-0.357006;0.905332;0.229926;-0.872176;10.503326;-0.411473;0.378552;0.877377;-0.294778;1.044954;10.858811;3.108539;0.378552;0.877377;-0.294778;3.453252;8.854518;0.235814;0.378552;0.877377;-0.294778;3.761652;7.842854;4.412523;0.333995;0.611133;0.717582;1.044954;10.858811;3.108539;0.333995;0.611133;0.717582;-1.773918;8.727456;6.235784;0.333995;0.611133;0.717582;2.605622;4.600951;4.514556;0.569597;-0.177862;0.802423;3.761652;7.842854;4.412523;0.569597;-0.177862;0.802423;0.840994;6.540663;6.197115;0.569597;-0.177862;0.802423;1.572786;3.747673;1.042474;-0.141575;-0.969817;-0.198462;-1.095458;3.559429;3.865605;-0.141575;-0.969817;-0.198462;-3.788229;4.413655;1.612782;-0.141575;-0.969817;-0.198462;3.215217;6.928139;-2.029859;0.62804;-0.683554;-0.371868;1.572786;3.747673;1.042474;0.62804;-0.683554;-0.371868;0.536429;4.065873;-1.29276;0.62804;-0.683554;-0.371868;1.044954;10.858811;3.108539;-0.335734;0.891263;0.304788;-3.323084;8.914007;3.983963;-0.335734;0.891263;0.304788;-1.773918;8.727456;6.235784;-0.335734;0.891263;0.304788;3.761652;7.842854;4.412523;0.34373;0.395947;0.851497;-1.773918;8.727456;6.235784;0.34373;0.395947;0.851497;0.840994;6.540663;6.197115;0.34373;0.395947;0.851497;2.605622;4.600951;4.514556;0.042329;-0.632405;0.773461;0.840994;6.540663;6.197115;0.042329;-0.632405;0.773461;-1.095458;3.559429;3.865605;0.042329;-0.632405;0.773461;-3.788229;4.413655;1.612782;-0.595935;-0.655538;0.463729;-1.095458;3.559429;3.865605;-0.595935;-0.655538;0.463729;-1.930473;5.49478;5.528362;-0.595935;-0.655538;0.463729;-3.323084;8.914007;3.983963;-0.876461;-0.150365;0.45735;-3.788229;4.413655;1.612782;-0.876461;-0.150365;0.45735;-1.930473;5.49478;5.528362;-0.876461;-0.150365;0.45735;-1.773918;8.727456;6.235784;-0.824213;-0.082644;0.560167;-3.323084;8.914007;3.983963;-0.824213;-0.082644;0.560167;-1.930473;5.49478;5.528362;-0.824213;-0.082644;0.560167;0.840994;6.540663;6.197115;-0.156224;-0.203894;0.96643;-1.773918;8.727456;6.235784;-0.156224;-0.203894;0.96643;-1.930473;5.49478;5.528362;-0.156224;-0.203894;0.96643;-1.095458;3.559429;3.865605;0.054811;-0.636952;0.768914;0.840994;6.540663;6.197115;0.054811;-0.636952;0.768914;-1.930473;5.49478;5.528362;0.054811;-0.636952;0.768914;-3.788229;4.413655;1.612782;-0.989257;0.133457;-0.059267;-3.323084;8.914007;3.983963;-0.989257;0.133457;-0.059267;-3.45633;5.5146;-1.446867;-0.989257;0.133457;-0.059267;-0.872176;10.503326;-0.411473;-0.260262;0.964507;0.044343;-4.200286;9.587721;-0.030592;-0.260262;0.964507;0.044343;1.044954;10.858811;3.108539;-0.260262;0.964507;0.044343;-4.200286;9.587721;-0.030592;-0.957274;-0.233924;0.169897;-3.45633;5.5146;-1.446867;-0.957274;-0.233924;0.169897;-3.323084;8.914007;3.983963;-0.957274;-0.233924;0.169897;-3.788229;4.413655;1.612782;-0.307291;-0.884304;-0.351512;-3.45633;5.5146;-1.446867;-0.307291;-0.884304;-0.351512;0.536429;4.065873;-1.29276;-0.307291;-0.884304;-0.351512;-3.45633;5.5146;-1.446867;-0.948729;-0.065798;-0.309061;-4.200286;9.587721;-0.030592;-0.948729;-0.065798;-0.309061;-2.932989;9.612639;-3.926041;-0.948729;-0.065798;-0.309061;0.536429;4.065873;-1.29276;-0.299264;-0.867153;-0.398083;-3.45633;5.5146;-1.446867;-0.299264;-0.867153;-0.398083;-3.551732;6.859985;-4.305822;-0.299264;-0.867153;-0.398083;3.215217;6.928139;-2.029859;0.617878;-0.679952;-0.394757;0.536429;4.065873;-1.29276;0.617878;-0.679952;-0.394757;0.122662;5.051455;-3.637969;0.617878;-0.679952;-0.394757;-0.872176;10.503326;-0.411473;0.675192;0.732414;0.087313;3.215217;6.928139;-2.029859;0.675192;0.732414;0.087313;1.354677;8.747843;-2.906129;0.675192;0.732414;0.087313;-4.200286;9.587721;-0.030592;-0.281198;0.938169;-0.201819;-0.872176;10.503326;-0.411473;-0.281198;0.938169;-0.201819;-0.106109;10.220926;-2.791588;-0.281198;0.938169;-0.201819;-0.872176;10.503326;-0.411473;0.70809;0.690848;0.14594;1.354677;8.747843;-2.906129;0.70809;0.690848;0.14594;-0.106109;10.220926;-2.791588;0.70809;0.690848;0.14594;0.122662;5.051455;-3.637969;0.44789;0.027619;-0.893643;1.354677;8.747843;-2.906129;0.44789;0.027619;-0.893643;3.215217;6.928139;-2.029859;0.44789;0.027619;-0.893643;-3.551732;6.859985;-4.305822;-0.376293;-0.875973;-0.301737;0.122662;5.051455;-3.637969;-0.376293;-0.875973;-0.301737;0.536429;4.065873;-1.29276;-0.376293;-0.875973;-0.301737;-2.932989;9.612639;-3.926041;-0.971343;0.200812;0.126896;-3.551732;6.859985;-4.305822;-0.971343;0.200812;0.126896;-3.45633;5.5146;-1.446867;-0.971343;0.200812;0.126896;-4.200286;9.587721;-0.030592;-0.188818;0.980438;-0.055147;-0.106109;10.220926;-2.791588;-0.188818;0.980438;-0.055147;-2.932989;9.612639;-3.926041;-0.188818;0.980438;-0.055147;1.354677;8.747843;-2.906129;0.547807;-0.016968;-0.836421;0.122662;5.051455;-3.637969;0.547807;-0.016968;-0.836421;-1.843923;7.978718;-4.985403;0.547807;-0.016968;-0.836421;0.122662;5.051455;-3.637969;-0.059633;-0.450148;-0.890927;-3.551732;6.859985;-4.305822;-0.059633;-0.450148;-0.890927;-1.843923;7.978718;-4.985403;-0.059633;-0.450148;-0.890927;-3.551732;6.859985;-4.305822;-0.484115;0.22544;-0.845424;-2.932989;9.612639;-3.926041;-0.484115;0.22544;-0.845424;-1.843923;7.978718;-4.985403;-0.484115;0.22544;-0.845424;-0.106109;10.220926;-2.791588;0.402997;0.461104;-0.790521;1.354677;8.747843;-2.906129;0.402997;0.461104;-0.790521;-1.843923;7.978718;-4.985403;0.402997;0.461104;-0.790521;-2.932989;9.612639;-3.926041;0.175909;0.615375;-0.768303;-0.106109;10.220926;-2.791588;0.175909;0.615375;-0.768303;-1.843923;7.978718;-4.985403;0.175909;0.615375;-0.768303;5.127393;6.702832;1.9942;0.722037;0.686728;0.084017;1.044954;10.858811;3.108539;0.722037;0.686728;0.084017;3.761652;7.842854;4.412523;0.722037;0.686728;0.084017;3.453252;8.854518;0.235814;0.853908;0.348735;-0.386242;5.127393;6.702832;1.9942;0.853908;0.348735;-0.386242;3.215217;6.928139;-2.029859;0.853908;0.348735;-0.386242;-0.872176;10.503326;-0.411473;0.357707;0.692526;-0.626392;3.453252;8.854518;0.235814;0.357707;0.692526;-0.626392;3.215217;6.928139;-2.029859;0.357707;0.692526;-0.626392
8
SPREADER;1;0;0;0;15;5
MATERIAL;secondCol;1;count;6;CUSTOM;0.8;0.4;0.08;15000;CUSTOM;0.69;0.34;0.247;30000;CUSTOM;0.478;0.298;0.443;12000;DARK_PURPLE;400000;DARK_GREEN;1000000;CYAN;700000;BEIGE;2000000;
INFO;NameId;294;DescId;295;price;19700;dpPerMin;0;range;2;placeSound;thud
LIFE;averagePop;2.75;averageLife;64.0;popFactors;1;0.15;breedMat;32.0;breedTime;23.15682;parentId;81;chance;150;reqCount;3;MATERIAL;col;DARK_ORANGE;LIFE;type;2;enviroType;0;classification;pnh106;count;2;LIFE;type;2;enviroType;0;classification;ahm50;count;1;FALL_DEATH;fallTime;3;totalTime;5;fallenAngle;60;particleEffect;1;ExplodeTime;0.975;UseMaterial;1;Colour;1;Spawn;2;5;0;1;0;PPS;30;Speed;1.5;Gravity;0.3;Life;3;Scale;0.1;Colour;1;0;0;Additive;0;Alpha;1;FadeIn;0.1;FadeOut;0.8;HasDir;1;Dir;0;1;0;Varience;0.25;Offset;0;5;0;LifeError;0.4;ScaleError;0.3;SpeedError;0.4;RandRot;1;HasXRot;1;XRotSpeed;180;Stages;1;2;enviroReqCount;3;reqId;2;barren;0;goodBiomes;3;1;0;8;idealFactor;100;influence;0.8;reqId;1;minAltitude;0;maxAltitude;65;influence;0.8;reqId;6;dislikedSpecies;1;ptf28;influence;0.5
GROWTH;dynamic;0;growthTime;21.333334;modelStages;3;subStages;2
PARTICLES;isColour;1;spawn;3;5;0;1;0;PPS;1.8;Speed;0;Gravity;0.012;Life;35;Scale;0.6;Colour;1;0;0;Additive;0;Alpha;1;FadeIn;0.2;FadeOut;0.9;HasDir;0;Offset;0;7;0;LifeError;0.0;ScaleError;0.2;SpeedError;0;RandRot;1;HasXRot;1;XRotSpeed;190;range;30;stages;1;2;takesMaterial;1
WOOD;cut time;7.5;bark factor;0.45;colour;0.438543;0.325333;0.199449
PERCH;1;-0.00855;2.718;-0.29213;
