0.3
png
0;1
3
-1.569165;-1.025174;-0.790304;2.145795;2.376988;1.27881;1
51;1
51;-1.0;0.0;0.0;0.15
-1.389118;1.127825;0.482985;-0.6221;-0.2249;-0.7499;-0.726957;-0.849417;0.526608;-0.6221;-0.2249;-0.7499;-0.990008;-0.9562;0.776835;-0.6221;-0.2249;-0.7499;-1.389118;1.127825;0.482985;0.0;0.1396;0.9902;-0.990008;-0.9562;0.776835;0.0;0.1396;0.9902;-0.463907;-0.9562;0.776835;0.0;0.1396;0.9902;-1.389118;1.127825;0.482985;0.718;0.2259;-0.6583;-0.463907;-0.9562;0.776835;0.718;0.2259;-0.6583;-0.726957;-0.849417;0.526608;0.718;0.2259;-0.6583;0.335135;2.376988;-0.662105;-0.9532;-0.1805;-0.2423;0.874413;-0.537303;-0.612065;-0.9532;-0.1805;-0.2423;0.818525;-0.61792;-0.332173;-0.9532;-0.1805;-0.2423;0.335135;2.376988;-0.662105;0.5953;0.1823;0.7825;0.818525;-0.61792;-0.332173;0.5953;0.1823;0.7825;1.159072;-0.61792;-0.59127;0.5953;0.1823;0.7825;0.335135;2.376988;-0.662105;0.0717;-0.0038;-0.9974;1.159072;-0.61792;-0.59127;0.0717;-0.0038;-0.9974;0.874413;-0.537303;-0.612065;0.0717;-0.0038;-0.9974;-1.569165;-0.664044;0.051099;-0.855;-0.1022;-0.5084;-1.328619;1.508353;-0.790304;-0.855;-0.1022;-0.5084;-1.404412;-0.722405;-0.214213;-0.855;-0.1022;-0.5084;-1.092916;-0.779299;-0.240171;0.5484;0.2485;0.7984;-1.328619;1.508353;-0.790304;0.5484;0.2485;0.7984;-1.569165;-0.664044;0.051099;0.5484;0.2485;0.7984;-1.404412;-0.722405;-0.214213;-0.1247;-0.2441;-0.9617;-1.328619;1.508353;-0.790304;-0.1247;-0.2441;-0.9617;-1.092916;-0.779299;-0.240171;-0.1247;-0.2441;-0.9617;-1.404412;-0.722405;-0.214213;-0.1697;-0.9793;0.11;-1.092916;-0.779299;-0.240171;-0.1697;-0.9793;0.11;-1.569165;-0.664044;0.051099;-0.1697;-0.9793;0.11;-0.026522;-0.908029;1.27881;-0.8447;-0.2612;-0.4671;0.1598;1.303558;-0.29487;-0.8447;-0.2612;-0.4671;0.140932;-0.967347;1.009149;-0.8447;-0.2612;-0.4671;0.457534;-1.025174;0.982766;0.542;0.4564;0.7056;0.1598;1.303558;-0.29487;0.542;0.4564;0.7056;-0.026522;-0.908029;1.27881;0.542;0.4564;0.7056;0.140932;-0.967347;1.009149;-0.1609;-0.4905;-0.8564;0.1598;1.303558;-0.29487;-0.1609;-0.4905;-0.8564;0.457534;-1.025174;0.982766;-0.1609;-0.4905;-0.8564;0.140932;-0.967347;1.009149;-0.1697;-0.9793;0.11;0.457534;-1.025174;0.982766;-0.1697;-0.9793;0.11;-0.026522;-0.908029;1.27881;-0.1697;-0.9793;0.11;2.145795;1.585278;0.279369;0.2583;-0.002;-0.966;1.239693;-0.486893;0.041487;0.2583;-0.002;-0.966;0.900544;-0.586038;-0.048998;0.2583;-0.002;-0.966;2.145795;1.585278;0.279369;-0.7748;0.3664;0.5151;0.900544;-0.586038;-0.048998;-0.7748;0.3664;0.5151;1.191906;-0.586038;0.389232;-0.7748;0.3664;0.5151;2.145795;1.585278;0.279369;0.9157;-0.4017;0.0113;1.191906;-0.586038;0.389232;0.9157;-0.4017;0.0113;1.239693;-0.486893;0.041487;0.9157;-0.4017;0.0113
-3.694273;-1.100187;-1.933376;3.398297;3.914535;1.632871;1
120;1
120;-1.0;0.0;0.0;0.15
-0.967637;3.77584;1.632115;-0.6844;0.1392;-0.7157;-1.269315;1.476681;1.473287;-0.6844;0.1392;-0.7157;-1.450054;1.408579;1.632871;-0.6844;0.1392;-0.7157;-0.967637;3.77584;1.632115;0.0;3.0E-4;1.0;-1.450054;1.408579;1.632871;0.0;3.0E-4;1.0;-1.088578;1.408579;1.632871;0.0;3.0E-4;1.0;-0.967637;3.77584;1.632115;0.6543;-0.0337;-0.7554;-1.088578;1.408579;1.632871;0.6543;-0.0337;-0.7554;-1.269315;1.476681;1.473287;0.6543;-0.0337;-0.7554;-1.269315;1.476681;1.473287;-0.6777;0.0879;-0.73;-0.976666;-0.971576;0.906959;-0.6777;0.0879;-0.73;-1.450054;1.408579;1.632871;-0.6777;0.0879;-0.73;-1.088578;1.408579;1.632871;0.0;-0.2917;0.9565;-0.976666;-0.971576;0.906959;0.0;-0.2917;0.9565;-0.223301;-0.971576;0.906959;0.0;-0.2917;0.9565;-1.088578;1.408579;1.632871;0.6824;0.4355;-0.5871;-0.599983;-0.818665;0.54864;0.6824;0.4355;-0.5871;-1.269315;1.476681;1.473287;0.6824;0.4355;-0.5871;-3.040225;3.914535;0.444803;0.2256;0.2622;-0.9383;-3.336506;-0.877995;-0.965479;0.2256;0.2622;-0.9383;-3.694273;-0.984201;-1.081186;0.2256;0.2622;-0.9383;-3.040225;3.914535;0.444803;-0.8596;-0.0438;0.509;-3.694273;-0.984201;-1.081186;-0.8596;-0.0438;0.509;-3.407015;-0.984201;-0.596138;-0.8596;-0.0438;0.509;-3.040225;3.914535;0.444803;0.9818;-0.1068;0.1567;-3.407015;-0.984201;-0.596138;0.9818;-0.1068;0.1567;-3.336506;-0.877995;-0.965479;0.9818;-0.1068;0.1567;0.851396;2.769468;-0.507131;-0.9662;-0.1209;-0.2277;1.307554;-0.537303;-0.686364;-0.9662;-0.1209;-0.2277;1.251666;-0.61792;-0.406472;-0.9662;-0.1209;-0.2277;0.851396;2.769468;-0.507131;0.6028;0.0948;0.7923;1.251666;-0.61792;-0.406472;0.6028;0.0948;0.7923;1.592214;-0.61792;-0.665569;0.6028;0.0948;0.7923;0.851396;2.769468;-0.507131;0.0914;0.0664;-0.9936;1.592214;-0.61792;-0.665569;0.0914;0.0664;-0.9936;1.307554;-0.537303;-0.686364;0.0914;0.0664;-0.9936;-1.573006;-0.649344;0.085158;-0.8549;-0.0933;-0.5103;-1.278187;1.508353;-0.80337;-0.8549;-0.0933;-0.5103;-1.366404;-0.72253;-0.247544;-0.8549;-0.0933;-0.5103;-0.00162;-0.814326;-1.779269;0.8976;-0.3676;-0.2432;0.748009;1.100655;-1.90669;0.8976;-0.3676;-0.2432;0.066793;-0.879377;-1.428485;0.8976;-0.3676;-0.2432;-0.975787;-0.793875;-0.280095;0.5486;0.2532;0.7968;-1.278187;1.508353;-0.80337;0.5486;0.2532;0.7968;-1.573006;-0.649344;0.085158;0.5486;0.2532;0.7968;0.066793;-0.879377;-1.428485;-0.6789;0.3846;0.6255;0.748009;1.100655;-1.90669;-0.6789;0.3846;0.6255;-0.323737;-0.747596;-1.933376;-0.6789;0.3846;0.6255;-0.323737;-0.747596;-1.933376;0.386;-0.2108;-0.8981;0.748009;1.100655;-1.90669;0.386;-0.2108;-0.8981;-0.00162;-0.814326;-1.779269;0.386;-0.2108;-0.8981;-0.00162;-0.814326;-1.779269;-0.1279;-0.9793;-0.1567;0.066793;-0.879377;-1.428485;-0.1279;-0.9793;-0.1567;-0.323737;-0.747596;-1.933376;-0.1279;-0.9793;-0.1567;-1.366404;-0.72253;-0.247544;-0.1233;-0.2353;-0.964;-1.278187;1.508353;-0.80337;-0.1233;-0.2353;-0.964;-0.975787;-0.793875;-0.280095;-0.1233;-0.2353;-0.964;-1.366404;-0.72253;-0.247544;-0.1697;-0.9793;0.11;-0.975787;-0.793875;-0.280095;-0.1697;-0.9793;0.11;-1.573006;-0.649344;0.085158;-0.1697;-0.9793;0.11;0.012167;-0.884117;1.449561;-0.8464;-0.2489;-0.4708;0.286774;1.303558;-0.200777;-0.8464;-0.2489;-0.4708;0.247695;-0.96755;1.070276;-0.8464;-0.2489;-0.4708;0.693004;-1.048884;1.033167;0.5414;0.462;0.7024;0.286774;1.303558;-0.200777;0.5414;0.462;0.7024;0.012167;-0.884117;1.449561;0.5414;0.462;0.7024;0.247695;-0.96755;1.070276;-0.1596;-0.48;-0.8626;0.286774;1.303558;-0.200777;-0.1596;-0.48;-0.8626;0.693004;-1.048884;1.033167;-0.1596;-0.48;-0.8626;0.247695;-0.96755;1.070276;-0.1697;-0.9793;0.11;0.693004;-1.048884;1.033167;-0.1697;-0.9793;0.11;0.012167;-0.884117;1.449561;-0.1697;-0.9793;0.11;2.105906;1.570975;1.222869;-0.8326;0.0186;0.5535;1.491989;3.874216;0.221985;-0.8326;0.0186;0.5535;1.877756;1.570975;0.879715;-0.8326;0.0186;0.5535;1.877756;1.570975;0.879715;0.261;-0.2244;-0.9389;1.491989;3.874216;0.221985;0.261;-0.2244;-0.9389;2.162317;1.658342;0.937942;0.261;-0.2244;-0.9389;2.162317;1.658342;0.937942;0.8875;0.361;0.2864;1.491989;3.874216;0.221985;0.8875;0.361;0.2864;2.105906;1.570975;1.222869;0.8875;0.361;0.2864;1.877756;1.570975;0.879715;0.1537;0.3257;-0.9329;1.629711;-0.477613;0.12354;0.1537;0.3257;-0.9329;1.242942;-0.590678;0.02035;0.1537;0.3257;-0.9329;1.877756;1.570975;0.879715;-0.8325;0.0244;0.5535;1.575214;-0.590678;0.52011;-0.8325;0.0244;0.5535;2.105906;1.570975;1.222869;-0.8325;0.0244;0.5535;2.162317;1.658342;0.937942;0.9633;-0.2622;0.0576;1.575214;-0.590678;0.52011;0.9633;-0.2622;0.0576;1.629711;-0.477613;0.12354;0.9633;-0.2622;0.0576;2.47981;-1.100187;-0.060291;-0.7364;0.509;-0.4455;3.398297;0.882666;0.687088;-0.7364;0.509;-0.4455;2.747097;-0.847539;-0.213452;-0.7364;0.509;-0.4455;3.105967;-0.755435;-0.066955;0.2522;-0.4414;0.8611;3.398297;0.882666;0.687088;0.2522;-0.4414;0.8611;2.47981;-1.100187;-0.060291;0.2522;-0.4414;0.8611;2.747097;-0.847539;-0.213452;0.2711;0.3621;-0.8918;3.398297;0.882666;0.687088;0.2711;0.3621;-0.8918;3.105967;-0.755435;-0.066955;0.2711;0.3621;-0.8918;2.747097;-0.847539;-0.213452;0.4062;-0.7479;-0.5249;3.105967;-0.755435;-0.066955;0.4062;-0.7479;-0.5249;2.47981;-1.100187;-0.060291;0.4062;-0.7479;-0.5249;-1.269315;1.476681;1.473287;-0.7037;0.0792;-0.706;-0.599983;-0.818665;0.54864;-0.7037;0.0792;-0.706;-0.976666;-0.971576;0.906959;-0.7037;0.0792;-0.706;-1.088578;1.408579;1.632871;0.0;-0.2917;0.9565;-1.450054;1.408579;1.632871;0.0;-0.2917;0.9565;-0.976666;-0.971576;0.906959;0.0;-0.2917;0.9565;-1.088578;1.408579;1.632871;0.7079;0.4286;-0.5613;-0.223301;-0.971576;0.906959;0.7079;0.4286;-0.5613;-0.599983;-0.818665;0.54864;0.7079;0.4286;-0.5613;1.877756;1.570975;0.879715;0.0889;0.3354;-0.9378;2.162317;1.658342;0.937942;0.0889;0.3354;-0.9378;1.629711;-0.477613;0.12354;0.0889;0.3354;-0.9378;1.877756;1.570975;0.879715;-0.8325;0.0244;0.5535;1.242942;-0.590678;0.02035;-0.8325;0.0244;0.5535;1.575214;-0.590678;0.52011;-0.8325;0.0244;0.5535;2.162317;1.658342;0.937942;0.957;-0.2697;0.1068;2.105906;1.570975;1.222869;0.957;-0.2697;0.1068;1.575214;-0.590678;0.52011;0.957;-0.2697;0.1068
-4.504097;-1.100187;-2.114758;4.229134;7.603817;2.800535;1
186;1
186;-1.0;0.0;0.0;0.15
0.195012;4.832965;1.717103;0.7199;0.44;-0.5368;-0.690564;7.603817;2.800535;0.7199;0.44;-0.5368;0.486384;4.709414;2.006623;0.7199;0.44;-0.5368;0.486384;4.709414;2.006623;0.0;-0.2645;0.9644;-0.690564;7.603817;2.800535;0.0;-0.2645;0.9644;-0.096361;4.709414;2.006623;0.0;-0.2645;0.9644;-0.096361;4.709414;2.006623;-0.7137;0.0452;-0.699;-0.690564;7.603817;2.800535;-0.7137;0.0452;-0.699;0.195012;4.832965;1.717103;-0.7137;0.0452;-0.699;-0.096361;4.709414;2.006623;-0.692;0.2472;-0.6782;-0.726336;1.968546;1.65042;-0.692;0.2472;-0.6782;-1.054235;1.844995;1.93994;-0.692;0.2472;-0.6782;-0.096361;4.709414;2.006623;0.0;-0.0233;0.9997;-0.398437;1.844994;1.93994;0.0;-0.0233;0.9997;0.486384;4.709414;2.006623;0.0;-0.0233;0.9997;0.486384;4.709414;2.006623;0.6496;-0.1918;-0.7356;-0.726336;1.968546;1.65042;0.6496;-0.1918;-0.7356;0.195012;4.832965;1.717103;0.6496;-0.1918;-0.7356;-0.726336;1.968546;1.65042;-0.6755;0.0733;-0.7337;-0.365358;-1.077695;1.01365;-0.6755;0.0733;-0.7337;-1.054235;1.844995;1.93994;-0.6755;0.0733;-0.7337;-0.398437;1.844994;1.93994;0.0;-0.3021;0.9532;-0.365358;-1.077695;1.01365;0.0;-0.3021;0.9532;0.563902;-1.077695;1.013651;0.0;-0.3021;0.9532;-0.398437;1.844994;1.93994;0.6842;0.4222;-0.5947;0.099272;-0.889082;0.571671;0.6842;0.4222;-0.5947;-0.726336;1.968546;1.65042;0.6842;0.4222;-0.5947;-2.112182;2.519866;0.077521;0.8723;0.3591;0.3318;-3.636802;5.257418;1.123378;0.8723;0.3591;0.3318;-2.212819;2.396315;0.475757;0.8723;0.3591;0.3318;-2.212819;2.396315;0.475757;-0.7559;-0.4776;0.4477;-3.636802;5.257418;1.123378;-0.7559;-0.4776;0.4477;-2.509768;2.396315;-0.025655;-0.7559;-0.4776;0.4477;-2.509768;2.396315;-0.025655;0.1088;0.4071;-0.9069;-3.636802;5.257418;1.123378;0.1088;0.4071;-0.9069;-2.112182;2.519866;0.077521;0.1088;0.4071;-0.9069;-2.509768;2.396315;-0.025655;0.2402;0.2208;-0.9452;-2.639056;-0.846957;-0.816247;0.2402;0.2208;-0.9452;-3.153658;-0.99972;-0.982676;0.2402;0.2208;-0.9452;-2.509768;2.396315;-0.025655;-0.8603;0.0195;0.5094;-2.740474;-0.99972;-0.284995;-0.8603;0.0195;0.5094;-2.212819;2.396315;0.475757;-0.8603;0.0195;0.5094;-2.212819;2.396315;0.475757;0.963;-0.1989;0.1816;-2.639056;-0.846957;-0.816247;0.963;-0.1989;0.1816;-2.112182;2.519866;0.077521;0.963;-0.1989;0.1816;1.887007;2.11725;-0.236829;0.555;-0.3995;0.7295;3.124053;4.4927;0.122911;0.555;-0.3995;0.7295;1.423232;2.11725;0.116023;0.555;-0.3995;0.7295;1.572712;2.183083;-0.22767;0.0023;0.1485;-0.9889;3.124053;4.4927;0.122911;0.0023;0.1485;-0.9889;1.887007;2.11725;-0.236829;0.0023;0.1485;-0.9889;1.423232;2.11725;0.116023;-0.7899;0.5663;-0.2351;3.124053;4.4927;0.122911;-0.7899;0.5663;-0.2351;1.572712;2.183083;-0.22767;-0.7899;0.5663;-0.2351;1.423232;2.11725;0.116023;-0.9704;-0.0962;-0.2215;1.80737;-0.384596;-0.479847;-0.9704;-0.0962;-0.2215;1.721717;-0.508148;-0.05089;-0.9704;-0.0962;-0.2215;1.887007;2.11725;-0.236829;0.6054;0.0182;0.7957;1.721717;-0.508148;-0.05089;0.6054;0.0182;0.7957;2.243632;-0.508148;-0.447976;0.6054;0.0182;0.7957;1.887007;2.11725;-0.236829;-0.0087;0.0969;-0.9952;1.80737;-0.384596;-0.479847;-0.0087;0.0969;-0.9952;1.572712;2.183083;-0.22767;-0.0087;0.0969;-0.9952;-0.938137;-0.649344;0.271453;-0.8366;-0.3106;-0.4512;-2.354733;4.252772;-0.476499;-0.8366;-0.3106;-0.4512;-0.731535;-0.72253;-0.061249;-0.8366;-0.3106;-0.4512;-4.504097;-0.926573;-0.476363;0.8653;-0.0268;-0.5005;-4.411552;1.686439;-0.456462;0.8653;-0.0268;-0.5005;-4.273191;-1.013504;-0.072534;0.8653;-0.0268;-0.5005;0.652592;-0.814454;-1.925403;0.9261;-0.295;-0.2353;1.884234;2.798789;-1.607885;0.9261;-0.295;-0.2353;0.736652;-0.894384;-1.494387;0.9261;-0.295;-0.2353;-0.340918;-0.793875;-0.0938;0.5492;0.2789;0.7877;-2.354733;4.252772;-0.476499;0.5492;0.2789;0.7877;-0.938137;-0.649344;0.271453;0.5492;0.2789;0.7877;-4.45986;-1.098248;0.353992;-0.9976;0.0349;0.0603;-4.411552;1.686439;-0.456462;-0.9976;0.0349;0.0603;-4.504097;-0.926573;-0.476363;-0.9976;0.0349;0.0603;0.736652;-0.894384;-1.494387;-0.734;0.2475;0.6324;1.884234;2.798789;-1.607885;-0.734;0.2475;0.6324;0.256799;-0.732462;-2.114758;-0.734;0.2475;0.6324;-4.273191;-1.013504;-0.072534;0.9031;0.1054;0.4162;-4.411552;1.686439;-0.456462;0.9031;0.1054;0.4162;-4.45986;-1.098248;0.353992;0.9031;0.1054;0.4162;-4.273191;-1.013504;-0.072534;-0.0161;-0.9793;-0.2016;-4.45986;-1.098248;0.353992;-0.0161;-0.9793;-0.2016;-4.504097;-0.926573;-0.476363;-0.0161;-0.9793;-0.2016;0.256799;-0.732462;-2.114758;0.4199;-0.0636;-0.9053;1.884234;2.798789;-1.607885;0.4199;-0.0636;-0.9053;0.652592;-0.814454;-1.925403;0.4199;-0.0636;-0.9053;0.652592;-0.814454;-1.925403;-0.1279;-0.9793;-0.1567;0.736652;-0.894384;-1.494387;-0.1279;-0.9793;-0.1567;0.256799;-0.732462;-2.114758;-0.1279;-0.9793;-0.1567;-0.731535;-0.72253;-0.061249;-0.1035;-0.1162;-0.9878;-2.354733;4.252772;-0.476499;-0.1035;-0.1162;-0.9878;-0.340918;-0.793875;-0.0938;-0.1035;-0.1162;-0.9878;-0.731535;-0.72253;-0.061249;-0.1697;-0.9793;0.11;-0.340918;-0.793875;-0.0938;-0.1697;-0.9793;0.11;-0.938137;-0.649344;0.271453;-0.1697;-0.9793;0.11;0.647035;-0.884117;1.635856;-0.8491;0.004;-0.5282;1.336091;2.982489;0.557786;-0.8491;0.004;-0.5282;0.882564;-0.96755;1.256571;-0.8491;0.004;-0.5282;1.327873;-1.048884;1.219462;0.5405;0.1352;0.8303;1.336091;2.982489;0.557786;0.5405;0.1352;0.8303;0.647035;-0.884117;1.635856;0.5405;0.1352;0.8303;0.882564;-0.96755;1.256571;-0.1111;-0.1607;-0.9807;1.336091;2.982489;0.557786;-0.1111;-0.1607;-0.9807;1.327873;-1.048884;1.219462;-0.1111;-0.1607;-0.9807;0.882564;-0.96755;1.256571;-0.1697;-0.9793;0.11;1.327873;-1.048884;1.219462;-0.1697;-0.9793;0.11;0.647035;-0.884117;1.635856;-0.1697;-0.9793;0.11;2.771179;2.021674;1.626603;-0.8242;-0.143;0.548;1.552084;5.979642;0.82637;-0.8242;-0.143;0.548;2.448537;2.021674;1.141326;-0.8242;-0.143;0.548;2.448537;2.021674;1.141326;0.2093;-0.0304;-0.9774;1.552084;5.979642;0.82637;0.2093;-0.0304;-0.9774;2.850954;2.145226;1.223669;0.2093;-0.0304;-0.9774;2.850954;2.145226;1.223669;0.8999;0.3339;0.2805;1.552084;5.979642;0.82637;0.8999;0.3339;0.2805;2.771179;2.021674;1.626603;0.8999;0.3339;0.2805;2.448537;2.021674;1.141326;0.1611;0.3054;-0.9385;2.251972;-0.570469;0.264028;0.1611;0.3054;-0.9385;1.829332;-0.694021;0.151268;0.1611;0.3054;-0.9385;2.448537;2.021674;1.141326;-0.8327;-0.012;0.5536;2.192421;-0.694021;0.69738;-0.8327;-0.012;0.5536;2.771179;2.021674;1.626603;-0.8327;-0.012;0.5536;2.850954;2.145226;1.223669;0.9693;-0.237;0.0656;2.192421;-0.694021;0.69738;0.9693;-0.237;0.0656;2.251972;-0.570469;0.264028;0.9693;-0.237;0.0656;3.114679;-1.100187;0.126004;-0.7286;0.4672;-0.5009;4.229134;1.689798;1.107179;-0.7286;0.4672;-0.5009;3.381966;-0.847539;-0.027157;-0.7286;0.4672;-0.5009;3.740836;-0.755435;0.11934;0.2317;-0.4038;0.885;4.229134;1.689798;1.107179;0.2317;-0.4038;0.885;3.114679;-1.100187;0.126004;0.2317;-0.4038;0.885;3.381966;-0.847539;-0.027157;0.2907;0.3079;-0.9059;4.229134;1.689798;1.107179;0.2907;0.3079;-0.9059;3.740836;-0.755435;0.11934;0.2907;0.3079;-0.9059;3.381966;-0.847539;-0.027157;0.4062;-0.7479;-0.5249;3.740836;-0.755435;0.11934;0.4062;-0.7479;-0.5249;3.114679;-1.100187;0.126004;0.4062;-0.7479;-0.5249;-0.096361;4.709414;2.006623;-0.7338;0.2507;-0.6315;0.195012;4.832965;1.717103;-0.7338;0.2507;-0.6315;-0.726336;1.968546;1.65042;-0.7338;0.2507;-0.6315;-0.096361;4.709414;2.006623;0.0;-0.0233;0.9997;-1.054235;1.844995;1.93994;0.0;-0.0233;0.9997;-0.398437;1.844994;1.93994;0.0;-0.0233;0.9997;0.486384;4.709414;2.006623;0.6148;-0.172;-0.7697;-0.398437;1.844994;1.93994;0.6148;-0.172;-0.7697;-0.726336;1.968546;1.65042;0.6148;-0.172;-0.7697;-0.726336;1.968546;1.65042;-0.7015;0.0652;-0.7096;0.099272;-0.889082;0.571671;-0.7015;0.0652;-0.7096;-0.365358;-1.077695;1.01365;-0.7015;0.0652;-0.7096;-0.398437;1.844994;1.93994;0.0;-0.3021;0.9532;-1.054235;1.844995;1.93994;0.0;-0.3021;0.9532;-0.365358;-1.077695;1.01365;0.0;-0.3021;0.9532;-0.398437;1.844994;1.93994;0.7099;0.4143;-0.5695;0.563902;-1.077695;1.013651;0.7099;0.4143;-0.5695;0.099272;-0.889082;0.571671;0.7099;0.4143;-0.5695;-2.509768;2.396315;-0.025655;0.1782;0.2263;-0.9576;-2.112182;2.519866;0.077521;0.1782;0.2263;-0.9576;-2.639056;-0.846957;-0.816247;0.1782;0.2263;-0.9576;-2.509768;2.396315;-0.025655;-0.8603;0.0195;0.5094;-3.153658;-0.99972;-0.982676;-0.8603;0.0195;0.5094;-2.740474;-0.99972;-0.284995;-0.8603;0.0195;0.5094;-2.212819;2.396315;0.475757;0.9742;-0.1813;0.1338;-2.740474;-0.99972;-0.284995;0.9742;-0.1813;0.1338;-2.639056;-0.846957;-0.816247;0.9742;-0.1813;0.1338;1.423232;2.11725;0.116023;-0.9131;-0.0436;-0.4054;1.572712;2.183083;-0.22767;-0.9131;-0.0436;-0.4054;1.80737;-0.384596;-0.479847;-0.9131;-0.0436;-0.4054;1.887007;2.11725;-0.236829;0.6054;0.0182;0.7957;1.423232;2.11725;0.116023;0.6054;0.0182;0.7957;1.721717;-0.508148;-0.05089;0.6054;0.0182;0.7957;1.887007;2.11725;-0.236829;0.0987;0.0931;-0.9907;2.243632;-0.508148;-0.447976;0.0987;0.0931;-0.9907;1.80737;-0.384596;-0.479847;0.0987;0.0931;-0.9907;2.448537;2.021674;1.141326;0.0974;0.3124;-0.9449;2.850954;2.145226;1.223669;0.0974;0.3124;-0.9449;2.251972;-0.570469;0.264028;0.0974;0.3124;-0.9449;2.448537;2.021674;1.141326;-0.8327;-0.012;0.5536;1.829332;-0.694021;0.151268;-0.8327;-0.012;0.5536;2.192421;-0.694021;0.69738;-0.8327;-0.012;0.5536;2.850954;2.145226;1.223669;0.9627;-0.2447;0.1155;2.771179;2.021674;1.626603;0.9627;-0.2447;0.1155;2.192421;-0.694021;0.69738;0.9627;-0.2447;0.1155
6
SPREADER;6;0.1;0.1;0.1;6;5;
INFO;NameId;377;DescId;378;price;7100;dpPerMin;0;range;2;placeSound;grassPlace
LIFE;averagePop;10.0;averageLife;6.0;popFactors;1;0.5;breedMat;3.0;breedTime;2.1699667;parentId;-1;FADE_DEATH;0.5;enviroReqCount;2;reqId;1;minAltitude;0;maxAltitude;12;influence;0.6;reqId;2;barren;1;goodBiomes;1;6;ideal;80;influence;0.95
MATERIAL;second;0;count;4;CUSTOM;0.482;0.51;0.627;1000;PURPLE;20000;CYAN;200000;MUD_GREEN;400000
GROWTH;dynamic;0;growthTime;2.0;modelStages;3;subStages;1
FOOD;1;902;20;WHOLE;PARTICLE_DEATH;isColour;1;Spawn;0;PPS;8;Speed;0.6;Gravity;0.2;Life;0.5;Scale;0.05;Colour;0.482;0.51;0.627;Additive;0;Alpha;1;FadeIn;0.1;FadeOut;0.8;HasDir;1;Dir;0;1;0;Deviation;0.3;Offset;0;0;0;LifeError;0.4;ScaleError;0.1;SpeedError;0.1;RandomRot;1;HasXRot;0
