0.7
pbf
0;1
4
-0.830969;-0.275732;-0.865948;0.984419;1.386046;0.989377;1
45;2
9;0.745;0.788;0.49;0.25
-0.0;-0.275732;-0.099494;0.8658;-0.0208;-0.4999;0.138479;1.199453;0.079096;0.8658;-0.0208;-0.4999;0.0947;-0.275732;0.064532;0.8658;-0.0208;-0.4999;0.0947;-0.275732;0.064532;0.0;-0.0099;0.9999;0.138479;1.199453;0.079096;0.0;-0.0099;0.9999;-0.0947;-0.275732;0.064532;0.0;-0.0099;0.9999;-0.0947;-0.275732;0.064532;-0.8574;0.1404;-0.495;0.138479;1.199453;0.079096;-0.8574;0.1404;-0.495;-0.0;-0.275732;-0.099494;-0.8574;0.1404;-0.495
36;0.455;0.71;0.451;0.25
0.984419;1.026333;0.427775;0.4616;-0.8867;0.0243;0.53832;0.798155;0.574852;0.4616;-0.8867;0.0243;0.09717;0.554063;0.046998;0.4616;-0.8867;0.0243;-0.785859;1.386046;0.479024;-0.2279;-0.8952;0.3829;-0.666644;1.200617;0.116403;-0.2279;-0.8952;0.3829;0.107309;0.982484;0.067032;-0.2279;-0.8952;0.3829;0.118566;0.821761;0.043416;0.376;-0.9152;-0.145;0.118566;0.937929;-0.689659;0.376;-0.9152;-0.145;0.510598;1.126949;-0.865948;0.376;-0.9152;-0.145;0.317401;1.026333;0.989377;0.5112;-0.6081;0.6072;0.53832;0.798155;0.574852;0.5112;-0.6081;0.6072;0.984419;1.026333;0.427775;0.5112;-0.6081;0.6072;-0.830969;1.386046;-0.22813;-0.7922;-0.6081;0.0505;-0.666644;1.200617;0.116403;-0.7922;-0.6081;0.0505;-0.785859;1.386046;0.479024;-0.7922;-0.6081;0.0505;0.510598;1.126949;-0.865948;0.0;-0.682;-0.7313;0.118566;0.937929;-0.689659;0.0;-0.682;-0.7313;-0.273465;1.126949;-0.865948;0.0;-0.682;-0.7313;0.107309;0.982484;0.067032;-0.2747;-0.8952;-0.3508;-0.666644;1.200617;0.116403;-0.2747;-0.8952;-0.3508;-0.830969;1.386046;-0.22813;-0.2747;-0.8952;-0.3508;0.107309;0.982484;0.067032;0.4017;0.9154;-0.0256;-0.830969;1.386046;-0.22813;0.4017;0.9154;-0.0256;-0.785859;1.386046;0.479024;0.4017;0.9154;-0.0256;-0.273465;1.126949;-0.865948;-0.376;-0.9152;-0.145;0.118566;0.937929;-0.689659;-0.376;-0.9152;-0.145;0.118566;0.821761;0.043416;-0.376;-0.9152;-0.145;0.118566;0.821761;0.043416;0.0;0.948;0.3182;0.510598;1.126949;-0.865948;0.0;0.948;0.3182;-0.273465;1.126949;-0.865948;0.0;0.948;0.3182;0.09717;0.554063;0.046998;-0.057;-0.8871;0.4579;0.53832;0.798155;0.574852;-0.057;-0.8871;0.4579;0.317401;1.026333;0.989377;-0.057;-0.8871;0.4579;0.09717;0.554063;0.046998;-0.3092;0.8772;-0.3673;0.317401;1.026333;0.989377;-0.3092;0.8772;-0.3673;0.984419;1.026333;0.427775;-0.3092;0.8772;-0.3673
-1.316324;-0.375348;-1.310062;1.495738;3.172174;1.503989;1
99;2
27;0.745;0.788;0.49;0.2
0.217828;1.129064;0.008343;0.8632;-0.0808;-0.4984;0.114825;-0.375348;0.073914;0.8632;-0.0808;-0.4984;-0.0;-0.375348;-0.124969;0.8632;-0.0808;-0.4984;0.114825;-0.375348;0.073914;-0.0;-0.033;0.9995;0.093096;1.122422;0.123325;-0.0;-0.033;0.9995;-0.114825;-0.375348;0.073914;-0.0;-0.033;0.9995;0.217828;1.129064;0.008343;-0.6679;-0.1333;-0.7322;0.093096;1.122422;0.123325;-0.6679;-0.1333;-0.7322;-0.008712;3.172174;-0.156889;-0.6679;-0.1333;-0.7322;0.093096;1.122422;0.123325;-0.858;0.1355;-0.4954;-0.0;-0.375348;-0.124969;-0.858;0.1355;-0.4954;-0.114825;-0.375348;0.073914;-0.858;0.1355;-0.4954;0.093096;1.122422;0.123325;-0.3057;0.114;0.9453;0.254599;1.135707;0.173952;-0.3057;0.114;0.9453;-0.008712;3.172174;-0.156889;-0.3057;0.114;0.9453;0.254599;1.135707;0.173952;0.9715;0.09;-0.2193;0.217828;1.129064;0.008343;0.9715;0.09;-0.2193;-0.008712;3.172174;-0.156889;0.9715;0.09;-0.2193;0.217828;1.129064;0.008343;0.974;-0.076;-0.2132;0.254599;1.135707;0.173952;0.974;-0.076;-0.2132;0.114825;-0.375348;0.073914;0.974;-0.076;-0.2132;0.114825;-0.375348;0.073914;-0.2963;-0.0358;0.9544;0.254599;1.135707;0.173952;-0.2963;-0.0358;0.9544;0.093096;1.122422;0.123325;-0.2963;-0.0358;0.9544;0.093096;1.122422;0.123325;-0.6735;0.1614;-0.7213;0.217828;1.129064;0.008343;-0.6735;0.1614;-0.7213;-0.0;-0.375348;-0.124969;-0.6735;0.1614;-0.7213
72;0.455;0.71;0.451;0.2
1.495738;1.624787;0.641827;0.4664;-0.8835;0.0439;0.810894;1.274491;0.867618;0.4664;-0.8835;0.0439;0.174641;0.899766;0.086405;0.4664;-0.8835;0.0439;-1.24639;1.943655;0.696675;-0.2279;-0.8953;0.3829;-1.061569;1.656184;0.134501;-0.2279;-0.8953;0.3829;0.138294;1.318011;0.057961;-0.2279;-0.8953;0.3829;0.160547;1.204741;0.042513;0.3892;-0.914;-0.1145;0.18074;1.351013;-1.056628;0.3892;-0.914;-0.1145;0.744325;1.622749;-1.310062;0.3892;-0.914;-0.1145;0.471744;1.624787;1.503989;0.5113;-0.6082;0.6072;0.810894;1.274491;0.867618;0.5113;-0.6082;0.6072;1.495738;1.624787;0.641827;0.5113;-0.6082;0.6072;-1.316324;1.943655;-0.399632;-0.7922;-0.6082;0.0505;-1.061569;1.656184;0.134501;-0.7922;-0.6082;0.0505;-1.24639;1.943655;0.696675;-0.7922;-0.6082;0.0505;0.744325;1.622749;-1.310062;0.0;-0.6821;-0.7313;0.18074;1.351013;-1.056628;0.0;-0.6821;-0.7313;-0.382845;1.622749;-1.310062;0.0;-0.6821;-0.7313;0.138294;1.318011;0.057961;-0.2747;-0.8953;-0.3508;-1.061569;1.656184;0.134501;-0.2747;-0.8953;-0.3508;-1.316324;1.943655;-0.399632;-0.2747;-0.8953;-0.3508;0.138294;1.318011;0.057961;0.4018;0.9154;-0.0256;-1.316324;1.943655;-0.399632;0.4018;0.9154;-0.0256;-1.24639;1.943655;0.696675;0.4018;0.9154;-0.0256;-0.382845;1.622749;-1.310062;-0.3831;-0.9147;-0.1288;0.18074;1.351013;-1.056628;-0.3831;-0.9147;-0.1288;0.160547;1.204741;0.042513;-0.3831;-0.9147;-0.1288;0.160547;1.204741;0.042513;0.0;0.9554;0.2953;0.744325;1.622749;-1.310062;0.0;0.9554;0.2953;-0.382845;1.622749;-1.310062;0.0;0.9554;0.2953;0.174641;0.899766;0.086405;-0.0465;-0.8854;0.4626;0.810894;1.274491;0.867618;-0.0465;-0.8854;0.4626;0.471744;1.624787;1.503989;-0.0465;-0.8854;0.4626;0.174641;0.899766;0.086405;-0.3182;0.8694;-0.378;0.471744;1.624787;1.503989;-0.3182;0.8694;-0.378;1.495738;1.624787;0.641827;-0.3182;0.8694;-0.378;0.061841;3.170692;1.085604;0.1653;-0.8842;0.4368;-0.295698;2.919976;0.713398;0.1653;-0.8842;0.4368;0.062492;2.598775;-0.07229;0.1653;-0.8842;0.4368;-0.623137;2.91555;-0.650563;-0.4206;-0.8962;0.1412;-0.293167;2.75391;-0.693434;-0.4206;-0.8962;0.1412;0.030319;2.693887;-0.110892;-0.4206;-0.8962;0.1412;0.108879;2.099061;-0.046872;0.4067;-0.8525;0.3283;0.905052;2.495379;-0.004164;0.4067;-0.8525;0.3283;1.036822;2.727429;0.435135;0.4067;-0.8525;0.3283;-0.811336;3.170692;0.691302;-0.3267;-0.6082;0.7235;-0.295698;2.919976;0.713398;-0.3267;-0.6082;0.7235;0.061841;3.170692;1.085604;-0.3267;-0.6082;0.7235;-0.084217;2.91555;-0.952391;-0.3879;-0.6082;-0.6926;-0.293167;2.75391;-0.693434;-0.3879;-0.6082;-0.6926;-0.623137;2.91555;-0.650563;-0.3879;-0.6082;-0.6926;1.036822;2.727429;0.435135;0.8104;-0.5823;0.0645;0.905052;2.495379;-0.004164;0.8104;-0.5823;0.0645;1.103567;2.727947;-0.398534;0.8104;-0.5823;0.0645;0.030319;2.693887;-0.110892;0.3428;-0.8959;-0.2826;-0.293167;2.75391;-0.693434;0.3428;-0.8959;-0.2826;-0.084217;2.91555;-0.952391;0.3428;-0.8959;-0.2826;0.030319;2.693887;-0.110892;0.132;0.9628;0.2357;-0.084217;2.91555;-0.952391;0.132;0.9628;0.2357;-0.623137;2.91555;-0.650563;0.132;0.9628;0.2357;1.103567;2.727947;-0.398534;0.4396;-0.8529;-0.2816;0.905052;2.495379;-0.004164;0.4396;-0.8529;-0.2816;0.108879;2.099061;-0.046872;0.4396;-0.8529;-0.2816;0.108879;2.099061;-0.046872;-0.5447;0.8375;-0.0431;1.036822;2.727429;0.435135;-0.5447;0.8375;-0.0431;1.103567;2.727947;-0.398534;-0.5447;0.8375;-0.0431;0.062492;2.598775;-0.07229;-0.4371;-0.8846;0.1624;-0.295698;2.919976;0.713398;-0.4371;-0.8846;0.1624;-0.811336;3.170692;0.691302;-0.4371;-0.8846;0.1624;0.062492;2.598775;-0.07229;0.1961;0.8792;-0.4342;-0.811336;3.170692;0.691302;0.1961;0.8792;-0.4342;0.061841;3.170692;1.085604;0.1961;0.8792;-0.4342
-1.60004;-0.423351;-2.056606;1.874;5.772486;1.912207;1
141;2
45;0.745;0.788;0.49;0.1
0.248462;1.477573;-0.00913;0.8638;-0.071;-0.4987;0.1454;-0.423351;0.082858;0.8638;-0.071;-0.4987;-0.0;-0.423351;-0.168982;0.8638;-0.071;-0.4987;0.1454;-0.423351;0.082858;-0.0;-0.0257;0.9997;0.095968;1.469452;0.131446;-0.0;-0.0257;0.9997;-0.1454;-0.423351;0.082858;-0.0;-0.0257;0.9997;0.248462;1.477573;-0.00913;-0.9585;-0.1902;-0.2124;-0.082265;3.185299;-0.046055;-0.9585;-0.1902;-0.2124;-0.042075;3.185225;-0.227379;-0.9585;-0.1902;-0.2124;0.095968;1.469452;0.131446;-0.8595;0.1223;-0.4962;-0.0;-0.423351;-0.168982;-0.8595;0.1223;-0.4962;-0.1454;-0.423351;0.082858;-0.8595;0.1223;-0.4962;-0.042075;3.185225;-0.227379;-0.9679;0.1308;-0.2146;-0.082265;3.185299;-0.046055;-0.9679;0.1308;-0.2146;0.257403;5.772486;-0.00109;-0.9679;0.1308;-0.2146;0.095968;1.469452;0.131446;0.2983;0.1288;0.9457;0.094861;3.185151;-0.101911;0.2983;0.1288;0.9457;-0.082265;3.185299;-0.046055;0.2983;0.1288;0.9457;0.248462;1.477573;-0.00913;0.9728;0.0756;-0.219;0.094861;3.185151;-0.101911;0.9728;0.0756;-0.219;0.293419;1.485694;0.193342;0.9728;0.0756;-0.219;-0.082265;3.185299;-0.046055;0.3002;-0.056;0.9522;0.094861;3.185151;-0.101911;0.3002;-0.056;0.9522;0.257403;5.772486;-0.00109;0.3002;-0.056;0.9522;0.094861;3.185151;-0.101911;0.6755;-0.0137;-0.7372;-0.042075;3.185225;-0.227379;0.6755;-0.0137;-0.7372;0.257403;5.772486;-0.00109;0.6755;-0.0137;-0.7372;0.248462;1.477573;-0.00913;0.9748;-0.0632;-0.2139;0.293419;1.485694;0.193342;0.9748;-0.0632;-0.2139;0.1454;-0.423351;0.082858;0.9748;-0.0632;-0.2139;0.1454;-0.423351;0.082858;-0.2966;-0.0322;0.9545;0.293419;1.485694;0.193342;-0.2966;-0.0322;0.9545;0.095968;1.469452;0.131446;-0.2966;-0.0322;0.9545;0.248462;1.477573;-0.00913;-0.6665;-0.1449;-0.7313;0.095968;1.469452;0.131446;-0.6665;-0.1449;-0.7313;-0.082265;3.185299;-0.046055;-0.6665;-0.1449;-0.7313;0.095968;1.469452;0.131446;-0.6745;0.149;-0.7231;0.248462;1.477573;-0.00913;-0.6745;0.149;-0.7231;-0.0;-0.423351;-0.168982;-0.6745;0.149;-0.7231;0.095968;1.469452;0.131446;-0.3062;0.1281;0.9433;0.293419;1.485694;0.193342;-0.3062;0.1281;0.9433;0.094861;3.185151;-0.101911;-0.3062;0.1281;0.9433;0.248462;1.477573;-0.00913;0.6754;0.0207;-0.7371;-0.042075;3.185225;-0.227379;0.6754;0.0207;-0.7371;0.094861;3.185151;-0.101911;0.6754;0.0207;-0.7371
96;0.455;0.71;0.451;0.1
1.874;2.140553;0.803999;0.4616;-0.8868;0.0243;0.993713;1.690288;1.094226;0.4616;-0.8868;0.0243;0.123194;1.208623;0.052612;0.4616;-0.8868;0.0243;-1.513663;2.445428;0.837671;-0.2279;-0.8953;0.3829;-1.285388;2.090367;0.143319;-0.2279;-0.8953;0.3829;0.196585;1.672684;0.048783;-0.2279;-0.8953;0.3829;0.204508;1.517412;0.024364;0.376;-0.9152;-0.145;0.204508;1.72737;-1.300569;0.376;-0.9152;-0.145;0.913051;2.068998;-1.619187;0.376;-0.9152;-0.145;0.557775;2.140553;1.912207;0.5113;-0.6082;0.6072;0.993713;1.690288;1.094226;0.5113;-0.6082;0.6072;1.874;2.140553;0.803999;0.5113;-0.6082;0.6072;-1.60004;2.445428;-0.516397;-0.7922;-0.6082;0.0505;-1.285388;2.090367;0.143319;-0.7922;-0.6082;0.0505;-1.513663;2.445428;0.837671;-0.7922;-0.6082;0.0505;0.913051;2.068998;-1.619187;-0.0;-0.6821;-0.7313;0.204508;1.72737;-1.300569;-0.0;-0.6821;-0.7313;-0.504035;2.068998;-1.619187;-0.0;-0.6821;-0.7313;0.196585;1.672684;0.048783;-0.2747;-0.8953;-0.3508;-1.285388;2.090367;0.143319;-0.2747;-0.8953;-0.3508;-1.60004;2.445428;-0.516397;-0.2747;-0.8953;-0.3508;0.196585;1.672684;0.048783;0.4018;0.9154;-0.0256;-1.60004;2.445428;-0.516397;0.4018;0.9154;-0.0256;-1.513663;2.445428;0.837671;0.4018;0.9154;-0.0256;-0.504035;2.068998;-1.619187;-0.376;-0.9152;-0.145;0.204508;1.72737;-1.300569;-0.376;-0.9152;-0.145;0.204508;1.517412;0.024364;-0.376;-0.9152;-0.145;0.204508;1.517412;0.024364;0.0;0.948;0.3182;0.913051;2.068998;-1.619187;0.0;0.948;0.3182;-0.504035;2.068998;-1.619187;0.0;0.948;0.3182;0.123194;1.208623;0.052612;-0.0571;-0.8872;0.4579;0.993713;1.690288;1.094226;-0.0571;-0.8872;0.4579;0.557775;2.140553;1.912207;-0.0571;-0.8872;0.4579;0.123194;1.208623;0.052612;-0.3093;0.8772;-0.3673;0.557775;2.140553;1.912207;-0.3093;0.8772;-0.3673;1.874;2.140553;0.803999;-0.3093;0.8772;-0.3673;0.055286;3.883757;1.756131;0.1653;-0.8842;0.4368;-0.517136;3.48236;1.160229;0.1653;-0.8842;0.4368;0.056328;2.968116;-0.097662;0.1653;-0.8842;0.4368;-1.433904;3.7296;-1.376585;-0.4206;-0.8962;0.1412;-0.690476;3.365424;-1.473173;-0.4206;-0.8962;0.1412;0.03834;3.230191;-0.160701;-0.4206;-0.8962;0.1412;0.122803;2.571623;-0.062549;0.5051;-0.827;0.2469;1.123212;3.200833;-0.001349;0.5051;-0.827;0.2469;1.348566;3.542475;0.682025;0.5051;-0.827;0.2469;-1.342675;3.883757;1.124853;-0.3267;-0.6082;0.7235;-0.517136;3.48236;1.160229;-0.3267;-0.6082;0.7235;0.055286;3.883757;1.756131;-0.3267;-0.6082;0.7235;-0.219711;3.7296;-2.056606;-0.3879;-0.6082;-0.6926;-0.690476;3.365424;-1.473173;-0.3879;-0.6082;-0.6926;-1.433904;3.7296;-1.376585;-0.3879;-0.6082;-0.6926;1.348566;3.542475;0.682025;0.7786;-0.625;0.0557;1.123212;3.200833;-0.001349;0.7786;-0.625;0.0557;1.447356;3.550417;-0.610274;0.7786;-0.625;0.0557;0.03834;3.230191;-0.160701;0.3428;-0.8959;-0.2826;-0.690476;3.365424;-1.473173;0.3428;-0.8959;-0.2826;-0.219711;3.7296;-2.056606;0.3428;-0.8959;-0.2826;0.03834;3.230191;-0.160701;0.132;0.9628;0.2357;-0.219711;3.7296;-2.056606;0.132;0.9628;0.2357;-1.433904;3.7296;-1.376585;0.132;0.9628;0.2357;1.447356;3.550417;-0.610274;0.5309;-0.8255;-0.1913;1.123212;3.200833;-0.001349;0.5309;-0.8255;-0.1913;0.122803;2.571623;-0.062549;0.5309;-0.8255;-0.1913;0.122803;2.571623;-0.062549;-0.6048;0.7953;-0.0413;1.348566;3.542475;0.682025;-0.6048;0.7953;-0.0413;1.447356;3.550417;-0.610274;-0.6048;0.7953;-0.0413;0.056328;2.968116;-0.097662;-0.4371;-0.8846;0.1624;-0.517136;3.48236;1.160229;-0.4371;-0.8846;0.1624;-1.342675;3.883757;1.124853;-0.4371;-0.8846;0.1624;0.056328;2.968116;-0.097662;0.1961;0.8792;-0.4342;-1.342675;3.883757;1.124853;0.1961;0.8792;-0.4342;0.055286;3.883757;1.756131;0.1961;0.8792;-0.4342;0.405988;5.171579;0.954048;0.1179;-0.8141;0.5687;-0.015459;4.955916;0.73269;0.1179;-0.8141;0.5687;0.144491;4.427471;-0.056875;0.1179;-0.8141;0.5687;-0.426066;5.278675;0.713813;-0.3008;-0.3304;0.8946;-0.015459;4.955916;0.73269;-0.3008;-0.3304;0.8946;0.405988;5.171579;0.954048;-0.3008;-0.3304;0.8946;0.144491;4.427471;-0.056875;-0.5855;-0.7235;0.3656;-0.015459;4.955916;0.73269;-0.5855;-0.7235;0.3656;-0.426066;5.278675;0.713813;-0.5855;-0.7235;0.3656;0.144491;4.427471;-0.056875;0.2728;0.7398;-0.6151;-0.426066;5.278675;0.713813;0.2728;0.7398;-0.6151;0.405988;5.171579;0.954048;0.2728;0.7398;-0.6151;-0.595875;5.670233;-0.75557;-0.7877;-0.5768;0.2164;-0.290796;5.203851;-0.888033;-0.7877;-0.5768;0.2164;0.177672;4.873595;-0.063103;-0.7877;-0.5768;0.2164;0.029268;5.26962;-1.358528;-0.7565;-0.3354;-0.5615;-0.290796;5.203851;-0.888033;-0.7565;-0.3354;-0.5615;-0.595875;5.670233;-0.75557;-0.7565;-0.3354;-0.5615;0.177672;4.873595;-0.063103;-0.197;-0.9437;-0.2659;-0.290796;5.203851;-0.888033;-0.197;-0.9437;-0.2659;0.029268;5.26962;-1.358528;-0.197;-0.9437;-0.2659;0.177672;4.873595;-0.063103;0.6363;0.7551;0.158;0.029268;5.26962;-1.358528;0.6363;0.7551;0.158;-0.595875;5.670233;-0.75557;0.6363;0.7551;0.158
-0.509898;0.834853;-0.669807;0.653799;4.299302;0.715999;1;1
54;1
54;-1;0;0;0.1
-0.338235;2.772545;-0.669807;0.7569;-0.0975;-0.6462;0.127644;2.86866;-0.138593;0.7569;-0.0975;-0.6462;-0.099148;2.401573;-0.333774;0.7569;-0.0975;-0.6462;-0.338235;2.772545;-0.669807;0.4404;0.7327;-0.5188;-0.412631;3.153554;-0.194907;0.4404;0.7327;-0.5188;0.127644;2.86866;-0.138593;0.4404;0.7327;-0.5188;0.127644;2.86866;-0.138593;0.3921;-0.5102;0.7654;-0.509898;2.57831;-0.005522;0.3921;-0.5102;0.7654;-0.099148;2.401573;-0.333774;0.3921;-0.5102;0.7654;0.127644;2.86866;-0.138593;0.0606;0.3029;0.9511;-0.412631;3.153554;-0.194907;0.0606;0.3029;0.9511;-0.509898;2.57831;-0.005522;0.0606;0.3029;0.9511;-0.509898;2.57831;-0.005522;-0.9703;0.0902;-0.2244;-0.412631;3.153554;-0.194907;-0.9703;0.0902;-0.2244;-0.338235;2.772545;-0.669807;-0.9703;0.0902;-0.2244;-0.509898;2.57831;-0.005522;-0.5979;-0.7145;-0.3634;-0.338235;2.772545;-0.669807;-0.5979;-0.7145;-0.3634;-0.099148;2.401573;-0.333774;-0.5979;-0.7145;-0.3634;-0.499096;1.145571;0.27104;-0.2615;-0.7568;-0.5991;0.180113;1.07286;0.066445;-0.2615;-0.7568;-0.5991;-0.093174;0.834853;0.486406;-0.2615;-0.7568;-0.5991;-0.499096;1.145571;0.27104;-0.2813;0.0659;-0.9573;-0.101332;1.604638;0.18575;-0.2813;0.0659;-0.9573;0.180113;1.07286;0.066445;-0.2813;0.0659;-0.9573;0.180113;1.07286;0.066445;0.8596;-0.3756;0.3465;0.028451;1.32495;0.715999;0.8596;-0.3756;0.3465;-0.093174;0.834853;0.486406;0.8596;-0.3756;0.3465;0.180113;1.07286;0.066445;0.886;0.4628;0.0273;-0.101332;1.604638;0.18575;0.886;0.4628;0.0273;0.028451;1.32495;0.715999;0.886;0.4628;0.0273;0.028451;1.32495;0.715999;-0.6169;0.6237;0.48;-0.101332;1.604638;0.18575;-0.6169;0.6237;0.48;-0.499096;1.145571;0.27104;-0.6169;0.6237;0.48;0.028451;1.32495;0.715999;-0.5838;-0.2211;0.7812;-0.499096;1.145571;0.27104;-0.5838;-0.2211;0.7812;-0.093174;0.834853;0.486406;-0.5838;-0.2211;0.7812;0.101006;3.688074;-0.021901;-0.0438;-0.6567;-0.7528;0.596269;4.060039;-0.375212;-0.0438;-0.6567;-0.7528;0.653799;3.642633;-0.01443;-0.0438;-0.6567;-0.7528;0.101006;3.688074;-0.021901;-0.6022;0.0446;-0.7971;0.152128;4.299302;-0.026321;-0.6022;0.0446;-0.7971;0.596269;4.060039;-0.375212;-0.6022;0.0446;-0.7971;0.596269;4.060039;-0.375212;0.9892;0.1463;0.0115;0.587119;4.065959;0.337777;0.9892;0.1463;0.0115;0.653799;3.642633;-0.01443;0.9892;0.1463;0.0115;0.596269;4.060039;-0.375212;0.4735;0.8808;-0.0012;0.152128;4.299302;-0.026321;0.4735;0.8808;-0.0012;0.587119;4.065959;0.337777;0.4735;0.8808;-0.0012;0.587119;4.065959;0.337777;-0.6224;0.0577;0.7806;0.152128;4.299302;-0.026321;-0.6224;0.0577;0.7806;0.101006;3.688074;-0.021901;-0.6224;0.0577;0.7806;0.587119;4.065959;0.337777;-0.0633;-0.6442;0.7623;0.101006;3.688074;-0.021901;-0.0633;-0.6442;0.7623;0.653799;3.642633;-0.01443;-0.0633;-0.6442;0.7623
6
MATERIAL;second;0;count;6;CUSTOM;0.788;0.396;0.396;5000;PINK;30000;ORANGE;50000;YELLOW;100000;DARK_PURPLE;900000;BLACK;500000
INFO;NameId;511;DescId;512;price;5700;dpPerMin;0;range;2;placeSound;thud
LIFE;averagePop;5.0;averageLife;21.0;popFactors;1;0.5;breedMat;10.5;breedTime;7.5964003;parentId;-1;FADE_DEATH;0.5;enviroReqCount;2;reqId;1;minAltitude;0;maxAltitude;15;influence;0.85;reqId;2;barren;0;goodBiomes;2;0;8;ideal;100;influence;0.85
GROWTH;dynamic;0;growthTime;7.0;modelStages;3;subStages;1
FRUITER;startModelIndex;3;stageCount;1;fruiterTime;15
FOOD;1;906;12;FRUIT
