0.25
abs
0;1
2
-0.496225;0.023818;-1.117316;0.544672;1.706631;1.202597;1
117;5
12;0.90354544;0.5459881;0.41549188
-0.225756;0.023818;0.12484;-0.6839;-0.3338;-0.6488;-0.003135;0.701148;-0.458334;-0.6839;-0.3338;-0.6488;-0.003135;0.173741;-0.186971;-0.6839;-0.3338;-0.6488;-0.003135;0.173741;-0.186971;0.6839;-0.3338;-0.6488;-0.003135;0.701148;-0.458334;0.6839;-0.3338;-0.6488;0.219486;0.023818;0.12484;0.6839;-0.3338;-0.6488;0.219486;0.023818;0.12484;-0.0;0.6525;0.7578;-0.003135;0.701148;-0.458334;-0.0;0.6525;0.7578;-0.225756;0.023818;0.12484;-0.0;0.6525;0.7578;-0.003135;0.173741;-0.186971;0.0;-0.9012;-0.4333;0.219486;0.023818;0.12484;0.0;-0.9012;-0.4333;-0.225756;0.023818;0.12484;0.0;-0.9012;-0.4333
42;0.90388113;0.8277607;0.47470194
-0.005739;1.070052;0.665896;-0.8424;-0.5325;0.0821;-0.346378;1.544014;0.245116;-0.8424;-0.5325;0.0821;-0.205024;1.299576;0.110071;-0.8424;-0.5325;0.0821;-0.496225;0.287665;-0.086185;0.0144;-0.9736;-0.2279;-0.046727;0.535665;-1.117316;0.0144;-0.9736;-0.2279;0.540999;0.291987;-0.039326;0.0144;-0.9736;-0.2279;0.237537;1.299021;0.130142;0.8239;0.1141;0.5551;-0.025491;0.751604;0.633109;0.8239;0.1141;0.5551;0.544672;1.182584;-0.301843;0.8239;0.1141;0.5551;-0.205024;1.299576;0.110071;-0.9381;0.0226;0.3457;-0.025491;0.751604;0.633109;-0.9381;0.0226;0.3457;-0.005739;1.070052;0.665896;-0.9381;0.0226;0.3457;-0.006626;1.534612;0.852752;-0.0234;0.8421;0.5388;0.16039;1.70625;0.591756;-0.0234;0.8421;0.5388;-0.14344;1.706631;0.577976;-0.0234;0.8421;0.5388;-0.005739;1.070052;0.665896;0.8345;-0.2927;0.4669;0.377237;1.543106;0.277933;0.8345;-0.2927;0.4669;-0.020535;1.322536;0.850618;0.8345;-0.2927;0.4669;-0.020535;1.322536;0.850618;-0.8669;0.0726;0.4931;-0.14344;1.706631;0.577976;-0.8669;0.0726;0.4931;-0.346378;1.544014;0.245116;-0.8669;0.0726;0.4931;-0.020535;1.322536;0.850618;0.8586;-0.0614;0.509;0.16039;1.70625;0.591756;0.8586;-0.0614;0.509;-0.006626;1.534612;0.852752;0.8586;-0.0614;0.509;-0.005739;1.070052;0.665896;-0.8793;-0.3137;0.3584;-0.020535;1.322536;0.850618;-0.8793;-0.3137;0.3584;-0.346378;1.544014;0.245116;-0.8793;-0.3137;0.3584;0.237537;1.299021;0.130142;0.9211;-0.096;0.3772;-0.005739;1.070052;0.665896;0.9211;-0.096;0.3772;-0.025491;0.751604;0.633109;0.9211;-0.096;0.3772;-0.205024;1.299576;0.110071;-0.854;0.1845;0.4864;-0.492553;1.178262;-0.348702;-0.854;0.1845;0.4864;-0.025491;0.751604;0.633109;-0.854;0.1845;0.4864;-0.005739;1.070052;0.665896;0.8218;-0.5531;0.1368;0.237537;1.299021;0.130142;0.8218;-0.5531;0.1368;0.377237;1.543106;0.277933;0.8218;-0.5531;0.1368;-0.020535;1.322536;0.850618;-0.8803;0.053;0.4715;-0.006626;1.534612;0.852752;-0.8803;0.053;0.4715;-0.14344;1.706631;0.577976;-0.8803;0.053;0.4715;-0.020535;1.322536;0.850618;0.8219;-0.0033;0.5696;0.377237;1.543106;0.277933;0.8219;-0.0033;0.5696;0.16039;1.70625;0.591756;0.8219;-0.0033;0.5696
36;0.15262625;0.15262625;0.15262625
0.540999;0.291987;-0.039326;0.8533;-0.1507;-0.4993;-0.046727;0.535665;-1.117316;0.8533;-0.1507;-0.4993;0.544672;1.182584;-0.301843;0.8533;-0.1507;-0.4993;-0.492553;1.178262;-0.348702;-0.8991;-0.1204;-0.4209;-0.046727;0.535665;-1.117316;-0.8991;-0.1204;-0.4209;-0.496225;0.287665;-0.086185;-0.8991;-0.1204;-0.4209;0.544672;1.182584;-0.301843;0.0253;0.7741;-0.6325;-0.046727;0.535665;-1.117316;0.0253;0.7741;-0.6325;-0.492553;1.178262;-0.348702;0.0253;0.7741;-0.6325;0.540999;0.291987;-0.039326;0.8068;0.164;0.5676;0.544672;1.182584;-0.301843;0.8068;0.164;0.5676;-0.025491;0.751604;0.633109;0.8068;0.164;0.5676;-0.492553;1.178262;-0.348702;-0.868;0.1437;0.4754;-0.496225;0.287665;-0.086185;-0.868;0.1437;0.4754;-0.025491;0.751604;0.633109;-0.868;0.1437;0.4754;-0.496225;0.287665;-0.086185;-0.0215;-0.8337;0.5518;0.540999;0.291987;-0.039326;-0.0215;-0.8337;0.5518;-0.025491;0.751604;0.633109;-0.0215;-0.8337;0.5518;-0.205024;1.299576;0.110071;0.0077;0.9655;-0.2602;0.544672;1.182584;-0.301843;0.0077;0.9655;-0.2602;-0.492553;1.178262;-0.348702;0.0077;0.9655;-0.2602;0.237537;1.299021;0.130142;0.0398;0.5007;-0.8647;-0.346378;1.544014;0.245116;0.0398;0.5007;-0.8647;0.377237;1.543106;0.277933;0.0398;0.5007;-0.8647;0.377237;1.543106;0.277933;0.0215;0.8931;-0.4494;-0.14344;1.706631;0.577976;0.0215;0.8931;-0.4494;0.16039;1.70625;0.591756;0.0215;0.8931;-0.4494;-0.205024;1.299576;0.110071;0.0126;0.9677;-0.2518;0.237537;1.299021;0.130142;0.0126;0.9677;-0.2518;0.544672;1.182584;-0.301843;0.0126;0.9677;-0.2518;0.237537;1.299021;0.130142;0.0398;0.5007;-0.8647;-0.205024;1.299576;0.110071;0.0398;0.5007;-0.8647;-0.346378;1.544014;0.245116;0.0398;0.5007;-0.8647;0.377237;1.543106;0.277933;0.0215;0.8931;-0.4494;-0.346378;1.544014;0.245116;0.0215;0.8931;-0.4494;-0.14344;1.706631;0.577976;0.0215;0.8931;-0.4494
6;0.5255253;0.90354544;0.86805296
-0.11839;1.431693;1.031765;0.0371;0.9708;0.2371;0.121319;1.532399;0.581893;0.0371;0.9708;0.2371;-0.129283;1.54319;0.576946;0.0371;0.9708;0.2371;-0.11839;1.431693;1.031765;0.0371;0.9708;0.2371;0.08874;1.422774;1.035854;0.0371;0.9708;0.2371;0.121319;1.532399;0.581893;0.0371;0.9708;0.2371
21;0.93513966;0.65979594;0.41292113
0.08874;1.422774;1.035854;0.9033;-0.3944;-0.1686;0.002586;1.154217;1.202597;0.9033;-0.3944;-0.1686;-0.012372;1.233373;0.937198;0.9033;-0.3944;-0.1686;-0.012372;1.233373;0.937198;-0.8945;-0.4397;-0.0807;0.002586;1.154217;1.202597;-0.8945;-0.4397;-0.0807;-0.11839;1.431693;1.031765;-0.8945;-0.4397;-0.0807;-0.11839;1.431693;1.031765;0.0059;0.5261;0.8504;0.002586;1.154217;1.202597;0.0059;0.5261;0.8504;0.08874;1.422774;1.035854;0.0059;0.5261;0.8504;-0.012372;1.233373;0.937198;0.8909;-0.452;-0.0452;0.121319;1.532399;0.581893;0.8909;-0.452;-0.0452;0.08874;1.422774;1.035854;0.8909;-0.452;-0.0452;-0.012372;1.233373;0.937198;-0.9214;-0.3872;-0.0339;-0.129283;1.54319;0.576946;-0.9214;-0.3872;-0.0339;-9.8E-4;1.234888;0.61059;-0.9214;-0.3872;-0.0339;-0.012372;1.233373;0.937198;0.9255;-0.3775;0.0305;-9.8E-4;1.234888;0.61059;0.9255;-0.3775;0.0305;0.121319;1.532399;0.581893;0.9255;-0.3775;0.0305;-0.012372;1.233373;0.937198;-0.8951;-0.4376;-0.0858;-0.11839;1.431693;1.031765;-0.8951;-0.4376;-0.0858;-0.129283;1.54319;0.576946;-0.8951;-0.4376;-0.0858
-3.625875;0.073846;-5.397407;3.61542;5.039622;4.253016;2.3
246;7
48;0.8163943;0.7188505;0.12973864
0.687871;3.537928;1.398215;0.0;0.448;0.894;-0.68787;3.537928;1.398216;0.0;0.448;0.894;1.0E-6;2.246594;2.045369;0.0;0.448;0.894;-0.896781;2.353293;0.719627;-0.8229;-0.1661;0.5433;1.0E-6;2.246594;2.045369;-0.8229;-0.1661;0.5433;-0.68787;3.537928;1.398216;-0.8229;-0.1661;0.5433;0.896781;2.353293;0.719627;0.7735;-0.401;0.4909;1.0E-6;2.246594;2.045369;0.7735;-0.401;0.4909;0.0;1.647723;1.556248;0.7735;-0.401;0.4909;-0.68787;3.537928;1.398216;-0.5839;0.0931;0.8065;1.0E-6;2.246594;2.045369;-0.5839;0.0931;0.8065;1.0E-6;3.198634;1.935408;-0.5839;0.0931;0.8065;1.0E-6;2.246594;2.045369;0.5839;0.0931;0.8065;0.687871;3.537928;1.398215;0.5839;0.0931;0.8065;1.0E-6;3.198634;1.935408;0.5839;0.0931;0.8065;-0.68787;3.537928;1.398216;-0.6639;-0.2069;0.7186;1.0E-6;3.611804;2.055018;-0.6639;-0.2069;0.7186;-0.302146;4.22949;1.953705;-0.6639;-0.2069;0.7186;0.0;4.560811;0.978357;-0.842;0.5336;-0.0796;-0.68787;3.537928;1.398216;-0.842;0.5336;-0.0796;-0.302146;4.22949;1.953705;-0.842;0.5336;-0.0796;0.687871;3.537928;1.398215;0.6637;-0.208;0.7185;1.0E-6;3.611804;2.055018;0.6637;-0.208;0.7185;1.0E-6;3.198634;1.935408;0.6637;-0.208;0.7185;0.687871;3.537928;1.398215;0.842;0.5336;-0.0796;0.0;4.560811;0.978357;0.842;0.5336;-0.0796;0.302146;4.22949;1.953705;0.842;0.5336;-0.0796;0.302146;4.22949;1.953705;0.8457;0.5272;-0.0829;0.0;4.560811;0.978357;0.8457;0.5272;-0.0829;0.0;4.662719;1.62666;0.8457;0.5272;-0.0829;0.0;4.560811;0.978357;-0.8457;0.5272;-0.0829;-0.302146;4.22949;1.953705;-0.8457;0.5272;-0.0829;0.0;4.662719;1.62666;-0.8457;0.5272;-0.0829;0.687871;3.537928;1.398215;0.0;0.3797;0.9251;0.0;4.560811;0.978357;0.0;0.3797;0.9251;-0.68787;3.537928;1.398216;0.0;0.3797;0.9251;-0.896781;2.353293;0.719627;-0.7735;-0.401;0.4909;0.0;1.647723;1.556248;-0.7735;-0.401;0.4909;1.0E-6;2.246594;2.045369;-0.7735;-0.401;0.4909;0.896781;2.353293;0.719627;0.8229;-0.1661;0.5433;0.687871;3.537928;1.398215;0.8229;-0.1661;0.5433;1.0E-6;2.246594;2.045369;0.8229;-0.1661;0.5433;-0.68787;3.537928;1.398216;-0.6637;-0.208;0.7185;1.0E-6;3.198634;1.935408;-0.6637;-0.208;0.7185;1.0E-6;3.611804;2.055018;-0.6637;-0.208;0.7185;0.687871;3.537928;1.398215;0.6639;-0.2069;0.7186;0.302146;4.22949;1.953705;0.6639;-0.2069;0.7186;1.0E-6;3.611804;2.055018;0.6639;-0.2069;0.7186
132;0.2184935;0.2184935;0.2184935
-1.0E-6;2.372613;-1.260285;0.7524;0.5671;-0.3352;0.896781;2.353293;0.719627;0.7524;0.5671;-0.3352;0.906553;1.363325;-0.933038;0.7524;0.5671;-0.3352;0.0;3.188366;0.28307;-0.7725;0.287;-0.5665;-0.68787;3.537928;1.398216;-0.7725;0.287;-0.5665;0.0;4.560811;0.978357;-0.7725;0.287;-0.5665;-0.896781;2.353293;0.719627;-0.7528;-0.5733;0.3235;-0.0;0.60462;-0.292218;-0.7528;-0.5733;0.3235;0.0;1.647723;1.556248;-0.7528;-0.5733;0.3235;0.896781;2.353293;0.719627;0.7344;-0.5803;0.3519;-0.0;0.60462;-0.292218;0.7344;-0.5803;0.3519;0.906553;1.363325;-0.933038;0.7344;-0.5803;0.3519;-0.896781;2.353293;0.719627;-0.7524;0.5671;-0.3352;-1.0E-6;2.372613;-1.260285;-0.7524;0.5671;-0.3352;-0.906554;1.363325;-0.933038;-0.7524;0.5671;-0.3352;0.0;3.188366;0.28307;0.6921;0.4468;-0.5669;0.687871;3.537928;1.398215;0.6921;0.4468;-0.5669;0.896781;2.353293;0.719627;0.6921;0.4468;-0.5669;-0.906554;1.363325;-0.933038;-0.5645;-0.8097;-0.1601;-1.0E-6;0.845862;-1.512488;-0.5645;-0.8097;-0.1601;-0.0;0.60462;-0.292218;-0.5645;-0.8097;-0.1601;-1.0E-6;1.57286;-1.880595;-0.7594;0.641;0.1114;-0.765165;1.026013;-3.950284;-0.7594;0.641;0.1114;-0.312543;1.14894;-1.572046;-0.7594;0.641;0.1114;-1.0E-6;1.57286;-1.880595;0.4905;0.8701;-0.0486;0.765161;1.026013;-3.950284;0.4905;0.8701;-0.0486;-2.0E-6;1.376614;-5.397407;0.4905;0.8701;-0.0486;-1.0E-6;2.372613;-1.260285;0.7244;0.6095;-0.3222;0.0;3.188366;0.28307;0.7244;0.6095;-0.3222;0.896781;2.353293;0.719627;0.7244;0.6095;-0.3222;0.0;3.188366;0.28307;-0.6921;0.4468;-0.5669;-0.896781;2.353293;0.719627;-0.6921;0.4468;-0.5669;-0.68787;3.537928;1.398216;-0.6921;0.4468;-0.5669;-0.896781;2.353293;0.719627;-0.7344;-0.5803;0.3519;-0.906554;1.363325;-0.933038;-0.7344;-0.5803;0.3519;-0.0;0.60462;-0.292218;-0.7344;-0.5803;0.3519;0.896781;2.353293;0.719627;0.7528;-0.5733;0.3235;0.0;1.647723;1.556248;0.7528;-0.5733;0.3235;-0.0;0.60462;-0.292218;0.7528;-0.5733;0.3235;-0.896781;2.353293;0.719627;-0.7244;0.6095;-0.3222;0.0;3.188366;0.28307;-0.7244;0.6095;-0.3222;-1.0E-6;2.372613;-1.260285;-0.7244;0.6095;-0.3222;0.0;3.188366;0.28307;0.7725;0.287;-0.5665;0.0;4.560811;0.978357;0.7725;0.287;-0.5665;0.687871;3.537928;1.398215;0.7725;0.287;-0.5665;0.906553;1.363325;-0.933038;0.5645;-0.8097;-0.1601;-0.0;0.60462;-0.292218;0.5645;-0.8097;-0.1601;-1.0E-6;0.845862;-1.512488;0.5645;-0.8097;-0.1601;-1.0E-6;1.57286;-1.880595;-0.4905;0.8701;-0.0486;-2.0E-6;1.376614;-5.397407;-0.4905;0.8701;-0.0486;-0.765165;1.026013;-3.950284;-0.4905;0.8701;-0.0486;-1.0E-6;1.57286;-1.880595;0.7594;0.641;0.1114;0.312542;1.14894;-1.572047;0.7594;0.641;0.1114;0.765161;1.026013;-3.950284;0.7594;0.641;0.1114;2.30553;2.164869;-0.489768;0.2711;0.9528;-0.1366;0.892125;2.504175;-0.927919;0.2711;0.9528;-0.1366;-0.073219;2.900296;-0.080585;0.2711;0.9528;-0.1366;3.61542;0.777555;-0.671092;0.0524;-0.9417;-0.3323;2.955989;1.234527;-2.070249;0.0524;-0.9417;-0.3323;3.594918;1.068545;-1.499061;0.0524;-0.9417;-0.3323;2.30553;2.164869;-0.489768;0.4765;0.8293;-0.292;3.594918;1.068545;-1.499061;0.4765;0.8293;-0.292;2.955989;1.234527;-2.070249;0.4765;0.8293;-0.292;2.30553;2.164869;-0.489768;0.2658;0.9502;-0.1625;-0.073219;2.900296;-0.080585;0.2658;0.9502;-0.1625;0.32925;2.926772;0.73288;0.2658;0.9502;-0.1625;-0.073219;2.900296;-0.080585;-0.4427;-0.8924;-0.0872;1.592748;1.967563;1.006675;-0.4427;-0.8924;-0.0872;0.46326;2.489403;1.400768;-0.4427;-0.8924;-0.0872;2.30553;2.164869;-0.489768;0.69;0.5982;0.4075;1.592748;1.967563;1.006675;0.69;0.5982;0.4075;3.61542;0.777555;-0.671092;0.69;0.5982;0.4075;2.30553;2.164869;-0.489768;0.7242;0.656;0.2126;3.61542;0.777555;-0.671092;0.7242;0.656;0.2126;3.594918;1.068545;-1.499061;0.7242;0.656;0.2126;0.46326;2.489403;1.400768;0.4895;0.8034;0.3391;1.592748;1.967563;1.006675;0.4895;0.8034;0.3391;2.30553;2.164869;-0.489768;0.4895;0.8034;0.3391;1.592748;1.967563;1.006675;-0.5389;-0.8415;-0.0383;0.892125;2.504175;-0.927919;-0.5389;-0.8415;-0.0383;2.955989;1.234527;-2.070249;-0.5389;-0.8415;-0.0383;2.30553;2.164869;-0.489768;0.325;0.8674;-0.3768;2.955989;1.234527;-2.070249;0.325;0.8674;-0.3768;0.892125;2.504175;-0.927919;0.325;0.8674;-0.3768;-0.073219;2.900296;-0.080585;-0.4427;-0.8924;-0.0872;0.892125;2.504175;-0.927919;-0.4427;-0.8924;-0.0872;1.592748;1.967563;1.006675;-0.4427;-0.8924;-0.0872;1.592748;1.967563;1.006675;-0.5253;-0.8504;-0.0302;2.955989;1.234527;-2.070249;-0.5253;-0.8504;-0.0302;3.61542;0.777555;-0.671092;-0.5253;-0.8504;-0.0302;0.46326;2.489403;1.400768;0.5304;0.7541;0.3874;2.30553;2.164869;-0.489768;0.5304;0.7541;0.3874;0.32925;2.926772;0.73288;0.5304;0.7541;0.3874;-0.473714;2.489403;1.400768;-0.5304;0.7541;0.3874;-0.339704;2.926772;0.73288;-0.5304;0.7541;0.3874;-2.315985;2.164869;-0.489766;-0.5304;0.7541;0.3874;-2.315985;2.164869;-0.489766;-0.69;0.5982;0.4075;-3.625875;0.777555;-0.671089;-0.69;0.5982;0.4075;-1.603202;1.967563;1.006676;-0.69;0.5982;0.4075;0.062764;2.900296;-0.080585;0.4427;-0.8924;-0.0872;-0.473714;2.489403;1.400768;0.4427;-0.8924;-0.0872;-1.603202;1.967563;1.006676;0.4427;-0.8924;-0.0872;-2.315985;2.164869;-0.489766;-0.2711;0.9528;-0.1366;0.062764;2.900296;-0.080585;-0.2711;0.9528;-0.1366;-0.902581;2.504175;-0.927918;-0.2711;0.9528;-0.1366;-2.315985;2.164869;-0.489766;-0.2658;0.9502;-0.1625;-0.339704;2.926772;0.73288;-0.2658;0.9502;-0.1625;0.062764;2.900296;-0.080585;-0.2658;0.9502;-0.1625;-3.625875;0.777555;-0.671089;-0.0524;-0.9417;-0.3323;-3.605374;1.068545;-1.499058;-0.0524;-0.9417;-0.3323;-2.966445;1.234527;-2.070247;-0.0524;-0.9417;-0.3323;0.062764;2.900296;-0.080585;0.4427;-0.8924;-0.0872;-1.603202;1.967563;1.006676;0.4427;-0.8924;-0.0872;-0.902581;2.504175;-0.927918;0.4427;-0.8924;-0.0872;-2.315985;2.164869;-0.489766;-0.7242;0.656;0.2126;-3.605374;1.068545;-1.499058;-0.7242;0.656;0.2126;-3.625875;0.777555;-0.671089;-0.7242;0.656;0.2126;-2.315985;2.164869;-0.489766;-0.325;0.8674;-0.3768;-0.902581;2.504175;-0.927918;-0.325;0.8674;-0.3768;-2.966445;1.234527;-2.070247;-0.325;0.8674;-0.3768;-2.315985;2.164869;-0.489766;-0.4765;0.8293;-0.292;-2.966445;1.234527;-2.070247;-0.4765;0.8293;-0.292;-3.605374;1.068545;-1.499058;-0.4765;0.8293;-0.292;-1.603202;1.967563;1.006676;0.5389;-0.8415;-0.0383;-2.966445;1.234527;-2.070247;0.5389;-0.8415;-0.0383;-0.902581;2.504175;-0.927918;0.5389;-0.8415;-0.0383;-0.473714;2.489403;1.400768;-0.4895;0.8034;0.3391;-2.315985;2.164869;-0.489766;-0.4895;0.8034;0.3391;-1.603202;1.967563;1.006676;-0.4895;0.8034;0.3391;-1.603202;1.967563;1.006676;0.5253;-0.8504;-0.0302;-3.625875;0.777555;-0.671089;0.5253;-0.8504;-0.0302;-2.966445;1.234527;-2.070247;0.5253;-0.8504;-0.0302
18;0.5879194;0.30527946;0.3103188
0.906553;1.363325;-0.933038;0.6402;-0.6314;-0.4377;-1.0E-6;0.845862;-1.512488;0.6402;-0.6314;-0.4377;-1.0E-6;1.351421;-2.241706;0.6402;-0.6314;-0.4377;1.0E-6;4.122528;2.85767;0.8893;-0.4501;-0.0812;0.201817;4.421907;3.40845;0.8893;-0.4501;-0.0812;1.0E-6;3.870708;4.253016;0.8893;-0.4501;-0.0812;0.201817;4.421907;3.40845;0.915;0.201;0.3498;1.0E-6;4.781959;3.729416;0.915;0.201;0.3498;1.0E-6;3.870708;4.253016;0.915;0.201;0.3498;1.0E-6;4.781959;3.729416;-0.915;0.201;0.3498;-0.201815;4.421907;3.40845;-0.915;0.201;0.3498;1.0E-6;3.870708;4.253016;-0.915;0.201;0.3498;-0.201815;4.421907;3.40845;-0.8893;-0.4501;-0.0812;1.0E-6;4.122528;2.85767;-0.8893;-0.4501;-0.0812;1.0E-6;3.870708;4.253016;-0.8893;-0.4501;-0.0812;-0.906554;1.363325;-0.933038;-0.6402;-0.6314;-0.4377;-1.0E-6;1.351421;-2.241706;-0.6402;-0.6314;-0.4377;-1.0E-6;0.845862;-1.512488;-0.6402;-0.6314;-0.4377
6;0.90354544;0.90354544;0.90354544
0.906553;1.363325;-0.933038;0.7181;0.4823;-0.5018;-1.0E-6;1.351421;-2.241706;0.7181;0.4823;-0.5018;-1.0E-6;2.372613;-1.260285;0.7181;0.4823;-0.5018;-0.906554;1.363325;-0.933038;-0.7181;0.4823;-0.5018;-1.0E-6;2.372613;-1.260285;-0.7181;0.4823;-0.5018;-1.0E-6;1.351421;-2.241706;-0.7181;0.4823;-0.5018
6;0.5255253;0.90354544;0.86805296
-0.302146;4.22949;1.953705;-0.6797;-0.7196;0.1421;1.0E-6;4.122528;2.85767;-0.6797;-0.7196;0.1421;-0.201815;4.421907;3.40845;-0.6797;-0.7196;0.1421;0.302146;4.22949;1.953705;0.6797;-0.7196;0.1421;0.201817;4.421907;3.40845;0.6797;-0.7196;0.1421;1.0E-6;4.122528;2.85767;0.6797;-0.7196;0.1421
24;0.45688257;0.90354544;0.56609166
0.0;4.662719;1.62666;-0.8687;0.4504;-0.2059;-0.302146;4.22949;1.953705;-0.8687;0.4504;-0.2059;1.0E-6;5.039622;2.451035;-0.8687;0.4504;-0.2059;0.302146;4.22949;1.953705;0.8854;-0.3922;0.2495;1.0E-6;4.122528;2.85767;0.8854;-0.3922;0.2495;1.0E-6;3.611804;2.055018;0.8854;-0.3922;0.2495;1.0E-6;5.039622;2.451035;-0.8999;0.4276;0.0862;-0.201815;4.421907;3.40845;-0.8999;0.4276;0.0862;1.0E-6;4.781959;3.729416;-0.8999;0.4276;0.0862;1.0E-6;5.039622;2.451035;0.9407;0.3385;0.0201;0.201817;4.421907;3.40845;0.9407;0.3385;0.0201;0.302146;4.22949;1.953705;0.9407;0.3385;0.0201;-0.302146;4.22949;1.953705;-0.8854;-0.3922;0.2495;1.0E-6;3.611804;2.055018;-0.8854;-0.3922;0.2495;1.0E-6;4.122528;2.85767;-0.8854;-0.3922;0.2495;0.0;4.662719;1.62666;0.8687;0.4504;-0.2059;1.0E-6;5.039622;2.451035;0.8687;0.4504;-0.2059;0.302146;4.22949;1.953705;0.8687;0.4504;-0.2059;1.0E-6;5.039622;2.451035;-0.9407;0.3385;0.0201;-0.302146;4.22949;1.953705;-0.9407;0.3385;0.0201;-0.201815;4.421907;3.40845;-0.9407;0.3385;0.0201;1.0E-6;5.039622;2.451035;0.8999;0.4276;0.0862;1.0E-6;4.781959;3.729416;0.8999;0.4276;0.0862;0.201817;4.421907;3.40845;0.8999;0.4276;0.0862
12;0.90354544;0.5459881;0.41549188
-0.0;0.073846;0.049177;-0.5946;0.1761;0.7845;-0.0;1.942844;-0.370277;-0.5946;0.1761;0.7845;-0.524372;0.117843;-0.358093;-0.5946;0.1761;0.7845;-0.524372;0.117843;-0.358093;-0.0;-0.0067;-1.0;-0.0;1.942844;-0.370277;-0.0;-0.0067;-1.0;0.524371;0.117843;-0.358093;-0.0;-0.0067;-1.0;0.524371;0.117843;-0.358093;0.5946;0.1761;0.7845;-0.0;1.942844;-0.370277;0.5946;0.1761;0.7845;-0.0;0.073846;0.049177;0.5946;0.1761;0.7845;-0.0;0.073846;0.049177;-0.0;-0.9942;-0.1074;-0.524372;0.117843;-0.358093;-0.0;-0.9942;-0.1074;0.524371;0.117843;-0.358093;-0.0;-0.9942;-0.1074
8
INFO;NameId;432;DescId;433;price;48000;dpPerMin;76;range;3;placeSound;thud
LIFE;averagePop;4.0;averageLife;24.0;popFactors;0;breedMat;12.0;breedTime;8.680511;parentId;64;chance;490;reqCount;1;LIFE;type;2;enviroType;0;classification;ptj125;count;2;FALL_DEATH;fallTime;1.5;totalTime;2.5;angle;60;particles;0;enviroReqCount;2;reqId;2;barren;0;goodBiomes;3;5;7;9;idealFactor;70;influence;0.9;reqId;5;likedSpecies;1;pt;influence;0.8
GROWTH;dynamic;1;growthTime;8.0;modelStages;2
MOVEMENT;12
PERCHER;dieWhenPerchRemoved;0
AI;BIRD
BUILDER;buildModel;68;buildPoints;10;needsPerch;1;buildTime;30;buildAge;0.5;buildStartTime;0.13
NESTING;classification;es68;hatchStage;4;decreasesModel;1
