0.3
abs
0;1
2
-0.404917;0.004146;-0.602402;0.252334;1.194526;0.723842;1
102;4
12;0.83574355;0.47326452;0.29611006
-0.316786;0.004146;0.124673;-0.4886;-0.2715;-0.8292;-0.094082;0.472555;-0.159945;-0.4886;-0.2715;-0.8292;-0.094082;0.068139;-0.027508;-0.4886;-0.2715;-0.8292;-0.094082;0.068139;-0.027508;0.4886;-0.2715;-0.8292;-0.094082;0.472555;-0.159945;0.4886;-0.2715;-0.8292;0.128621;0.004146;0.124673;0.4886;-0.2715;-0.8292;0.128621;0.004146;0.124673;-0.0;0.5193;0.8546;-0.094082;0.472555;-0.159945;-0.0;0.5193;0.8546;-0.316786;0.004146;0.124673;-0.0;0.5193;0.8546;-0.094082;0.068139;-0.027508;0.0;-0.9218;-0.3876;0.128621;0.004146;0.124673;0.0;-0.9218;-0.3876;-0.316786;0.004146;0.124673;0.0;-0.9218;-0.3876
51;0.90354544;0.76341504;0.51521987
0.250015;0.228165;-0.024732;0.8353;-0.0272;-0.5491;-0.12243;0.451554;-0.602402;0.8353;-0.0272;-0.5491;0.252334;0.837977;-0.051409;0.8353;-0.0272;-0.5491;-0.402598;0.83895;-0.078086;-0.887;-0.0168;-0.4615;-0.12243;0.451554;-0.602402;-0.887;-0.0168;-0.4615;-0.404917;0.229137;-0.051409;-0.887;-0.0168;-0.4615;-0.225371;0.895042;0.164644;-0.8764;-0.4421;0.191;-0.105398;0.837592;0.582208;-0.8764;-0.4421;0.191;-0.317293;1.100695;0.218917;-0.8764;-0.4421;0.191;0.252334;0.837977;-0.051409;0.025;0.8104;-0.5854;-0.12243;0.451554;-0.602402;0.025;0.8104;-0.5854;-0.402598;0.83895;-0.078086;0.025;0.8104;-0.5854;-0.404917;0.229137;-0.051409;0.0136;-0.9296;-0.3683;-0.12243;0.451554;-0.602402;0.0136;-0.9296;-0.3683;0.250015;0.228165;-0.024732;0.0136;-0.9296;-0.3683;0.250015;0.228165;-0.024732;0.7772;0.0245;0.6287;0.252334;0.837977;-0.051409;0.7772;0.0245;0.6287;-0.108621;0.466247;0.409315;0.7772;0.0245;0.6287;-0.402598;0.83895;-0.078086;-0.8469;0.0265;0.5311;-0.404917;0.229137;-0.051409;-0.8469;0.0265;0.5311;-0.108621;0.466247;0.409315;-0.8469;0.0265;0.5311;-0.404917;0.229137;-0.051409;-0.0204;-0.8836;0.4678;0.250015;0.228165;-0.024732;-0.0204;-0.8836;0.4678;-0.108621;0.466247;0.409315;-0.0204;-0.8836;0.4678;0.062427;0.89306;0.176237;0.7718;0.0374;0.6348;-0.108621;0.466247;0.409315;0.7718;0.0374;0.6348;0.252334;0.837977;-0.051409;0.7718;0.0374;0.6348;-0.225371;0.895042;0.164644;-0.919;-0.0257;0.3935;-0.108621;0.466247;0.409315;-0.919;-0.0257;0.3935;-0.095776;0.734129;0.456797;-0.919;-0.0257;0.3935;-0.225371;0.895042;0.164644;0.0109;0.9725;-0.2327;0.252334;0.837977;-0.051409;0.0109;0.9725;-0.2327;-0.402598;0.83895;-0.078086;0.0109;0.9725;-0.2327;0.062427;0.89306;0.176237;0.8922;-0.3124;0.3262;-0.105398;0.837592;0.582208;0.8922;-0.3124;0.3262;-0.095776;0.734129;0.456797;0.8922;-0.3124;0.3262;-0.225371;0.895042;0.164644;-0.9135;-0.3455;0.2149;-0.095776;0.734129;0.456797;-0.9135;-0.3455;0.2149;-0.105398;0.837592;0.582208;-0.9135;-0.3455;0.2149;0.062427;0.89306;0.176237;0.8923;-0.1199;0.4352;-0.095776;0.734129;0.456797;0.8923;-0.1199;0.4352;-0.108621;0.466247;0.409315;0.8923;-0.1199;0.4352;-0.225371;0.895042;0.164644;-0.8145;0.1039;0.5707;-0.402598;0.83895;-0.078086;-0.8145;0.1039;0.5707;-0.108621;0.466247;0.409315;-0.8145;0.1039;0.5707;-0.225371;0.895042;0.164644;0.0157;0.9747;-0.2228;0.062427;0.89306;0.176237;0.0157;0.9747;-0.2228;0.252334;0.837977;-0.051409;0.0157;0.9747;-0.2228;0.062427;0.89306;0.176237;0.8411;-0.4598;0.2849;0.153273;1.097455;0.237873;0.8411;-0.4598;0.2849;-0.105398;0.837592;0.582208;0.8411;-0.4598;0.2849
12;0.62759894;0.46477497;0.34479952
-0.02664;0.98736;0.415875;0.8828;-0.4524;-0.1269;-0.103387;0.751222;0.723842;0.8828;-0.4524;-0.1269;-0.103387;0.835899;0.421934;0.8828;-0.4524;-0.1269;-0.103387;0.835899;0.421934;-0.8491;-0.5086;-0.1427;-0.103387;0.751222;0.723842;-0.8491;-0.5086;-0.1427;-0.190918;0.98736;0.402875;-0.8491;-0.5086;-0.1427;-0.190918;0.98736;0.402875;-0.0475;0.7984;0.6003;-0.103387;0.751222;0.723842;-0.0475;0.7984;0.6003;-0.02664;0.98736;0.415875;-0.0475;0.7984;0.6003;-0.103387;0.835899;0.421934;0.0786;-0.0796;-0.9937;-0.190918;0.98736;0.402875;0.0786;-0.0796;-0.9937;-0.02664;0.98736;0.415875;0.0786;-0.0796;-0.9937
27;-1;0;0
-0.096352;1.084055;0.598853;-0.0184;0.8047;0.5935;0.012258;1.193165;0.454275;-0.0184;0.8047;0.5935;-0.185323;1.194526;0.446316;-0.0184;0.8047;0.5935;0.062427;0.89306;0.176237;0.0406;0.2719;-0.9615;-0.317293;1.100695;0.218917;0.0406;0.2719;-0.9615;0.153273;1.097455;0.237873;0.0406;0.2719;-0.9615;0.153273;1.097455;0.237873;0.0221;0.9196;-0.3923;-0.185323;1.194526;0.446316;0.0221;0.9196;-0.3923;0.012258;1.193165;0.454275;0.0221;0.9196;-0.3923;-0.105398;0.837592;0.582208;-0.8645;-0.0022;0.5026;-0.185323;1.194526;0.446316;-0.8645;-0.0022;0.5026;-0.317293;1.100695;0.218917;-0.8645;-0.0022;0.5026;-0.105398;0.837592;0.582208;0.8218;-0.0684;0.5657;0.012258;1.193165;0.454275;0.8218;-0.0684;0.5657;-0.096352;1.084055;0.598853;0.8218;-0.0684;0.5657;0.062427;0.89306;0.176237;0.0406;0.2719;-0.9615;-0.225371;0.895042;0.164644;0.0406;0.2719;-0.9615;-0.317293;1.100695;0.218917;0.0406;0.2719;-0.9615;0.153273;1.097455;0.237873;0.0221;0.9196;-0.3923;-0.317293;1.100695;0.218917;0.0221;0.9196;-0.3923;-0.185323;1.194526;0.446316;0.0221;0.9196;-0.3923;-0.105398;0.837592;0.582208;-0.8645;-0.0022;0.5026;-0.096352;1.084055;0.598853;-0.8645;-0.0022;0.5026;-0.185323;1.194526;0.446316;-0.8645;-0.0022;0.5026;-0.105398;0.837592;0.582208;0.8218;-0.0684;0.5657;0.153273;1.097455;0.237873;0.8218;-0.0684;0.5657;0.012258;1.193165;0.454275;0.8218;-0.0684;0.5657
-2.215137;0.019709;-2.797359;2.074349;2.598448;2.028079;2
192;6
9;0.50923985;0.45063627;0.3844115
-0.11344;1.991141;1.491073;0.8887;-0.4545;-0.0601;0.019074;2.227724;1.66143;0.8887;-0.4545;-0.0601;-0.125891;1.895798;2.028079;0.8887;-0.4545;-0.0601;-0.248576;2.230296;1.655681;-0.8939;-0.4374;-0.0984;-0.11344;1.991141;1.491073;-0.8939;-0.4374;-0.0984;-0.125891;1.895798;2.028079;-0.8939;-0.4374;-0.0984;0.019074;2.227724;1.66143;-0.0072;0.7427;0.6695;-0.248576;2.230296;1.655681;-0.0072;0.7427;0.6695;-0.125891;1.895798;2.028079;-0.0072;0.7427;0.6695
66;0.90354544;0.76341504;0.51521987
-0.401057;2.26145;0.654848;-0.9077;-0.3732;0.1916;-0.11344;1.991141;1.491073;-0.9077;-0.3732;0.1916;-0.484747;2.598448;0.914896;-0.9077;-0.3732;0.1916;-0.0954;0.538756;0.001312;-0.8865;-0.3797;0.2644;-0.694454;1.866746;-0.100403;-0.8865;-0.3797;0.2644;-0.681744;1.284842;-0.893435;-0.8865;-0.3797;0.2644;-0.111037;0.973226;0.923734;0.9021;-0.1476;0.4056;0.213689;2.255541;0.668053;0.9021;-0.1476;0.4056;-0.10956;1.756224;1.205327;0.9021;-0.1476;0.4056;-0.111037;0.973226;0.923734;-0.9035;-0.1173;0.4123;-0.401057;2.26145;0.654848;-0.9035;-0.1173;0.4123;-0.694454;1.866746;-0.100403;-0.9035;-0.1173;0.4123;0.531606;1.854961;-0.074067;0.867;-0.3957;0.3028;-0.0954;0.538756;0.001312;0.867;-0.3957;0.3028;0.543048;1.273069;-0.867126;0.867;-0.3957;0.3028;0.543048;1.273069;-0.867126;0.7269;-0.663;0.179;-0.074084;0.566312;-0.978706;0.7269;-0.663;0.179;0.078418;0.558781;-1.625747;0.7269;-0.663;0.179;0.213689;2.255541;0.668053;0.9142;-0.3069;0.2648;-0.11344;1.991141;1.491073;0.9142;-0.3069;0.2648;-0.10956;1.756224;1.205327;0.9142;-0.3069;0.2648;-0.681744;1.284842;-0.893435;-0.7651;-0.6429;-0.0347;-0.074084;0.566312;-0.978706;-0.7651;-0.6429;-0.0347;-0.0954;0.538756;0.001312;-0.7651;-0.6429;-0.0347;1.75074;1.194507;0.32623;-0.525;-0.8092;0.2637;0.531606;1.854961;-0.074067;-0.525;-0.8092;0.2637;1.064789;1.310929;-0.682165;-0.525;-0.8092;0.2637;1.064789;1.310929;-0.682165;-0.3151;-0.9432;0.1055;2.074349;0.939504;-0.987277;-0.3151;-0.9432;0.1055;1.75074;1.194507;0.32623;-0.3151;-0.9432;0.1055;-0.694454;1.866746;-0.100403;0.4971;-0.8195;0.2853;-1.943385;1.230016;0.246879;0.4971;-0.8195;0.2853;-1.212658;1.33282;-0.731085;0.4971;-0.8195;0.2853;-1.212658;1.33282;-0.731085;0.2921;-0.949;0.1185;-1.943385;1.230016;0.246879;0.2921;-0.949;0.1185;-2.215137;0.980736;-1.079417;0.2921;-0.949;0.1185;-0.401057;2.26145;0.654848;-0.9299;-0.2903;0.226;-0.10956;1.756224;1.205327;-0.9299;-0.2903;0.226;-0.11344;1.991141;1.491073;-0.9299;-0.2903;0.226;-0.0954;0.538756;0.001312;-0.903;-0.3943;0.1704;-0.111037;0.973226;0.923734;-0.903;-0.3943;0.1704;-0.694454;1.866746;-0.100403;-0.903;-0.3943;0.1704;-0.111037;0.973226;0.923734;0.8828;-0.1337;0.4504;0.531606;1.854961;-0.074067;0.8828;-0.1337;0.4504;0.213689;2.255541;0.668053;0.8828;-0.1337;0.4504;-0.111037;0.973226;0.923734;-0.9207;-0.1305;0.3678;-0.10956;1.756224;1.205327;-0.9207;-0.1305;0.3678;-0.401057;2.26145;0.654848;-0.9207;-0.1305;0.3678;0.531606;1.854961;-0.074067;0.8875;-0.4109;0.2086;-0.111037;0.973226;0.923734;0.8875;-0.4109;0.2086;-0.0954;0.538756;0.001312;0.8875;-0.4109;0.2086;0.543048;1.273069;-0.867126;0.7534;-0.6575;-0.0021;-0.0954;0.538756;0.001312;0.7534;-0.6575;-0.0021;-0.074084;0.566312;-0.978706;0.7534;-0.6575;-0.0021;0.213689;2.255541;0.668053;0.8911;-0.3923;0.2282;0.293864;2.590964;0.931621;0.8911;-0.3923;0.2282;-0.11344;1.991141;1.491073;0.8911;-0.3923;0.2282;-0.681744;1.284842;-0.893435;-0.7465;-0.6488;0.1474;-0.198779;0.561446;-1.631701;-0.7465;-0.6488;0.1474;-0.074084;0.566312;-0.978706;-0.7465;-0.6488;0.1474;1.75074;1.194507;0.32623;-0.5008;-0.8587;0.1084;0.125933;2.197812;0.768019;-0.5008;-0.8587;0.1084;0.531606;1.854961;-0.074067;-0.5008;-0.8587;0.1084;-0.694454;1.866746;-0.100403;0.4788;-0.8682;0.1303;-0.320069;2.202099;0.758439;0.4788;-0.8682;0.1303;-1.943385;1.230016;0.246879;0.4788;-0.8682;0.1303
18;0.23066524;0.23066524;0.23066524
-0.484747;2.598448;0.914896;-0.8435;-0.5367;-0.0221;-0.11344;1.991141;1.491073;-0.8435;-0.5367;-0.0221;-0.49001;2.588393;1.360819;-0.8435;-0.5367;-0.0221;-0.49001;2.588393;1.360819;-0.8503;-0.5227;0.0614;-0.11344;1.991141;1.491073;-0.8503;-0.5227;0.0614;-0.248576;2.230296;1.655681;-0.8503;-0.5227;0.0614;-0.11344;1.991141;1.491073;0.8332;-0.5528;0.014;0.293864;2.590964;0.931621;0.8332;-0.5528;0.014;0.279782;2.580993;1.377354;0.8332;-0.5528;0.014;-0.11344;1.991141;1.491073;0.8367;-0.5389;0.0976;0.279782;2.580993;1.377354;0.8367;-0.5389;0.0976;0.019074;2.227724;1.66143;0.8367;-0.5389;0.0976;0.279782;2.580993;1.377354;-0.0106;0.6314;0.7754;-0.248576;2.230296;1.655681;-0.0106;0.6314;0.7754;0.019074;2.227724;1.66143;-0.0106;0.6314;0.7754;0.279782;2.580993;1.377354;-0.0106;0.6314;0.7754;-0.49001;2.588393;1.360819;-0.0106;0.6314;0.7754;-0.248576;2.230296;1.655681;-0.0106;0.6314;0.7754
69;-1;0;0
0.213689;2.255541;0.668053;0.0228;0.6143;-0.7887;-0.484747;2.598448;0.914896;0.0228;0.6143;-0.7887;0.293864;2.590964;0.931621;0.0228;0.6143;-0.7887;0.293864;2.590964;0.931621;0.0091;0.9997;0.0227;-0.49001;2.588393;1.360819;0.0091;0.9997;0.0227;0.279782;2.580993;1.377354;0.0091;0.9997;0.0227;-0.198779;0.561446;-1.631701;-0.7903;-0.5927;0.1553;-0.029009;0.108427;-2.49636;-0.7903;-0.5927;0.1553;-0.074084;0.566312;-0.978706;-0.7903;-0.5927;0.1553;-0.300651;0.108285;-2.797359;-0.0098;-0.9999;0.0093;0.255253;0.102942;-2.785418;-0.0098;-0.9999;0.0093;-0.029009;0.108427;-2.49636;-0.0098;-0.9999;0.0093;0.078418;0.558781;-1.625747;0.0168;0.9314;-0.3636;-0.300651;0.108285;-2.797359;0.0168;0.9314;-0.3636;-0.198779;0.561446;-1.631701;0.0168;0.9314;-0.3636;0.078418;0.558781;-1.625747;0.3784;-0.8404;0.388;-0.029009;0.108427;-2.49636;0.3784;-0.8404;0.388;0.255253;0.102942;-2.785418;0.3784;-0.8404;0.388;1.346903;1.553019;-0.05677;0.3337;0.8819;-0.3331;0.531606;1.854961;-0.074067;0.3337;0.8819;-0.3331;0.213689;2.255541;0.668053;0.3337;0.8819;-0.3331;1.346903;1.553019;-0.05677;0.1947;0.8819;-0.4292;2.074349;0.939504;-0.987277;0.1947;0.8819;-0.4292;1.064789;1.310929;-0.682165;0.1947;0.8819;-0.4292;1.75074;1.194507;0.32623;0.6558;0.7548;0.015;2.074349;0.939504;-0.987277;0.6558;0.7548;0.015;1.346903;1.553019;-0.05677;0.6558;0.7548;0.015;1.75074;1.194507;0.32623;0.4966;0.4881;0.7178;0.213689;2.255541;0.668053;0.4966;0.4881;0.7178;0.125933;2.197812;0.768019;0.4966;0.4881;0.7178;-1.516661;1.580544;-0.118281;-0.2799;0.8338;-0.4759;-0.694454;1.866746;-0.100403;-0.2799;0.8338;-0.4759;-1.212658;1.33282;-0.731085;-0.2799;0.8338;-0.4759;-1.516661;1.580544;-0.118281;-0.1592;0.8853;-0.4368;-1.212658;1.33282;-0.731085;-0.1592;0.8853;-0.4368;-2.215137;0.980736;-1.079417;-0.1592;0.8853;-0.4368;-1.943385;1.230016;0.246879;-0.6412;0.7672;-0.0128;-1.516661;1.580544;-0.118281;-0.6412;0.7672;-0.0128;-2.215137;0.980736;-1.079417;-0.6412;0.7672;-0.0128;-1.943385;1.230016;0.246879;-0.5726;0.8124;0.1107;-0.401057;2.26145;0.654848;-0.5726;0.8124;0.1107;-1.516661;1.580544;-0.118281;-0.5726;0.8124;0.1107;0.213689;2.255541;0.668053;0.0228;0.6143;-0.7887;-0.401057;2.26145;0.654848;0.0228;0.6143;-0.7887;-0.484747;2.598448;0.914896;0.0228;0.6143;-0.7887;0.293864;2.590964;0.931621;0.0091;0.9997;0.0227;-0.484747;2.598448;0.914896;0.0091;0.9997;0.0227;-0.49001;2.588393;1.360819;0.0091;0.9997;0.0227;-0.198779;0.561446;-1.631701;-0.4009;-0.8415;0.3622;-0.300651;0.108285;-2.797359;-0.4009;-0.8415;0.3622;-0.029009;0.108427;-2.49636;-0.4009;-0.8415;0.3622;0.078418;0.558781;-1.625747;0.0168;0.9314;-0.3636;0.255253;0.102942;-2.785418;0.0168;0.9314;-0.3636;-0.300651;0.108285;-2.797359;0.0168;0.9314;-0.3636;0.078418;0.558781;-1.625747;0.7997;-0.5679;0.1951;-0.074084;0.566312;-0.978706;0.7997;-0.5679;0.1951;-0.029009;0.108427;-2.49636;0.7997;-0.5679;0.1951;1.346903;1.553019;-0.05677;0.3164;0.8278;-0.4632;1.064789;1.310929;-0.682165;0.3164;0.8278;-0.4632;0.531606;1.854961;-0.074067;0.3164;0.8278;-0.4632;1.75074;1.194507;0.32623;0.5831;0.8011;0.1351;1.346903;1.553019;-0.05677;0.5831;0.8011;0.1351;0.213689;2.255541;0.668053;0.5831;0.8011;0.1351;-1.516661;1.580544;-0.118281;-0.3016;0.8881;-0.347;-0.401057;2.26145;0.654848;-0.3016;0.8881;-0.347;-0.694454;1.866746;-0.100403;-0.3016;0.8881;-0.347;-1.943385;1.230016;0.246879;-0.5185;0.5014;0.6926;-0.320069;2.202099;0.758439;-0.5185;0.5014;0.6926;-0.401057;2.26145;0.654848;-0.5185;0.5014;0.6926
18;0.62759894;0.46477497;0.34479952
-0.694454;1.866746;-0.100403;0.0186;0.8831;-0.4687;0.213689;2.255541;0.668053;0.0186;0.8831;-0.4687;0.531606;1.854961;-0.074067;0.0186;0.8831;-0.4687;-0.681744;1.284842;-0.893435;0.0205;0.8062;-0.5913;0.531606;1.854961;-0.074067;0.0205;0.8062;-0.5913;0.543048;1.273069;-0.867126;0.0205;0.8062;-0.5913;0.543048;1.273069;-0.867126;0.0218;0.7212;-0.6924;-0.198779;0.561446;-1.631701;0.0218;0.7212;-0.6924;-0.681744;1.284842;-0.893435;0.0218;0.7212;-0.6924;-0.694454;1.866746;-0.100403;0.0186;0.8831;-0.4687;-0.401057;2.26145;0.654848;0.0186;0.8831;-0.4687;0.213689;2.255541;0.668053;0.0186;0.8831;-0.4687;-0.681744;1.284842;-0.893435;0.0204;0.8062;-0.5913;-0.694454;1.866746;-0.100403;0.0204;0.8062;-0.5913;0.531606;1.854961;-0.074067;0.0204;0.8062;-0.5913;0.543048;1.273069;-0.867126;0.0218;0.7212;-0.6924;0.078418;0.558781;-1.625747;0.0218;0.7212;-0.6924;-0.198779;0.561446;-1.631701;0.0218;0.7212;-0.6924
12;0.83574355;0.47326452;0.29611006
-0.088612;0.019709;0.160643;-0.5947;0.4124;0.6901;-0.074035;1.389767;-0.645398;-0.5947;0.4124;0.6901;-0.381525;0.022938;-0.093695;-0.5947;0.4124;0.6901;-0.381525;0.022938;-0.093695;0.0259;-0.3792;-0.925;-0.074035;1.389767;-0.645398;0.0259;-0.3792;-0.925;0.184424;0.020589;-0.076915;0.0259;-0.3792;-0.925;0.184424;0.020589;-0.076915;0.6007;0.4006;0.6919;-0.074035;1.389767;-0.645398;0.6007;0.4006;0.6919;-0.088612;0.019709;0.160643;0.6007;0.4006;0.6919;-0.088612;0.019709;0.160643;-0.0039;-1.0;-0.0082;-0.381525;0.022938;-0.093695;-0.0039;-1.0;-0.0082;0.184424;0.020589;-0.076915;-0.0039;-1.0;-0.0082
9
MATERIAL;second;1;count;7;CUSTOM;0.40591824;0.29694474;0.2156112;5000;CUSTOM;0.4588;0.365;0.278;5000;DARK_ORANGE;80000;WHITE;100000;GREY;600000;GOLD;2000000;CYAN;3000000
INFO;NameId;426;DescId;427;price;10000;dpPerMin;65;range;3;placeSound;thud
LIFE;averagePop;4.2;averageLife;21.0;popFactors;0;breedMat;10.5;breedTime;7.5982265;parentId;8;chance;150;reqCount;2;EATING;png148;LIFE;type;2;enviroType;1;biome;WOODLAND;amount;0.3;FALL_DEATH;fallTime;1.5;totalTime;2.5;angle;60;particles;0;enviroReqCount;3;reqId;5;likedSpecies;1;pt;influence;0.7;reqId;3;badBiomes;2;4;7;influence;0.95;reqId;2;barren;0;goodBiomes;3;0;1;8;ideal;50;influence;0.3
GROWTH;dynamic;1;growthTime;7.0;modelStages;2
MOVEMENT;12
PERCHER;dieWhenPerchRemoved;0
AI;BIRD
BUILDER;buildModel;68;buildPoints;10;needsPerch;1;buildTime;30;buildAge;0.5;buildStartTime;0.13
NESTING;classification;es68;hatchStage;4;decreasesModel;1
