0.3
abs
0;1
3
-0.526553;0.01788;-0.609985;0.702903;1.621094;0.619454;1
36;1
36;0.90354544;0.776885;0.70534354
-0.197093;0.531745;0.619454;0.5905;-0.5508;0.5898;-0.021404;0.01788;-0.036292;0.5905;-0.5508;0.5898;0.702903;0.532834;-0.280586;0.5905;-0.5508;0.5898;0.702903;0.532834;-0.280586;0.1999;-0.6351;-0.7461;-0.021404;0.01788;-0.036292;0.1999;-0.6351;-0.7461;-0.526553;0.532834;-0.609985;0.1999;-0.6351;-0.7461;-0.526553;0.532834;-0.609985;-0.8063;-0.5508;0.2156;-0.021404;0.01788;-0.036292;-0.8063;-0.5508;0.2156;-0.197093;0.531745;0.619454;-0.8063;-0.5508;0.2156;-0.526553;0.532834;-0.609985;-0.9384;0.237;0.2517;-0.084957;1.420256;0.200917;-0.9384;0.237;0.2517;-0.219764;1.420701;-0.302136;-0.9384;0.237;0.2517;-0.219764;1.420701;-0.302136;-0.773;0.5994;0.2077;-0.084957;1.420256;0.200917;-0.773;0.5994;0.2077;-0.007193;1.621094;-0.089333;-0.773;0.5994;0.2077;-0.526553;0.532834;-0.609985;0.2513;0.2384;-0.9381;0.283297;1.420701;-0.167355;0.2513;0.2384;-0.9381;0.702903;0.532834;-0.280586;0.2513;0.2384;-0.9381;-0.197093;0.531745;0.619454;0.6868;0.237;0.6871;0.283297;1.420701;-0.167355;0.6868;0.237;0.6871;-0.084957;1.420256;0.200917;0.6868;0.237;0.6871;0.283297;1.420701;-0.167355;0.2069;0.6006;-0.7723;-0.219764;1.420701;-0.302136;0.2069;0.6006;-0.7723;-0.007193;1.621094;-0.089333;0.2069;0.6006;-0.7723;-0.084957;1.420256;0.200917;0.5656;0.5994;0.5663;0.283297;1.420701;-0.167355;0.5656;0.5994;0.5663;-0.007193;1.621094;-0.089333;0.5656;0.5994;0.5663;-0.526553;0.532834;-0.609985;-0.9384;0.237;0.2517;-0.197093;0.531745;0.619454;-0.9384;0.237;0.2517;-0.084957;1.420256;0.200917;-0.9384;0.237;0.2517;-0.526553;0.532834;-0.609985;0.2513;0.2384;-0.9381;-0.219764;1.420701;-0.302136;0.2513;0.2384;-0.9381;0.283297;1.420701;-0.167355;0.2513;0.2384;-0.9381;-0.197093;0.531745;0.619454;0.6868;0.237;0.6871;0.702903;0.532834;-0.280586;0.6868;0.237;0.6871;0.283297;1.420701;-0.167355;0.6868;0.237;0.6871
-0.536935;0.059195;-1.300246;0.579059;2.107324;1.41555;1
129;4
12;1.0;0.6946219;0.49493414
-0.37544;0.059195;-0.034843;-0.5203;-0.2932;-0.802;-0.00827;0.857523;-0.564909;-0.5203;-0.2932;-0.802;-0.00827;0.260269;-0.34656;-0.5203;-0.2932;-0.802;-0.00827;0.260269;-0.34656;0.5203;-0.2932;-0.802;-0.00827;0.857523;-0.564909;0.5203;-0.2932;-0.802;0.358899;0.059195;-0.034843;0.5203;-0.2932;-0.802;0.358899;0.059195;-0.034843;-0.0;0.5531;0.8331;-0.00827;0.857523;-0.564909;-0.0;0.5531;0.8331;-0.37544;0.059195;-0.034843;-0.0;0.5531;0.8331;-0.00827;0.260269;-0.34656;0.0;-0.8403;-0.5421;0.358899;0.059195;-0.034843;0.0;-0.8403;-0.5421;-0.37544;0.059195;-0.034843;0.0;-0.8403;-0.5421
21;1.0;0.67360795;0.76458293
-0.026068;1.752392;0.882335;0.6894;0.5809;0.4327;-0.016711;1.344146;1.41555;0.6894;0.5809;0.4327;0.083258;1.3624;1.231759;0.6894;0.5809;0.4327;-0.026068;1.752392;0.882335;-0.6945;0.5629;0.4482;-0.165363;1.78522;0.625263;-0.6945;0.5629;0.4482;-0.11668;1.3624;1.231759;-0.6945;0.5629;0.4482;0.131942;1.78522;0.625263;0.0;-0.8203;-0.5719;-0.11668;1.3624;1.231759;0.0;-0.8203;-0.5719;-0.165363;1.78522;0.625263;0.0;-0.8203;-0.5719;-0.11668;1.3624;1.231759;0.0;-0.8203;-0.5719;0.131942;1.78522;0.625263;0.0;-0.8203;-0.5719;0.083258;1.3624;1.231759;0.0;-0.8203;-0.5719;-0.026068;1.752392;0.882335;0.6428;0.6032;0.4721;0.083258;1.3624;1.231759;0.6428;0.6032;0.4721;0.131942;1.78522;0.625263;0.6428;0.6032;0.4721;-0.026068;1.752392;0.882335;-0.7051;0.557;0.4388;-0.11668;1.3624;1.231759;-0.7051;0.557;0.4388;-0.016711;1.344146;1.41555;-0.7051;0.557;0.4388;-0.016711;1.344146;1.41555;0.0;-0.9951;-0.0988;-0.11668;1.3624;1.231759;0.0;-0.9951;-0.0988;0.083258;1.3624;1.231759;0.0;-0.9951;-0.0988
87;0.8655719;0.7499928;0.43253914
-0.005569;1.409687;0.663957;-0.8529;-0.5043;0.135;-0.376277;1.952625;0.349774;-0.8529;-0.5043;0.135;-0.16303;1.582414;0.314264;-0.8529;-0.5043;0.135;0.182577;1.580034;0.329762;0.0453;0.1212;-0.9916;-0.376277;1.952625;0.349774;0.0453;0.1212;-0.9916;0.399543;1.947284;0.384565;0.0453;0.1212;-0.9916;-0.005569;1.409687;0.663957;0.8302;-0.5164;0.2101;0.399543;1.947284;0.384565;0.8302;-0.5164;0.2101;-0.026926;1.51885;1.016569;0.8302;-0.5164;0.2101;-0.026926;1.51885;1.016569;-0.8864;-0.0023;0.4629;-0.158698;2.107324;0.767149;-0.8864;-0.0023;0.4629;-0.376277;1.952625;0.349774;-0.8864;-0.0023;0.4629;-0.026926;1.51885;1.016569;0.8484;-0.0706;0.5246;0.167052;2.105081;0.781757;0.8484;-0.0706;0.5246;-0.012013;1.925191;1.047121;0.8484;-0.0706;0.5246;0.575121;0.313371;-0.153339;0.8669;-0.0275;-0.4978;-0.055007;1.209666;-1.300246;0.8669;-0.0275;-0.4978;0.579059;1.348815;-0.203765;0.8669;-0.0275;-0.4978;-0.532997;1.350466;-0.254192;-0.9103;-0.0167;-0.4137;-0.055007;1.209666;-1.300246;-0.9103;-0.0167;-0.4137;-0.536935;0.315023;-0.203765;-0.9103;-0.0167;-0.4137;0.579059;1.348815;-0.203765;0.0074;0.9915;-0.1301;-0.055007;1.209666;-1.300246;0.0074;0.9915;-0.1301;-0.532997;1.350466;-0.254192;0.0074;0.9915;-0.1301;-0.536935;0.315023;-0.203765;0.0272;-0.7803;-0.6248;-0.055007;1.209666;-1.300246;0.0272;-0.7803;-0.6248;0.575121;0.313371;-0.153339;0.0272;-0.7803;-0.6248;0.575121;0.313371;-0.153339;0.8116;0.0253;0.5836;0.579059;1.348815;-0.203765;0.8116;0.0253;0.5836;-0.03224;0.847186;0.66815;0.8116;0.0253;0.5836;-0.532997;1.350466;-0.254192;-0.8722;0.0271;0.4883;-0.536935;0.315023;-0.203765;-0.8722;0.0271;0.4883;-0.03224;0.847186;0.66815;-0.8722;0.0271;0.4883;-0.536935;0.315023;-0.203765;-0.0254;-0.8467;0.5315;0.575121;0.313371;-0.153339;-0.0254;-0.8467;0.5315;-0.03224;0.847186;0.66815;-0.0254;-0.8467;0.5315;0.232647;1.40029;0.195806;0.7548;0.1778;0.6314;-0.03224;0.847186;0.66815;0.7548;0.1778;0.6314;0.579059;1.348815;-0.203765;0.7548;0.1778;0.6314;-0.210406;1.403341;0.175937;-0.8754;0.1313;0.4653;-0.03224;0.847186;0.66815;-0.8754;0.1313;0.4653;-0.008263;1.1851;0.617876;-0.8754;0.1313;0.4653;-0.210406;1.403341;0.175937;0.0072;0.9918;-0.1274;0.579059;1.348815;-0.203765;0.0072;0.9918;-0.1274;-0.532997;1.350466;-0.254192;0.0072;0.9918;-0.1274;-0.008263;1.1851;0.617876;0.8882;-0.1025;0.4478;0.182577;1.580034;0.329762;0.8882;-0.1025;0.4478;-0.005569;1.409687;0.663957;0.8882;-0.1025;0.4478;-0.16303;1.582414;0.314264;0.0398;0.6042;-0.7958;0.232647;1.40029;0.195806;0.0398;0.6042;-0.7958;-0.210406;1.403341;0.175937;0.0398;0.6042;-0.7958;-0.16303;1.582414;0.314264;-0.9218;-0.0673;0.3818;-0.008263;1.1851;0.617876;-0.9218;-0.0673;0.3818;-0.005569;1.409687;0.663957;-0.9218;-0.0673;0.3818;-0.005569;1.409687;0.663957;-0.8491;-0.5169;0.1086;-0.026926;1.51885;1.016569;-0.8491;-0.5169;0.1086;-0.376277;1.952625;0.349774;-0.8491;-0.5169;0.1086;0.182577;1.580034;0.329762;0.0453;0.1212;-0.9916;-0.16303;1.582414;0.314264;0.0453;0.1212;-0.9916;-0.376277;1.952625;0.349774;0.0453;0.1212;-0.9916;-0.005569;1.409687;0.663957;0.8297;-0.5203;0.2019;0.182577;1.580034;0.329762;0.8297;-0.5203;0.2019;0.399543;1.947284;0.384565;0.8297;-0.5203;0.2019;-0.026926;1.51885;1.016569;-0.8864;-0.0023;0.4629;-0.012013;1.925191;1.047121;-0.8864;-0.0023;0.4629;-0.158698;2.107324;0.767149;-0.8864;-0.0023;0.4629;-0.026926;1.51885;1.016569;0.8484;-0.0706;0.5246;0.399543;1.947284;0.384565;0.8484;-0.0706;0.5246;0.167052;2.105081;0.781757;0.8484;-0.0706;0.5246;0.232647;1.40029;0.195806;0.8655;0.0131;0.5007;-0.008263;1.1851;0.617876;0.8655;0.0131;0.5007;-0.03224;0.847186;0.66815;0.8655;0.0131;0.5007;-0.210406;1.403341;0.175937;-0.7899;0.2446;0.5623;-0.532997;1.350466;-0.254192;-0.7899;0.2446;0.5623;-0.03224;0.847186;0.66815;-0.7899;0.2446;0.5623;-0.210406;1.403341;0.175937;0.0121;0.993;-0.1174;0.232647;1.40029;0.195806;0.0121;0.993;-0.1174;0.579059;1.348815;-0.203765;0.0121;0.993;-0.1174;-0.008263;1.1851;0.617876;0.8845;-0.0941;0.4569;0.232647;1.40029;0.195806;0.8845;-0.0941;0.4569;0.182577;1.580034;0.329762;0.8845;-0.0941;0.4569;-0.16303;1.582414;0.314264;0.0398;0.6042;-0.7958;0.182577;1.580034;0.329762;0.0398;0.6042;-0.7958;0.232647;1.40029;0.195806;0.0398;0.6042;-0.7958;-0.16303;1.582414;0.314264;-0.9185;-0.059;0.391;-0.210406;1.403341;0.175937;-0.9185;-0.059;0.391;-0.008263;1.1851;0.617876;-0.9185;-0.059;0.391
9;0.3995281;0.3048865;0.28093383
-0.012013;1.925191;1.047121;-0.019;0.8335;0.5522;0.167052;2.105081;0.781757;-0.019;0.8335;0.5522;-0.158698;2.107324;0.767149;-0.019;0.8335;0.5522;0.399543;1.947284;0.384565;0.0225;0.9336;-0.3577;-0.158698;2.107324;0.767149;0.0225;0.9336;-0.3577;0.167052;2.105081;0.781757;0.0225;0.9336;-0.3577;0.399543;1.947284;0.384565;0.0225;0.9336;-0.3577;-0.376277;1.952625;0.349774;0.0225;0.9336;-0.3577;-0.158698;2.107324;0.767149;0.0225;0.9336;-0.3577
-1.623644;0.041158;-4.508301;1.623644;6.784285;4.528697;2.5
204;6
45;0.84063554;0.6859218;0.42635494
0.0;5.809763;3.532866;0.6528;0.6318;0.4178;0.0;5.151211;4.528697;0.6528;0.6318;0.4178;0.203584;5.188384;4.154411;0.6528;0.6318;0.4178;0.0;5.809763;3.532866;-0.5741;0.6654;0.4771;-0.302727;5.606475;3.452077;-0.5741;0.6654;0.4771;-0.203584;5.188384;4.154411;-0.5741;0.6654;0.4771;0.302727;5.606475;3.452077;0.0;-0.8593;-0.5115;-0.203584;5.188384;4.154411;0.0;-0.8593;-0.5115;-0.302727;5.606475;3.452077;0.0;-0.8593;-0.5115;-0.203584;5.188384;4.154411;0.0;-0.8593;-0.5115;0.302727;5.606475;3.452077;0.0;-0.8593;-0.5115;0.203584;5.188384;4.154411;0.0;-0.8593;-0.5115;0.0;5.809763;3.532866;0.5741;0.6654;0.4771;0.203584;5.188384;4.154411;0.5741;0.6654;0.4771;0.302727;5.606475;3.452077;0.5741;0.6654;0.4771;0.0;5.809763;3.532866;-0.6528;0.6318;0.4178;-0.203584;5.188384;4.154411;-0.6528;0.6318;0.4178;0.0;5.151211;4.528697;-0.6528;0.6318;0.4178;0.0;5.151211;4.528697;0.0;-0.9951;-0.0988;-0.203584;5.188384;4.154411;0.0;-0.9951;-0.0988;0.203584;5.188384;4.154411;0.0;-0.9951;-0.0988;-0.350616;0.044489;-0.21271;0.7791;-0.1006;-0.6188;-0.274183;3.599584;-0.694256;0.7791;-0.1006;-0.6188;-0.137784;0.047819;0.054731;0.7791;-0.1006;-0.6188;-0.137784;0.047819;0.054731;-0.0032;0.2062;0.9785;-0.274183;3.599584;-0.694256;-0.0032;0.2062;0.9785;-0.563448;0.041158;0.054731;-0.0032;0.2062;0.9785;-0.563448;0.041158;0.054731;-0.7803;-0.0674;-0.6218;-0.274183;3.599584;-0.694256;-0.7803;-0.0674;-0.6218;-0.350616;0.044489;-0.21271;-0.7803;-0.0674;-0.6218;-0.350616;0.044489;-0.21271;0.0156;-0.9999;0.0;-0.137784;0.047819;0.054731;0.0156;-0.9999;0.0;-0.563448;0.041158;0.054731;0.0156;-0.9999;0.0;0.4074;0.048793;-0.21271;0.7817;-0.0527;-0.6214;0.263107;3.586673;-0.694256;0.7817;-0.0527;-0.6214;0.620227;0.052397;0.054731;0.7817;-0.0527;-0.6214;0.620227;0.052397;0.054731;-0.0035;0.207;0.9783;0.263107;3.586673;-0.694256;-0.0035;0.207;0.9783;0.194572;0.045188;0.054731;-0.0035;0.207;0.9783;0.194572;0.045188;0.054731;-0.7764;-0.116;-0.6194;0.263107;3.586673;-0.694256;-0.7764;-0.116;-0.6194;0.4074;0.048793;-0.21271;-0.7764;-0.116;-0.6194;0.4074;0.048793;-0.21271;0.0169;-0.9999;0.0;0.620227;0.052397;0.054731;0.0169;-0.9999;0.0;0.194572;0.045188;0.054731;0.0169;-0.9999;0.0
69;0.341;0.4667;0.278
-0.517455;5.240656;2.221313;-0.5687;-0.2202;0.7925;0.0;5.210655;2.58431;-0.5687;-0.2202;0.7925;-0.525609;5.983286;2.421844;-0.5687;-0.2202;0.7925;0.525609;5.983286;2.421844;0.7856;-0.4438;0.4311;0.0;5.53045;2.913476;0.7856;-0.4438;0.4311;0.0;5.210655;2.58431;0.7856;-0.4438;0.4311;0.0;5.210655;2.58431;0.5687;-0.2202;0.7925;0.517455;5.240656;2.221313;0.5687;-0.2202;0.7925;0.525609;5.983286;2.421844;0.5687;-0.2202;0.7925;0.0;5.656237;1.784174;0.7137;0.1753;-0.6782;0.525609;5.983286;2.421844;0.7137;0.1753;-0.6782;0.517455;5.240656;2.221313;0.7137;0.1753;-0.6782;0.0;5.656237;1.784174;-0.6665;0.2778;-0.6918;-0.525609;5.983286;2.421844;-0.6665;0.2778;-0.6918;0.0;6.456116;2.105354;-0.6665;0.2778;-0.6918;-0.678908;6.088189;3.013306;-0.6359;-0.7285;-0.2546;0.0;5.53045;2.913476;-0.6359;-0.7285;-0.2546;-0.302727;5.606475;3.452077;-0.6359;-0.7285;-0.2546;0.525609;5.983286;2.421844;0.6961;0.6539;-0.2964;0.0;6.784285;2.954751;0.6961;0.6539;-0.2964;0.678908;6.088189;3.013306;0.6961;0.6539;-0.2964;-0.525609;5.983286;2.421844;-0.637;-0.7703;-0.0285;0.0;5.53045;2.913476;-0.637;-0.7703;-0.0285;-0.678908;6.088189;3.013306;-0.637;-0.7703;-0.0285;-0.525609;5.983286;2.421844;-0.7261;0.6413;-0.2478;0.0;6.784285;2.954751;-0.7261;0.6413;-0.2478;0.0;6.456116;2.105354;-0.7261;0.6413;-0.2478;0.0;5.53045;2.913476;0.449;-0.8146;0.3673;0.0;5.809763;3.532866;0.449;-0.8146;0.3673;-0.302727;5.606475;3.452077;0.449;-0.8146;0.3673;0.678908;6.088189;3.013306;0.4637;0.3708;0.8047;0.0;5.809763;3.532866;0.4637;0.3708;0.8047;0.302727;5.606475;3.452077;0.4637;0.3708;0.8047;0.0;5.53045;2.913476;0.6359;-0.7285;-0.2546;0.678908;6.088189;3.013306;0.6359;-0.7285;-0.2546;0.302727;5.606475;3.452077;0.6359;-0.7285;-0.2546;-0.678908;6.088189;3.013306;-0.4096;0.4655;0.7846;0.0;5.809763;3.532866;-0.4096;0.4655;0.7846;0.0;6.784285;2.954751;-0.4096;0.4655;0.7846;0.302727;5.606475;3.452077;0.0;0.9902;-0.1398;0.0;5.53045;2.913476;0.0;0.9902;-0.1398;-0.302727;5.606475;3.452077;0.0;0.9902;-0.1398;0.525609;5.983286;2.421844;0.637;-0.7703;-0.0285;0.678908;6.088189;3.013306;0.637;-0.7703;-0.0285;0.0;5.53045;2.913476;0.637;-0.7703;-0.0285;0.0;5.656237;1.784174;0.6665;0.2778;-0.6918;0.0;6.456116;2.105354;0.6665;0.2778;-0.6918;0.525609;5.983286;2.421844;0.6665;0.2778;-0.6918;0.0;5.656237;1.784174;-0.7137;0.1753;-0.6782;-0.517455;5.240656;2.221313;-0.7137;0.1753;-0.6782;-0.525609;5.983286;2.421844;-0.7137;0.1753;-0.6782;0.525609;5.983286;2.421844;0.7261;0.6413;-0.2478;0.0;6.456116;2.105354;0.7261;0.6413;-0.2478;0.0;6.784285;2.954751;0.7261;0.6413;-0.2478;-0.525609;5.983286;2.421844;-0.7856;-0.4438;0.4311;0.0;5.210655;2.58431;-0.7856;-0.4438;0.4311;0.0;5.53045;2.913476;-0.7856;-0.4438;0.4311;-0.525609;5.983286;2.421844;-0.6961;0.6539;-0.2964;-0.678908;6.088189;3.013306;-0.6961;0.6539;-0.2964;0.0;6.784285;2.954751;-0.6961;0.6539;-0.2964;0.0;5.53045;2.913476;-0.449;-0.8146;0.3673;0.302727;5.606475;3.452077;-0.449;-0.8146;0.3673;0.0;5.809763;3.532866;-0.449;-0.8146;0.3673;0.678908;6.088189;3.013306;0.4096;0.4655;0.7846;0.0;6.784285;2.954751;0.4096;0.4655;0.7846;0.0;5.809763;3.532866;0.4096;0.4655;0.7846;-0.678908;6.088189;3.013306;-0.4637;0.3708;0.8047;-0.302727;5.606475;3.452077;-0.4637;0.3708;0.8047;0.0;5.809763;3.532866;-0.4637;0.3708;0.8047
30;0.90354544;0.81699073;0.69261956
0.888585;2.585095;-2.501089;0.7447;-0.6532;-0.1366;0.0;1.039914;0.04293;0.7447;-0.6532;-0.1366;0.0;1.614156;-2.702577;0.7447;-0.6532;-0.1366;-0.888585;2.585095;-2.501089;-0.6656;-0.718;-0.2036;0.0;1.039914;0.04293;-0.6656;-0.718;-0.2036;-1.623644;2.585095;-0.098112;-0.6656;-0.718;-0.2036;-1.623644;2.585095;-0.098112;-0.8338;-0.3868;0.3938;0.0;1.860279;2.627491;-0.8338;-0.3868;0.3938;-0.683312;3.144196;2.441832;-0.8338;-0.3868;0.3938;1.623644;2.585095;-0.098112;0.7629;0.6304;0.1437;0.0;4.086798;1.934623;0.7629;0.6304;0.1437;0.683312;3.144196;2.441832;0.7629;0.6304;0.1437;1.623644;2.585095;-0.098112;0.6823;-0.6968;0.2212;0.0;1.860279;2.627491;0.6823;-0.6968;0.2212;0.0;1.039914;0.04293;0.6823;-0.6968;0.2212;0.888585;2.585095;-2.501089;0.6656;-0.718;-0.2036;1.623644;2.585095;-0.098112;0.6656;-0.718;-0.2036;0.0;1.039914;0.04293;0.6656;-0.718;-0.2036;-1.623644;2.585095;-0.098112;-0.7629;0.6304;0.1437;-0.683312;3.144196;2.441832;-0.7629;0.6304;0.1437;0.0;4.086798;1.934623;-0.7629;0.6304;0.1437;-0.888585;2.585095;-2.501089;-0.7447;-0.6532;-0.1366;0.0;1.614156;-2.702577;-0.7447;-0.6532;-0.1366;0.0;1.039914;0.04293;-0.7447;-0.6532;-0.1366;-1.623644;2.585095;-0.098112;-0.6823;-0.6968;0.2212;0.0;1.039914;0.04293;-0.6823;-0.6968;0.2212;0.0;1.860279;2.627491;-0.6823;-0.6968;0.2212;1.623644;2.585095;-0.098112;0.8338;-0.3868;0.3938;0.683312;3.144196;2.441832;0.8338;-0.3868;0.3938;0.0;1.860279;2.627491;0.8338;-0.3868;0.3938
6;0.4;0.4;0.4
0.888585;2.585095;-2.501089;0.6974;-0.5406;-0.4706;0.0;1.614156;-2.702577;0.6974;-0.5406;-0.4706;0.0;3.186259;-4.508301;0.6974;-0.5406;-0.4706;0.0;1.614156;-2.702577;-0.6974;-0.5406;-0.4706;-0.888585;2.585095;-2.501089;-0.6974;-0.5406;-0.4706;0.0;3.186259;-4.508301;-0.6974;-0.5406;-0.4706
24;-1;0;0
-1.623644;2.585095;-0.098112;-0.751;0.6191;-0.2297;0.0;3.767597;-2.219005;-0.751;0.6191;-0.2297;-0.888585;2.585095;-2.501089;-0.751;0.6191;-0.2297;0.0;3.767597;-2.219005;0.7713;0.6169;-0.1567;0.888585;2.585095;-2.501089;0.7713;0.6169;-0.1567;0.0;3.186259;-4.508301;0.7713;0.6169;-0.1567;-1.623644;2.585095;-0.098112;-0.7504;0.6502;0.119;0.0;4.086798;1.934623;-0.7504;0.6502;0.119;0.0;4.50303;-0.339898;-0.7504;0.6502;0.119;0.0;3.767597;-2.219005;0.751;0.6191;-0.2297;1.623644;2.585095;-0.098112;0.751;0.6191;-0.2297;0.888585;2.585095;-2.501089;0.751;0.6191;-0.2297;-0.888585;2.585095;-2.501089;-0.7713;0.6169;-0.1567;0.0;3.767597;-2.219005;-0.7713;0.6169;-0.1567;0.0;3.186259;-4.508301;-0.7713;0.6169;-0.1567;-1.623644;2.585095;-0.098112;-0.7558;0.6098;-0.2386;0.0;4.50303;-0.339898;-0.7558;0.6098;-0.2386;0.0;3.767597;-2.219005;-0.7558;0.6098;-0.2386;0.0;3.767597;-2.219005;0.7558;0.6098;-0.2386;0.0;4.50303;-0.339898;0.7558;0.6098;-0.2386;1.623644;2.585095;-0.098112;0.7558;0.6098;-0.2386;1.623644;2.585095;-0.098112;0.7504;0.6502;0.119;0.0;4.50303;-0.339898;0.7504;0.6502;0.119;0.0;4.086798;1.934623;0.7504;0.6502;0.119
30;0.902;0.675;0.541
-0.683312;3.144196;2.441832;-0.5643;0.1304;0.8152;0.0;5.210655;2.58431;-0.5643;0.1304;0.8152;-0.517455;5.240656;2.221313;-0.5643;0.1304;0.8152;0.0;4.086798;1.934623;0.5563;-0.0433;-0.8299;0.517455;5.240656;2.221313;0.5563;-0.0433;-0.8299;0.683312;3.144196;2.441832;0.5563;-0.0433;-0.8299;0.0;1.860279;2.627491;0.7624;-0.3248;0.5598;0.683312;3.144196;2.441832;0.7624;-0.3248;0.5598;0.0;3.213608;3.412736;0.7624;-0.3248;0.5598;-0.683312;3.144196;2.441832;-0.7624;-0.3248;0.5598;0.0;1.860279;2.627491;-0.7624;-0.3248;0.5598;0.0;3.213608;3.412736;-0.7624;-0.3248;0.5598;0.683312;3.144196;2.441832;0.8038;0.2279;0.5494;0.0;5.210655;2.58431;0.8038;0.2279;0.5494;0.0;3.213608;3.412736;0.8038;0.2279;0.5494;0.0;4.086798;1.934623;-0.6072;-0.0758;-0.7909;-0.517455;5.240656;2.221313;-0.6072;-0.0758;-0.7909;0.0;5.656237;1.784174;-0.6072;-0.0758;-0.7909;-0.683312;3.144196;2.441832;-0.8038;0.2279;0.5494;0.0;3.213608;3.412736;-0.8038;0.2279;0.5494;0.0;5.210655;2.58431;-0.8038;0.2279;0.5494;0.0;4.086798;1.934623;0.6072;-0.0758;-0.7909;0.0;5.656237;1.784174;0.6072;-0.0758;-0.7909;0.517455;5.240656;2.221313;0.6072;-0.0758;-0.7909;0.683312;3.144196;2.441832;0.5643;0.1304;0.8152;0.517455;5.240656;2.221313;0.5643;0.1304;0.8152;0.0;5.210655;2.58431;0.5643;0.1304;0.8152;0.0;4.086798;1.934623;-0.5563;-0.0433;-0.8299;-0.683312;3.144196;2.441832;-0.5563;-0.0433;-0.8299;-0.517455;5.240656;2.221313;-0.5563;-0.0433;-0.8299
12
MATERIAL;second;0;count;7;CUSTOM;0.5;0.396;0.302;5000;BEIGE;20000;WHITE;30000;GREY;60000;GOLD;200000;BLACK;200000;ORANGE;300000
INFO;NameId;383;DescId;384;price;4870;dpPerMin;67;range;2;placeSound;thud
LIFE;averagePop;4.0;averageLife;31.5;popFactors;0;breedMat;15.75;breedTime;11.397287;parentId;8;breedCount;150;reqs;1;LIFE;type;2;enviroType;0;classification;pnw16;count;1;FALL_DEATH;fallTime;1.5;totalTime;2.5;angle;60;particles;0;enviroReqCount;4;reqId;2;barren;0;goodBiomes;6;0;1;2;6;7;8;idealFactor;100;influence;0.7;reqId;4;faveBiome;2;influence;0.1;reqId;5;likedSpecies;2;pnw;pt;influence;0.6;reqId;6;dislikedSpecies;1;ah;influence;0.3
GROWTH;dynamic;1;growthTime;10.5;modelStages;3
MOVEMENT;9;speed;0.2;xRot;0;minRot;-10;maxRot;10;rockSpeed;1.5;swimHeight;0.065;hasEgg;1;swimFactor;1.2
AI;WALKING_BIRD;minIdle;2;maxIdle;4.5;stayOnLand;0
EATING;MaxHunger;45;HungerPerHour;3;eatRadius;0.15;Anims;2;0;3;DietOptions;2;es57;HONEY;0;pnw;WHOLE;1;runs;0;ai;0;hasEgg;1
FLEE;safeRange;2.5;land;1;swim;1
DROP;itemId;139
NAME
SOUND
RANDOM_SOUNDER;10;25;3;duck0;6;duck1;6;duck2;6;requiredStage;1
