2
ptg
0;1
3
-0.45672;-0.19212;-0.519325;0.467697;1.830029;0.431764;1
90;2
72;-1.0;0.0;0.0;0.055
-0.45672;1.373325;0.160634;-0.1356;-0.9095;-0.393;-0.171858;1.624651;-0.519325;-0.1356;-0.9095;-0.393;0.467697;1.440395;-0.313527;-0.1356;-0.9095;-0.393;-0.171858;1.624651;-0.519325;-0.8809;0.4228;-0.2127;-0.45672;1.373325;0.160634;-0.8809;0.4228;-0.2127;-0.255533;1.750022;0.07633;-0.8809;0.4228;-0.2127;-0.45672;1.373325;0.160634;0.0488;-0.9977;-0.0461;0.467697;1.440395;-0.313527;0.0488;-0.9977;-0.0461;-0.03673;1.381335;0.431764;0.0488;-0.9977;-0.0461;-0.171858;1.624651;-0.519325;-0.2221;0.9474;-0.2306;-0.255533;1.750022;0.07633;-0.2221;0.9474;-0.2306;0.170747;1.830029;-0.005581;-0.2221;0.9474;-0.2306;0.467697;1.440395;-0.313527;0.2159;-0.2916;-0.9319;-0.171858;1.624651;-0.519325;0.2159;-0.2916;-0.9319;0.23598;1.712306;-0.452279;0.2159;-0.2916;-0.9319;-0.255533;1.750022;0.07633;-0.6401;0.4767;0.6025;-0.45672;1.373325;0.160634;-0.6401;0.4767;0.6025;0.040482;1.724219;0.411229;-0.6401;0.4767;0.6025;-0.171858;1.624651;-0.519325;-0.159;0.9487;-0.2732;0.170747;1.830029;-0.005581;-0.159;0.9487;-0.2732;0.23598;1.712306;-0.452279;-0.159;0.9487;-0.2732;-0.45672;1.373325;0.160634;-0.5367;0.1704;0.8264;-0.03673;1.381335;0.431764;-0.5367;0.1704;0.8264;0.040482;1.724219;0.411229;-0.5367;0.1704;0.8264;-0.255533;1.750022;0.07633;-0.1432;0.969;0.2012;0.040482;1.724219;0.411229;-0.1432;0.969;0.2012;0.170747;1.830029;-0.005581;-0.1432;0.969;0.2012;0.23598;1.712306;-0.452279;0.7734;0.6317;-0.0535;0.170747;1.830029;-0.005581;0.7734;0.6317;-0.0535;0.467697;1.440395;-0.313527;0.7734;0.6317;-0.0535;0.040482;1.724219;0.411229;0.824;-0.1529;0.5456;-0.03673;1.381335;0.431764;0.824;-0.1529;0.5456;0.467697;1.440395;-0.313527;0.824;-0.1529;0.5456;0.170747;1.830029;-0.005581;0.857;0.3677;0.3612;0.040482;1.724219;0.411229;0.857;0.3677;0.3612;0.467697;1.440395;-0.313527;0.857;0.3677;0.3612;0.084281;0.907571;-0.142685;0.8098;-0.5414;-0.2262;0.212887;1.151562;-0.266249;0.8098;-0.5414;-0.2262;0.231943;1.067659;0.002738;0.8098;-0.5414;-0.2262;0.084281;0.907571;-0.142685;0.2111;-0.5279;-0.8227;-0.061365;1.072852;-0.286121;0.2111;-0.5279;-0.8227;0.212887;1.151562;-0.266249;0.2111;-0.5279;-0.8227;0.212887;1.151562;-0.266249;0.2729;0.9237;0.2688;-0.037303;1.151562;-0.012205;0.2729;0.9237;0.2688;0.231943;1.067659;0.002738;0.2729;0.9237;0.2688;0.212887;1.151562;-0.266249;-0.2507;0.936;-0.2469;-0.061365;1.072852;-0.286121;-0.2507;0.936;-0.2469;-0.037303;1.151562;-0.012205;-0.2507;0.936;-0.2469;-0.037303;1.151562;-0.012205;-0.8193;-0.5279;0.2237;-0.061365;1.072852;-0.286121;-0.8193;-0.5279;0.2237;0.084281;0.907571;-0.142685;-0.8193;-0.5279;0.2237;-0.037303;1.151562;-0.012205;-0.2138;-0.5414;0.8131;0.084281;0.907571;-0.142685;-0.2138;-0.5414;0.8131;0.231943;1.067659;0.002738;-0.2138;-0.5414;0.8131;0.148689;1.069491;0.176182;0.4053;-0.4141;-0.815;0.01182;1.276045;0.003143;0.4053;-0.4141;-0.815;0.267948;1.29588;0.120454;0.4053;-0.4141;-0.815;0.148689;1.069491;0.176182;-0.3477;-0.7267;-0.5925;-0.097764;1.142592;0.231148;-0.3477;-0.7267;-0.5925;0.01182;1.276045;0.003143;-0.3477;-0.7267;-0.5925;0.01182;1.276045;0.003143;-0.0298;0.9942;-0.103;0.09975;1.314262;0.34657;-0.0298;0.9942;-0.103;0.267948;1.29588;0.120454;-0.0298;0.9942;-0.103;0.01182;1.276045;0.003143;-0.684;0.7233;0.0946;-0.097764;1.142592;0.231148;-0.684;0.7233;0.0946;0.09975;1.314262;0.34657;-0.684;0.7233;0.0946;0.09975;1.314262;0.34657;0.0145;-0.5693;0.822;-0.097764;1.142592;0.231148;0.0145;-0.5693;0.822;0.148689;1.069491;0.176182;0.0145;-0.5693;0.822;0.09975;1.314262;0.34657;0.7651;-0.2578;0.5901;0.148689;1.069491;0.176182;0.7651;-0.2578;0.5901;0.267948;1.29588;0.120454;0.7651;-0.2578;0.5901
18;0.73906296;0.73906296;0.73906296;0.03
9.51E-4;1.603738;-0.015446;0.866;0.0034;-0.5;0.037895;-0.19212;0.036441;0.866;0.0034;-0.5;9.51E-4;-0.19212;-0.027548;0.866;0.0034;-0.5;0.027415;1.603738;0.03039;0.0;0.0034;1.0;-0.035993;-0.19212;0.036441;0.0;0.0034;1.0;0.037895;-0.19212;0.036441;0.0;0.0034;1.0;-0.025513;1.603738;0.03039;-0.866;0.0034;-0.5;9.51E-4;-0.19212;-0.027548;-0.866;0.0034;-0.5;-0.035993;-0.19212;0.036441;-0.866;0.0034;-0.5;9.51E-4;1.603738;-0.015446;0.866;0.0034;-0.5;0.027415;1.603738;0.03039;0.866;0.0034;-0.5;0.037895;-0.19212;0.036441;0.866;0.0034;-0.5;0.027415;1.603738;0.03039;0.0;0.0034;1.0;-0.025513;1.603738;0.03039;0.0;0.0034;1.0;-0.035993;-0.19212;0.036441;0.0;0.0034;1.0;-0.025513;1.603738;0.03039;-0.866;0.0034;-0.5;9.51E-4;1.603738;-0.015446;-0.866;0.0034;-0.5;9.51E-4;-0.19212;-0.027548;-0.866;0.0034;-0.5
-1.131118;-0.151386;-1.481248;1.164539;5.451536;1.314431;3;0;extraBounds;2;-0.992484;2.688677;-1.38705;1.11074;5.349887;1.166349;-0.082221;-0.010135;-0.238551;0.100613;4.497728;0.1282
168;2
114;-1.0;0.0;0.0;0.035
-0.318283;2.792387;-0.768283;-0.257;-0.9342;-0.2474;-0.01687;2.894373;-1.466452;-0.257;-0.9342;-0.2474;0.526175;2.665843;-1.167571;-0.257;-0.9342;-0.2474;-0.01687;2.894373;-1.466452;-0.9095;0.2024;-0.3631;-0.318283;2.792387;-0.768283;-0.9095;0.2024;-0.3631;-0.134638;3.159731;-1.023495;-0.9095;0.2024;-0.3631;-0.318283;2.792387;-0.768283;-0.2415;-0.9473;-0.2106;0.526175;2.665843;-1.167571;-0.2415;-0.9473;-0.2106;0.183037;2.615107;-0.545864;-0.2415;-0.9473;-0.2106;-0.01687;2.894373;-1.466452;-0.1543;0.8289;-0.5376;-0.134638;3.159731;-1.023495;-0.1543;0.8289;-0.5376;0.443647;3.214272;-1.105392;-0.1543;0.8289;-0.5376;0.526175;2.665843;-1.167571;0.0562;-0.7413;-0.6688;-0.01687;2.894373;-1.466452;0.0562;-0.7413;-0.6688;0.471614;2.88237;-1.412136;0.0562;-0.7413;-0.6688;-0.134638;3.159731;-1.023495;-0.4168;0.6499;0.6355;-0.318283;2.792387;-0.768283;-0.4168;0.6499;0.6355;0.353644;3.173546;-0.717363;-0.4168;0.6499;0.6355;-0.01687;2.894373;-1.466452;0.0975;0.6799;-0.7268;0.443647;3.214272;-1.105392;0.0975;0.6799;-0.7268;0.471614;2.88237;-1.412136;0.0975;0.6799;-0.7268;-0.318283;2.792387;-0.768283;-0.2704;0.3572;0.8941;0.183037;2.615107;-0.545864;-0.2704;0.3572;0.8941;0.353644;3.173546;-0.717363;-0.2704;0.3572;0.8941;-0.134638;3.159731;-1.023495;-0.0816;0.993;0.0853;0.353644;3.173546;-0.717363;-0.0816;0.993;0.0853;0.443647;3.214272;-1.105392;-0.0816;0.993;0.0853;0.471614;2.88237;-1.412136;0.9843;0.1572;-0.0804;0.443647;3.214272;-1.105392;0.9843;0.1572;-0.0804;0.526175;2.665843;-1.167571;0.9843;0.1572;-0.0804;0.353644;3.173546;-0.717363;0.8732;-0.1218;0.472;0.183037;2.615107;-0.545864;0.8732;-0.1218;0.472;0.526175;2.665843;-1.167571;0.8732;-0.1218;0.472;0.443647;3.214272;-1.105392;0.9645;0.1184;0.2361;0.353644;3.173546;-0.717363;0.9645;0.1184;0.2361;0.526175;2.665843;-1.167571;0.9645;0.1184;0.2361;-1.007031;4.248277;0.697803;-0.9127;-0.3768;-0.1582;-0.983447;5.024438;-1.287431;-0.9127;-0.3768;-0.1582;-0.692979;4.248715;-1.115645;-0.9127;-0.3768;-0.1582;-0.983447;5.024438;-1.287431;-0.9839;-0.1621;-0.0751;-1.007031;4.248277;0.697803;-0.9839;-0.1621;-0.0751;-1.131118;5.266238;0.12547;-0.9839;-0.1621;-0.0751;-1.007031;4.248277;0.697803;-0.2943;-0.9543;-0.0512;-0.692979;4.248715;-1.115645;-0.2943;-0.9543;-0.0512;-0.06201;3.997262;-0.055437;-0.2943;-0.9543;-0.0512;-0.983447;5.024438;-1.287431;-0.2061;0.9607;-0.186;-1.131118;5.266238;0.12547;-0.2061;0.9607;-0.186;-0.036945;5.451536;-0.12984;-0.2061;0.9607;-0.186;-0.692979;4.248715;-1.115645;-0.1463;-0.2658;-0.9529;-0.983447;5.024438;-1.287431;-0.1463;-0.2658;-0.9529;0.513099;4.895534;-1.481248;-0.1463;-0.2658;-0.9529;-0.06201;3.997262;-0.055437;0.3619;-0.8355;-0.4135;-0.692979;4.248715;-1.115645;0.3619;-0.8355;-0.4135;1.081145;4.652891;-0.379759;0.3619;-0.8355;-0.4135;-1.007031;4.248277;0.697803;0.0152;-0.9427;0.3333;-0.06201;3.997262;-0.055437;0.0152;-0.9427;0.3333;0.458034;4.29318;0.757803;0.0152;-0.9427;0.3333;-1.131118;5.266238;0.12547;-0.5543;0.3556;0.7526;-1.007031;4.248277;0.697803;-0.5543;0.3556;0.7526;0.150781;4.946344;1.220741;-0.5543;0.3556;0.7526;-0.983447;5.024438;-1.287431;0.0322;0.9289;-0.369;-0.036945;5.451536;-0.12984;0.0322;0.9289;-0.369;0.513099;4.895534;-1.481248;0.0322;0.9289;-0.369;-0.692979;4.248715;-1.115645;0.3495;-0.8608;-0.3699;0.513099;4.895534;-1.481248;0.3495;-0.8608;-0.3699;1.081145;4.652891;-0.379759;0.3495;-0.8608;-0.3699;-0.06201;3.997262;-0.055437;0.4971;-0.8677;-0.0021;1.081145;4.652891;-0.379759;0.4971;-0.8677;-0.0021;0.458034;4.29318;0.757803;0.4971;-0.8677;-0.0021;-1.007031;4.248277;0.697803;-0.0154;-0.583;0.8123;0.458034;4.29318;0.757803;-0.0154;-0.583;0.8123;0.150781;4.946344;1.220741;-0.0154;-0.583;0.8123;-1.131118;5.266238;0.12547;-0.074;0.9306;0.3584;0.150781;4.946344;1.220741;-0.074;0.9306;0.3584;-0.036945;5.451536;-0.12984;-0.074;0.9306;0.3584;0.513099;4.895534;-1.481248;0.5616;0.8202;-0.1089;-0.036945;5.451536;-0.12984;0.5616;0.8202;-0.1089;1.081145;4.652891;-0.379759;0.5616;0.8202;-0.1089;0.150781;4.946344;1.220741;0.8677;0.0582;0.4937;0.458034;4.29318;0.757803;0.8677;0.0582;0.4937;1.081145;4.652891;-0.379759;0.8677;0.0582;0.4937;-0.036945;5.451536;-0.12984;0.5989;0.7739;0.2062;0.150781;4.946344;1.220741;0.5989;0.7739;0.2062;1.081145;4.652891;-0.379759;0.5989;0.7739;0.2062;0.580956;3.506853;1.314431;-0.2295;0.9675;-0.1059;1.136196;3.570784;0.695429;-0.2295;0.9675;-0.1059;0.50227;3.396523;0.47708;-0.2295;0.9675;-0.1059;1.136196;3.570784;0.695429;0.4447;0.7579;0.4772;0.580956;3.506853;1.314431;0.4447;0.7579;0.4772;1.164539;3.254891;1.170737;0.4447;0.7579;0.4772;0.580956;3.506853;1.314431;-0.8703;0.4922;0.0169;0.50227;3.396523;0.47708;-0.8703;0.4922;0.0169;0.381693;3.159331;1.174038;-0.8703;0.4922;0.0169;1.136196;3.570784;0.695429;0.9274;-0.2837;-0.2439;1.164539;3.254891;1.170737;0.9274;-0.2837;-0.2439;0.968292;2.978682;0.745787;0.9274;-0.2837;-0.2439;0.50227;3.396523;0.47708;-0.0586;0.8562;-0.5133;1.136196;3.570784;0.695429;-0.0586;0.8562;-0.5133;0.903207;3.340996;0.3387;-0.0586;0.8562;-0.5133;1.164539;3.254891;1.170737;-0.1904;-0.7806;0.5953;0.580956;3.506853;1.314431;-0.1904;-0.7806;0.5953;0.968292;2.978682;0.745787;-0.1904;-0.7806;0.5953;1.136196;3.570784;0.695429;0.8763;-0.2817;-0.3908;0.968292;2.978682;0.745787;0.8763;-0.2817;-0.3908;0.903207;3.340996;0.3387;0.8763;-0.2817;-0.3908;0.580956;3.506853;1.314431;0.3887;-0.5279;0.7551;0.381693;3.159331;1.174038;0.3887;-0.5279;0.7551;0.968292;2.978682;0.745787;0.3887;-0.5279;0.7551;0.903207;3.340996;0.3387;-0.3101;-0.7342;-0.6039;0.968292;2.978682;0.745787;-0.3101;-0.7342;-0.6039;0.50227;3.396523;0.47708;-0.3101;-0.7342;-0.6039;0.968292;2.978682;0.745787;-0.5021;-0.7885;-0.3552;0.381693;3.159331;1.174038;-0.5021;-0.7885;-0.3552;0.50227;3.396523;0.47708;-0.5021;-0.7885;-0.3552
54;0.73906296;0.73906296;0.73906296;0.013
0.04231;1.842861;-0.028256;0.866;-0.0085;-0.5;0.082339;-0.151386;0.074882;0.866;-0.0085;-0.5;0.010834;-0.151386;-0.048969;0.866;-0.0085;-0.5;0.049473;1.855596;0.096947;0.0;-0.011;0.9999;-0.060672;-0.151386;0.074882;0.0;-0.011;0.9999;0.082339;-0.151386;0.074882;0.0;-0.011;0.9999;-0.062944;1.855596;0.039924;-0.5488;-0.0813;-0.832;0.010834;4.904229;-0.306744;-0.5488;-0.0813;-0.832;0.04231;1.842861;-0.028256;-0.5488;-0.0813;-0.832;-0.060672;-0.151386;0.074882;-0.8659;0.0189;-0.4999;0.04231;1.842861;-0.028256;-0.8659;0.0189;-0.4999;0.010834;-0.151386;-0.048969;-0.8659;0.0189;-0.4999;-0.062944;1.855596;0.039924;0.0;0.0856;0.9963;0.059666;4.914096;-0.22274;0.0;0.0856;0.9963;-0.037999;4.914096;-0.22274;0.0;0.0856;0.9963;0.049473;1.855596;0.096947;0.866;-0.0548;-0.497;0.010834;4.904229;-0.306744;0.866;-0.0548;-0.497;0.059666;4.914096;-0.22274;0.866;-0.0548;-0.497;-0.033506;2.818101;-0.051344;-0.6316;0.7622;0.1418;0.810987;3.318546;1.020011;-0.6316;0.7622;0.1418;0.007347;2.856702;-0.076848;-0.6316;0.7622;0.1418;0.025645;2.229189;-0.009871;0.9926;-0.0988;0.07;0.186478;3.042839;-1.141737;0.9926;-0.0988;0.07;0.032832;2.313038;0.006589;0.9926;-0.0988;0.07;0.045551;2.793064;-0.073167;-0.1317;-0.8543;0.5029;0.810987;3.318546;1.020011;-0.1317;-0.8543;0.5029;-0.033506;2.818101;-0.051344;-0.1317;-0.8543;0.5029;0.032832;2.313038;0.006589;-0.4381;0.7841;0.4397;0.186478;3.042839;-1.141737;-0.4381;0.7841;0.4397;-0.044212;2.278918;-0.009327;-0.4381;0.7841;0.4397;0.007347;2.856702;-0.076848;0.6708;0.3654;-0.6454;0.810987;3.318546;1.020011;0.6708;0.3654;-0.6454;0.045551;2.793064;-0.073167;0.6708;0.3654;-0.6454;-0.044212;2.278918;-0.009327;-0.4854;-0.6758;-0.5547;0.186478;3.042839;-1.141737;-0.4854;-0.6758;-0.5547;0.025645;2.229189;-0.009871;-0.4854;-0.6758;-0.5547;0.04231;1.842861;-0.028256;0.9981;0.017;-0.0588;0.049473;1.855596;0.096947;0.9981;0.017;-0.0588;0.082339;-0.151386;0.074882;0.9981;0.017;-0.0588;0.049473;1.855596;0.096947;-0.4523;0.015;0.8917;-0.062944;1.855596;0.039924;-0.4523;0.015;0.8917;-0.060672;-0.151386;0.074882;-0.4523;0.015;0.8917;-0.062944;1.855596;0.039924;-0.8658;-0.0358;-0.4991;-0.037999;4.914096;-0.22274;-0.8658;-0.0358;-0.4991;0.010834;4.904229;-0.306744;-0.8658;-0.0358;-0.4991;-0.060672;-0.151386;0.074882;-0.5449;-0.0152;-0.8384;-0.062944;1.855596;0.039924;-0.5449;-0.0152;-0.8384;0.04231;1.842861;-0.028256;-0.5449;-0.0152;-0.8384;-0.062944;1.855596;0.039924;-0.4504;0.0943;0.8879;0.049473;1.855596;0.096947;-0.4504;0.0943;0.8879;0.059666;4.914096;-0.22274;-0.4504;0.0943;0.8879;0.049473;1.855596;0.096947;0.9983;0.005;-0.0576;0.04231;1.842861;-0.028256;0.9983;0.005;-0.0576;0.010834;4.904229;-0.306744;0.9983;0.005;-0.0576
-1.741604;-0.501098;-2.361634;1.763467;9.700147;2.601323;1.666666;0;extraBounds;3;-1.622437;7.393115;-2.076179;1.577859;9.593239;1.767371;-0.592331;5.335853;-2.321236;1.13589;6.707363;2.52507;-0.156829;-0.003027;-0.211248;0.166659;8.306653;0.126317
249;2
162;-1.0;0.0;0.0;0.025
1.082572;6.169906;2.234716;0.8891;-0.3059;-0.3406;0.569804;5.930127;1.111577;0.8891;-0.3059;-0.3406;0.621219;6.443168;0.785029;0.8891;-0.3059;-0.3406;0.569804;5.930127;1.111577;0.5801;-0.8093;-0.0921;1.082572;6.169906;2.234716;0.5801;-0.8093;-0.0921;0.482294;5.764178;2.01908;0.5801;-0.8093;-0.0921;1.082572;6.169906;2.234716;0.9094;-0.2454;-0.3357;0.621219;6.443168;0.785029;0.9094;-0.2454;-0.3357;1.032686;6.757554;1.669955;0.9094;-0.2454;-0.3357;0.569804;5.930127;1.111577;-0.2038;-0.9594;-0.1951;0.482294;5.764178;2.01908;-0.2038;-0.9594;-0.1951;-0.528154;6.000793;1.911099;-0.2038;-0.9594;-0.1951;0.621219;6.443168;0.785029;-0.1419;-0.5214;-0.8415;0.569804;5.930127;1.111577;-0.1419;-0.5214;-0.8415;-0.325337;6.309611;1.027401;-0.1419;-0.5214;-0.8415;1.032686;6.757554;1.669955;0.0502;0.9335;-0.355;0.621219;6.443168;0.785029;0.0502;0.9335;-0.355;-0.433423;6.695294;1.298757;0.0502;0.9335;-0.355;1.082572;6.169906;2.234716;0.3599;0.6622;0.6572;1.032686;6.757554;1.669955;0.3599;0.6622;0.6572;-0.06135;6.716773;2.310106;0.3599;0.6622;0.6572;0.482294;5.764178;2.01908;0.1202;-0.5987;0.7919;1.082572;6.169906;2.234716;0.1202;-0.5987;0.7919;-0.490101;6.339133;2.601323;0.1202;-0.5987;0.7919;0.569804;5.930127;1.111577;-0.331;-0.8646;-0.3781;-0.528154;6.000793;1.911099;-0.331;-0.8646;-0.3781;-0.325337;6.309611;1.027401;-0.331;-0.8646;-0.3781;0.621219;6.443168;0.785029;-0.2804;0.4985;-0.8203;-0.325337;6.309611;1.027401;-0.2804;0.4985;-0.8203;-0.433423;6.695294;1.298757;-0.2804;0.4985;-0.8203;1.032686;6.757554;1.669955;-0.0409;0.9991;-0.0062;-0.433423;6.695294;1.298757;-0.0409;0.9991;-0.0062;-0.06135;6.716773;2.310106;-0.0409;0.9991;-0.0062;1.082572;6.169906;2.234716;0.2487;0.3985;0.8828;-0.06135;6.716773;2.310106;0.2487;0.3985;0.8828;-0.490101;6.339133;2.601323;0.2487;0.3985;0.8828;0.482294;5.764178;2.01908;-0.2491;-0.8641;0.4373;-0.490101;6.339133;2.601323;-0.2491;-0.8641;0.4373;-0.528154;6.000793;1.911099;-0.2491;-0.8641;0.4373;-0.325337;6.309611;1.027401;-0.9631;-0.0918;-0.2531;-0.528154;6.000793;1.911099;-0.9631;-0.0918;-0.2531;-0.433423;6.695294;1.298757;-0.9631;-0.0918;-0.2531;-0.490101;6.339133;2.601323;-0.5713;0.7977;0.1932;-0.06135;6.716773;2.310106;-0.5713;0.7977;0.1932;-0.433423;6.695294;1.298757;-0.5713;0.7977;0.1932;-0.528154;6.000793;1.911099;-0.9917;0.1281;-0.0081;-0.490101;6.339133;2.601323;-0.9917;0.1281;-0.0081;-0.433423;6.695294;1.298757;-0.9917;0.1281;-0.0081;-0.673538;5.474853;-1.127774;-0.8059;-0.3392;-0.4853;-0.17868;5.989079;-2.308985;-0.8059;-0.3392;-0.4853;-0.02751;5.483958;-2.206963;-0.8059;-0.3392;-0.4853;-0.17868;5.989079;-2.308985;-0.9037;0.3683;-0.2183;-0.673538;5.474853;-1.127774;-0.9037;0.3683;-0.2183;-0.324038;6.245595;-1.274226;-0.9037;0.3683;-0.2183;-0.673538;5.474853;-1.127774;-0.61;-0.7001;-0.3711;-0.02751;5.483958;-2.206963;-0.61;-0.7001;-0.3711;-0.275143;5.192144;-1.249329;-0.61;-0.7001;-0.3711;-0.17868;5.989079;-2.308985;-0.2566;0.9291;-0.2664;-0.324038;6.245595;-1.274226;-0.2566;0.9291;-0.2664;0.416486;6.409293;-1.41652;-0.2566;0.9291;-0.2664;-0.02751;5.483958;-2.206963;-0.0595;-0.2147;-0.9749;-0.17868;5.989079;-2.308985;-0.0595;-0.2147;-0.9749;0.788749;5.960162;-2.361634;-0.0595;-0.2147;-0.9749;-0.275143;5.192144;-1.249329;0.1681;-0.9542;-0.2473;-0.02751;5.483958;-2.206963;0.1681;-0.9542;-0.2473;1.133674;5.622987;-1.954224;0.1681;-0.9542;-0.2473;-0.673538;5.474853;-1.127774;-0.1113;-0.5208;0.8464;-0.275143;5.192144;-1.249329;-0.1113;-0.5208;0.8464;1.033466;5.618706;-0.814845;-0.1113;-0.5208;0.8464;-0.324038;6.245595;-1.274226;-0.7081;0.4278;0.5618;-0.673538;5.474853;-1.127774;-0.7081;0.4278;0.5618;0.196213;6.084243;-0.4956;-0.7081;0.4278;0.5618;-0.17868;5.989079;-2.308985;0.0037;0.9038;-0.428;0.416486;6.409293;-1.41652;0.0037;0.9038;-0.428;0.788749;5.960162;-2.361634;0.0037;0.9038;-0.428;-0.02751;5.483958;-2.206963;0.2357;-0.6412;-0.7302;0.788749;5.960162;-2.361634;0.2357;-0.6412;-0.7302;1.133674;5.622987;-1.954224;0.2357;-0.6412;-0.7302;-0.275143;5.192144;-1.249329;0.3029;-0.9527;0.0231;1.133674;5.622987;-1.954224;0.3029;-0.9527;0.0231;1.033466;5.618706;-0.814845;0.3029;-0.9527;0.0231;-0.673538;5.474853;-1.127774;-0.0815;-0.6592;0.7475;1.033466;5.618706;-0.814845;-0.0815;-0.6592;0.7475;0.196213;6.084243;-0.4956;-0.0815;-0.6592;0.7475;-0.324038;6.245595;-1.274226;-0.1514;0.9429;0.2966;0.196213;6.084243;-0.4956;-0.1514;0.9429;0.2966;0.416486;6.409293;-1.41652;-0.1514;0.9429;0.2966;0.788749;5.960162;-2.361634;0.7236;0.689;-0.0424;0.416486;6.409293;-1.41652;0.7236;0.689;-0.0424;1.133674;5.622987;-1.954224;0.7236;0.689;-0.0424;0.196213;6.084243;-0.4956;0.4991;0.8653;0.0471;1.033466;5.618706;-0.814845;0.4991;0.8653;0.0471;1.133674;5.622987;-1.954224;0.4991;0.8653;0.0471;0.416486;6.409293;-1.41652;0.7986;0.4816;0.361;0.196213;6.084243;-0.4956;0.7986;0.4816;0.361;1.133674;5.622987;-1.954224;0.7986;0.4816;0.361;1.566712;8.122106;1.272783;0.967;-0.2456;-0.0684;1.418986;8.334768;-1.577402;0.967;-0.2456;-0.0684;1.763467;9.203424;0.172761;0.967;-0.2456;-0.0684;1.418986;8.334768;-1.577402;0.7001;-0.7084;-0.0891;1.566712;8.122106;1.272783;0.7001;-0.7084;-0.0891;0.480644;7.354708;-1.158711;0.7001;-0.7084;-0.0891;1.566712;8.122106;1.272783;0.8028;0.3471;0.4848;1.763467;9.203424;0.172761;0.8028;0.3471;0.4848;0.897023;8.700198;1.967847;0.8028;0.3471;0.4848;1.566712;8.122106;1.272783;0.2945;-0.5758;0.7627;0.897023;8.700198;1.967847;0.2945;-0.5758;0.7627;-0.300011;7.620036;1.614522;0.2945;-0.5758;0.7627;1.566712;8.122106;1.272783;0.2849;-0.9433;0.1704;-0.300011;7.620036;1.614522;0.2849;-0.9433;0.1704;0.480644;7.354708;-1.158711;0.2849;-0.9433;0.1704;1.418986;8.334768;-1.577402;0.2493;-0.5724;-0.7811;0.480644;7.354708;-1.158711;0.2493;-0.5724;-0.7811;-1.037076;8.201635;-2.263788;0.2493;-0.5724;-0.7811;1.763467;9.203424;0.172761;0.6165;0.6502;-0.4441;1.418986;8.334768;-1.577402;0.6165;0.6502;-0.4441;0.290799;9.542926;-1.37461;0.6165;0.6502;-0.4441;0.897023;8.700198;1.967847;0.3104;0.8658;0.3925;1.763467;9.203424;0.172761;0.3104;0.8658;0.3925;0.203615;9.700147;0.310837;0.3104;0.8658;0.3925;-0.300011;7.620036;1.614522;-0.0149;-0.2959;0.9551;0.897023;8.700198;1.967847;-0.0149;-0.2959;0.9551;-0.776439;8.800202;1.972756;-0.0149;-0.2959;0.9551;0.480644;7.354708;-1.158711;-0.4315;-0.9014;-0.0352;-0.300011;7.620036;1.614522;-0.4315;-0.9014;-0.0352;-1.741604;8.357283;0.408567;-0.4315;-0.9014;-0.0352;1.418986;8.334768;-1.577402;0.2707;-0.0336;-0.9621;-1.037076;8.201635;-2.263788;0.2707;-0.0336;-0.9621;0.002222;9.131775;-2.003814;0.2707;-0.0336;-0.9621;1.763467;9.203424;0.172761;0.2967;0.9521;-0.0735;0.290799;9.542926;-1.37461;0.2967;0.9521;-0.0735;0.203615;9.700147;0.310837;0.2967;0.9521;-0.0735;0.897023;8.700198;1.967847;0.0531;0.8647;0.4996;0.203615;9.700147;0.310837;0.0531;0.8647;0.4996;-0.776439;8.800202;1.972756;0.0531;0.8647;0.4996;-0.300011;7.620036;1.614522;-0.697;-0.4507;0.5577;-0.776439;8.800202;1.972756;-0.697;-0.4507;0.5577;-1.741604;8.357283;0.408567;-0.697;-0.4507;0.5577;0.480644;7.354708;-1.158711;-0.4489;-0.8911;-0.0664;-1.741604;8.357283;0.408567;-0.4489;-0.8911;-0.0664;-1.037076;8.201635;-2.263788;-0.4489;-0.8911;-0.0664;-1.529157;9.366534;-0.665909;-0.256;0.8588;-0.4437;0.290799;9.542926;-1.37461;-0.256;0.8588;-0.4437;0.002222;9.131775;-2.003814;-0.256;0.8588;-0.4437;0.203615;9.700147;0.310837;-0.1341;0.986;-0.0989;0.290799;9.542926;-1.37461;-0.1341;0.986;-0.0989;-1.529157;9.366534;-0.665909;-0.1341;0.986;-0.0989;-0.776439;8.800202;1.972756;-0.3351;0.897;0.2881;0.203615;9.700147;0.310837;-0.3351;0.897;0.2881;-1.529157;9.366534;-0.665909;-0.3351;0.897;0.2881;-1.741604;8.357283;0.408567;-0.7838;0.5224;0.3357;-0.776439;8.800202;1.972756;-0.7838;0.5224;0.3357;-1.529157;9.366534;-0.665909;-0.7838;0.5224;0.3357;-1.037076;8.201635;-2.263788;-0.9659;-0.0638;-0.2509;-1.741604;8.357283;0.408567;-0.9659;-0.0638;-0.2509;-1.529157;9.366534;-0.665909;-0.9659;-0.0638;-0.2509;-1.037076;8.201635;-2.263788;-0.4355;0.6583;-0.614;-1.529157;9.366534;-0.665909;-0.4355;0.6583;-0.614;0.002222;9.131775;-2.003814;-0.4355;0.6583;-0.614;0.290799;9.542926;-1.37461;0.5178;0.5878;-0.6216;1.418986;8.334768;-1.577402;0.5178;0.5878;-0.6216;0.002222;9.131775;-2.003814;0.5178;0.5878;-0.6216
87;0.73906296;0.73906296;0.73906296
-0.051775;4.313698;0.084011;-0.9306;0.0066;0.366;-0.145975;-0.501098;-0.068325;-0.9306;0.0066;0.366;-0.057393;-0.501098;0.156906;-0.9306;0.0066;0.366;-0.145975;-0.501098;-0.068325;-0.366;0.0134;-0.9305;0.073638;4.392327;-0.084011;-0.366;0.0134;-0.9305;0.079256;-0.501098;-0.156906;-0.366;0.0134;-0.9305;0.073638;4.392327;-0.084011;0.9306;0.0065;-0.366;0.167838;-0.501098;0.068325;0.9306;0.0065;-0.366;0.079256;-0.501098;-0.156906;0.9306;0.0065;-0.366;0.167838;-0.501098;0.068325;0.366;0.0137;0.9305;-0.051775;4.313698;0.084011;0.366;0.0137;0.9305;-0.057393;-0.501098;0.156906;0.366;0.0137;0.9305;-0.07308;4.655964;-0.062706;-0.224;-0.046;-0.9735;0.067283;6.71602;-0.192358;-0.224;-0.046;-0.9735;0.073638;4.392327;-0.084011;-0.224;-0.046;-0.9735;0.086429;6.71602;-0.060509;0.988;0.0571;-0.1435;0.067283;6.71602;-0.192358;0.988;0.0571;-0.1435;-0.083522;8.842941;-0.383857;0.988;0.0571;-0.1435;0.094943;4.655964;0.062706;0.9896;-0.0045;-0.1437;0.067283;6.71602;-0.192358;0.9896;-0.0045;-0.1437;0.086429;6.71602;-0.060509;0.9896;-0.0045;-0.1437;-0.07308;4.655964;-0.062706;-0.9896;0.0118;0.1437;-0.04542;6.71602;-0.041363;-0.9896;0.0118;0.1437;-0.064566;6.71602;-0.173212;-0.9896;0.0118;0.1437;0.094943;4.655964;0.062706;0.0236;0.052;0.9984;-0.04542;6.71602;-0.041363;0.0236;0.052;0.9984;-0.051775;4.313698;0.084011;0.0236;0.052;0.9984;-0.064566;6.71602;-0.173212;-0.9896;0.0054;0.1437;-0.04542;6.71602;-0.041363;-0.9896;0.0054;0.1437;-0.083522;8.842941;-0.383857;-0.9896;0.0054;0.1437;-0.04542;6.71602;-0.041363;0.1419;0.1598;0.9769;0.086429;6.71602;-0.060509;0.1419;0.1598;0.9769;-0.083522;8.842941;-0.383857;0.1419;0.1598;0.9769;0.067283;6.71602;-0.192358;-0.143;-0.0988;-0.9848;-0.064566;6.71602;-0.173212;-0.143;-0.0988;-0.9848;-0.083522;8.842941;-0.383857;-0.143;-0.0988;-0.9848;0.010931;4.904016;-0.051447;0.8633;-0.4191;-0.2811;0.010931;5.952901;-1.615315;0.8633;-0.4191;-0.2811;0.074902;5.004532;-0.004828;0.8633;-0.4191;-0.2811;-0.052078;5.549055;-0.032169;-0.845;0.534;-0.0297;0.40932;6.409192;2.307176;-0.845;0.534;-0.0297;0.010931;5.645977;-0.082335;-0.845;0.534;-0.0297;0.074902;5.004532;-0.004828;0.0;0.8617;0.5074;0.010931;5.952901;-1.615315;0.0;0.8617;0.5074;-0.053039;5.004532;-0.004828;0.0;0.8617;0.5074;0.073941;5.549055;-0.032169;0.0;-0.9386;0.3451;0.40932;6.409192;2.307176;0.0;-0.9386;0.3451;-0.052078;5.549055;-0.032169;0.0;-0.9386;0.3451;-0.053039;5.004532;-0.004828;-0.8633;-0.4191;-0.2811;0.010931;5.952901;-1.615315;-0.8633;-0.4191;-0.2811;0.010931;4.904016;-0.051447;-0.8633;-0.4191;-0.2811;0.010931;5.645977;-0.082335;0.8647;0.4184;-0.2778;0.40932;6.409192;2.307176;0.8647;0.4184;-0.2778;0.073941;5.549055;-0.032169;0.8647;0.4184;-0.2778;-0.017555;6.463246;-0.151198;-0.6485;0.3817;-0.6586;-0.447544;8.821851;1.639091;-0.6485;0.3817;-0.6586;0.045619;6.550217;-0.163005;-0.6485;0.3817;-0.6586;0.032458;6.505813;-0.065284;-0.5623;-0.5626;0.6061;-0.447544;8.821851;1.639091;-0.5623;-0.5626;0.6061;-0.017555;6.463246;-0.151198;-0.5623;-0.5626;0.6061;0.045619;6.550217;-0.163005;0.9825;0.0796;0.1685;-0.447544;8.821851;1.639091;0.9825;0.0796;0.1685;0.032458;6.505813;-0.065284;0.9825;0.0796;0.1685;-0.051775;4.313698;0.084011;-0.9845;0.0137;0.175;-0.07308;4.655964;-0.062706;-0.9845;0.0137;0.175;-0.145975;-0.501098;-0.068325;-0.9845;0.0137;0.175;-0.145975;-0.501098;-0.068325;-0.1384;0.003;-0.9904;-0.07308;4.655964;-0.062706;-0.1384;0.003;-0.9904;0.073638;4.392327;-0.084011;-0.1384;0.003;-0.9904;0.073638;4.392327;-0.084011;0.9857;0.0138;-0.1678;0.094943;4.655964;0.062706;0.9857;0.0138;-0.1678;0.167838;-0.501098;0.068325;0.9857;0.0138;-0.1678;0.167838;-0.501098;0.068325;0.1368;0.003;0.9906;0.094943;4.655964;0.062706;0.1368;0.003;0.9906;-0.051775;4.313698;0.084011;0.1368;0.003;0.9906;-0.07308;4.655964;-0.062706;-0.1435;-0.0524;-0.9883;-0.064566;6.71602;-0.173212;-0.1435;-0.0524;-0.9883;0.067283;6.71602;-0.192358;-0.1435;-0.0524;-0.9883;0.094943;4.655964;0.062706;0.9905;-0.0037;-0.1372;0.073638;4.392327;-0.084011;0.9905;-0.0037;-0.1372;0.067283;6.71602;-0.192358;0.9905;-0.0037;-0.1372;-0.07308;4.655964;-0.062706;-0.9854;0.0115;0.1699;-0.051775;4.313698;0.084011;-0.9854;0.0115;0.1699;-0.04542;6.71602;-0.041363;-0.9854;0.0115;0.1699;0.094943;4.655964;0.062706;0.1434;0.0597;0.9879;0.086429;6.71602;-0.060509;0.1434;0.0597;0.9879;-0.04542;6.71602;-0.041363;0.1434;0.0597;0.9879
6
MATERIAL;second;0;count;5;CUSTOM;0.8446046;0.90354544;0.52704936;1000;YELLOW;500000;GREEN;600000;ORANGE;700000;PINK;800000
INFO;NameId;487;DescId;488;price;45000;dpPerMin;0;range;2;placeSound;thud
LIFE;averagePop;2.5;averageLife;75.0;popFactors;2;0;0.6;breedMat;37.5;breedTime;27.137115;parentId;135;count;150;reqs;3;TRANSFORM;size;1.1;MATERIAL;col;LIGHT_GREEN;LIFE;type;2;enviroType;0;classification;ai;count;4;FALL_DEATH;fallTime;3;totalTime;5;fallenAngle;60;particleEffect;1;ExplodeTime;0.975;UseMaterial;1;Colour;1;Spawn;2;5;0;1;0;PPS;30;Speed;1.5;Gravity;0.3;Life;3;Scale;0.1;Colour;1;0;0;Additive;0;Alpha;1;FadeIn;0.1;FadeOut;0.8;HasDir;1;Dir;0;1;0;Varience;0.25;Offset;0;17;0;LifeError;0.4;ScaleError;0.3;SpeedError;0.4;RandRot;1;HasXRot;1;XRotSpeed;180;Stages;1;2;enviroReqCount;2;reqId;1;minAltitude;0;maxAltitude;60;influence;0.8;reqId;2;barren;0;goodBiomes;1;0;idealFactor;100;influence;0.8
GROWTH;dynamic;0;growthTime;25.0;modelStages;3;subStages;2
PERCH;2;0.2118;11.696;1.108;-0.00756;10.454;-0.86
WOOD;cut time;3;bark factor;0.5;colour;0.73906296;0.73906296;0.73906296
