1.0
ptl
0;1
3
-0.814454;-0.260024;-1.010364;0.79105;1.927431;0.348189;1
96;2
42;-1.0;0.0;0.0;0.1
0.028433;1.273239;-0.384223;-0.965;0.1725;-0.1974;0.235952;1.71791;-1.010364;-0.965;0.1725;-0.1974;0.06841;1.119417;-0.714143;-0.965;0.1725;-0.1974;0.235952;1.71791;-1.010364;-0.7055;0.6669;0.2398;0.028433;1.273239;-0.384223;-0.7055;0.6669;0.2398;0.656998;1.927431;-0.354211;-0.7055;0.6669;0.2398;0.06841;1.119417;-0.714143;0.3094;-0.49;-0.815;0.235952;1.71791;-1.010364;0.3094;-0.49;-0.815;0.79105;1.164841;-0.46712;0.3094;-0.49;-0.815;0.028433;1.273239;-0.384223;-0.7184;0.693;-0.0607;0.339918;1.631381;0.018123;-0.7184;0.693;-0.0607;0.656998;1.927431;-0.354211;-0.7184;0.693;-0.0607;0.235952;1.71791;-1.010364;0.7863;0.2235;-0.576;0.656998;1.927431;-0.354211;0.7863;0.2235;-0.576;0.79105;1.164841;-0.46712;0.7863;0.2235;-0.576;0.06841;1.119417;-0.714143;-0.0841;-0.907;0.4127;0.79105;1.164841;-0.46712;-0.0841;-0.907;0.4127;0.028433;1.273239;-0.384223;-0.0841;-0.907;0.4127;0.656998;1.927431;-0.354211;0.7477;0.0332;0.6632;0.339918;1.631381;0.018123;0.7477;0.0332;0.6632;0.79105;1.164841;-0.46712;0.7477;0.0332;0.6632;0.339918;1.631381;0.018123;-0.0308;-0.7347;0.6777;0.028433;1.273239;-0.384223;-0.0308;-0.7347;0.6777;0.79105;1.164841;-0.46712;-0.0308;-0.7347;0.6777;-0.814454;1.628805;0.174944;-0.814;-0.3953;0.4257;-0.749035;0.807794;-0.462223;-0.814;-0.3953;0.4257;-0.502644;1.173296;0.348189;-0.814;-0.3953;0.4257;-0.814454;1.628805;0.174944;-0.9859;0.0461;-0.1606;-0.700043;1.470224;-0.572813;-0.9859;0.0461;-0.1606;-0.749035;0.807794;-0.462223;-0.9859;0.0461;-0.1606;-0.749035;0.807794;-0.462223;0.5344;-0.8195;0.2071;-0.014903;1.371483;-0.126265;0.5344;-0.8195;0.2071;-0.502644;1.173296;0.348189;0.5344;-0.8195;0.2071;-0.749035;0.807794;-0.462223;0.5192;-0.178;-0.8359;-0.700043;1.470224;-0.572813;0.5192;-0.178;-0.8359;-0.014903;1.371483;-0.126265;0.5192;-0.178;-0.8359;-0.014903;1.371483;-0.126265;0.2453;0.9553;-0.1651;-0.700043;1.470224;-0.572813;0.2453;0.9553;-0.1651;-0.814454;1.628805;0.174944;0.2453;0.9553;-0.1651;-0.014903;1.371483;-0.126265;0.4439;0.5676;0.6934;-0.814454;1.628805;0.174944;0.4439;0.5676;0.6934;-0.502644;1.173296;0.348189;0.4439;0.5676;0.6934
54;0.32982284;0.28003314;0.3089882;0.05
0.304547;-0.260024;-0.037003;0.8559;0.1523;-0.4942;-0.06214;0.955941;-0.29725;0.8559;0.1523;-0.4942;0.382534;-0.260024;0.098075;0.8559;0.1523;-0.4942;-0.06214;0.955941;-0.29725;0.0;0.3092;0.951;0.22656;-0.260024;0.098075;0.0;0.3092;0.951;0.382534;-0.260024;0.098075;0.0;0.3092;0.951;-0.110462;0.9258;-0.395893;-0.7014;-0.5088;-0.4991;-0.158784;0.895658;-0.29725;-0.7014;-0.5088;-0.4991;-0.797288;1.501915;-0.01799;-0.7014;-0.5088;-0.4991;-0.158784;0.895658;-0.29725;-0.7868;-0.4178;-0.4543;0.304547;-0.260024;-0.037003;-0.7868;-0.4178;-0.4543;0.22656;-0.260024;0.098075;-0.7868;-0.4178;-0.4543;-0.31439;-0.232716;-0.058796;0.3009;-0.2491;0.9206;0.151181;0.839622;0.079199;0.3009;-0.2491;0.9206;-0.450524;-0.213118;-0.008996;0.3009;-0.2491;0.9206;-0.158784;0.895658;-0.29725;0.1648;-0.2642;0.9503;-0.06214;0.955941;-0.29725;0.1648;-0.2642;0.9503;-0.797288;1.501915;-0.01799;0.1648;-0.2642;0.9503;-0.06214;0.955941;-0.29725;0.418;0.7912;-0.4465;-0.110462;0.9258;-0.395893;0.418;0.7912;-0.4465;-0.797288;1.501915;-0.01799;0.418;0.7912;-0.4465;-0.450524;-0.213118;-0.008996;-0.852;0.512;-0.1092;0.157752;0.797973;-0.014613;-0.852;0.512;-0.1092;-0.421303;-0.194807;-0.151148;-0.852;0.512;-0.1092;0.239914;0.79858;0.047254;0.4879;-0.5912;-0.6422;0.157752;0.797973;-0.014613;0.4879;-0.5912;-0.6422;0.43704;1.667918;-0.603207;0.4879;-0.5912;-0.6422;0.157752;0.797973;-0.014613;0.5862;-0.2353;-0.7752;-0.31439;-0.232716;-0.058796;0.5862;-0.2353;-0.7752;-0.421303;-0.194807;-0.151148;0.5862;-0.2353;-0.7752;0.157752;0.797973;-0.014613;-0.9663;0.2033;-0.158;0.151181;0.839622;0.079199;-0.9663;0.2033;-0.158;0.43704;1.667918;-0.603207;-0.9663;0.2033;-0.158;0.151181;0.839622;0.079199;0.48;0.4532;0.7511;0.239914;0.79858;0.047254;0.48;0.4532;0.7511;0.43704;1.667918;-0.603207;0.48;0.4532;0.7511;0.304547;-0.260024;-0.037003;0.8663;0.16;-0.4732;-0.110462;0.9258;-0.395893;0.8663;0.16;-0.4732;-0.06214;0.955941;-0.29725;0.8663;0.16;-0.4732;-0.06214;0.955941;-0.29725;-0.1675;0.2686;0.9486;-0.158784;0.895658;-0.29725;-0.1675;0.2686;0.9486;0.22656;-0.260024;0.098075;-0.1675;0.2686;0.9486;-0.158784;0.895658;-0.29725;-0.7594;-0.4169;-0.4994;-0.110462;0.9258;-0.395893;-0.7594;-0.4169;-0.4994;0.304547;-0.260024;-0.037003;-0.7594;-0.4169;-0.4994;-0.31439;-0.232716;-0.058796;0.2366;-0.2244;0.9454;0.239914;0.79858;0.047254;0.2366;-0.2244;0.9454;0.151181;0.839622;0.079199;0.2366;-0.2244;0.9454;-0.450524;-0.213118;-0.008996;-0.824;0.4942;-0.2771;0.151181;0.839622;0.079199;-0.824;0.4942;-0.2771;0.157752;0.797973;-0.014613;-0.824;0.4942;-0.2771;0.157752;0.797973;-0.014613;0.5858;-0.2351;-0.7756;0.239914;0.79858;0.047254;0.5858;-0.2351;-0.7756;-0.31439;-0.232716;-0.058796;0.5858;-0.2351;-0.7756
-3.38297;-0.527586;-1.751283;3.025727;6.308719;2.042152;3;0;extraBounds;2;-3.092539;3.210425;-1.603372;2.673379;6.0651;1.883478;-1.304316;0.015743;-1.449568;0.985769;4.167708;0.682289
282;2
108;-1.0;0.0;0.0;0.05
0.455127;5.746191;0.189389;0.7328;0.6032;-0.3149;0.997205;5.741329;1.441391;0.7328;0.6032;-0.3149;1.918324;4.33704;0.894712;0.7328;0.6032;-0.3149;0.997205;5.741329;1.441391;-0.1183;0.9914;0.0551;0.455127;5.746191;0.189389;-0.1183;0.9914;0.0551;-1.198435;5.460035;1.786905;-0.1183;0.9914;0.0551;0.997205;5.741329;1.441391;0.0996;0.3614;0.9271;-1.198435;5.460035;1.786905;0.0996;0.3614;0.9271;0.718675;4.277021;2.042152;0.0996;0.3614;0.9271;0.997205;5.741329;1.441391;0.6774;0.1653;0.7168;0.718675;4.277021;2.042152;0.6774;0.1653;0.7168;1.918324;4.33704;0.894712;0.6774;0.1653;0.7168;0.455127;5.746191;0.189389;0.729;0.6511;-0.2115;1.918324;4.33704;0.894712;0.729;0.6511;-0.2115;1.372307;4.517947;-0.4303;0.729;0.6511;-0.2115;0.718675;4.277021;2.042152;-0.5036;-0.7098;0.4924;-1.198435;5.460035;1.786905;-0.5036;-0.7098;0.4924;-0.025049;3.932306;0.784684;-0.5036;-0.7098;0.4924;0.455127;5.746191;0.189389;0.3306;0.6101;-0.72;1.372307;4.517947;-0.4303;0.3306;0.6101;-0.72;0.430445;5.112761;-0.358681;0.3306;0.6101;-0.72;-1.198435;5.460035;1.786905;-0.1702;-0.6286;0.7589;-2.00052;4.45903;0.777889;-0.1702;-0.6286;0.7589;-0.025049;3.932306;0.784684;-0.1702;-0.6286;0.7589;0.718675;4.277021;2.042152;0.1933;-0.9694;0.1514;-0.025049;3.932306;0.784684;0.1933;-0.9694;0.1514;1.918324;4.33704;0.894712;0.1933;-0.9694;0.1514;0.430445;5.112761;-0.358681;-0.4037;-0.5514;-0.7301;1.372307;4.517947;-0.4303;-0.4037;-0.5514;-0.7301;-0.025049;3.932306;0.784684;-0.4037;-0.5514;-0.7301;-2.00052;4.45903;0.777889;-0.1709;-0.6507;-0.7399;0.430445;5.112761;-0.358681;-0.1709;-0.6507;-0.7399;-0.025049;3.932306;0.784684;-0.1709;-0.6507;-0.7399;1.372307;4.517947;-0.4303;0.2108;-0.9531;-0.217;1.918324;4.33704;0.894712;0.2108;-0.9531;-0.217;-0.025049;3.932306;0.784684;0.2108;-0.9531;-0.217;3.025727;3.702346;-0.221336;0.677;-0.734;0.0546;2.480795;3.244784;0.384235;0.677;-0.734;0.0546;2.496582;3.180503;-0.675457;0.677;-0.734;0.0546;1.61986;3.383112;0.097656;-0.5759;-0.662;-0.4796;1.350501;3.728053;-0.055036;-0.5759;-0.662;-0.4796;2.496582;3.180503;-0.675457;-0.5759;-0.662;-0.4796;2.480795;3.244784;0.384235;-0.1768;-0.9826;0.057;1.61986;3.383112;0.097656;-0.1768;-0.9826;0.057;2.496582;3.180503;-0.675457;-0.1768;-0.9826;0.057;2.005894;3.813052;0.273777;0.4216;0.4995;0.7568;2.480795;3.244784;0.384235;0.4216;0.4995;0.7568;3.025727;3.702346;-0.221336;0.4216;0.4995;0.7568;2.005894;3.813052;0.273777;-0.3277;-0.091;0.9404;1.61986;3.383112;0.097656;-0.3277;-0.091;0.9404;2.480795;3.244784;0.384235;-0.3277;-0.091;0.9404;1.501209;3.897175;-0.609252;-0.5575;-0.7395;-0.3773;2.496582;3.180503;-0.675457;-0.5575;-0.7395;-0.3773;1.350501;3.728053;-0.055036;-0.5575;-0.7395;-0.3773;2.362119;4.028142;-0.361023;0.3633;0.3741;-0.8532;3.025727;3.702346;-0.221336;0.3633;0.3741;-0.8532;2.496582;3.180503;-0.675457;0.3633;0.3741;-0.8532;1.501209;3.897175;-0.609252;0.2053;0.3688;-0.9065;2.362119;4.028142;-0.361023;0.2053;0.3688;-0.9065;2.496582;3.180503;-0.675457;0.2053;0.3688;-0.9065;2.362119;4.028142;-0.361023;0.3124;0.8325;0.4574;2.005894;3.813052;0.273777;0.3124;0.8325;0.4574;3.025727;3.702346;-0.221336;0.3124;0.8325;0.4574;1.350501;3.728053;-0.055036;-0.2232;0.9544;0.1981;2.005894;3.813052;0.273777;-0.2232;0.9544;0.1981;2.362119;4.028142;-0.361023;-0.2232;0.9544;0.1981;1.350501;3.728053;-0.055036;-0.2114;0.9494;0.2322;2.362119;4.028142;-0.361023;-0.2114;0.9494;0.2322;1.501209;3.897175;-0.609252;-0.2114;0.9494;0.2322;2.005894;3.813052;0.273777;-0.4523;0.0412;0.8909;1.350501;3.728053;-0.055036;-0.4523;0.0412;0.8909;1.61986;3.383112;0.097656;-0.4523;0.0412;0.8909;-1.157085;5.308535;-1.751283;0.2548;0.8761;-0.4093;-1.615356;6.308719;0.104347;0.2548;0.8761;-0.4093;0.455127;5.746191;0.189389;0.2548;0.8761;-0.4093;-1.615356;6.308719;0.104347;-0.1744;0.8482;-0.5002;-1.157085;5.308535;-1.751283;-0.1744;0.8482;-0.5002;-3.38297;5.629913;-0.430529;-0.1744;0.8482;-0.5002;-1.615356;6.308719;0.104347;-0.4377;0.7545;0.489;-3.38297;5.629913;-0.430529;-0.4377;0.7545;0.489;-1.198435;5.460035;1.786905;-0.4377;0.7545;0.489;-1.615356;6.308719;0.104347;0.2259;0.8911;0.3935;-1.198435;5.460035;1.786905;0.2259;0.8911;0.3935;0.455127;5.746191;0.189389;0.2259;0.8911;0.3935;-1.157085;5.308535;-1.751283;0.6023;0.5088;-0.6151;0.455127;5.746191;0.189389;0.6023;0.5088;-0.6151;0.430445;5.112761;-0.358681;0.6023;0.5088;-0.6151;-3.38297;5.629913;-0.430529;-0.5002;0.0795;-0.8623;-1.157085;5.308535;-1.751283;-0.5002;0.0795;-0.8623;-3.173196;4.401456;-0.665515;-0.5002;0.0795;-0.8623;-1.198435;5.460035;1.786905;-0.7115;-0.1267;0.6912;-3.38297;5.629913;-0.430529;-0.7115;-0.1267;0.6912;-2.00052;4.45903;0.777889;-0.7115;-0.1267;0.6912;-1.157085;5.308535;-1.751283;0.5986;-0.3319;-0.7291;0.430445;5.112761;-0.358681;0.5986;-0.3319;-0.7291;-0.908516;4.410699;-1.138504;0.5986;-0.3319;-0.7291;-1.157085;5.308535;-1.751283;-0.1633;-0.5866;-0.7932;-0.908516;4.410699;-1.138504;-0.1633;-0.5866;-0.7932;-3.173196;4.401456;-0.665515;-0.1633;-0.5866;-0.7932;-3.38297;5.629913;-0.430529;-0.7475;-0.2457;0.6171;-3.173196;4.401456;-0.665515;-0.7475;-0.2457;0.6171;-2.00052;4.45903;0.777889;-0.7475;-0.2457;0.6171;-0.908516;4.410699;-1.138504;0.3485;-0.9107;0.2216;0.430445;5.112761;-0.358681;0.3485;-0.9107;0.2216;-2.00052;4.45903;0.777889;0.3485;-0.9107;0.2216;-3.173196;4.401456;-0.665515;0.0106;-0.9995;0.0312;-0.908516;4.410699;-1.138504;0.0106;-0.9995;0.0312;-2.00052;4.45903;0.777889;0.0106;-0.9995;0.0312
174;0.32982284;0.28003314;0.3089882;0.035
0.69937;1.100965;-0.725843;-0.3402;0.0178;0.9402;-0.347406;1.833753;-1.118568;-0.3402;0.0178;0.9402;-0.518452;1.533049;-1.174761;-0.3402;0.0178;0.9402;0.9715;1.297365;-0.735931;0.1627;0.3325;0.929;1.226321;-0.429815;-0.162432;0.1627;0.3325;0.929;1.795532;-0.429815;-0.262118;0.1627;0.3325;0.929;1.226321;-0.429815;-0.162432;-0.8786;-0.399;-0.2624;0.69937;1.100965;-0.725843;-0.8786;-0.399;-0.2624;1.374257;-0.429815;-0.657674;-0.8786;-0.399;-0.2624;0.9715;1.297365;-0.735931;-0.0037;-0.0461;-0.9989;1.374257;-0.429815;-0.657674;-0.0037;-0.0461;-0.9989;0.69937;1.100965;-0.725843;-0.0037;-0.0461;-0.9989;-0.348897;1.699118;-1.486559;0.6597;0.7049;-0.2606;-0.928751;2.43197;-0.972193;0.6597;0.7049;-0.2606;-0.347406;1.833753;-1.118568;0.6597;0.7049;-0.2606;0.69937;1.100965;-0.725843;0.3176;-0.482;-0.8166;-0.348897;1.699118;-1.486559;0.3176;-0.482;-0.8166;0.9715;1.297365;-0.735931;0.3176;-0.482;-0.8166;0.9715;1.297365;-0.735931;0.2745;0.9056;0.3234;-0.347406;1.833753;-1.118568;0.2745;0.9056;0.3234;0.747339;1.276367;-0.486852;0.2745;0.9056;0.3234;-0.928751;2.43197;-0.972193;0.2599;0.8234;-0.5044;-1.308137;2.56017;-0.958375;0.2599;0.8234;-0.5044;-1.078688;3.28147;0.337281;0.2599;0.8234;-0.5044;-0.347406;1.833753;-1.118568;0.1779;-0.2776;0.9441;-1.219874;2.259091;-0.829149;0.1779;-0.2776;0.9441;-0.518452;1.533049;-1.174761;0.1779;-0.2776;0.9441;-0.348897;1.699118;-1.486559;-0.7039;-0.4442;-0.5542;-1.219874;2.259091;-0.829149;-0.7039;-0.4442;-0.5542;-1.308137;2.56017;-0.958375;-0.7039;-0.4442;-0.5542;-1.078688;3.28147;0.337281;0.6366;-0.6876;-0.349;0.690569;4.686168;0.796945;0.6366;-0.6876;-0.349;-1.186297;3.092663;0.512976;0.6366;-0.6876;-0.349;-1.308137;2.56017;-0.958375;-0.1925;0.8715;-0.4511;-1.317866;3.302654;0.480255;-0.1925;0.8715;-0.4511;-1.078688;3.28147;0.337281;-0.1925;0.8715;-0.4511;-1.219874;2.259091;-0.829149;0.9187;-0.3454;0.1915;-1.078688;3.28147;0.337281;0.9187;-0.3454;0.1915;-1.186297;3.092663;0.512976;0.9187;-0.3454;0.1915;-1.308137;2.56017;-0.958375;-0.8382;-0.4869;0.2456;-1.186297;3.092663;0.512976;-0.8382;-0.4869;0.2456;-1.317866;3.302654;0.480255;-0.8382;-0.4869;0.2456;-0.483041;1.398005;0.075365;0.1092;-0.3044;-0.9463;0.684656;2.526959;-0.153056;0.1092;-0.3044;-0.9463;1.033086;2.311528;-0.043549;0.1092;-0.3044;-0.9463;-1.043974;-0.527586;1.016638;-0.4193;0.3498;0.8378;-0.764579;1.543171;0.291871;-0.4193;0.3498;0.8378;-1.401889;-0.527586;0.837508;-0.4193;0.3498;0.8378;-0.764579;1.543171;0.291871;-0.9456;0.2305;-0.2296;-1.276093;-0.527586;0.319386;-0.9456;0.2305;-0.2296;-1.401889;-0.527586;0.837508;-0.9456;0.2305;-0.2296;-1.276093;-0.527586;0.319386;0.5989;-0.3386;-0.7258;-0.483041;1.398005;0.075365;0.5989;-0.3386;-0.7258;-0.864845;-0.527586;0.658723;0.5989;-0.3386;-0.7258;-0.483041;1.398005;0.075365;0.8935;-0.0417;0.4472;-1.043974;-0.527586;1.016638;0.8935;-0.0417;0.4472;-0.864845;-0.527586;0.658723;0.8935;-0.0417;0.4472;0.929931;2.541433;0.056235;-0.575;0.5117;0.6384;0.60036;3.229412;-0.791955;-0.575;0.5117;0.6384;0.684656;2.526959;-0.153056;-0.575;0.5117;0.6384;-0.764579;1.543171;0.291871;-0.5372;0.8373;0.1017;0.684656;2.526959;-0.153056;-0.5372;0.8373;0.1017;-0.810784;1.554791;-0.047981;-0.5372;0.8373;0.1017;-0.483041;1.398005;0.075365;0.3814;-0.4579;0.803;0.929931;2.541433;0.056235;0.3814;-0.4579;0.803;-0.764579;1.543171;0.291871;0.3814;-0.4579;0.803;0.719724;3.338063;-1.026304;0.1549;0.8638;0.4794;-0.556262;3.763193;-1.380113;0.1549;0.8638;0.4794;0.60036;3.229412;-0.791955;0.1549;0.8638;0.4794;0.929931;2.541433;0.056235;0.923;0.3728;0.0951;1.033086;2.311528;-0.043549;0.923;0.3728;0.0951;0.719724;3.338063;-1.026304;0.923;0.3728;0.0951;0.684656;2.526959;-0.153056;-0.354;-0.8101;-0.4674;0.602327;3.086393;-1.060289;-0.354;-0.8101;-0.4674;1.033086;2.311528;-0.043549;-0.354;-0.8101;-0.4674;1.033086;2.311528;-0.043549;0.7816;-0.29;-0.5522;0.602327;3.086393;-1.060289;0.7816;-0.29;-0.5522;0.719724;3.338063;-1.026304;0.7816;-0.29;-0.5522;-0.556262;3.763193;-1.380113;-0.5305;-0.7754;0.3424;-1.706251;5.202209;0.09686;-0.5305;-0.7754;0.3424;-0.612886;3.69005;-1.633481;-0.5305;-0.7754;0.3424;0.602327;3.086393;-1.060289;-0.5426;-0.7669;0.3427;-0.556262;3.763193;-1.380113;-0.5426;-0.7669;0.3427;-0.612886;3.69005;-1.633481;-0.5426;-0.7669;0.3427;0.602327;3.086393;-1.060289;0.411;-0.069;-0.909;-0.507648;3.909884;-1.624603;0.411;-0.069;-0.909;0.719724;3.338063;-1.026304;0.411;-0.069;-0.909;-0.556262;3.763193;-1.380113;0.8731;0.3215;0.3665;-0.507648;3.909884;-1.624603;0.8731;0.3215;0.3665;-1.706251;5.202209;0.09686;0.8731;0.3215;0.3665;0.927465;2.482632;-0.155122;0.3533;-0.3481;-0.8683;2.124744;3.640228;-0.131995;0.3533;-0.3481;-0.8683;1.033086;2.311528;-0.043549;0.3533;-0.3481;-0.8683;1.033086;2.311528;-0.043549;0.3566;-0.2327;0.9048;2.124744;3.640228;-0.131995;0.3566;-0.2327;0.9048;0.929931;2.541433;0.056235;0.3566;-0.2327;0.9048;0.929931;2.541433;0.056235;-0.6807;0.7078;-0.189;2.124744;3.640228;-0.131995;-0.6807;0.7078;-0.189;0.927465;2.482632;-0.155122;-0.6807;0.7078;-0.189;0.929931;2.541433;0.056235;0.3073;0.794;0.5246;0.719724;3.338063;-1.026304;0.3073;0.794;0.5246;0.60036;3.229412;-0.791955;0.3073;0.794;0.5246;0.69937;1.100965;-0.725843;-0.6083;-0.5767;0.5453;0.747339;1.276367;-0.486852;-0.6083;-0.5767;0.5453;-0.347406;1.833753;-1.118568;-0.6083;-0.5767;0.5453;0.9715;1.297365;-0.735931;0.6914;0.3175;0.649;0.747339;1.276367;-0.486852;0.6914;0.3175;0.649;1.226321;-0.429815;-0.162432;0.6914;0.3175;0.649;1.226321;-0.429815;-0.162432;-0.9234;-0.1966;0.3296;0.747339;1.276367;-0.486852;-0.9234;-0.1966;0.3296;0.69937;1.100965;-0.725843;-0.9234;-0.1966;0.3296;0.9715;1.297365;-0.735931;0.6791;0.1256;-0.7232;1.795532;-0.429815;-0.262118;0.6791;0.1256;-0.7232;1.374257;-0.429815;-0.657674;0.6791;0.1256;-0.7232;-0.348897;1.699118;-1.486559;0.1978;0.6632;-0.7219;-1.308137;2.56017;-0.958375;0.1978;0.6632;-0.7219;-0.928751;2.43197;-0.972193;0.1978;0.6632;-0.7219;0.69937;1.100965;-0.725843;-0.1123;-0.8504;-0.514;-0.518452;1.533049;-1.174761;-0.1123;-0.8504;-0.514;-0.348897;1.699118;-1.486559;-0.1123;-0.8504;-0.514;0.9715;1.297365;-0.735931;0.4341;0.8455;-0.3111;-0.348897;1.699118;-1.486559;0.4341;0.8455;-0.3111;-0.347406;1.833753;-1.118568;0.4341;0.8455;-0.3111;-0.347406;1.833753;-1.118568;0.3709;0.1356;0.9187;-0.928751;2.43197;-0.972193;0.3709;0.1356;0.9187;-1.219874;2.259091;-0.829149;0.3709;0.1356;0.9187;-0.348897;1.699118;-1.486559;-0.7017;-0.3959;-0.5924;-0.518452;1.533049;-1.174761;-0.7017;-0.3959;-0.5924;-1.219874;2.259091;-0.829149;-0.7017;-0.3959;-0.5924;-1.219874;2.259091;-0.829149;0.6101;-0.631;0.4792;-0.928751;2.43197;-0.972193;0.6101;-0.631;0.4792;-1.078688;3.28147;0.337281;0.6101;-0.631;0.4792;-1.308137;2.56017;-0.958375;-0.9638;-0.2149;0.1576;-1.219874;2.259091;-0.829149;-0.9638;-0.2149;0.1576;-1.186297;3.092663;0.512976;-0.9638;-0.2149;0.1576;-1.317866;3.302654;0.480255;-0.1819;0.0391;0.9825;-1.186297;3.092663;0.512976;-0.1819;0.0391;0.9825;0.690569;4.686168;0.796945;-0.1819;0.0391;0.9825;-1.078688;3.28147;0.337281;-0.3445;0.6542;-0.6733;-1.317866;3.302654;0.480255;-0.3445;0.6542;-0.6733;0.690569;4.686168;0.796945;-0.3445;0.6542;-0.6733;-0.483041;1.398005;0.075365;0.1713;-0.3626;-0.9161;-0.810784;1.554791;-0.047981;0.1713;-0.3626;-0.9161;0.684656;2.526959;-0.153056;0.1713;-0.3626;-0.9161;-1.043974;-0.527586;1.016638;0.6542;0.1697;0.737;-0.483041;1.398005;0.075365;0.6542;0.1697;0.737;-0.764579;1.543171;0.291871;0.6542;0.1697;0.737;-0.764579;1.543171;0.291871;-0.961;0.2392;0.1388;-0.810784;1.554791;-0.047981;-0.961;0.2392;0.1388;-1.276093;-0.527586;0.319386;-0.961;0.2392;0.1388;-1.276093;-0.527586;0.319386;0.2487;-0.2219;-0.9428;-0.810784;1.554791;-0.047981;0.2487;-0.2219;-0.9428;-0.483041;1.398005;0.075365;0.2487;-0.2219;-0.9428;-0.764579;1.543171;0.291871;-0.4135;0.8031;0.429;0.929931;2.541433;0.056235;-0.4135;0.8031;0.429;0.684656;2.526959;-0.153056;-0.4135;0.8031;0.429;-0.483041;1.398005;0.075365;0.2474;-0.2902;0.9244;1.033086;2.311528;-0.043549;0.2474;-0.2902;0.9244;0.929931;2.541433;0.056235;0.2474;-0.2902;0.9244;0.719724;3.338063;-1.026304;0.1325;0.8381;0.5292;-0.507648;3.909884;-1.624603;0.1325;0.8381;0.5292;-0.556262;3.763193;-1.380113;0.1325;0.8381;0.5292;0.684656;2.526959;-0.153056;-0.9957;-0.0849;0.038;0.60036;3.229412;-0.791955;-0.9957;-0.0849;0.038;0.602327;3.086393;-1.060289;-0.9957;-0.0849;0.038;0.602327;3.086393;-1.060289;-0.5423;-0.7431;0.3921;0.60036;3.229412;-0.791955;-0.5423;-0.7431;0.3921;-0.556262;3.763193;-1.380113;-0.5423;-0.7431;0.3921;0.602327;3.086393;-1.060289;0.3657;-0.1379;-0.9205;-0.612886;3.69005;-1.633481;0.3657;-0.1379;-0.9205;-0.507648;3.909884;-1.624603;0.3657;-0.1379;-0.9205;-0.507648;3.909884;-1.624603;-0.6378;0.3334;-0.6943;-0.612886;3.69005;-1.633481;-0.6378;0.3334;-0.6943;-1.706251;5.202209;0.09686;-0.6378;0.3334;-0.6943
-5.485662;-0.898337;-4.692238;4.386837;10.90215;4.571098;1.666666;0;extraBounds;2;-4.831075;5.131433;-4.219342;3.874186;10.419903;4.048378;-1.894733;-0.056974;-2.144458;1.792431;8.604887;0.916121
543;2
228;-1.0;0.0;0.0;0.03
-0.198877;9.258535;-4.692238;0.2884;0.1452;-0.9464;3.011748;9.556522;-3.66829;0.2884;0.1452;-0.9464;2.08441;7.920085;-4.201859;0.2884;0.1452;-0.9464;3.011748;9.556522;-3.66829;0.1165;0.7941;-0.5965;-0.198877;9.258535;-4.692238;0.1165;0.7941;-0.5965;0.613048;10.90215;-2.345422;0.1165;0.7941;-0.5965;-0.198877;9.258535;-4.692238;-0.2509;-0.6803;-0.6887;2.08441;7.920085;-4.201859;-0.2509;-0.6803;-0.6887;-0.945114;8.291536;-3.465198;-0.2509;-0.6803;-0.6887;-0.198877;9.258535;-4.692238;-0.8699;0.0485;-0.4908;-0.945114;8.291536;-3.465198;-0.8699;0.0485;-0.4908;-1.972056;10.422153;-1.434895;-0.8699;0.0485;-0.4908;-0.198877;9.258535;-4.692238;-0.3179;0.8248;-0.4677;-1.972056;10.422153;-1.434895;-0.3179;0.8248;-0.4677;0.613048;10.90215;-2.345422;-0.3179;0.8248;-0.4677;3.011748;9.556522;-3.66829;0.385;0.8976;-0.2148;0.613048;10.90215;-2.345422;0.385;0.8976;-0.2148;3.127173;10.310009;-0.313372;0.385;0.8976;-0.2148;2.08441;7.920085;-4.201859;0.7623;-0.2354;-0.603;3.011748;9.556522;-3.66829;0.7623;-0.2354;-0.603;3.909338;8.341238;-2.059137;0.7623;-0.2354;-0.603;-0.945114;8.291536;-3.465198;-0.1463;-0.9836;-0.1056;2.08441;7.920085;-4.201859;-0.1463;-0.9836;-0.1056;1.56901;7.699395;-1.433146;-0.1463;-0.9836;-0.1056;-1.972056;10.422153;-1.434895;-0.8484;-0.517;0.1134;-0.945114;8.291536;-3.465198;-0.8484;-0.517;0.1134;-0.3685;8.037966;-0.307175;-0.8484;-0.517;0.1134;0.613048;10.90215;-2.345422;-0.0849;0.9604;0.2654;-1.972056;10.422153;-1.434895;-0.0849;0.9604;0.2654;0.138193;10.105468;0.386128;-0.0849;0.9604;0.2654;3.011748;9.556522;-3.66829;0.874;0.4669;-0.1349;3.127173;10.310009;-0.313372;0.874;0.4669;-0.1349;3.909338;8.341238;-2.059137;0.874;0.4669;-0.1349;2.08441;7.920085;-4.201859;0.2571;-0.9659;-0.0291;3.909338;8.341238;-2.059137;0.2571;-0.9659;-0.0291;1.56901;7.699395;-1.433146;0.2571;-0.9659;-0.0291;-0.945114;8.291536;-3.465198;-0.1961;-0.9796;-0.0429;1.56901;7.699395;-1.433146;-0.1961;-0.9796;-0.0429;-0.3685;8.037966;-0.307175;-0.1961;-0.9796;-0.0429;-1.462612;7.655463;4.571098;0.0454;-0.978;0.2037;-1.84733;7.201607;2.477383;0.0454;-0.978;0.2037;0.815518;7.383169;2.755609;0.0454;-0.978;0.2037;0.613048;10.90215;-2.345422;-2.0E-4;0.96;0.28;0.138193;10.105468;0.386128;-2.0E-4;0.96;0.28;3.127173;10.310009;-0.313372;-2.0E-4;0.96;0.28;3.909338;8.341238;-2.059137;0.7992;-0.1886;0.5708;3.127173;10.310009;-0.313372;0.7992;-0.1886;0.5708;1.837393;8.968502;1.049193;0.7992;-0.1886;0.5708;1.56901;7.699395;-1.433146;0.3402;-0.8517;0.3986;3.909338;8.341238;-2.059137;0.3402;-0.8517;0.3986;1.837393;8.968502;1.049193;0.3402;-0.8517;0.3986;-0.3685;8.037966;-0.307175;0.1025;-0.8901;0.444;1.56901;7.699395;-1.433146;0.1025;-0.8901;0.444;1.837393;8.968502;1.049193;0.1025;-0.8901;0.444;-1.84733;7.201607;2.477383;-0.6271;-0.7294;0.2733;-1.462612;7.655463;4.571098;-0.6271;-0.7294;0.2733;-3.902499;9.23138;3.179049;-0.6271;-0.7294;0.2733;3.127173;10.310009;-0.313372;0.1332;0.6403;0.7565;0.138193;10.105468;0.386128;0.1332;0.6403;0.7565;1.837393;8.968502;1.049193;0.1332;0.6403;0.7565;-1.84733;7.201607;2.477383;-0.702;-0.7122;0.0042;-3.902499;9.23138;3.179049;-0.702;-0.7122;0.0042;-3.462384;8.778117;-0.159262;-0.702;-0.7122;0.0042;-1.84733;7.201607;2.477383;-0.2318;-0.8909;-0.3907;-3.462384;8.778117;-0.159262;-0.2318;-0.8909;-0.3907;-0.3685;8.037966;-0.307175;-0.2318;-0.8909;-0.3907;-1.84733;7.201607;2.477383;0.0911;-0.966;-0.2418;-0.3685;8.037966;-0.307175;0.0911;-0.966;-0.2418;0.815518;7.383169;2.755609;0.0911;-0.966;-0.2418;-1.462612;7.655463;4.571098;0.5683;-0.3146;0.7603;0.815518;7.383169;2.755609;0.5683;-0.3146;0.7603;0.569225;9.428291;3.785872;0.5683;-0.3146;0.7603;-3.902499;9.23138;3.179049;-0.2053;0.4499;0.8692;-1.462612;7.655463;4.571098;-0.2053;0.4499;0.8692;-1.568296;10.172746;3.243126;-0.2053;0.4499;0.8692;-3.462384;8.778117;-0.159262;-0.9672;0.2014;-0.1549;-3.902499;9.23138;3.179049;-0.9672;0.2014;-0.1549;-3.190994;10.41859;0.279569;-0.9672;0.2014;-0.1549;-0.3685;8.037966;-0.307175;-0.1622;-0.5089;-0.8454;-3.462384;8.778117;-0.159262;-0.1622;-0.5089;-0.8454;-1.972056;10.422153;-1.434895;-0.1622;-0.5089;-0.8454;0.815518;7.383169;2.755609;0.5454;-0.7514;-0.3715;-0.3685;8.037966;-0.307175;0.5454;-0.7514;-0.3715;1.837393;8.968502;1.049193;0.5454;-0.7514;-0.3715;-1.462612;7.655463;4.571098;-0.0629;0.4636;0.8838;0.569225;9.428291;3.785872;-0.0629;0.4636;0.8838;-1.568296;10.172746;3.243126;-0.0629;0.4636;0.8838;-3.902499;9.23138;3.179049;-0.3661;0.8892;0.2743;-1.568296;10.172746;3.243126;-0.3661;0.8892;0.2743;-3.190994;10.41859;0.279569;-0.3661;0.8892;0.2743;-3.462384;8.778117;-0.159262;-0.7831;0.2783;-0.5562;-3.190994;10.41859;0.279569;-0.7831;0.2783;-0.5562;-1.972056;10.422153;-1.434895;-0.7831;0.2783;-0.5562;0.815518;7.383169;2.755609;0.8946;-0.1104;0.4331;1.837393;8.968502;1.049193;0.8946;-0.1104;0.4331;0.569225;9.428291;3.785872;0.8946;-0.1104;0.4331;-1.568296;10.172746;3.243126;0.2906;0.9448;0.1513;0.569225;9.428291;3.785872;0.2906;0.9448;0.1513;0.138193;10.105468;0.386128;0.2906;0.9448;0.1513;-3.190994;10.41859;0.279569;0.0926;0.9952;0.0319;-1.568296;10.172746;3.243126;0.0926;0.9952;0.0319;0.138193;10.105468;0.386128;0.0926;0.9952;0.0319;-1.972056;10.422153;-1.434895;0.0913;0.9936;0.067;-3.190994;10.41859;0.279569;0.0913;0.9936;0.067;0.138193;10.105468;0.386128;0.0913;0.9936;0.067;0.569225;9.428291;3.785872;0.5255;0.8447;0.1016;1.837393;8.968502;1.049193;0.5255;0.8447;0.1016;0.138193;10.105468;0.386128;0.5255;0.8447;0.1016;3.725247;4.757595;0.580662;0.5338;-0.8451;-0.0278;2.834801;4.245115;-0.936314;0.5338;-0.8451;-0.0278;4.386837;5.243795;-1.494191;0.5338;-0.8451;-0.0278;2.834801;4.245115;-0.936314;-0.3449;-0.8091;0.4758;3.725247;4.757595;0.580662;-0.3449;-0.8091;0.4758;1.515547;4.945642;-0.701516;-0.3449;-0.8091;0.4758;2.834801;4.245115;-0.936314;-0.4805;-0.7558;-0.4448;1.515547;4.945642;-0.701516;-0.4805;-0.7558;-0.4448;2.430956;5.164283;-2.061965;-0.4805;-0.7558;-0.4448;2.834801;4.245115;-0.936314;0.2216;-0.7149;-0.6632;2.430956;5.164283;-2.061965;0.2216;-0.7149;-0.6632;4.386837;5.243795;-1.494191;0.2216;-0.7149;-0.6632;3.725247;4.757595;0.580662;0.93;-0.2874;0.2292;4.386837;5.243795;-1.494191;0.93;-0.2874;0.2292;4.344615;5.852854;-0.558947;0.93;-0.2874;0.2292;1.515547;4.945642;-0.701516;-0.4583;-0.5323;0.7117;3.725247;4.757595;0.580662;-0.4583;-0.5323;0.7117;1.434079;5.816287;-0.102771;-0.4583;-0.5323;0.7117;2.430956;5.164283;-2.061965;-0.8195;0.2631;-0.5091;1.515547;4.945642;-0.701516;-0.8195;0.2631;-0.5091;2.178087;6.175502;-1.132448;-0.8195;0.2631;-0.5091;3.725247;4.757595;0.580662;0.7638;0.205;0.6121;4.344615;5.852854;-0.558947;0.7638;0.205;0.6121;3.425455;5.825552;0.597082;0.7638;0.205;0.6121;3.725247;4.757595;0.580662;-0.3292;-0.1068;0.9382;3.425455;5.825552;0.597082;-0.3292;-0.1068;0.9382;1.434079;5.816287;-0.102771;-0.3292;-0.1068;0.9382;1.515547;4.945642;-0.701516;-0.8229;0.2677;-0.5012;1.434079;5.816287;-0.102771;-0.8229;0.2677;-0.5012;2.178087;6.175502;-1.132448;-0.8229;0.2677;-0.5012;2.430956;5.164283;-2.061965;0.1759;0.6897;-0.7024;2.178087;6.175502;-1.132448;0.1759;0.6897;-0.7024;4.386837;5.243795;-1.494191;0.1759;0.6897;-0.7024;3.425455;5.825552;0.597082;0.1163;0.9865;0.1157;4.344615;5.852854;-0.558947;0.1163;0.9865;0.1157;2.178087;6.175502;-1.132448;0.1163;0.9865;0.1157;1.434079;5.816287;-0.102771;-0.0974;0.9595;0.2644;3.425455;5.825552;0.597082;-0.0974;0.9595;0.2644;2.178087;6.175502;-1.132448;-0.0974;0.9595;0.2644;4.344615;5.852854;-0.558947;0.2587;0.8147;-0.5189;4.386837;5.243795;-1.494191;0.2587;0.8147;-0.5189;2.178087;6.175502;-1.132448;0.2587;0.8147;-0.5189;-3.894189;7.957981;1.965425;-0.6333;0.4768;0.6095;-4.95749;8.259638;0.624585;-0.6333;0.4768;0.6095;-5.485662;6.798203;1.219019;-0.6333;0.4768;0.6095;-4.95749;8.259638;0.624585;0.0713;0.9838;0.1647;-3.894189;7.957981;1.965425;0.0713;0.9838;0.1647;-3.478355;8.360555;-0.618547;0.0713;0.9838;0.1647;-4.95749;8.259638;0.624585;-0.4244;0.791;-0.4407;-3.478355;8.360555;-0.618547;-0.4244;0.791;-0.4407;-5.05329;7.391109;-0.841961;-0.4244;0.791;-0.4407;-4.95749;8.259638;0.624585;-0.9483;0.2965;-0.1136;-5.05329;7.391109;-0.841961;-0.9483;0.2965;-0.1136;-5.485662;6.798203;1.219019;-0.9483;0.2965;-0.1136;-3.894189;7.957981;1.965425;-0.5642;0.2728;0.7792;-5.485662;6.798203;1.219019;-0.5642;0.2728;0.7792;-4.333692;6.620905;2.115217;-0.5642;0.2728;0.7792;-3.478355;8.360555;-0.618547;0.4615;0.8623;0.2086;-3.894189;7.957981;1.965425;0.4615;0.8623;0.2086;-2.399956;7.537633;0.397451;0.4615;0.8623;0.2086;-5.05329;7.391109;-0.841961;0.1923;-0.0872;-0.9774;-3.478355;8.360555;-0.618547;0.1923;-0.0872;-0.9774;-3.126067;6.839943;-0.413542;0.1923;-0.0872;-0.9774;-3.894189;7.957981;1.965425;0.2159;0.0383;0.9757;-4.333692;6.620905;2.115217;0.2159;0.0383;0.9757;-2.976196;7.3023;1.788073;0.2159;0.0383;0.9757;-3.894189;7.957981;1.965425;0.5867;0.7226;0.3654;-2.976196;7.3023;1.788073;0.5867;0.7226;0.3654;-2.399956;7.537633;0.397451;0.5867;0.7226;0.3654;-3.478355;8.360555;-0.618547;0.7121;0.0708;-0.6985;-2.399956;7.537633;0.397451;0.7121;0.0708;-0.6985;-3.126067;6.839943;-0.413542;0.7121;0.0708;-0.6985;-5.05329;7.391109;-0.841961;-0.1974;-0.9303;-0.309;-3.126067;6.839943;-0.413542;-0.1974;-0.9303;-0.309;-5.485662;6.798203;1.219019;-0.1974;-0.9303;-0.309;-2.976196;7.3023;1.788073;0.4722;-0.8686;0.1503;-4.333692;6.620905;2.115217;0.4722;-0.8686;0.1503;-3.126067;6.839943;-0.413542;0.4722;-0.8686;0.1503;-2.399956;7.537633;0.397451;0.6134;-0.7803;0.1221;-2.976196;7.3023;1.788073;0.6134;-0.7803;0.1221;-3.126067;6.839943;-0.413542;0.6134;-0.7803;0.1221;-4.333692;6.620905;2.115217;-0.0625;-0.9913;-0.1157;-5.485662;6.798203;1.219019;-0.0625;-0.9913;-0.1157;-3.126067;6.839943;-0.413542;-0.0625;-0.9913;-0.1157;-2.476432;5.838583;-2.673787;-0.9161;0.2947;0.2718;-2.139841;6.456357;-2.209159;-0.9161;0.2947;0.2718;-2.282142;6.841274;-3.106159;-0.9161;0.2947;0.2718;-2.476432;5.838583;-2.673787;-0.9705;0.2252;0.086;-2.282142;6.841274;-3.106159;-0.9705;0.2252;0.086;-2.503186;6.001832;-3.402718;-0.9705;0.2252;0.086;-2.139841;6.456357;-2.209159;-0.3534;-0.4316;0.8299;-2.476432;5.838583;-2.673787;-0.3534;-0.4316;0.8299;-1.826449;5.721265;-2.458026;-0.3534;-0.4316;0.8299;-2.282142;6.841274;-3.106159;-0.1702;0.8955;0.4113;-2.139841;6.456357;-2.209159;-0.1702;0.8955;0.4113;-1.057404;6.983407;-2.908775;-0.1702;0.8955;0.4113;-2.503186;6.001832;-3.402718;-0.1502;0.3643;-0.9191;-2.282142;6.841274;-3.106159;-0.1502;0.3643;-0.9191;-1.085004;6.214001;-3.550468;-0.1502;0.3643;-0.9191;-2.139841;6.456357;-2.209159;-0.2448;-0.4029;0.8819;-1.826449;5.721265;-2.458026;-0.2448;-0.4029;0.8819;-1.133579;6.186572;-2.053078;-0.2448;-0.4029;0.8819;-2.139841;6.456357;-2.209159;0.0884;0.725;0.683;-1.133579;6.186572;-2.053078;0.0884;0.725;0.683;-1.057404;6.983407;-2.908775;0.0884;0.725;0.683;-2.282142;6.841274;-3.106159;0.0496;0.6387;-0.7679;-1.057404;6.983407;-2.908775;0.0496;0.6387;-0.7679;-1.085004;6.214001;-3.550468;0.0496;0.6387;-0.7679;-2.503186;6.001832;-3.402718;0.1217;-0.9676;-0.2212;-1.085004;6.214001;-3.550468;0.1217;-0.9676;-0.2212;-2.476432;5.838583;-2.673787;0.1217;-0.9676;-0.2212;-1.133579;6.186572;-2.053078;0.5564;-0.8309;0.0028;-1.826449;5.721265;-2.458026;0.5564;-0.8309;0.0028;-1.085004;6.214001;-3.550468;0.5564;-0.8309;0.0028;-1.057404;6.983407;-2.908775;0.9976;-0.0618;0.0312;-1.133579;6.186572;-2.053078;0.9976;-0.0618;0.0312;-1.085004;6.214001;-3.550468;0.9976;-0.0618;0.0312;-1.826449;5.721265;-2.458026;-0.0227;-0.9055;-0.4238;-2.476432;5.838583;-2.673787;-0.0227;-0.9055;-0.4238;-1.085004;6.214001;-3.550468;-0.0227;-0.9055;-0.4238
315;0.32982284;0.28003314;0.3089882;0.01
0.651811;1.232164;-1.135458;-0.3104;-0.0011;0.9506;-0.588951;2.318419;-1.539308;-0.3104;-0.0011;0.9506;-0.852638;1.854847;-1.625935;-0.3104;-0.0011;0.9506;1.184034;1.465302;-1.41339;0.8118;0.5312;0.2425;2.269549;-0.898336;0.130317;0.8118;0.5312;0.2425;2.581661;-0.898336;-0.914539;0.8118;0.5312;0.2425;1.286918;1.841505;-0.900801;-0.2771;0.2498;0.9278;1.224693;-0.898336;-0.181795;-0.2771;0.2498;0.9278;2.269549;-0.898336;0.130317;-0.2771;0.2498;0.9278;1.224693;-0.898336;-0.181795;-0.894;-0.3599;-0.267;0.651811;1.232164;-1.135458;-0.894;-0.3599;-0.267;1.536805;-0.898336;-1.22665;-0.894;-0.3599;-0.267;1.184034;1.465302;-1.41339;-0.4125;-0.1328;-0.9012;1.536805;-0.898336;-1.22665;-0.4125;-0.1328;-0.9012;0.651811;1.232164;-1.135458;-0.4125;-0.1328;-0.9012;-0.459405;2.342649;-2.063297;0.718;0.6642;0.2082;-1.310722;3.05394;-1.396568;0.718;0.6642;0.2082;-0.588951;2.318419;-1.539308;0.718;0.6642;0.2082;0.651811;1.232164;-1.135458;0.0498;-0.8101;-0.5841;-0.723093;1.879077;-2.149925;0.0498;-0.8101;-0.5841;1.184034;1.465302;-1.41339;0.0498;-0.8101;-0.5841;1.286918;1.841505;-0.900801;-0.0148;0.7798;0.6258;-0.588951;2.318419;-1.539308;-0.0148;0.7798;0.6258;0.754695;1.608367;-0.62287;-0.0148;0.7798;0.6258;1.184034;1.465302;-1.41339;0.5513;0.6159;-0.5627;-0.459405;2.342649;-2.063297;0.5513;0.6159;-0.5627;1.286918;1.841505;-0.900801;0.5513;0.6159;-0.5627;-1.310722;3.05394;-1.396568;0.2597;0.8231;-0.505;-1.868415;3.242391;-1.376255;0.2597;0.8231;-0.505;-1.52762;4.15254;0.282406;0.2597;0.8231;-0.505;-0.459405;2.342649;-2.063297;-0.2478;0.3123;-0.9171;-0.723093;1.879077;-2.149925;-0.2478;0.3123;-0.9171;-1.868415;3.242391;-1.376255;-0.2478;0.3123;-0.9171;-0.588951;2.318419;-1.539308;0.1747;-0.276;0.9452;-1.738668;2.79981;-1.186296;0.1747;-0.276;0.9452;-0.852638;1.854847;-1.625935;0.1747;-0.276;0.9452;-0.723093;1.879077;-2.149925;-0.7954;-0.4205;-0.4365;-1.738668;2.79981;-1.186296;-0.7954;-0.4205;-0.4365;-1.868415;3.242391;-1.376255;-0.7954;-0.4205;-0.4365;-1.52762;4.15254;0.282406;0.5659;-0.711;-0.4174;0.245443;5.161291;0.967931;0.5659;-0.711;-0.4174;-1.681901;3.881844;0.534304;0.5659;-0.711;-0.4174;-1.868415;3.242391;-1.376255;-0.187;0.8769;-0.4428;-1.870534;4.182911;0.487391;-0.187;0.8769;-0.4428;-1.52762;4.15254;0.282406;-0.187;0.8769;-0.4428;-1.738668;2.79981;-1.186296;0.9184;-0.348;0.1885;-1.52762;4.15254;0.282406;0.9184;-0.348;0.1885;-1.681901;3.881844;0.534304;0.9184;-0.348;0.1885;-1.868415;3.242391;-1.376255;-0.8383;-0.4871;0.2449;-1.681901;3.881844;0.534304;-0.8383;-0.4871;0.2449;-1.870534;4.182911;0.487391;-0.8383;-0.4871;0.2449;0.027417;5.363171;0.699156;0.0492;-0.7791;-0.625;0.848459;6.479904;-0.628201;0.0492;-0.7791;-0.625;0.245443;5.161291;0.967931;0.0492;-0.7791;-0.625;-1.870534;4.182911;0.487391;-0.0322;-0.3837;0.9229;0.245443;5.161291;0.967931;-0.0322;-0.3837;0.9229;0.080249;5.45694;1.085093;-0.0322;-0.3837;0.9229;-1.52762;4.15254;0.282406;-0.5913;0.7985;-0.1131;0.080249;5.45694;1.085093;-0.5913;0.7985;-0.1131;0.027417;5.363171;0.699156;-0.5913;0.7985;-0.1131;0.50714;6.450562;-0.479192;-0.3169;-0.1907;0.9291;0.786063;6.552233;-0.363198;-0.3169;-0.1907;0.9291;-0.57259;9.159483;-0.291578;-0.3169;-0.1907;0.9291;0.245443;5.161291;0.967931;0.7983;0.2246;0.5589;0.786063;6.552233;-0.363198;0.7983;0.2246;0.5589;0.080249;5.45694;1.085093;0.7983;0.2246;0.5589;0.027417;5.363171;0.699156;-0.4707;0.7356;0.4872;0.786063;6.552233;-0.363198;-0.4707;0.7356;0.4872;0.50714;6.450562;-0.479192;-0.4707;0.7356;0.4872;0.786063;6.552233;-0.363198;0.8847;0.4587;0.0831;0.848459;6.479904;-0.628201;0.8847;0.4587;0.0831;-0.57259;9.159483;-0.291578;0.8847;0.4587;0.0831;0.848459;6.479904;-0.628201;-0.3917;-0.0927;-0.9154;0.50714;6.450562;-0.479192;-0.3917;-0.0927;-0.9154;-0.57259;9.159483;-0.291578;-0.3917;-0.0927;-0.9154;-0.659176;1.649855;-0.423699;-0.2812;0.2725;-0.9201;0.64344;3.197189;-0.363606;-0.2812;0.2725;-0.9201;0.838922;2.733617;-0.560639;-0.2812;0.2725;-0.9201;-1.395499;-0.898337;1.485914;-0.4192;0.3502;0.8376;-1.20522;1.944298;0.392784;-0.4192;0.3502;0.8376;-2.342906;-0.898337;1.011754;-0.4192;0.3502;0.8376;-1.20522;1.944298;0.392784;-0.8654;0.252;-0.4331;-1.868746;-0.898337;0.064345;-0.8654;0.252;-0.4331;-2.342906;-0.898337;1.011754;-0.8654;0.252;-0.4331;-1.868746;-0.898337;0.064345;0.4179;-0.3582;-0.8349;-0.659176;1.649855;-0.423699;0.4179;-0.3582;-0.8349;-0.921338;-0.898337;0.538507;0.4179;-0.3582;-0.8349;-0.561551;1.625305;0.294368;0.9785;-0.1529;-0.1383;-0.921338;-0.898337;0.538507;0.9785;-0.1529;-0.1383;-0.659176;1.649855;-0.423699;0.9785;-0.1529;-0.1383;1.054041;3.221419;-0.013243;-0.5828;0.4888;0.6492;0.596136;4.082958;-1.072938;-0.5828;0.4888;0.6492;0.64344;3.197189;-0.363606;-0.5828;0.4888;0.6492;-0.561551;1.625305;0.294368;0.4885;-0.8285;-0.2738;0.838922;2.733617;-0.560639;0.4885;-0.8285;-0.2738;1.226727;2.836548;-0.180286;0.4885;-0.8285;-0.2738;-1.20522;1.944298;0.392784;-0.5296;0.8423;0.1008;0.64344;3.197189;-0.363606;-0.5296;0.8423;0.1008;-1.302845;1.968848;-0.325282;-0.5296;0.8423;0.1008;-0.561551;1.625305;0.294368;0.1632;0.0249;0.9863;1.054041;3.221419;-0.013243;0.1632;0.0249;0.9863;-1.20522;1.944298;0.392784;0.1632;0.0249;0.9863;0.927811;4.460364;-1.271661;-0.2503;0.6141;0.7485;-0.871408;4.435269;-1.852805;-0.2503;0.6141;0.7485;0.596136;4.082958;-1.072938;-0.2503;0.6141;0.7485;1.054041;3.221419;-0.013243;0.997;0.0707;-0.0304;0.931304;4.206234;-1.748463;0.997;0.0707;-0.0304;0.927811;4.460364;-1.271661;0.997;0.0707;-0.0304;0.64344;3.197189;-0.363606;-0.9323;-0.3325;-0.1426;0.59963;3.828827;-1.54974;-0.9323;-0.3325;-0.1426;0.838922;2.733617;-0.560639;-0.9323;-0.3325;-0.1426;1.226727;2.836548;-0.180286;0.3673;-0.6651;-0.6501;0.59963;3.828827;-1.54974;0.3673;-0.6651;-0.6501;0.931304;4.206234;-1.748463;0.3673;-0.6651;-0.6501;-0.871408;4.435269;-1.852805;-0.3885;-0.8585;0.3347;-2.352402;5.611071;-0.555479;-0.3885;-0.8585;0.3347;-0.964432;4.315107;-2.269043;-0.3885;-0.8585;0.3347;0.927811;4.460364;-1.271661;0.3541;0.8264;-0.4379;0.931304;4.206234;-1.748463;0.3541;0.8264;-0.4379;-0.791543;4.676256;-2.254458;0.3541;0.8264;-0.4379;0.59963;3.828827;-1.54974;-0.4173;-0.844;0.3369;-0.871408;4.435269;-1.852805;-0.4173;-0.844;0.3369;-0.964432;4.315107;-2.269043;-0.4173;-0.844;0.3369;0.59963;3.828827;-1.54974;0.1017;-0.532;-0.8406;-0.791543;4.676256;-2.254458;0.1017;-0.532;-0.8406;0.931304;4.206234;-1.748463;0.1017;-0.532;-0.8406;-2.352402;5.611071;-0.555479;0.4606;-0.881;0.1085;-1.068199;6.51326;1.318195;0.4606;-0.881;0.1085;-1.162902;6.508264;1.679539;0.4606;-0.881;0.1085;-0.791543;4.676256;-2.254458;-0.7729;-0.409;-0.4851;-2.352402;5.611071;-0.555479;-0.7729;-0.409;-0.4851;-2.38324;5.90672;-0.755642;-0.7729;-0.409;-0.4851;-0.871408;4.435269;-1.852805;0.8487;0.3618;0.3858;-0.791543;4.676256;-2.254458;0.8487;0.3618;0.3858;-2.014469;5.812951;-0.630158;0.8487;0.3618;0.3858;-0.791543;4.676256;-2.254458;0.3415;0.8712;-0.3526;-2.38324;5.90672;-0.755642;0.3415;0.8712;-0.3526;-2.014469;5.812951;-0.630158;0.3415;0.8712;-0.3526;-1.068199;6.51326;1.318195;-0.4945;0.403;-0.7701;-1.191735;6.733434;1.512752;-0.4945;0.403;-0.7701;0.223016;9.118021;1.852124;-0.4945;0.403;-0.7701;-2.352402;5.611071;-0.555479;-0.8963;0.1807;0.405;-1.191735;6.733434;1.512752;-0.8963;0.1807;0.405;-2.38324;5.90672;-0.755642;-0.8963;0.1807;0.405;-2.014469;5.812951;-0.630158;0.4926;0.7149;-0.4962;-1.191735;6.733434;1.512752;0.4926;0.7149;-0.4962;-1.068199;6.51326;1.318195;0.4926;0.7149;-0.4962;-1.191735;6.733434;1.512752;-0.7265;0.3465;0.5934;-1.162902;6.508264;1.679539;-0.7265;0.3465;0.5934;0.223016;9.118021;1.852124;-0.7265;0.3465;0.5934;-1.162902;6.508264;1.679539;0.8559;-0.469;0.2178;-1.068199;6.51326;1.318195;0.8559;-0.469;0.2178;0.223016;9.118021;1.852124;0.8559;-0.469;0.2178;0.50714;6.450562;-0.479192;-0.2035;-0.7609;-0.6161;0.137113;9.112361;-3.644536;-0.2035;-0.7609;-0.6161;0.848459;6.479904;-0.628201;-0.2035;-0.7609;-0.6161;0.848459;6.479904;-0.628201;0.7337;0.5881;0.3402;0.137113;9.112361;-3.644536;0.7337;0.5881;0.3402;0.630208;6.703098;-0.543342;0.7337;0.5881;0.3402;0.630208;6.703098;-0.543342;-0.7292;0.4794;0.4884;0.137113;9.112361;-3.644536;-0.7292;0.4794;0.4884;0.50714;6.450562;-0.479192;-0.7292;0.4794;0.4884;-1.654116;6.113496;0.25171;0.6478;0.593;-0.4782;-3.267192;9.421363;2.168267;0.6478;0.593;-0.4782;-1.540644;6.161767;0.465293;0.6478;0.593;-0.4782;-1.540644;6.161767;0.465293;0.1646;-0.3869;0.9073;-3.267192;9.421363;2.168267;0.1646;-0.3869;0.9073;-1.767588;6.065226;0.465293;0.1646;-0.3869;0.9073;-1.767588;6.065226;0.465293;-0.8616;-0.137;-0.4887;-3.267192;9.421363;2.168267;-0.8616;-0.137;-0.4887;-1.654116;6.113496;0.25171;-0.8616;-0.137;-0.4887;1.049914;3.122983;-0.367063;0.2792;-0.3976;-0.8741;3.206619;5.43177;-0.728435;0.2792;-0.3976;-0.8741;1.226727;2.836548;-0.180286;0.2792;-0.3976;-0.8741;1.226727;2.836548;-0.180286;0.4632;-0.1697;0.8698;3.206619;5.43177;-0.728435;0.4632;-0.1697;0.8698;1.054041;3.221419;-0.013243;0.4632;-0.1697;0.8698;1.054041;3.221419;-0.013243;-0.733;0.6575;-0.1744;3.206619;5.43177;-0.728435;-0.733;0.6575;-0.1744;1.049914;3.122983;-0.367063;-0.733;0.6575;-0.1744;-2.189154;5.828223;-0.535807;0.3106;0.7882;-0.5313;-4.290448;7.54408;0.781419;0.3106;0.7882;-0.5313;-2.10575;5.943934;-0.315363;0.3106;0.7882;-0.5313;-2.10575;5.943934;-0.315363;0.3871;-0.0997;0.9166;-4.290448;7.54408;0.781419;0.3871;-0.0997;0.9166;-2.181775;5.757061;-0.303584;0.3871;-0.0997;0.9166;-2.181775;5.757061;-0.303584;-0.6901;-0.6978;-0.1919;-4.290448;7.54408;0.781419;-0.6901;-0.6978;-0.1919;-2.189154;5.828223;-0.535807;-0.6901;-0.6978;-0.1919;-0.787819;4.629548;-2.18128;0.693;0.6117;0.3814;-1.942575;6.430982;-2.972411;0.693;0.6117;0.3814;-1.027192;4.743351;-1.928868;0.693;0.6117;0.3814;-1.027192;4.743351;-1.928868;-0.8174;-0.0916;0.5688;-1.942575;6.430982;-2.972411;-0.8174;-0.0916;0.5688;-1.06636;4.486465;-2.026529;-0.8174;-0.0916;0.5688;-1.06636;4.486465;-2.026529;-0.2084;-0.5022;-0.8393;-1.942575;6.430982;-2.972411;-0.2084;-0.5022;-0.8393;-0.787819;4.629548;-2.18128;-0.2084;-0.5022;-0.8393;0.651811;1.232164;-1.135458;-0.6496;-0.5448;0.5303;0.754695;1.608367;-0.62287;-0.6496;-0.5448;0.5303;-0.588951;2.318419;-1.539308;-0.6496;-0.5448;0.5303;1.184034;1.465302;-1.41339;0.92;0.2041;-0.3345;1.286918;1.841505;-0.900801;0.92;0.2041;-0.3345;2.269549;-0.898336;0.130317;0.92;0.2041;-0.3345;1.286918;1.841505;-0.900801;0.3704;0.2279;0.9005;0.754695;1.608367;-0.62287;0.3704;0.2279;0.9005;1.224693;-0.898336;-0.181795;0.3704;0.2279;0.9005;1.224693;-0.898336;-0.181795;-0.95;-0.128;0.2847;0.754695;1.608367;-0.62287;-0.95;-0.128;0.2847;0.651811;1.232164;-1.135458;-0.95;-0.128;0.2847;1.184034;1.465302;-1.41339;0.2861;-0.033;-0.9576;2.581661;-0.898336;-0.914539;0.2861;-0.033;-0.9576;1.536805;-0.898336;-1.22665;0.2861;-0.033;-0.9576;-0.459405;2.342649;-2.063297;0.2525;0.8052;-0.5366;-1.868415;3.242391;-1.376255;0.2525;0.8052;-0.5366;-1.310722;3.05394;-1.396568;0.2525;0.8052;-0.5366;0.651811;1.232164;-1.135458;-0.3434;-0.9304;-0.1279;-0.852638;1.854847;-1.625935;-0.3434;-0.9304;-0.1279;-0.723093;1.879077;-2.149925;-0.3434;-0.9304;-0.1279;1.286918;1.841505;-0.900801;0.2138;0.972;0.0978;-0.459405;2.342649;-2.063297;0.2138;0.972;0.0978;-0.588951;2.318419;-1.539308;0.2138;0.972;0.0978;1.184034;1.465302;-1.41339;0.355;-0.0273;-0.9345;-0.723093;1.879077;-2.149925;0.355;-0.0273;-0.9345;-0.459405;2.342649;-2.063297;0.355;-0.0273;-0.9345;-0.588951;2.318419;-1.539308;0.3528;0.1676;0.9206;-1.310722;3.05394;-1.396568;0.3528;0.1676;0.9206;-1.738668;2.79981;-1.186296;0.3528;0.1676;0.9206;-0.723093;1.879077;-2.149925;-0.7604;-0.6124;-0.2163;-0.852638;1.854847;-1.625935;-0.7604;-0.6124;-0.2163;-1.738668;2.79981;-1.186296;-0.7604;-0.6124;-0.2163;-1.52762;4.15254;0.282406;0.5249;-0.4193;-0.7407;0.027417;5.363171;0.699156;0.5249;-0.4193;-0.7407;0.245443;5.161291;0.967931;0.5249;-0.4193;-0.7407;-1.738668;2.79981;-1.186296;0.6103;-0.6244;0.4874;-1.310722;3.05394;-1.396568;0.6103;-0.6244;0.4874;-1.52762;4.15254;0.282406;0.6103;-0.6244;0.4874;-1.868415;3.242391;-1.376255;-0.9633;-0.2116;0.1649;-1.738668;2.79981;-1.186296;-0.9633;-0.2116;0.1649;-1.681901;3.881844;0.534304;-0.9633;-0.2116;0.1649;0.027417;5.363171;0.699156;-0.2533;-0.6573;-0.7097;0.50714;6.450562;-0.479192;-0.2533;-0.6573;-0.7097;0.848459;6.479904;-0.628201;-0.2533;-0.6573;-0.7097;-1.870534;4.182911;0.487391;-0.2259;0.0102;0.9741;-1.681901;3.881844;0.534304;-0.2259;0.0102;0.9741;0.245443;5.161291;0.967931;-0.2259;0.0102;0.9741;-1.52762;4.15254;0.282406;-0.2966;0.7384;-0.6057;-1.870534;4.182911;0.487391;-0.2966;0.7384;-0.6057;0.080249;5.45694;1.085093;-0.2966;0.7384;-0.6057;0.245443;5.161291;0.967931;0.9578;-0.124;0.2594;0.848459;6.479904;-0.628201;0.9578;-0.124;0.2594;0.786063;6.552233;-0.363198;0.9578;-0.124;0.2594;0.027417;5.363171;0.699156;-0.848;0.5298;-0.0126;0.080249;5.45694;1.085093;-0.848;0.5298;-0.0126;0.786063;6.552233;-0.363198;-0.848;0.5298;-0.0126;-0.659176;1.649855;-0.423699;-0.0932;0.1169;-0.9888;-1.302845;1.968848;-0.325282;-0.0932;0.1169;-0.9888;0.64344;3.197189;-0.363606;-0.0932;0.1169;-0.9888;-1.395499;-0.898337;1.485914;0.2983;0.3251;0.8974;-0.561551;1.625305;0.294368;0.2983;0.3251;0.8974;-1.20522;1.944298;0.392784;0.2983;0.3251;0.8974;-1.20522;1.944298;0.392784;-0.9678;0.2099;0.1388;-1.302845;1.968848;-0.325282;-0.9678;0.2099;0.1388;-1.868746;-0.898337;0.064345;-0.9678;0.2099;0.1388;-1.868746;-0.898337;0.064345;-0.1958;-0.094;-0.9761;-1.302845;1.968848;-0.325282;-0.1958;-0.094;-0.9761;-0.659176;1.649855;-0.423699;-0.1958;-0.094;-0.9761;-0.561551;1.625305;0.294368;0.8911;-0.0839;0.446;-1.395499;-0.898337;1.485914;0.8911;-0.0839;0.446;-0.921338;-0.898337;0.538507;0.8911;-0.0839;0.446;1.054041;3.221419;-0.013243;-0.3378;0.6535;0.6773;0.927811;4.460364;-1.271661;-0.3378;0.6535;0.6773;0.596136;4.082958;-1.072938;-0.3378;0.6535;0.6773;-0.561551;1.625305;0.294368;0.5764;-0.8102;-0.1061;-0.659176;1.649855;-0.423699;0.5764;-0.8102;-0.1061;0.838922;2.733617;-0.560639;0.5764;-0.8102;-0.1061;-1.20522;1.944298;0.392784;-0.3939;0.8254;0.4045;1.054041;3.221419;-0.013243;-0.3939;0.8254;0.4045;0.64344;3.197189;-0.363606;-0.3939;0.8254;0.4045;-0.561551;1.625305;0.294368;0.3849;-0.2167;0.8972;1.226727;2.836548;-0.180286;0.3849;-0.2167;0.8972;1.054041;3.221419;-0.013243;0.3849;-0.2167;0.8972;0.927811;4.460364;-1.271661;-0.1678;0.8597;0.4824;-0.791543;4.676256;-2.254458;-0.1678;0.8597;0.4824;-0.871408;4.435269;-1.852805;-0.1678;0.8597;0.4824;1.054041;3.221419;-0.013243;0.9246;0.3556;0.1364;1.226727;2.836548;-0.180286;0.9246;0.3556;0.1364;0.931304;4.206234;-1.748463;0.9246;0.3556;0.1364;0.64344;3.197189;-0.363606;-0.999;-0.0415;0.0148;0.596136;4.082958;-1.072938;-0.999;-0.0415;0.0148;0.59963;3.828827;-1.54974;-0.999;-0.0415;0.0148;1.226727;2.836548;-0.180286;0.6951;-0.3923;-0.6025;0.838922;2.733617;-0.560639;0.6951;-0.3923;-0.6025;0.59963;3.828827;-1.54974;0.6951;-0.3923;-0.6025;-0.871408;4.435269;-1.852805;0.4137;-0.3878;0.8237;-2.014469;5.812951;-0.630158;0.4137;-0.3878;0.8237;-2.352402;5.611071;-0.555479;0.4137;-0.3878;0.8237;0.59963;3.828827;-1.54974;-0.4185;-0.8028;0.4248;0.596136;4.082958;-1.072938;-0.4185;-0.8028;0.4248;-0.871408;4.435269;-1.852805;-0.4185;-0.8028;0.4248;0.59963;3.828827;-1.54974;0.3764;-0.1432;-0.9153;-0.964432;4.315107;-2.269043;0.3764;-0.1432;-0.9153;-0.791543;4.676256;-2.254458;0.3764;-0.1432;-0.9153;-2.352402;5.611071;-0.555479;0.5208;-0.852;0.0533;-2.014469;5.812951;-0.630158;0.5208;-0.852;0.0533;-1.068199;6.51326;1.318195;0.5208;-0.852;0.0533;-0.791543;4.676256;-2.254458;-0.6041;0.3187;-0.7304;-0.964432;4.315107;-2.269043;-0.6041;0.3187;-0.7304;-2.352402;5.611071;-0.555479;-0.6041;0.3187;-0.7304;-2.352402;5.611071;-0.555479;-0.8964;0.1839;0.4033;-1.162902;6.508264;1.679539;-0.8964;0.1839;0.4033;-1.191735;6.733434;1.512752;-0.8964;0.1839;0.4033;-2.014469;5.812951;-0.630158;0.3665;0.7956;-0.4824;-2.38324;5.90672;-0.755642;0.3665;0.7956;-0.4824;-1.191735;6.733434;1.512752;0.3665;0.7956;-0.4824
7
MATERIAL;second;0;count;5;CUSTOM;0.90354544;0.4362246;0.5886695;1000;DARK_PURPLE;400000;DARK_ORANGE;700000;YELLOW_GREEN;500000;GREEN;800000;
INFO;NameId;362;DescId;363;price;140000;dpPerMin;0;range;3;placeSound;thud
LIFE;averagePop;5.5;averageLife;69.0;popFactors;2;0;0.15;breedMat;34.5;breedTime;24.957039;parentId;42;count;650;reqs;2;LIFE;type;2;enviroType;3;min;0;max;20;LIFE;type;2;enviroType;0;classification;ar;count;3;FALL_DEATH;fallTime;3;totalTime;5;fallenAngle;60;particleEffect;1;ExplodeTime;0.975;UseMaterial;1;Colour;1;Spawn;2;5;0;1;0;PPS;30;Speed;1.5;Gravity;0.3;Life;3;Scale;0.1;Colour;0.90354544;0.49162906;0.5028882;Additive;0;Alpha;1;FadeIn;0.1;FadeOut;0.8;HasDir;1;Dir;0;1;0;Varience;0.25;Offset;0;5;0;LifeError;0.4;ScaleError;0.3;SpeedError;0.4;RandRot;1;HasXRot;1;XRotSpeed;180;Stages;1;2;enviroReqCount;3;reqId;1;minAltitude;0;maxAltitude;20;influence;0.9;reqId;2;barren;0;goodBiomes;1;7;idealFactor;100;influence;0.8;reqId;5;likedSpecies;1;pbl70;influence;0.8
GROWTH;dynamic;0;growthTime;23.0;modelStages;3;subStages;2
PERCH;1;-0.16;4.56;-1.9
WOOD;cut time;5.5;bark factor;0.3;colour;0.32982284;0.28003314;0.3089882
PARTICLES;isColour;1;spawn;3;3.7;0;1;0;PPS;4.5;Speed;0;Gravity;0.01;Life;39;Scale;0.5;Colour;1;0;0;Additive;0;Alpha;1;FadeIn;0.2;FadeOut;0.9;HasDir;0;Offset;0;8;0;LifeError;0.0;ScaleError;0.4;SpeedError;0;RandRot;1;HasXRot;1;XRotSpeed;190;range;30;stages;1;2;takesMaterial;1
