2.0
es
0;1
7
-0.270466;-0.021139;-0.179339;0.269581;0.142553;0.214812;1
48;1
48;0.5007234;0.43128562;0.3323182
-0.066354;0.068678;0.214812;0.933;0.3267;0.151;0.023137;-0.007395;-0.173526;0.933;0.3267;0.151;-0.077243;0.106286;0.20072;0.933;0.3267;0.151;-0.077243;0.106286;0.20072;-0.6928;0.6171;-0.3733;0.023137;-0.007395;-0.173526;-0.6928;0.6171;-0.3733;-0.10452;0.074887;0.199437;-0.6928;0.6171;-0.3733;-0.10452;0.074887;0.199437;-0.2137;-0.9668;0.1401;0.023137;-0.007395;-0.173526;-0.2137;-0.9668;0.1401;-0.066354;0.068678;0.214812;-0.2137;-0.9668;0.1401;-0.066354;0.068678;0.214812;-0.3272;0.247;0.9121;-0.077243;0.106286;0.20072;-0.3272;0.247;0.9121;-0.10452;0.074887;0.199437;-0.3272;0.247;0.9121;-0.270466;0.10033;-0.11157;-0.5038;-0.5036;0.7018;0.103622;-0.00416;0.081982;-0.5038;-0.5036;0.7018;-0.239965;0.119511;-0.075914;-0.5038;-0.5036;0.7018;-0.239965;0.119511;-0.075914;0.1153;0.8882;0.4447;0.103622;-0.00416;0.081982;0.1153;0.8882;0.4447;-0.244007;0.142553;-0.120884;0.1153;0.8882;0.4447;-0.244007;0.142553;-0.120884;0.3319;-0.3968;-0.8558;0.103622;-0.00416;0.081982;0.3319;-0.3968;-0.8558;-0.270466;0.10033;-0.11157;0.3319;-0.3968;-0.8558;-0.270466;0.10033;-0.11157;-0.7568;0.5516;0.3507;-0.239965;0.119511;-0.075914;-0.7568;0.5516;0.3507;-0.244007;0.142553;-0.120884;-0.7568;0.5516;0.3507;0.269581;0.075118;0.090062;-0.1451;0.9598;-0.2401;-0.042577;-0.021139;-0.106142;-0.1451;0.9598;-0.2401;0.252516;0.077102;0.108301;-0.1451;0.9598;-0.2401;0.252516;0.077102;0.108301;-0.4565;-0.3824;0.8034;-0.042577;-0.021139;-0.106142;-0.4565;-0.3824;0.8034;0.265663;0.055932;0.105694;-0.4565;-0.3824;0.8034;0.265663;0.055932;0.105694;0.5519;-0.5916;-0.5878;-0.042577;-0.021139;-0.106142;0.5519;-0.5916;-0.5878;0.269581;0.075118;0.090062;0.5519;-0.5916;-0.5878;0.269581;0.075118;0.090062;0.7007;0.3592;0.6165;0.252516;0.077102;0.108301;0.7007;0.3592;0.6165;0.265663;0.055932;0.105694;0.7007;0.3592;0.6165;0.123134;0.098834;-0.145108;0.3676;0.11;0.9235;-0.247369;0.044436;0.008858;0.3676;0.11;0.9235;0.101823;0.054931;-0.131396;0.3676;0.11;0.9235;0.101823;0.054931;-0.131396;-0.0329;-0.9872;-0.1559;-0.247369;0.044436;0.008858;-0.0329;-0.9872;-0.1559;0.116691;0.062006;-0.179339;-0.0329;-0.9872;-0.1559;0.116691;0.062006;-0.179339;-0.3673;0.6669;-0.6483;-0.247369;0.044436;0.008858;-0.3673;0.6669;-0.6483;0.123134;0.098834;-0.145108;-0.3673;0.6669;-0.6483;0.123134;0.098834;-0.145108;0.9023;-0.3675;0.2256;0.101823;0.054931;-0.131396;0.9023;-0.3675;0.2256;0.116691;0.062006;-0.179339;0.9023;-0.3675;0.2256
-0.350085;0.008254;-0.196684;0.31011;0.204971;0.323309;1
66;1
66;0.5007234;0.43128562;0.3323182
0.144783;0.091862;0.217451;0.2391;-0.9467;0.216;-0.089039;0.015227;0.140377;0.2391;-0.9467;0.216;0.286414;0.066499;-0.050496;0.2391;-0.9467;0.216;-0.267201;0.02353;0.132527;-0.0534;-0.9838;0.1709;-0.331133;0.008534;0.026214;-0.0534;-0.9838;0.1709;-0.089039;0.015227;0.140377;-0.0534;-0.9838;0.1709;-0.154936;0.112722;-0.196684;-0.12;-0.8596;-0.4967;0.144287;0.023901;-0.115267;-0.12;-0.8596;-0.4967;-0.331133;0.008534;0.026214;-0.12;-0.8596;-0.4967;0.286414;0.066499;-0.050496;0.2144;-0.9631;0.163;-0.089039;0.015227;0.140377;0.2144;-0.9631;0.163;0.144287;0.023901;-0.115267;0.2144;-0.9631;0.163;-0.089039;0.015227;0.140377;0.0305;-0.9995;-0.0061;-0.331133;0.008534;0.026214;0.0305;-0.9995;-0.0061;0.144287;0.023901;-0.115267;0.0305;-0.9995;-0.0061;-0.154936;0.112722;-0.196684;0.3281;0.2779;-0.9028;0.286414;0.066499;-0.050496;0.3281;0.2779;-0.9028;0.144287;0.023901;-0.115267;0.3281;0.2779;-0.9028;0.144783;0.091862;0.217451;-0.0632;-0.6053;0.7935;-0.267201;0.02353;0.132527;-0.0632;-0.6053;0.7935;-0.089039;0.015227;0.140377;-0.0632;-0.6053;0.7935;-0.267201;0.02353;0.132527;-0.3981;0.9106;0.111;-0.154936;0.112722;-0.196684;-0.3981;0.9106;0.111;-0.331133;0.008534;0.026214;-0.3981;0.9106;0.111;-0.267201;0.02353;0.132527;-0.1291;0.9785;-0.1609;0.144783;0.091862;0.217451;-0.1291;0.9785;-0.1609;0.286414;0.066499;-0.050496;-0.1291;0.9785;-0.1609;-0.154936;0.112722;-0.196684;0.013;0.964;0.2656;-0.267201;0.02353;0.132527;0.013;0.964;0.2656;0.286414;0.066499;-0.050496;0.013;0.964;0.2656;-0.103443;0.069927;0.323309;0.9194;0.3402;0.1975;-0.018947;0.008254;0.036158;0.9194;0.3402;0.1975;-0.113594;0.104989;0.310171;0.9194;0.3402;0.1975;-0.113594;0.104989;0.310171;-0.6681;0.5985;-0.4421;-0.018947;0.008254;0.036158;-0.6681;0.5985;-0.4421;-0.139024;0.075716;0.308975;-0.6681;0.5985;-0.4421;-0.139024;0.075716;0.308975;-0.2152;-0.9659;0.1441;-0.018947;0.008254;0.036158;-0.2152;-0.9659;0.1441;-0.103443;0.069927;0.323309;-0.2152;-0.9659;0.1441;-0.103443;0.069927;0.323309;-0.3272;0.247;0.9121;-0.113594;0.104989;0.310171;-0.3272;0.247;0.9121;-0.139024;0.075716;0.308975;-0.3272;0.247;0.9121;-0.350085;0.169809;-0.0253;-0.2324;-0.4768;0.8478;-0.02551;0.01306;-0.024491;-0.2324;-0.4768;0.8478;-0.320008;0.200518;2.14E-4;-0.2324;-0.4768;0.8478;-0.320008;0.200518;2.14E-4;0.5386;0.8419;0.0323;-0.02551;0.01306;-0.024491;0.5386;0.8419;0.0323;-0.323993;0.204971;-0.049414;0.5386;0.8419;0.0323;-0.323993;0.204971;-0.049414;-0.211;-0.4415;-0.8721;-0.02551;0.01306;-0.024491;-0.211;-0.4415;-0.8721;-0.350085;0.169809;-0.0253;-0.211;-0.4415;-0.8721;-0.350085;0.169809;-0.0253;-0.7568;0.6428;0.1184;-0.320008;0.200518;2.14E-4;-0.7568;0.6428;0.1184;-0.323993;0.204971;-0.049414;-0.7568;0.6428;0.1184;0.31011;0.098664;0.141674;-0.1503;0.9579;-0.2448;0.040226;0.028317;0.032048;-0.1503;0.9579;-0.2448;0.293229;0.100626;0.159717;-0.1503;0.9579;-0.2448;0.293229;0.100626;0.159717;-0.3501;-0.3256;0.8783;0.040226;0.028317;0.032048;-0.3501;-0.3256;0.8783;0.306234;0.079685;0.157137;-0.3501;-0.3256;0.8783;0.306234;0.079685;0.157137;0.4284;-0.6217;-0.6557;0.040226;0.028317;0.032048;0.4284;-0.6217;-0.6557;0.31011;0.098664;0.141674;0.4284;-0.6217;-0.6557;0.31011;0.098664;0.141674;0.7007;0.3592;0.6165;0.293229;0.100626;0.159717;0.7007;0.3592;0.6165;0.306234;0.079685;0.157137;0.7007;0.3592;0.6165
-0.33732;-9.8E-5;-0.434256;0.400043;0.23413;0.50275;1
72;1
72;0.5007234;0.43128562;0.3323182
0.018219;0.202564;0.50275;0.9494;0.2513;-0.1884;-0.023101;0.002683;0.027934;0.9494;0.2513;-0.1884;0.006089;0.23413;0.483741;0.9494;0.2513;-0.1884;0.006089;0.23413;0.483741;-0.7415;0.6162;-0.2654;-0.023101;0.002683;0.027934;-0.7415;0.6162;-0.2654;-0.019749;0.209751;0.499329;-0.7415;0.6162;-0.2654;-0.019749;0.209751;0.499329;-0.2051;-0.8956;0.3948;-0.023101;0.002683;0.027934;-0.2051;-0.8956;0.3948;0.018219;0.202564;0.50275;-0.2051;-0.8956;0.3948;0.018219;0.202564;0.50275;0.022;0.5219;0.8527;0.006089;0.23413;0.483741;0.022;0.5219;0.8527;-0.019749;0.209751;0.499329;0.022;0.5219;0.8527;-0.014304;0.109435;-0.434256;0.4446;-0.7047;-0.5529;0.196311;-9.8E-5;-0.125287;0.4446;-0.7047;-0.5529;-0.020564;0.02831;-0.335883;0.4446;-0.7047;-0.5529;0.393705;0.062474;0.011371;0.4138;-0.8903;-0.19;0.400043;0.02831;0.185225;0.4138;-0.8903;-0.19;0.196311;-9.8E-5;-0.125287;0.4138;-0.8903;-0.19;0.190871;0.111638;0.24063;0.3124;0.1618;0.9361;-0.07524;0.02831;0.34384;0.3124;0.1618;0.9361;0.400043;0.02831;0.185225;0.3124;0.1618;0.9361;-0.256417;0.178737;0.436119;-0.4878;-0.8008;0.3476;-0.285045;0.02831;0.049393;-0.4878;-0.8008;0.3476;-0.07524;0.02831;0.34384;-0.4878;-0.8008;0.3476;-0.33732;0.176249;-0.063462;-0.6681;-0.5859;-0.4586;-0.020564;0.02831;-0.335883;-0.6681;-0.5859;-0.4586;-0.285045;0.02831;0.049393;-0.6681;-0.5859;-0.4586;0.400043;0.02831;0.185225;0.025;-0.9969;0.0748;-0.07524;0.02831;0.34384;0.025;-0.9969;0.0748;0.196311;-9.8E-5;-0.125287;0.025;-0.9969;0.0748;-0.07524;0.02831;0.34384;-0.0468;-0.9983;0.0334;-0.285045;0.02831;0.049393;-0.0468;-0.9983;0.0334;0.196311;-9.8E-5;-0.125287;-0.0468;-0.9983;0.0334;-0.285045;0.02831;0.049393;-0.0782;-0.9955;-0.0537;-0.020564;0.02831;-0.335883;-0.0782;-0.9955;-0.0537;0.196311;-9.8E-5;-0.125287;-0.0782;-0.9955;-0.0537;-0.256417;0.178737;0.436119;0.0122;0.954;-0.2996;0.190871;0.111638;0.24063;0.0122;0.954;-0.2996;-0.221113;0.097888;0.180098;0.0122;0.954;-0.2996;-0.33732;0.176249;-0.063462;0.327;0.9339;0.1444;-0.221113;0.097888;0.180098;0.327;0.9339;0.1444;-0.035156;0.096307;-0.230723;0.327;0.9339;0.1444;-0.014304;0.109435;-0.434256;0.04;0.9969;0.0684;-0.035156;0.096307;-0.230723;0.04;0.9969;0.0684;0.393705;0.062474;0.011371;0.04;0.9969;0.0684;-0.014304;0.109435;-0.434256;0.5861;-0.5503;-0.5946;0.393705;0.062474;0.011371;0.5861;-0.5503;-0.5946;0.196311;-9.8E-5;-0.125287;0.5861;-0.5503;-0.5946;0.393705;0.062474;0.011371;0.402;0.9011;0.1624;0.190871;0.111638;0.24063;0.402;0.9011;0.1624;0.400043;0.02831;0.185225;0.402;0.9011;0.1624;0.190871;0.111638;0.24063;0.3863;-0.0974;0.9172;-0.256417;0.178737;0.436119;0.3863;-0.0974;0.9172;-0.07524;0.02831;0.34384;0.3863;-0.0974;0.9172;-0.256417;0.178737;0.436119;-0.9627;-0.2204;0.157;-0.33732;0.176249;-0.063462;-0.9627;-0.2204;0.157;-0.285045;0.02831;0.049393;-0.9627;-0.2204;0.157;-0.33732;0.176249;-0.063462;-0.6783;-0.5451;-0.4927;-0.014304;0.109435;-0.434256;-0.6783;-0.5451;-0.4927;-0.020564;0.02831;-0.335883;-0.6783;-0.5451;-0.4927;-0.221113;0.097888;0.180098;-0.0016;0.9775;-0.211;0.190871;0.111638;0.24063;-0.0016;0.9775;-0.211;0.393705;0.062474;0.011371;-0.0016;0.9775;-0.211;-0.33732;0.176249;-0.063462;0.7146;0.6893;-0.1192;-0.256417;0.178737;0.436119;0.7146;0.6893;-0.1192;-0.221113;0.097888;0.180098;0.7146;0.6893;-0.1192;-0.014304;0.109435;-0.434256;0.302;0.9488;0.0921;-0.33732;0.176249;-0.063462;0.302;0.9488;0.0921;-0.035156;0.096307;-0.230723;0.302;0.9488;0.0921;-0.035156;0.096307;-0.230723;0.0644;0.9976;0.0253;-0.221113;0.097888;0.180098;0.0644;0.9976;0.0253;0.393705;0.062474;0.011371;0.0644;0.9976;0.0253
-0.47008;-0.008477;-0.490166;0.503164;0.333257;0.453946;1
78;1
78;0.5007234;0.43128562;0.3323182
0.026219;0.222789;-0.490166;0.1091;-0.7391;-0.6647;0.276691;0.054292;-0.261723;0.1091;-0.7391;-0.6647;-0.066652;0.054292;-0.318056;0.1091;-0.7391;-0.6647;0.503164;0.240287;-0.039808;0.6956;-0.709;-0.1156;0.353955;0.054292;0.203052;0.6956;-0.709;-0.1156;0.276691;0.054292;-0.261723;0.6956;-0.709;-0.1156;0.354943;0.3206;0.453946;0.2359;-0.6668;0.7069;-0.121328;0.054292;0.361667;0.2359;-0.6668;0.7069;0.353955;0.054292;0.203052;0.2359;-0.6668;0.7069;-0.302505;0.204719;0.453946;-0.4878;-0.8008;0.3476;-0.331133;0.054292;0.06722;-0.4878;-0.8008;0.3476;-0.121328;0.054292;0.361667;-0.4878;-0.8008;0.3476;-0.47008;0.333257;-0.143133;-0.6321;-0.642;-0.4339;-0.066652;0.054292;-0.318056;-0.6321;-0.642;-0.4339;-0.331133;0.054292;0.06722;-0.6321;-0.642;-0.4339;0.353955;0.054292;0.203052;0.0727;-0.9733;0.2177;-0.121328;0.054292;0.361667;0.0727;-0.9733;0.2177;0.117132;-0.008477;0.001496;0.0727;-0.9733;0.2177;-0.121328;0.054292;0.361667;-0.1253;-0.9881;0.0893;-0.331133;0.054292;0.06722;-0.1253;-0.9881;0.0893;0.117132;-0.008477;0.001496;-0.1253;-0.9881;0.0893;0.276691;0.054292;-0.261723;0.2946;-0.9544;-0.049;0.353955;0.054292;0.203052;0.2946;-0.9544;-0.049;0.117132;-0.008477;0.001496;0.2946;-0.9544;-0.049;-0.331133;0.054292;0.06722;-0.153;-0.9826;-0.105;-0.066652;0.054292;-0.318056;-0.153;-0.9826;-0.105;0.117132;-0.008477;0.001496;-0.153;-0.9826;-0.105;-0.066652;0.054292;-0.318056;0.0348;-0.9767;-0.2118;0.276691;0.054292;-0.261723;0.0348;-0.9767;-0.2118;0.117132;-0.008477;0.001496;0.0348;-0.9767;-0.2118;-0.302505;0.204719;0.453946;0.0118;0.954;-0.2996;0.211886;0.156523;0.320786;0.0118;0.954;-0.2996;-0.267201;0.123869;0.197925;0.0118;0.954;-0.2996;-0.47008;0.333257;-0.143133;0.4954;0.8401;0.221;-0.267201;0.123869;0.197925;0.4954;0.8401;0.221;-0.081243;0.122288;-0.212896;0.4954;0.8401;0.221;0.026219;0.222789;-0.490166;-0.0977;0.9472;0.3055;-0.081243;0.122288;-0.212896;-0.0977;0.9472;0.3055;0.347617;0.088455;0.029198;-0.0977;0.9472;0.3055;0.354943;0.3206;0.453946;-0.4964;0.7653;-0.4097;0.347617;0.088455;0.029198;-0.4964;0.7653;-0.4097;0.211886;0.156523;0.320786;-0.4964;0.7653;-0.4097;0.026219;0.222789;-0.490166;0.6855;0.033;-0.7273;0.503164;0.240287;-0.039808;0.6855;0.033;-0.7273;0.276691;0.054292;-0.261723;0.6855;0.033;-0.7273;0.503164;0.240287;-0.039808;0.8978;-0.3038;0.3189;0.354943;0.3206;0.453946;0.8978;-0.3038;0.3189;0.353955;0.054292;0.203052;0.8978;-0.3038;0.3189;0.354943;0.3206;0.453946;0.0793;-0.4501;0.8895;-0.302505;0.204719;0.453946;0.0793;-0.4501;0.8895;-0.121328;0.054292;0.361667;0.0793;-0.4501;0.8895;-0.302505;0.204719;0.453946;-0.9286;-0.3175;0.1922;-0.47008;0.333257;-0.143133;-0.9286;-0.3175;0.1922;-0.331133;0.054292;0.06722;-0.9286;-0.3175;0.1922;-0.47008;0.333257;-0.143133;-0.5833;-0.4004;-0.7067;0.026219;0.222789;-0.490166;-0.5833;-0.4004;-0.7067;-0.066652;0.054292;-0.318056;-0.5833;-0.4004;-0.7067;-0.267201;0.123869;0.197925;-0.0072;0.973;-0.2305;0.211886;0.156523;0.320786;-0.0072;0.973;-0.2305;0.347617;0.088455;0.029198;-0.0072;0.973;-0.2305;0.503164;0.240287;-0.039808;-0.4884;0.7226;0.4891;0.026219;0.222789;-0.490166;-0.4884;0.7226;0.4891;0.347617;0.088455;0.029198;-0.4884;0.7226;0.4891;-0.302505;0.204719;0.453946;-0.1211;0.687;-0.7165;0.354943;0.3206;0.453946;-0.1211;0.687;-0.7165;0.211886;0.156523;0.320786;-0.1211;0.687;-0.7165;-0.47008;0.333257;-0.143133;0.7824;0.6167;-0.0868;-0.302505;0.204719;0.453946;0.7824;0.6167;-0.0868;-0.267201;0.123869;0.197925;0.7824;0.6167;-0.0868;0.026219;0.222789;-0.490166;0.486;0.7443;0.4581;-0.47008;0.333257;-0.143133;0.486;0.7443;0.4581;-0.081243;0.122288;-0.212896;0.486;0.7443;0.4581;0.354943;0.3206;0.453946;-0.7307;0.6043;-0.3176;0.503164;0.240287;-0.039808;-0.7307;0.6043;-0.3176;0.347617;0.088455;0.029198;-0.7307;0.6043;-0.3176;-0.081243;0.122288;-0.212896;0.0644;0.9976;0.0253;-0.267201;0.123869;0.197925;0.0644;0.9976;0.0253;0.347617;0.088455;0.029198;0.0644;0.9976;0.0253
-0.044982;0.102486;-0.240305;0.141006;0.345015;1.4E-45;1;1
36;1
36;0.50174904;0.6849549;0.8163943
0.004858;0.180222;-0.054319;0.5905;-0.5508;0.5898;0.031436;0.102486;-0.153518;0.5905;-0.5508;0.5898;0.141006;0.180387;-0.190474;0.5905;-0.5508;0.5898;0.141006;0.180387;-0.190474;0.1999;-0.6351;-0.7461;0.031436;0.102486;-0.153518;0.1999;-0.6351;-0.7461;-0.044982;0.180387;-0.240305;0.1999;-0.6351;-0.7461;-0.044982;0.180387;-0.240305;-0.8063;-0.5508;0.2156;0.031436;0.102486;-0.153518;-0.8063;-0.5508;0.2156;0.004858;0.180222;-0.054319;-0.8063;-0.5508;0.2156;-0.044982;0.180387;-0.240305;-0.9384;0.237;0.2517;0.021821;0.314633;-0.117634;-0.9384;0.237;0.2517;0.001428;0.3147;-0.193734;-0.9384;0.237;0.2517;0.001428;0.3147;-0.193734;-0.773;0.5994;0.2077;0.021821;0.314633;-0.117634;-0.773;0.5994;0.2077;0.033585;0.345015;-0.161542;-0.773;0.5994;0.2077;-0.044982;0.180387;-0.240305;0.2513;0.2384;-0.9381;0.07753;0.3147;-0.173345;0.2513;0.2384;-0.9381;0.141006;0.180387;-0.190474;0.2513;0.2384;-0.9381;0.004858;0.180222;-0.054319;0.6868;0.237;0.6871;0.07753;0.3147;-0.173345;0.6868;0.237;0.6871;0.021821;0.314633;-0.117634;0.6868;0.237;0.6871;0.07753;0.3147;-0.173345;0.2069;0.6006;-0.7723;0.001428;0.3147;-0.193734;0.2069;0.6006;-0.7723;0.033585;0.345015;-0.161542;0.2069;0.6006;-0.7723;0.021821;0.314633;-0.117634;0.5656;0.5994;0.5663;0.07753;0.3147;-0.173345;0.5656;0.5994;0.5663;0.033585;0.345015;-0.161542;0.5656;0.5994;0.5663;-0.044982;0.180387;-0.240305;-0.9384;0.237;0.2517;0.004858;0.180222;-0.054319;-0.9384;0.237;0.2517;0.021821;0.314633;-0.117634;-0.9384;0.237;0.2517;-0.044982;0.180387;-0.240305;0.2513;0.2384;-0.9381;0.001428;0.3147;-0.193734;0.2513;0.2384;-0.9381;0.07753;0.3147;-0.173345;0.2513;0.2384;-0.9381;0.004858;0.180222;-0.054319;0.6868;0.237;0.6871;0.141006;0.180387;-0.190474;0.6868;0.237;0.6871;0.07753;0.3147;-0.173345;0.6868;0.237;0.6871
-0.233307;0.079237;-0.005693;0.123621;0.311116;0.313229;1;1
72;1
72;0.50174904;0.6849549;0.8163943
0.04207;0.275651;0.252406;0.7279;0.3194;0.6067;0.036014;0.173931;0.313229;0.7279;0.3194;0.6067;0.123621;0.118844;0.237116;0.7279;0.3194;0.6067;0.123621;0.118844;0.237116;-0.0506;-0.8358;0.5466;0.036014;0.173931;0.313229;-0.0506;-0.8358;0.5466;-0.053548;0.127386;0.233762;-0.0506;-0.8358;0.5466;-0.053548;0.127386;0.233762;-0.7162;0.3891;0.5793;0.036014;0.173931;0.313229;-0.7162;0.3891;0.5793;0.04207;0.275651;0.252406;-0.7162;0.3891;0.5793;-0.053548;0.127386;0.233762;-0.8122;0.5487;-0.1982;0.042281;0.229114;0.12272;-0.8122;0.5487;-0.1982;0.003157;0.168447;0.115092;-0.8122;0.5487;-0.1982;0.003157;0.168447;0.115092;-0.6592;0.4962;-0.565;0.042281;0.229114;0.12272;-0.6592;0.4962;-0.565;0.041036;0.190563;0.090317;-0.6592;0.4962;-0.565;-0.053548;0.127386;0.233762;-0.0387;-0.9385;-0.3432;0.07565;0.164952;0.116464;-0.0387;-0.9385;-0.3432;0.123621;0.118844;0.237116;-0.0387;-0.9385;-0.3432;0.123621;0.118844;0.237116;0.8681;0.4677;-0.1664;0.042281;0.229114;0.12272;0.8681;0.4677;-0.1664;0.04207;0.275651;0.252406;0.8681;0.4677;-0.1664;0.07565;0.164952;0.116464;-0.0222;-0.7287;-0.6844;0.003157;0.168447;0.115092;-0.0222;-0.7287;-0.6844;0.041036;0.190563;0.090317;-0.0222;-0.7287;-0.6844;0.042281;0.229114;0.12272;0.7248;0.4295;-0.5388;0.07565;0.164952;0.116464;0.7248;0.4295;-0.5388;0.041036;0.190563;0.090317;0.7248;0.4295;-0.5388;-0.233307;0.172912;0.171931;0.1716;-0.3702;0.9129;-0.16407;0.079237;0.120928;0.1716;-0.3702;0.9129;-0.048918;0.154151;0.129669;0.1716;-0.3702;0.9129;-0.048918;0.154151;0.129669;0.5249;-0.7628;-0.3776;-0.16407;0.079237;0.120928;0.5249;-0.7628;-0.3776;-0.180319;0.13073;-0.005693;0.5249;-0.7628;-0.3776;-0.180319;0.13073;-0.005693;-0.828;-0.5484;-0.1168;-0.16407;0.079237;0.120928;-0.828;-0.5484;-0.1168;-0.233307;0.172912;0.171931;-0.828;-0.5484;-0.1168;-0.233307;0.172912;0.171931;-0.9199;0.2178;-0.3261;-0.158308;0.272967;0.027196;-0.9199;0.2178;-0.3261;-0.180319;0.13073;-0.005693;-0.9199;0.2178;-0.3261;-0.158308;0.272967;0.027196;-0.7377;0.5735;-0.3563;-0.17999;0.290227;0.099875;-0.7377;0.5735;-0.3563;-0.146131;0.311116;0.063392;-0.7377;0.5735;-0.3563;-0.048918;0.154151;0.129669;0.7121;0.0517;-0.7002;-0.158308;0.272967;0.027196;0.7121;0.0517;-0.7002;-0.104543;0.28255;0.082583;0.7121;0.0517;-0.7002;-0.233307;0.172912;0.171931;0.2431;0.4251;0.8719;-0.104543;0.28255;0.082583;0.2431;0.4251;0.8719;-0.17999;0.290227;0.099875;0.2431;0.4251;0.8719;-0.104543;0.28255;0.082583;0.6065;0.4367;-0.6644;-0.158308;0.272967;0.027196;0.6065;0.4367;-0.6644;-0.146131;0.311116;0.063392;0.6065;0.4367;-0.6644;-0.17999;0.290227;0.099875;0.2202;0.7442;0.6305;-0.104543;0.28255;0.082583;0.2202;0.7442;0.6305;-0.146131;0.311116;0.063392;0.2202;0.7442;0.6305;-0.053548;0.127386;0.233762;-0.8122;0.5487;-0.1982;0.04207;0.275651;0.252406;-0.8122;0.5487;-0.1982;0.042281;0.229114;0.12272;-0.8122;0.5487;-0.1982;-0.053548;0.127386;0.233762;-0.0387;-0.9385;-0.3432;0.003157;0.168447;0.115092;-0.0387;-0.9385;-0.3432;0.07565;0.164952;0.116464;-0.0387;-0.9385;-0.3432;0.123621;0.118844;0.237116;0.8681;0.4677;-0.1664;0.07565;0.164952;0.116464;0.8681;0.4677;-0.1664;0.042281;0.229114;0.12272;0.8681;0.4677;-0.1664;-0.233307;0.172912;0.171931;-0.9199;0.2178;-0.3261;-0.17999;0.290227;0.099875;-0.9199;0.2178;-0.3261;-0.158308;0.272967;0.027196;-0.9199;0.2178;-0.3261;-0.048918;0.154151;0.129669;0.7121;0.0517;-0.7002;-0.180319;0.13073;-0.005693;0.7121;0.0517;-0.7002;-0.158308;0.272967;0.027196;0.7121;0.0517;-0.7002;-0.233307;0.172912;0.171931;0.2431;0.4251;0.8719;-0.048918;0.154151;0.129669;0.2431;0.4251;0.8719;-0.104543;0.28255;0.082583;0.2431;0.4251;0.8719
-0.154913;0.082717;-0.144738;0.307284;0.299044;0.201809;1;1
72;1
72;0.50174904;0.6849549;0.8163943
0.221411;0.152054;0.201809;0.7231;-0.5508;0.4169;0.221411;0.082717;0.110206;0.7231;-0.5508;0.4169;0.307284;0.152201;0.053073;0.7231;-0.5508;0.4169;0.307284;0.152201;0.053073;-0.0;-0.6351;-0.7724;0.221411;0.082717;0.110206;-0.0;-0.6351;-0.7724;0.135538;0.152201;0.053073;-0.0;-0.6351;-0.7724;0.135538;0.152201;0.053073;-0.7231;-0.5508;0.4169;0.221411;0.082717;0.110206;-0.7231;-0.5508;0.4169;0.221411;0.152054;0.201809;-0.7231;-0.5508;0.4169;0.135538;0.152201;0.053073;-0.8413;0.237;0.4859;0.221411;0.271944;0.143342;-0.8413;0.237;0.4859;0.186274;0.272004;0.082483;-0.8413;0.237;0.4859;0.186274;0.272004;0.082483;-0.6929;0.5994;0.4007;0.221411;0.271944;0.143342;-0.6929;0.5994;0.4007;0.221411;0.299044;0.102796;-0.6929;0.5994;0.4007;0.307284;0.152201;0.053073;-0.0;0.2384;-0.9712;0.186274;0.272004;0.082483;-0.0;0.2384;-0.9712;0.256548;0.272004;0.082483;-0.0;0.2384;-0.9712;0.221411;0.152054;0.201809;0.8413;0.237;0.4859;0.256548;0.272004;0.082483;0.8413;0.237;0.4859;0.221411;0.271944;0.143342;0.8413;0.237;0.4859;0.256548;0.272004;0.082483;-0.0;0.6006;-0.7995;0.186274;0.272004;0.082483;-0.0;0.6006;-0.7995;0.221411;0.299044;0.102796;-0.0;0.6006;-0.7995;0.221411;0.271944;0.143342;0.6929;0.5994;0.4007;0.256548;0.272004;0.082483;0.6929;0.5994;0.4007;0.221411;0.299044;0.102796;0.6929;0.5994;0.4007;-0.154913;0.152054;0.012892;0.0965;-0.5508;0.829;-0.081381;0.082717;-0.041735;0.0965;-0.5508;0.829;0.015691;0.152201;-0.006874;0.0965;-0.5508;0.829;0.015691;0.152201;-0.006874;0.62;-0.6351;-0.4606;-0.081381;0.082717;-0.041735;0.62;-0.6351;-0.4606;-0.086729;0.152201;-0.144738;0.62;-0.6351;-0.4606;-0.086729;0.152201;-0.144738;-0.7659;-0.5508;-0.3318;-0.081381;0.082717;-0.041735;-0.7659;-0.5508;-0.3318;-0.154913;0.152054;0.012892;-0.7659;-0.5508;-0.3318;-0.086729;0.152201;-0.144738;-0.8918;0.237;-0.3855;-0.107981;0.271944;-0.021974;-0.8918;0.237;-0.3855;-0.080082;0.272004;-0.086472;-0.8918;0.237;-0.3855;-0.080082;0.272004;-0.086472;-0.7348;0.5994;-0.3173;-0.107981;0.271944;-0.021974;-0.7348;0.5994;-0.3173;-0.075434;0.299044;-0.046153;-0.7348;0.5994;-0.3173;0.015691;0.152201;-0.006874;0.7796;0.2384;-0.5792;-0.080082;0.272004;-0.086472;0.7796;0.2384;-0.5792;-0.038174;0.272004;-0.030062;0.7796;0.2384;-0.5792;0.015691;0.152201;-0.006874;0.1116;0.237;0.9651;-0.107981;0.271944;-0.021974;0.1116;0.237;0.9651;-0.154913;0.152054;0.012892;0.1116;0.237;0.9651;-0.038174;0.272004;-0.030062;0.6418;0.6006;-0.4768;-0.080082;0.272004;-0.086472;0.6418;0.6006;-0.4768;-0.075434;0.299044;-0.046153;0.6418;0.6006;-0.4768;-0.107981;0.271944;-0.021974;0.0916;0.5994;0.7952;-0.038174;0.272004;-0.030062;0.0916;0.5994;0.7952;-0.075434;0.299044;-0.046153;0.0916;0.5994;0.7952;0.135538;0.152201;0.053073;-0.8413;0.237;0.4859;0.221411;0.152054;0.201809;-0.8413;0.237;0.4859;0.221411;0.271944;0.143342;-0.8413;0.237;0.4859;0.307284;0.152201;0.053073;-0.0;0.2384;-0.9712;0.135538;0.152201;0.053073;-0.0;0.2384;-0.9712;0.186274;0.272004;0.082483;-0.0;0.2384;-0.9712;0.221411;0.152054;0.201809;0.8413;0.237;0.4859;0.307284;0.152201;0.053073;0.8413;0.237;0.4859;0.256548;0.272004;0.082483;0.8413;0.237;0.4859;-0.086729;0.152201;-0.144738;-0.8918;0.237;-0.3855;-0.154913;0.152054;0.012892;-0.8918;0.237;-0.3855;-0.107981;0.271944;-0.021974;-0.8918;0.237;-0.3855;0.015691;0.152201;-0.006874;0.7796;0.2384;-0.5792;-0.086729;0.152201;-0.144738;0.7796;0.2384;-0.5792;-0.080082;0.272004;-0.086472;0.7796;0.2384;-0.5792;0.015691;0.152201;-0.006874;0.1116;0.237;0.9651;-0.038174;0.272004;-0.030062;0.1116;0.237;0.9651;-0.107981;0.271944;-0.021974;0.1116;0.237;0.9651
3
INFO;NameId;428;DescId;429;price;5;dpPerMin;0;range;3;placeSound;thud
PERCHER;dieWhenPerchRemoved;1
BUILD;7;72
