0.65
ptw
0;1
3
-1.523928;-0.332814;-0.708097;1.252313;3.847023;1.671033;1
87;2
42;-1.0;0.0;0.0;0.05
-0.322149;1.849693;1.187427;-0.3552;-0.4407;0.8244;0.409886;1.027547;1.063312;-0.3552;-0.4407;0.8244;0.706937;1.924847;1.671033;-0.3552;-0.4407;0.8244;0.409886;1.027547;1.063312;0.9633;-0.2459;-0.1077;0.61467;2.022834;0.622096;0.9633;-0.2459;-0.1077;0.706937;1.924847;1.671033;0.9633;-0.2459;-0.1077;-0.322149;1.849693;1.187427;-0.4575;-0.28;-0.844;0.61467;2.022834;0.622096;-0.4575;-0.28;-0.844;0.409886;1.027547;1.063312;-0.4575;-0.28;-0.844;0.61467;2.022834;0.622096;-0.1204;0.9874;0.1028;-0.322149;1.849693;1.187427;-0.1204;0.9874;0.1028;0.706937;1.924847;1.671033;-0.1204;0.9874;0.1028;0.337695;3.40247;-0.708097;0.0189;-0.786;-0.618;1.184084;2.419342;0.568071;0.0189;-0.786;-0.618;-0.153735;2.548748;0.362666;0.0189;-0.786;-0.618;0.337695;3.40247;-0.708097;0.7559;-0.1699;-0.6322;1.252313;3.847023;0.266089;0.7559;-0.1699;-0.6322;1.184084;2.419342;0.568071;0.7559;-0.1699;-0.6322;1.184084;2.419342;0.568071;-0.1782;-0.4693;0.8649;0.03982;3.748469;1.053457;-0.1782;-0.4693;0.8649;-0.153735;2.548748;0.362666;-0.1782;-0.4693;0.8649;1.184084;2.419342;0.568071;0.5297;0.1512;0.8346;1.252313;3.847023;0.266089;0.5297;0.1512;0.8346;0.03982;3.748469;1.053457;0.5297;0.1512;0.8346;0.03982;3.748469;1.053457;-0.2226;0.9488;-0.224;1.252313;3.847023;0.266089;-0.2226;0.9488;-0.224;0.337695;3.40247;-0.708097;-0.2226;0.9488;-0.224;0.03982;3.748469;1.053457;-0.9381;0.2736;-0.2124;0.337695;3.40247;-0.708097;-0.9381;0.2736;-0.2124;-0.153735;2.548748;0.362666;-0.9381;0.2736;-0.2124;-1.20457;1.990281;-0.533661;0.5223;-0.6426;0.5607;-0.490313;2.79657;-0.274938;0.5223;-0.6426;0.5607;-1.387725;2.64152;0.383335;0.5223;-0.6426;0.5607;-0.490313;2.79657;-0.274938;0.1146;0.9207;0.3731;-1.523928;3.049913;-0.58261;0.1146;0.9207;0.3731;-1.387725;2.64152;0.383335;0.1146;0.9207;0.3731;-1.20457;1.990281;-0.533661;0.2951;0.0448;-0.9544;-1.523928;3.049913;-0.58261;0.2951;0.0448;-0.9544;-0.490313;2.79657;-0.274938;0.2951;0.0448;-0.9544;-1.523928;3.049913;-0.58261;-0.9575;-0.288;0.0133;-1.20457;1.990281;-0.533661;-0.9575;-0.288;0.0133;-1.387725;2.64152;0.383335;-0.9575;-0.288;0.0133
45;0.6296389;0.45639354;0.40062523;0.03
-0.061424;1.574266;-0.012037;0.8643;0.0623;-0.499;0.130856;-0.332814;0.082924;0.8643;0.0623;-0.499;0.032882;-0.332814;-0.086771;0.8643;0.0623;-0.499;0.048811;1.626061;0.143872;-0.0;-0.0311;0.9995;-0.065091;-0.332814;0.082924;-0.0;-0.0311;0.9995;0.130856;-0.332814;0.082924;-0.0;-0.0311;0.9995;-0.061424;1.574266;-0.012037;-0.7187;0.3628;-0.5931;-0.145706;1.662192;0.143872;-0.7187;0.3628;-0.5931;0.492537;3.174802;0.295621;-0.7187;0.3628;-0.5931;-0.065091;-0.332814;0.082924;-0.8658;-0.0232;-0.4999;-0.061424;1.574266;-0.012037;-0.8658;-0.0232;-0.4999;0.032882;-0.332814;-0.086771;-0.8658;-0.0232;-0.4999;-0.145706;1.662192;0.143872;-0.0172;-0.0926;0.9956;0.048811;1.626061;0.143872;-0.0172;-0.0926;0.9956;0.492537;3.174802;0.295621;-0.0172;-0.0926;0.9956;0.048811;1.626061;0.143872;0.8303;-0.1864;-0.5251;-0.061424;1.574266;-0.012037;0.8303;-0.1864;-0.5251;0.492537;3.174802;0.295621;0.8303;-0.1864;-0.5251;-0.003802;0.961102;0.050436;0.885;0.263;-0.3842;0.341677;1.760467;1.393412;0.885;0.263;-0.3842;0.04913;0.827836;0.081134;0.885;0.263;-0.3842;-0.058419;1.611887;0.010411;0.3304;0.0465;-0.9427;-1.16516;2.730876;-0.322257;0.3304;0.0465;-0.9427;-0.024051;1.735531;0.028551;0.3304;0.0465;-0.9427;0.04913;0.827836;0.081134;0.0046;-0.8156;0.5786;0.341677;1.760467;1.393412;0.0046;-0.8156;0.5786;-0.085094;0.837327;0.095569;0.0046;-0.8156;0.5786;-0.040226;1.657142;0.13049;-0.7174;-0.609;0.3382;-1.16516;2.730876;-0.322257;-0.7174;-0.609;0.3382;-0.058419;1.611887;0.010411;-0.7174;-0.609;0.3382;-0.085094;0.837327;0.095569;-0.8475;0.5226;-0.0931;0.341677;1.760467;1.393412;-0.8475;0.5226;-0.0931;-0.003802;0.961102;0.050436;-0.8475;0.5226;-0.0931;-0.024051;1.735531;0.028551;0.4168;0.6874;0.5948;-1.16516;2.730876;-0.322257;0.4168;0.6874;0.5948;-0.040226;1.657142;0.13049;0.4168;0.6874;0.5948;-0.061424;1.574266;-0.012037;0.8072;0.0521;-0.588;0.048811;1.626061;0.143872;0.8072;0.0521;-0.588;0.130856;-0.332814;0.082924;0.8072;0.0521;-0.588;0.048811;1.626061;0.143872;-0.0057;-0.0308;0.9995;-0.145706;1.662192;0.143872;-0.0057;-0.0308;0.9995;-0.065091;-0.332814;0.082924;-0.0057;-0.0308;0.9995;-0.065091;-0.332814;0.082924;-0.8845;-0.0215;-0.466;-0.145706;1.662192;0.143872;-0.8845;-0.0215;-0.466;-0.061424;1.574266;-0.012037;-0.8845;-0.0215;-0.466
-4.680104;-0.541086;-4.100948;3.218201;11.847492;5.112046;3;0;extraBounds;2;-4.10653;5.462659;-3.616623;2.729549;11.54391;4.466562;-0.37284;0.05248;-0.541478;0.443106;6.545938;0.541478
189;2
108;-1.0;0.0;0.0;0.03
1.490477;7.049162;1.31682;0.427;-0.6938;-0.5799;2.729294;5.647875;3.90543;0.427;-0.6938;-0.5799;-0.531245;5.266258;1.961087;0.427;-0.6938;-0.5799;2.729294;5.647875;3.90543;0.0463;-0.992;0.117;-0.916835;5.5441;4.468556;0.0463;-0.992;0.117;-0.531245;5.266258;1.961087;0.0463;-0.992;0.117;-0.312292;7.602438;2.658959;-0.5128;0.2895;-0.8082;1.490477;7.049162;1.31682;-0.5128;0.2895;-0.8082;-0.531245;5.266258;1.961087;-0.5128;0.2895;-0.8082;2.630868;7.294031;3.478901;0.1549;0.9692;-0.1915;1.490477;7.049162;1.31682;0.1549;0.9692;-0.1915;-0.312292;7.602438;2.658959;0.1549;0.9692;-0.1915;-0.312292;7.602438;2.658959;-0.976;0.141;-0.1657;-0.531245;5.266258;1.961087;-0.976;0.141;-0.1657;-0.916835;5.5441;4.468556;-0.976;0.141;-0.1657;2.630868;7.294031;3.478901;0.8856;-0.0661;-0.4596;2.729294;5.647875;3.90543;0.8856;-0.0661;-0.4596;1.490477;7.049162;1.31682;0.8856;-0.0661;-0.4596;0.663996;6.448543;5.112046;-0.0266;0.9005;0.4341;2.630868;7.294031;3.478901;-0.0266;0.9005;0.4341;-0.312292;7.602438;2.658959;-0.0266;0.9005;0.4341;2.630868;7.294031;3.478901;0.5573;0.2393;0.7951;0.663996;6.448543;5.112046;0.5573;0.2393;0.7951;2.729294;5.647875;3.90543;0.5573;0.2393;0.7951;0.663996;6.448543;5.112046;-0.5735;0.6294;0.5243;-0.312292;7.602438;2.658959;-0.5735;0.6294;0.5243;-0.916835;5.5441;4.468556;-0.5735;0.6294;0.5243;2.729294;5.647875;3.90543;0.1268;-0.7126;0.69;0.663996;6.448543;5.112046;0.1268;-0.7126;0.69;-0.916835;5.5441;4.468556;0.1268;-0.7126;0.69;-1.924331;9.914042;0.713194;-0.626;-0.7422;-0.2392;-0.787072;9.770124;-1.816456;-0.626;-0.7422;-0.2392;0.293;8.423039;-0.463588;-0.626;-0.7422;-0.2392;0.575592;8.429919;3.381824;-0.5423;-0.8392;0.0414;-1.924331;9.914042;0.713194;-0.5423;-0.8392;0.0414;0.293;8.423039;-0.463588;-0.5423;-0.8392;0.0414;-0.883069;11.847492;0.214167;-0.846;0.3523;-0.4004;-0.787072;9.770124;-1.816456;-0.846;0.3523;-0.4004;-1.924331;9.914042;0.713194;-0.846;0.3523;-0.4004;3.218201;9.645384;0.373078;0.392;-0.9196;-0.0272;0.575592;8.429919;3.381824;0.392;-0.9196;-0.0272;0.293;8.423039;-0.463588;0.392;-0.9196;-0.0272;1.682029;10.845238;-1.784603;0.2595;-0.5728;-0.7775;0.293;8.423039;-0.463588;0.2595;-0.5728;-0.7775;-0.787072;9.770124;-1.816456;0.2595;-0.5728;-0.7775;-1.42359;10.328146;3.693183;-0.6556;-0.7251;0.2109;-1.924331;9.914042;0.713194;-0.6556;-0.7251;0.2109;0.575592;8.429919;3.381824;-0.6556;-0.7251;0.2109;1.682029;10.845238;-1.784603;0.443;-0.6116;-0.6555;3.218201;9.645384;0.373078;0.443;-0.6116;-0.6555;0.293;8.423039;-0.463588;0.443;-0.6116;-0.6555;-1.42359;10.328146;3.693183;-0.8692;0.4883;0.0782;-0.883069;11.847492;0.214167;-0.8692;0.4883;0.0782;-1.924331;9.914042;0.713194;-0.8692;0.4883;0.0782;-0.883069;11.847492;0.214167;-0.2803;0.6643;-0.6929;1.682029;10.845238;-1.784603;-0.2803;0.6643;-0.6929;-0.787072;9.770124;-1.816456;-0.2803;0.6643;-0.6929;1.869358;11.261825;3.273199;0.6847;0.7238;-0.085;3.218201;9.645384;0.373078;0.6847;0.7238;-0.085;1.682029;10.845238;-1.784603;0.6847;0.7238;-0.085;1.869358;11.261825;3.273199;0.7712;-0.3315;0.5435;0.575592;8.429919;3.381824;0.7712;-0.3315;0.5435;3.218201;9.645384;0.373078;0.7712;-0.3315;0.5435;1.869358;11.261825;3.273199;0.1328;-0.0227;0.9909;-1.42359;10.328146;3.693183;0.1328;-0.0227;0.9909;0.575592;8.429919;3.381824;0.1328;-0.0227;0.9909;-0.883069;11.847492;0.214167;0.3013;0.9493;-0.0894;1.869358;11.261825;3.273199;0.3013;0.9493;-0.0894;1.682029;10.845238;-1.784603;0.3013;0.9493;-0.0894;1.869358;11.261825;3.273199;-0.2109;0.9074;0.3635;-0.883069;11.847492;0.214167;-0.2109;0.9074;0.3635;-1.42359;10.328146;3.693183;-0.2109;0.9074;0.3635;-2.600882;9.374475;0.551695;-0.4596;0.8293;0.318;-3.700688;9.842194;-2.257705;-0.4596;0.8293;0.318;-4.521472;8.231425;0.756785;-0.4596;0.8293;0.318;-3.700688;9.842194;-2.257705;0.3025;0.9523;0.0401;-2.600882;9.374475;0.551695;0.3025;0.9523;0.0401;-1.026235;9.041782;-3.419933;0.3025;0.9523;0.0401;-2.600882;9.374475;0.551695;0.3315;-0.404;0.8526;-4.521472;8.231425;0.756785;0.3315;-0.404;0.8526;-1.281202;7.716923;-0.746794;0.3315;-0.404;0.8526;-2.600882;9.374475;0.551695;0.8468;0.4401;0.2989;-1.281202;7.716923;-0.746794;0.8468;0.4401;0.2989;-1.026235;9.041782;-3.419933;0.8468;0.4401;0.2989;-3.700688;9.842194;-2.257705;-0.0811;0.7238;-0.6852;-1.026235;9.041782;-3.419933;-0.0811;0.7238;-0.6852;-2.935363;8.183186;-4.100948;-0.0811;0.7238;-0.6852;-4.521472;8.231425;0.756785;-0.8397;0.5398;0.0598;-3.700688;9.842194;-2.257705;-0.8397;0.5398;0.0598;-4.680104;8.298119;-2.073335;-0.8397;0.5398;0.0598;-1.026235;9.041782;-3.419933;0.8445;-0.5075;-0.171;-1.281202;7.716923;-0.746794;0.8445;-0.5075;-0.171;-2.278512;6.674088;-2.577476;0.8445;-0.5075;-0.171;-3.700688;9.842194;-2.257705;-0.6948;0.3668;-0.6186;-2.935363;8.183186;-4.100948;-0.6948;0.3668;-0.6186;-4.680104;8.298119;-2.073335;-0.6948;0.3668;-0.6186;-1.026235;9.041782;-3.419933;0.4831;-0.509;-0.7125;-2.278512;6.674088;-2.577476;0.4831;-0.509;-0.7125;-2.935363;8.183186;-4.100948;0.4831;-0.509;-0.7125;-4.680104;8.298119;-2.073335;-0.5638;-0.6953;-0.4457;-2.935363;8.183186;-4.100948;-0.5638;-0.6953;-0.4457;-2.278512;6.674088;-2.577476;-0.5638;-0.6953;-0.4457;-4.521472;8.231425;0.756785;-0.5584;-0.8295;0.0118;-4.680104;8.298119;-2.073335;-0.5584;-0.8295;0.0118;-2.278512;6.674088;-2.577476;-0.5584;-0.8295;0.0118;-1.281202;7.716923;-0.746794;0.0744;-0.8834;0.4627;-4.521472;8.231425;0.756785;0.0744;-0.8834;0.4627;-2.278512;6.674088;-2.577476;0.0744;-0.8834;0.4627
81;0.6296389;0.45639354;0.40062523;0.01
-0.161672;2.626801;0.013485;-0.6909;-0.224;-0.6874;-0.906221;6.073147;-0.361345;-0.6909;-0.224;-0.6874;-0.635772;6.108499;-0.644713;-0.6909;-0.224;-0.6874;0.253049;2.474911;-0.145647;0.9169;0.0436;0.3966;0.116841;-0.541086;0.500964;0.9169;0.0436;0.3966;0.419369;-0.541086;-0.198436;0.9169;0.0436;0.3966;0.116841;-0.541086;0.500964;-0.7652;0.0317;0.6431;-0.161672;2.626801;0.013485;-0.7652;0.0317;0.6431;-0.431295;-0.541086;-0.151264;-0.7652;0.0317;0.6431;0.253049;2.474911;-0.145647;-0.3324;0.0772;-0.94;-0.431295;-0.541086;-0.151264;-0.3324;0.0772;-0.94;-0.161672;2.626801;0.013485;-0.3324;0.0772;-0.94;-0.635772;6.108499;-0.644713;-0.6885;0.3958;-0.6077;-0.906221;6.073147;-0.361345;-0.6885;0.3958;-0.6077;0.841182;9.946043;0.181131;-0.6885;0.3958;-0.6077;0.253049;2.474911;-0.145647;-0.4194;-0.2234;-0.8799;-0.161672;2.626801;0.013485;-0.4194;-0.2234;-0.8799;-0.635772;6.108499;-0.644713;-0.4194;-0.2234;-0.8799;-0.161672;2.626801;0.013485;-0.1531;0.0741;0.9854;-0.472874;6.047017;-0.292046;-0.1531;0.0741;0.9854;-0.906221;6.073147;-0.361345;-0.1531;0.0741;0.9854;0.233091;2.767806;0.193384;0.9082;0.1369;-0.3956;-0.635772;6.108499;-0.644713;0.9082;0.1369;-0.3956;-0.472874;6.047017;-0.292046;0.9082;0.1369;-0.3956;-0.906221;6.073147;-0.361345;-0.1614;-0.0651;0.9847;-0.472874;6.047017;-0.292046;-0.1614;-0.0651;0.9847;0.841182;9.946043;0.181131;-0.1614;-0.0651;0.9847;-0.472874;6.047017;-0.292046;0.8653;-0.2381;-0.4412;-0.635772;6.108499;-0.644713;0.8653;-0.2381;-0.4412;0.841182;9.946043;0.181131;0.8653;-0.2381;-0.4412;0.172146;3.806768;1.530897;0.2231;-0.6138;0.7573;0.91976;6.429023;3.435994;0.2231;-0.6138;0.7573;-0.029331;3.876415;1.646693;0.2231;-0.6138;0.7573;0.049451;4.001558;1.454378;0.845;0.5089;-0.1641;0.083338;3.49952;0.071959;0.845;0.5089;-0.1641;-0.116736;3.756905;-0.160078;0.845;0.5089;-0.1641;0.172146;3.806768;1.530897;0.0;-0.9785;0.2061;-0.31681;3.49952;0.071959;0.0;-0.9785;0.2061;0.083338;3.49952;0.071959;0.0;-0.9785;0.2061;0.049451;4.001558;1.454378;0.753;0.2325;-0.6155;0.91976;6.429023;3.435994;0.753;0.2325;-0.6155;0.172146;3.806768;1.530897;0.753;0.2325;-0.6155;-0.31681;3.49952;0.071959;-0.794;0.6078;-0.0104;0.049451;4.001558;1.454378;-0.794;0.6078;-0.0104;-0.116736;3.756905;-0.160078;-0.794;0.6078;-0.0104;-2.983428;8.807629;-1.558428;-0.1416;0.2963;0.9445;-0.787012;5.923891;-0.324499;-0.1416;0.2963;0.9445;-0.714884;6.199357;-0.400096;-0.1416;0.2963;0.9445;-2.983428;8.807629;-1.558428;-0.617;-0.656;-0.4347;-0.659653;5.976636;-0.584877;-0.617;-0.656;-0.4347;-0.787012;5.923891;-0.324499;-0.617;-0.656;-0.4347;-0.659653;5.976636;-0.584877;0.7751;0.5061;-0.3783;-2.983428;8.807629;-1.558428;0.7751;0.5061;-0.3783;-0.714884;6.199357;-0.400096;0.7751;0.5061;-0.3783;0.253049;2.474911;-0.145647;0.9962;-0.0274;0.0823;0.233091;2.767806;0.193384;0.9962;-0.0274;0.0823;0.116841;-0.541086;0.500964;0.9962;-0.0274;0.0823;0.116841;-0.541086;0.500964;-0.4416;0.0984;0.8918;0.233091;2.767806;0.193384;-0.4416;0.0984;0.8918;-0.161672;2.626801;0.013485;-0.4416;0.0984;0.8918;0.253049;2.474911;-0.145647;-0.0554;0.0144;-0.9984;0.419369;-0.541086;-0.198436;-0.0554;0.0144;-0.9984;-0.431295;-0.541086;-0.151264;-0.0554;0.0144;-0.9984;-0.161672;2.626801;0.013485;-0.4267;0.0419;0.9034;0.233091;2.767806;0.193384;-0.4267;0.0419;0.9034;-0.472874;6.047017;-0.292046;-0.4267;0.0419;0.9034;0.233091;2.767806;0.193384;0.9669;0.2184;-0.1318;0.253049;2.474911;-0.145647;0.9669;0.2184;-0.1318;-0.635772;6.108499;-0.644713;0.9669;0.2184;-0.1318;0.049451;4.001558;1.454378;0.8622;0.4826;-0.1541;0.172146;3.806768;1.530897;0.8622;0.4826;-0.1541;0.083338;3.49952;0.071959;0.8622;0.4826;-0.1541;0.172146;3.806768;1.530897;-0.1788;-0.949;0.2598;-0.029331;3.876415;1.646693;-0.1788;-0.949;0.2598;-0.31681;3.49952;0.071959;-0.1788;-0.949;0.2598;0.049451;4.001558;1.454378;-0.9061;0.41;-0.1044;-0.029331;3.876415;1.646693;-0.9061;0.41;-0.1044;0.91976;6.429023;3.435994;-0.9061;0.41;-0.1044;-0.31681;3.49952;0.071959;-0.8324;0.5538;0.0194;-0.029331;3.876415;1.646693;-0.8324;0.5538;0.0194;0.049451;4.001558;1.454378;-0.8324;0.5538;0.0194
-9.286085;-0.90181;-8.016071;5.264157;20.954227;10.055159;1.6666666666;0;extraBounds;4;-2.019825;7.859928;-0.164536;4.537954;13.729556;9.707209;-9.10317;10.53924;-7.546367;-0.405588;18.000984;2.939289;-3.516964;14.170166;-7.456494;4.846338;20.42089;6.676399;-0.611458;0.034364;-1.145703;0.660026;15.444176;0.611458
351;2
216;-1.0;0.0;0.0;0.025
2.534207;9.708131;3.000786;-0.4376;-0.8843;-0.1631;-0.218277;10.023424;8.675875;-0.4376;-0.8843;-0.1631;-2.575382;11.701914;5.898839;-0.4376;-0.8843;-0.1631;-0.218277;10.023424;8.675875;0.1136;-0.9874;0.1099;2.534207;9.708131;3.000786;0.1136;-0.9874;0.1099;4.695467;10.436165;7.306747;0.1136;-0.9874;0.1099;2.534207;9.708131;3.000786;-0.5425;-0.6864;-0.4843;-2.575382;11.701914;5.898839;-0.5425;-0.6864;-0.4843;-0.867973;12.452578;2.922473;-0.5425;-0.6864;-0.4843;2.534207;9.708131;3.000786;0.1194;0.1199;-0.9856;-0.867973;12.452578;2.922473;0.1194;0.1199;-0.9856;4.735198;10.97981;3.422048;0.1194;0.1199;-0.9856;2.534207;9.708131;3.000786;0.5133;-0.8507;-0.1138;4.735198;10.97981;3.422048;0.5133;-0.8507;-0.1138;4.695467;10.436165;7.306747;0.5133;-0.8507;-0.1138;-0.218277;10.023424;8.675875;0.2636;-0.5787;0.7718;4.695467;10.436165;7.306747;0.2636;-0.5787;0.7718;1.23717;12.525985;10.055159;0.2636;-0.5787;0.7718;-2.575382;11.701914;5.898839;-0.7983;-0.439;0.4123;-0.218277;10.023424;8.675875;-0.7983;-0.439;0.4123;-1.875571;13.252449;8.904897;-0.7983;-0.439;0.4123;4.735198;10.97981;3.422048;0.1468;0.2324;-0.9615;-0.867973;12.452578;2.922473;0.1468;0.2324;-0.9615;3.652224;13.26793;3.809831;0.1468;0.2324;-0.9615;4.695467;10.436165;7.306747;0.8673;0.4917;0.0777;4.735198;10.97981;3.422048;0.8673;0.4917;0.0777;2.784196;13.882835;6.830736;0.8673;0.4917;0.0777;-0.218277;10.023424;8.675875;-0.3877;-0.2617;0.8839;1.23717;12.525985;10.055159;-0.3877;-0.2617;0.8839;-1.875571;13.252449;8.904897;-0.3877;-0.2617;0.8839;-2.575382;11.701914;5.898839;-0.6745;0.7083;-0.2083;-1.875571;13.252449;8.904897;-0.6745;0.7083;-0.2083;-0.867973;12.452578;2.922473;-0.6745;0.7083;-0.2083;4.735198;10.97981;3.422048;0.9007;0.3961;0.1782;3.652224;13.26793;3.809831;0.9007;0.3961;0.1782;2.784196;13.882835;6.830736;0.9007;0.3961;0.1782;4.695467;10.436165;7.306747;0.7058;0.4652;0.5344;2.784196;13.882835;6.830736;0.7058;0.4652;0.5344;1.23717;12.525985;10.055159;0.7058;0.4652;0.5344;-1.875571;13.252449;8.904897;0.0602;0.9094;0.4115;1.23717;12.525985;10.055159;0.0602;0.9094;0.4115;2.784196;13.882835;6.830736;0.0602;0.9094;0.4115;-0.867973;12.452578;2.922473;-0.2033;0.9654;-0.1633;-1.875571;13.252449;8.904897;-0.2033;0.9654;-0.1633;2.784196;13.882835;6.830736;-0.2033;0.9654;-0.1633;3.652224;13.26793;3.809831;-0.1281;0.964;-0.233;-0.867973;12.452578;2.922473;-0.1281;0.964;-0.233;2.784196;13.882835;6.830736;-0.1281;0.964;-0.233;-5.513916;12.404397;-2.279456;-0.0292;-0.9453;0.3248;-3.871601;14.016018;2.559683;-0.0292;-0.9453;0.3248;-8.271072;14.016018;2.16345;-0.0292;-0.9453;0.3248;-3.871601;14.016018;2.559683;0.4361;-0.8877;0.1476;-5.513916;12.404397;-2.279456;0.4361;-0.8877;0.1476;-1.741747;14.016018;-3.731555;0.4361;-0.8877;0.1476;-5.513916;12.404397;-2.279456;-0.4542;-0.8899;0.0409;-8.271072;14.016018;2.16345;-0.4542;-0.8899;0.0409;-8.860273;14.016018;-4.372778;-0.4542;-0.8899;0.0409;-5.513916;12.404397;-2.279456;-0.2619;-0.9205;-0.2901;-8.860273;14.016018;-4.372778;-0.2619;-0.9205;-0.2901;-4.824866;14.016018;-8.016071;-0.2619;-0.9205;-0.2901;-5.513916;12.404397;-2.279456;0.3093;-0.9245;-0.2226;-4.824866;14.016018;-8.016071;0.3093;-0.9245;-0.2226;-1.741747;14.016018;-3.731555;0.3093;-0.9245;-0.2226;-3.871601;14.016018;2.559683;0.9118;-0.2708;0.3087;-1.741747;14.016018;-3.731555;0.9118;-0.2708;0.3087;-2.167557;16.623688;-0.186136;0.9118;-0.2708;0.3087;-8.271072;14.016018;2.16345;-0.0826;-0.3896;0.9173;-3.871601;14.016018;2.559683;-0.0826;-0.3896;0.9173;-6.202966;16.623688;3.457158;-0.0826;-0.3896;0.9173;-8.860273;14.016018;-4.372778;-0.9579;-0.2738;0.0863;-8.271072;14.016018;2.16345;-0.9579;-0.2738;0.0863;-9.286085;16.623688;-0.827358;-0.9579;-0.2738;0.0863;-4.824866;14.016018;-8.016071;-0.6337;-0.325;-0.702;-8.860273;14.016018;-4.372778;-0.6337;-0.325;-0.702;-7.15623;16.623688;-7.118595;-0.6337;-0.325;-0.702;-1.741747;14.016018;-3.731555;0.7652;-0.3337;-0.5506;-4.824866;14.016018;-8.016071;0.7652;-0.3337;-0.5506;-2.756758;16.623688;-6.722363;0.7652;-0.3337;-0.5506;-3.871601;14.016018;2.559683;0.6337;0.325;0.702;-2.167557;16.623688;-0.186136;0.6337;0.325;0.702;-6.202966;16.623688;3.457158;0.6337;0.325;0.702;-8.271072;14.016018;2.16345;-0.7652;0.3337;0.5506;-6.202966;16.623688;3.457158;-0.7652;0.3337;0.5506;-9.286085;16.623688;-0.827358;-0.7652;0.3337;0.5506;-8.860273;14.016018;-4.372778;-0.9118;0.2708;-0.3087;-9.286085;16.623688;-0.827358;-0.9118;0.2708;-0.3087;-7.15623;16.623688;-7.118595;-0.9118;0.2708;-0.3087;-4.824866;14.016018;-8.016071;0.0826;0.3896;-0.9173;-7.15623;16.623688;-7.118595;0.0826;0.3896;-0.9173;-2.756758;16.623688;-6.722363;0.0826;0.3896;-0.9173;-1.741747;14.016018;-3.731555;0.9579;0.2738;-0.0863;-2.756758;16.623688;-6.722363;0.9579;0.2738;-0.0863;-2.167557;16.623688;-0.186136;0.9579;0.2738;-0.0863;-6.202966;16.623688;3.457158;0.2619;0.9205;0.2901;-2.167557;16.623688;-0.186136;0.2619;0.9205;0.2901;-5.513916;18.235306;-2.279456;0.2619;0.9205;0.2901;-9.286085;16.623688;-0.827358;-0.3093;0.9245;0.2226;-6.202966;16.623688;3.457158;-0.3093;0.9245;0.2226;-5.513916;18.235306;-2.279456;-0.3093;0.9245;0.2226;-7.15623;16.623688;-7.118595;-0.4361;0.8877;-0.1476;-9.286085;16.623688;-0.827358;-0.4361;0.8877;-0.1476;-5.513916;18.235306;-2.279456;-0.4361;0.8877;-0.1476;-2.756758;16.623688;-6.722363;0.0292;0.9453;-0.3248;-7.15623;16.623688;-7.118595;0.0292;0.9453;-0.3248;-5.513916;18.235306;-2.279456;0.0292;0.9453;-0.3248;-2.167557;16.623688;-0.186136;0.4542;0.89;-0.0409;-2.756758;16.623688;-6.722363;0.4542;0.89;-0.0409;-5.513916;18.235306;-2.279456;0.4542;0.89;-0.0409;-4.432751;18.563433;2.743794;-0.7255;-0.6878;-0.0261;-1.148473;15.206833;-0.092629;-0.7255;-0.6878;-0.0261;-0.458673;14.246415;6.047536;-0.7255;-0.6878;-0.0261;-1.148473;15.206833;-0.092629;-0.8005;-0.4331;-0.4143;-4.432751;18.563433;2.743794;-0.8005;-0.4331;-0.4143;-2.172184;19.0706;-2.153804;-0.8005;-0.4331;-0.4143;-4.432751;18.563433;2.743794;-0.7949;-0.5676;0.2145;-0.458673;14.246415;6.047536;-0.7949;-0.5676;0.2145;-2.105331;17.137342;7.594724;-0.7949;-0.5676;0.2145;-4.432751;18.563433;2.743794;-0.5117;0.7263;0.459;-2.105331;17.137342;7.594724;-0.5117;0.7263;0.459;-0.97243;20.954227;2.818081;-0.5117;0.7263;0.459;-4.432751;18.563433;2.743794;-0.5573;0.812;-0.1732;-0.97243;20.954227;2.818081;-0.5573;0.812;-0.1732;-2.172184;19.0706;-2.153804;-0.5573;0.812;-0.1732;-1.148473;15.206833;-0.092629;-0.2673;-0.5077;-0.819;-2.172184;19.0706;-2.153804;-0.2673;-0.5077;-0.819;3.361933;17.618896;-3.060053;-0.2673;-0.5077;-0.819;-0.458673;14.246415;6.047536;-0.2178;-0.9677;-0.1269;-1.148473;15.206833;-0.092629;-0.2178;-0.9677;-0.1269;3.920674;13.755106;2.278705;-0.2178;-0.9677;-0.1269;-2.105331;17.137342;7.594724;-0.0193;-0.4803;0.8769;-0.458673;14.246415;6.047536;-0.0193;-0.4803;0.8769;3.255113;17.0395;7.658996;-0.0193;-0.4803;0.8769;-0.97243;20.954227;2.818081;-0.1763;0.789;0.5886;-2.105331;17.137342;7.594724;-0.1763;0.789;0.5886;2.490555;20.034534;5.088062;-0.1763;0.789;0.5886;-2.172184;19.0706;-2.153804;-0.1561;0.9356;-0.3168;-0.97243;20.954227;2.818081;-0.1561;0.9356;-0.3168;1.995534;20.21609;-0.824559;-0.1561;0.9356;-0.3168;-1.148473;15.206833;-0.092629;0.0443;-0.8071;-0.5888;3.361933;17.618896;-3.060053;0.0443;-0.8071;-0.5888;3.920674;13.755106;2.278705;0.0443;-0.8071;-0.5888;-0.458673;14.246415;6.047536;0.3589;-0.7763;0.5183;3.920674;13.755106;2.278705;0.3589;-0.7763;0.5183;3.255113;17.0395;7.658996;0.3589;-0.7763;0.5183;-2.105331;17.137342;7.594724;0.0028;0.6517;0.7584;3.255113;17.0395;7.658996;0.0028;0.6517;0.7584;2.490555;20.034534;5.088062;0.0028;0.6517;0.7584;-0.97243;20.954227;2.818081;0.2514;0.9679;0.0087;2.490555;20.034534;5.088062;0.2514;0.9679;0.0087;1.995534;20.21609;-0.824559;0.2514;0.9679;0.0087;-2.172184;19.0706;-2.153804;0.0534;0.6674;-0.7427;1.995534;20.21609;-0.824559;0.0534;0.6674;-0.7427;3.361933;17.618896;-3.060053;0.0534;0.6674;-0.7427;3.920674;13.755106;2.278705;0.9027;-0.2981;-0.3103;3.361933;17.618896;-3.060053;0.9027;-0.2981;-0.3103;5.264157;18.534899;1.594288;0.9027;-0.2981;-0.3103;3.255113;17.0395;7.658996;0.9397;-0.2276;0.2552;3.920674;13.755106;2.278705;0.9397;-0.2276;0.2552;5.264157;18.534899;1.594288;0.9397;-0.2276;0.2552;2.490555;20.034534;5.088062;0.7628;0.5222;0.3814;3.255113;17.0395;7.658996;0.7628;0.5222;0.3814;5.264157;18.534899;1.594288;0.7628;0.5222;0.3814;1.995534;20.21609;-0.824559;0.4642;0.8857;-0.0117;2.490555;20.034534;5.088062;0.4642;0.8857;-0.0117;5.264157;18.534899;1.594288;0.4642;0.8857;-0.0117;3.361933;17.618896;-3.060053;0.6328;0.6688;-0.3902;1.995534;20.21609;-0.824559;0.6328;0.6688;-0.3902;5.264157;18.534899;1.594288;0.6328;0.6688;-0.3902;3.497867;16.656174;-3.965832;-0.1278;0.8911;0.4355;0.033949;17.155827;-6.005044;-0.1278;0.8911;0.4355;-0.078414;15.859618;-3.385655;-0.1278;0.8911;0.4355;0.033949;17.155827;-6.005044;0.2254;0.9631;-0.1469;3.497867;16.656174;-3.965832;0.2254;0.9631;-0.1469;2.587073;16.300766;-7.694321;0.2254;0.9631;-0.1469;3.497867;16.656174;-3.965832;0.0588;0.4018;0.9139;-0.078414;15.859618;-3.385655;0.0588;0.4018;0.9139;1.771751;15.010548;-3.131358;0.0588;0.4018;0.9139;3.497867;16.656174;-3.965832;0.6882;-0.423;0.5894;1.771751;15.010548;-3.131358;0.6882;-0.423;0.5894;4.583031;15.277128;-6.222826;0.6882;-0.423;0.5894;3.497867;16.656174;-3.965832;0.5661;0.796;-0.2142;4.583031;15.277128;-6.222826;0.5661;0.796;-0.2142;2.587073;16.300766;-7.694321;0.5661;0.796;-0.2142;0.033949;17.155827;-6.005044;-0.2625;0.641;-0.7212;2.587073;16.300766;-7.694321;-0.2625;0.641;-0.7212;-0.142742;15.383549;-7.515971;-0.2625;0.641;-0.7212;-0.078414;15.859618;-3.385655;-0.7762;0.5777;0.2526;0.033949;17.155827;-6.005044;-0.7762;0.5777;0.2526;-1.045928;15.506329;-5.550506;-0.7762;0.5777;0.2526;4.583031;15.277128;-6.222826;0.706;-0.358;0.6111;1.771751;15.010548;-3.131358;0.706;-0.358;0.6111;3.182175;13.990984;-5.358014;0.706;-0.358;0.6111;2.587073;16.300766;-7.694321;0.3598;-0.4629;-0.8101;4.583031;15.277128;-6.222826;0.3598;-0.4629;-0.8101;1.570739;13.77142;-6.700469;0.3598;-0.4629;-0.8101;0.033949;17.155827;-6.005044;-0.8134;0.4222;-0.4002;-0.142742;15.383549;-7.515971;-0.8134;0.4222;-0.4002;-1.045928;15.506329;-5.550506;-0.8134;0.4222;-0.4002;-0.078414;15.859618;-3.385655;-0.4308;-0.8401;0.3296;-1.045928;15.506329;-5.550506;-0.4308;-0.8401;0.3296;1.771751;15.010548;-3.131358;-0.4308;-0.8401;0.3296;4.583031;15.277128;-6.222826;0.458;-0.7825;-0.4218;3.182175;13.990984;-5.358014;0.458;-0.7825;-0.4218;1.570739;13.77142;-6.700469;0.458;-0.7825;-0.4218;2.587073;16.300766;-7.694321;0.0708;-0.3893;-0.9184;1.570739;13.77142;-6.700469;0.0708;-0.3893;-0.9184;-0.142742;15.383549;-7.515971;0.0708;-0.3893;-0.9184;-1.045928;15.506329;-5.550506;-0.6061;-0.7611;-0.231;-0.142742;15.383549;-7.515971;-0.6061;-0.7611;-0.231;1.570739;13.77142;-6.700469;-0.6061;-0.7611;-0.231;1.771751;15.010548;-3.131358;-0.4227;-0.8485;0.3184;-1.045928;15.506329;-5.550506;-0.4227;-0.8485;0.3184;1.570739;13.77142;-6.700469;-0.4227;-0.8485;0.3184;3.182175;13.990984;-5.358014;-0.1495;-0.9314;0.3318;1.771751;15.010548;-3.131358;-0.1495;-0.9314;0.3318;1.570739;13.77142;-6.700469;-0.1495;-0.9314;0.3318
135;0.6296389;0.45639354;0.40062523
-0.118475;4.486403;-0.312673;-0.6982;-0.1905;-0.6901;-1.369851;10.121911;-0.602242;-0.6982;-0.1905;-0.6901;-0.919103;10.180831;-1.074521;-0.6982;-0.1905;-0.6901;0.562266;4.124851;-0.242745;0.9169;0.0436;0.3966;0.335253;-0.90181;0.834941;0.9169;0.0436;0.3966;0.839466;-0.90181;-0.330727;0.9169;0.0436;0.3966;0.335253;-0.90181;0.834941;-0.3965;0.0482;0.9167;-0.139395;4.2696;0.357625;-0.3965;0.0482;0.9167;-0.830415;-0.90181;0.330727;-0.3965;0.0482;0.9167;-0.139395;4.2696;0.357625;-0.9108;0.1237;-0.394;-0.326201;-0.90181;-0.834941;-0.9108;0.1237;-0.394;-0.830415;-0.90181;0.330727;-0.9108;0.1237;-0.394;0.562266;4.124851;-0.242745;0.1488;0.0897;-0.9848;-0.326201;-0.90181;-0.834941;0.1488;0.0897;-0.9848;-0.118475;4.486403;-0.312673;0.1488;0.0897;-0.9848;-0.919103;10.180831;-1.074521;-0.6885;0.3958;-0.6077;-1.369851;10.121911;-0.602242;-0.6885;0.3958;-0.6077;1.542488;16.576738;0.301885;-0.6885;0.3958;-0.6077;0.562266;4.124851;-0.242745;0.0339;-0.1278;-0.9912;-0.118475;4.486403;-0.312673;0.0339;-0.1278;-0.9912;-0.919103;10.180831;-1.074521;0.0339;-0.1278;-0.9912;-0.139395;4.2696;0.357625;-0.149;0.1295;0.9803;-0.647606;10.078361;-0.486743;-0.149;0.1295;0.9803;-1.369851;10.121911;-0.602242;-0.149;0.1295;0.9803;0.529002;4.613009;0.322306;0.9082;0.1369;-0.3956;-0.919103;10.180831;-1.074521;0.9082;0.1369;-0.3956;-0.647606;10.078361;-0.486743;0.9082;0.1369;-0.3956;-1.369851;10.121911;-0.602242;-0.1614;-0.0651;0.9847;-0.647606;10.078361;-0.486743;-0.1614;-0.0651;0.9847;1.542488;16.576738;0.301885;-0.1614;-0.0651;0.9847;-0.647606;10.078361;-0.486743;0.8653;-0.2381;-0.4412;-0.919103;10.180831;-1.074521;0.8653;-0.2381;-0.4412;1.542488;16.576738;0.301885;0.8653;-0.2381;-0.4412;0.427428;6.344613;2.551495;0.3176;-0.46;0.8292;1.084227;8.231781;3.346881;0.3176;-0.46;0.8292;0.091632;6.46069;2.744488;0.3176;-0.46;0.8292;0.222935;6.669262;2.423963;0.845;0.5089;-0.1641;0.279414;5.832532;0.119931;0.845;0.5089;-0.1641;-0.054042;6.261508;-0.266797;0.845;0.5089;-0.1641;1.084227;8.231781;3.346881;0.12;-0.719;0.6846;1.447781;8.223948;3.274956;0.12;-0.719;0.6846;2.338378;10.738353;5.759532;0.12;-0.719;0.6846;1.447781;8.223948;3.274956;0.7443;0.3172;-0.5878;1.246365;8.520231;3.179807;0.7443;0.3172;-0.5878;2.338378;10.738353;5.759532;0.7443;0.3172;-0.5878;0.427428;6.344613;2.551495;0.0;-0.9785;0.2061;-0.387499;5.832532;0.119931;0.0;-0.9785;0.2061;0.279414;5.832532;0.119931;0.0;-0.9785;0.2061;0.222935;6.669262;2.423963;-0.8737;0.4864;-0.0081;1.084227;8.231781;3.346881;-0.8737;0.4864;-0.0081;1.246365;8.520231;3.179807;-0.8737;0.4864;-0.0081;0.222935;6.669262;2.423963;0.5526;0.0207;-0.8332;1.447781;8.223948;3.274956;0.5526;0.0207;-0.8332;0.427428;6.344613;2.551495;0.5526;0.0207;-0.8332;-0.387499;5.832532;0.119931;-0.794;0.6078;-0.0104;0.222935;6.669262;2.423963;-0.794;0.6078;-0.0104;-0.054042;6.261508;-0.266797;-0.794;0.6078;-0.0104;1.246365;8.520231;3.179807;-0.8798;0.4741;-0.0352;1.084227;8.231781;3.346881;-0.8798;0.4741;-0.0352;2.338378;10.738353;5.759532;-0.8798;0.4741;-0.0352;-3.425373;10.661785;-2.225053;-0.8523;-0.3867;-0.3521;-3.522627;10.617657;-1.94119;-0.8523;-0.3867;-0.3521;-5.81158;16.444014;-2.799116;-0.8523;-0.3867;-0.3521;-3.343671;10.854019;-2.005156;-0.4151;0.3402;0.8438;-1.171169;9.873152;-0.540831;-0.4151;0.3402;0.8438;-1.050956;10.332261;-0.666827;-0.4151;0.3402;0.8438;-3.522627;10.617657;-1.94119;-0.1447;-0.9536;-0.264;-0.958905;9.961061;-0.974795;-0.1447;-0.9536;-0.264;-1.171169;9.873152;-0.540831;-0.1447;-0.9536;-0.264;-3.343671;10.854019;-2.005156;0.7972;0.2756;-0.5372;-3.425373;10.661785;-2.225053;0.7972;0.2756;-0.5372;-5.81158;16.444014;-2.799116;0.7972;0.2756;-0.5372;-3.522627;10.617657;-1.94119;0.1048;0.1851;0.9771;-3.343671;10.854019;-2.005156;0.1048;0.1851;0.9771;-5.81158;16.444014;-2.799116;0.1048;0.1851;0.9771;-0.958905;9.961061;-0.974795;0.4949;0.6242;-0.6045;-3.343671;10.854019;-2.005156;0.4949;0.6242;-0.6045;-1.050956;10.332261;-0.666827;0.4949;0.6242;-0.6045;0.072742;13.182724;-0.21304;-0.8808;0.4579;-0.1201;2.222237;15.748755;-6.194078;-0.8808;0.4579;-0.1201;-0.127523;12.777196;-0.290554;-0.8808;0.4579;-0.1201;-0.127523;12.777196;-0.290554;0.2479;-0.9014;-0.355;2.222237;15.748755;-6.194078;0.2479;-0.9014;-0.355;0.2888;12.854845;-0.19696;0.2479;-0.9014;-0.355;0.2888;12.854845;-0.19696;0.724;0.5004;0.4749;2.222237;15.748755;-6.194078;0.724;0.5004;0.4749;0.072742;13.182724;-0.21304;0.724;0.5004;0.4749;-0.118475;4.486403;-0.312673;-0.97;-0.2206;-0.1016;-0.139395;4.2696;0.357625;-0.97;-0.2206;-0.1016;-1.369851;10.121911;-0.602242;-0.97;-0.2206;-0.1016;0.562266;4.124851;-0.242745;0.9962;-0.0274;0.0823;0.529002;4.613009;0.322306;0.9962;-0.0274;0.0823;0.335253;-0.90181;0.834941;0.9962;-0.0274;0.0823;0.335253;-0.90181;0.834941;0.0052;0.0924;0.9957;0.529002;4.613009;0.322306;0.0052;0.0924;0.9957;-0.139395;4.2696;0.357625;0.0052;0.0924;0.9957;-0.139395;4.2696;0.357625;-0.999;0.0403;-0.0182;-0.118475;4.486403;-0.312673;-0.999;0.0403;-0.0182;-0.326201;-0.90181;-0.834941;-0.999;0.0403;-0.0182;0.562266;4.124851;-0.242745;0.3967;0.0379;-0.9172;0.839466;-0.90181;-0.330727;0.3967;0.0379;-0.9172;-0.326201;-0.90181;-0.834941;0.3967;0.0379;-0.9172;-0.139395;4.2696;0.357625;-0.0207;0.142;0.9896;0.529002;4.613009;0.322306;-0.0207;0.142;0.9896;-0.647606;10.078361;-0.486743;-0.0207;0.142;0.9896;0.529002;4.613009;0.322306;0.9669;0.2184;-0.1318;0.562266;4.124851;-0.242745;0.9669;0.2184;-0.1318;-0.919103;10.180831;-1.074521;0.9669;0.2184;-0.1318;0.427428;6.344613;2.551495;0.1661;-0.4315;0.8867;1.447781;8.223948;3.274956;0.1661;-0.4315;0.8867;1.084227;8.231781;3.346881;0.1661;-0.4315;0.8867;0.222935;6.669262;2.423963;0.8622;0.4826;-0.1541;0.427428;6.344613;2.551495;0.8622;0.4826;-0.1541;0.279414;5.832532;0.119931;0.8622;0.4826;-0.1541;0.427428;6.344613;2.551495;-0.1788;-0.949;0.2598;0.091632;6.46069;2.744488;-0.1788;-0.949;0.2598;-0.387499;5.832532;0.119931;-0.1788;-0.949;0.2598;0.222935;6.669262;2.423963;-0.8672;0.4969;-0.0319;0.091632;6.46069;2.744488;-0.8672;0.4969;-0.0319;1.084227;8.231781;3.346881;-0.8672;0.4969;-0.0319;0.222935;6.669262;2.423963;0.508;0.0697;-0.8585;1.246365;8.520231;3.179807;0.508;0.0697;-0.8585;1.447781;8.223948;3.274956;0.508;0.0697;-0.8585;-0.387499;5.832532;0.119931;-0.8324;0.5538;0.0194;0.091632;6.46069;2.744488;-0.8324;0.5538;0.0194;0.222935;6.669262;2.423963;-0.8324;0.5538;0.0194;-3.343671;10.854019;-2.005156;-0.3349;0.474;0.8144;-3.522627;10.617657;-1.94119;-0.3349;0.474;0.8144;-1.171169;9.873152;-0.540831;-0.3349;0.474;0.8144;-3.522627;10.617657;-1.94119;-0.1686;-0.9636;-0.2075;-3.425373;10.661785;-2.225053;-0.1686;-0.9636;-0.2075;-0.958905;9.961061;-0.974795;-0.1686;-0.9636;-0.2075;-0.958905;9.961061;-0.974795;0.4962;0.5539;-0.6686;-3.425373;10.661785;-2.225053;0.4962;0.5539;-0.6686;-3.343671;10.854019;-2.005156;0.4962;0.5539;-0.6686
8
SPREADER;8;0;0;0;12;6
MATERIAL;second;0;count;6;CUSTOM;0.5710768;0.90354544;0.48249823;1000;MUD_GREEN;10000;DARK_GREEN;82000;CYAN;300000;PINK;400000;WHITE;2000000
INFO;NameId;491;DescId;492;price;3400;dpPerMin;0;range;3;placeSound;thud
LIFE;averagePop;5.5;averageLife;69.0;popFactors;2;0;0.2;breedMat;34.5;breedTime;24.958008;parentId;2;count;380;reqs;2;LIFE;type;2;enviroType;0;classification;pnh;count;3;LIFE;type;2;enviroType;0;classification;pnf;count;6;FALL_DEATH;fallTime;3;totalTime;5;fallenAngle;60;particleEffect;1;ExplodeTime;0.975;UseMaterial;1;Colour;1;Spawn;2;5;0;1;0;PPS;30;Speed;1.5;Gravity;0.3;Life;3;Scale;0.1;Colour;0.90354544;0.49162906;0.5028882;Additive;0;Alpha;1;FadeIn;0.1;FadeOut;0.8;HasDir;1;Dir;0;1;0;Varience;0.25;Offset;0;5;0;LifeError;0.4;ScaleError;0.3;SpeedError;0.4;RandRot;1;HasXRot;1;XRotSpeed;180;Stages;1;2;enviroReqCount;3;reqId;1;minAltitude;0;maxAltitude;32;influence;0.9;reqId;2;barren;0;goodBiomes;2;8;1;ideal;40;influence;0.85;reqId;5;likedSpecies;1;pnh;influence;0.4
GROWTH;dynamic;0;growthTime;23.0;modelStages;3;subStages;2
WOOD;cut time;4.2;bark factor;0.25;colour;0.6296389;0.45639354;0.40062523
PERCH;2;0.052;4.247;1.031;-1.468;6.889;-0.894
PARTICLES;isColour;1;spawn;3;5.5;0;1;0;PPS;1.3;Speed;0;Gravity;0.012;Life;37;Scale;0.65;Colour;1;0;0;Additive;0;Alpha;1;FadeIn;0.2;FadeOut;0.9;HasDir;0;Offset;0;8.5;0;LifeError;0.0;ScaleError;0.2;SpeedError;0;RandRot;1;HasXRot;1;XRotSpeed;190;range;20;stages;1;2;takesMaterial;1

