1.1;name;-1;id;3;randomize;1
erl
1;1
5
-1.750951;-0.93453;-2.063294;1.619085;1.421903;1.834708;1
72;1
72;0.678;0.553;0.419
-0.470715;1.40318;1.342704;-0.7914;0.5904;0.1587;-1.172698;0.995023;-0.639244;-0.7914;0.5904;0.1587;-1.43746;-0.024968;1.834708;-0.7914;0.5904;0.1587;0.686833;1.421903;-0.10559;0.7866;0.5708;-0.2356;1.524148;0.641241;0.798792;0.7866;0.5708;-0.2356;1.619085;-0.024968;-0.498476;0.7866;0.5708;-0.2356;-0.470715;1.40318;1.342704;0.0;0.3257;0.9455;-1.43746;-0.024968;1.834708;0.0;0.3257;0.9455;0.895724;-0.024968;1.834708;0.0;0.3257;0.9455;-1.153014;0.871152;-1.540744;-0.0749;0.3827;-0.9208;0.693244;-0.024968;-2.063294;-0.0749;0.3827;-0.9208;-1.396102;-0.024968;-1.893384;-0.0749;0.3827;-0.9208;-1.750951;-0.024968;-0.498476;-0.9119;0.3386;-0.232;-1.153014;0.871152;-1.540744;-0.9119;0.3386;-0.232;-1.396102;-0.024968;-1.893384;-0.9119;0.3386;-0.232;-1.172698;0.995023;-0.639244;-0.1847;0.9735;-0.135;-0.470715;1.40318;1.342704;-0.1847;0.9735;-0.135;0.686833;1.421903;-0.10559;-0.1847;0.9735;-0.135;-1.172698;0.995023;-0.639244;0.2219;0.9666;-0.128;0.297968;0.537994;-1.540744;0.2219;0.9666;-0.128;-1.153014;0.871152;-1.540744;0.2219;0.9666;-0.128;1.619085;-0.024968;-0.498476;0.6474;0.5581;-0.5191;0.297968;0.537994;-1.540744;0.6474;0.5581;-0.5191;0.686833;1.421903;-0.10559;0.6474;0.5581;-0.5191;-1.750951;-0.024968;-0.498476;-0.8572;0.5019;0.1152;-1.43746;-0.024968;1.834708;-0.8572;0.5019;0.1152;-1.172698;0.995023;-0.639244;-0.8572;0.5019;0.1152;0.895724;-0.024968;1.834708;0.4186;0.6269;0.6571;1.524148;0.641241;0.798792;0.4186;0.6269;0.6571;-0.470715;1.40318;1.342704;0.4186;0.6269;0.6571;-1.153014;0.871152;-1.540744;0.1679;0.7314;-0.6609;0.297968;0.537994;-1.540744;0.1679;0.7314;-0.6609;0.693244;-0.024968;-2.063294;0.1679;0.7314;-0.6609;-1.750951;-0.024968;-0.498476;-0.8718;0.4824;-0.0853;-1.172698;0.995023;-0.639244;-0.8718;0.4824;-0.0853;-1.153014;0.871152;-1.540744;-0.8718;0.4824;-0.0853;-1.172698;0.995023;-0.639244;-0.049;0.8563;-0.5141;0.686833;1.421903;-0.10559;-0.049;0.8563;-0.5141;0.297968;0.537994;-1.540744;-0.049;0.8563;-0.5141;1.619085;-0.024968;-0.498476;0.5856;0.7328;-0.3465;0.693244;-0.024968;-2.063294;0.5856;0.7328;-0.3465;0.297968;0.537994;-1.540744;0.5856;0.7328;-0.3465;0.686833;1.421903;-0.10559;0.4153;0.8426;0.3428;-0.470715;1.40318;1.342704;0.4153;0.8426;0.3428;1.524148;0.641241;0.798792;0.4153;0.8426;0.3428;0.895724;-0.024968;1.834708;0.8741;-0.4031;0.271;1.619085;-0.024968;-0.498476;0.8741;-0.4031;0.271;1.524148;0.641241;0.798792;0.8741;-0.4031;0.271;-1.396102;-0.024968;-1.893384;-0.0534;-0.7523;-0.6566;0.693244;-0.024968;-2.063294;-0.0534;-0.7523;-0.6566;-0.3953;-0.713521;-1.185861;-0.0534;-0.7523;-0.6566;-1.750951;-0.024968;-0.498476;-0.4997;-0.8568;-0.1271;-1.396102;-0.024968;-1.893384;-0.4997;-0.8568;-0.1271;-0.3953;-0.713521;-1.185861;-0.4997;-0.8568;-0.1271;0.693244;-0.024968;-2.063294;0.3834;-0.8953;-0.2269;1.619085;-0.024968;-0.498476;0.3834;-0.8953;-0.2269;-0.3953;-0.713521;-1.185861;0.3834;-0.8953;-0.2269;0.895724;-0.024968;1.834708;0.0;-0.7816;0.6237;-1.43746;-0.024968;1.834708;0.0;-0.7816;0.6237;-0.494731;-0.93453;0.69493;0.0;-0.7816;0.6237;-0.3953;-0.713521;-1.185861;0.3498;-0.9324;-0.0911;1.619085;-0.024968;-0.498476;0.3498;-0.9324;-0.0911;-0.494731;-0.93453;0.69493;0.3498;-0.9324;-0.0911;-1.750951;-0.024968;-0.498476;-0.4997;-0.8569;-0.1271;-0.3953;-0.713521;-1.185861;-0.4997;-0.8569;-0.1271;-0.494731;-0.93453;0.69493;-0.4997;-0.8569;-0.1271;1.619085;-0.024968;-0.498476;0.4578;-0.8777;0.1419;0.895724;-0.024968;1.834708;0.4578;-0.8777;0.1419;-0.494731;-0.93453;0.69493;0.4578;-0.8777;0.1419;-1.43746;-0.024968;1.834708;-0.6363;-0.7667;0.0855;-1.750951;-0.024968;-0.498476;-0.6363;-0.7667;0.0855;-0.494731;-0.93453;0.69493;-0.6363;-0.7667;0.0855
-1.674955;-0.052536;-1.402018;1.716883;1.899423;1.643736;1
66;1
66;0.678;0.553;0.419
-0.185863;1.604746;-0.962963;0.4382;0.2473;-0.8642;1.178577;0.497684;-0.587923;0.4382;0.2473;-0.8642;-0.426863;0.497684;-1.402018;0.4382;0.2473;-0.8642;0.332255;1.899423;0.080747;0.2638;0.5404;-0.799;1.716883;1.631097;0.356494;0.2638;0.5404;-0.799;1.178577;0.497684;-0.587923;0.2638;0.5404;-0.799;-0.185863;1.604746;-0.962963;-0.3194;0.9415;-0.1073;-0.820376;1.60765;0.951678;-0.3194;0.9415;-0.1073;0.332255;1.899423;0.080747;-0.3194;0.9415;-0.1073;-0.820376;1.60765;0.951678;-0.3865;0.1642;0.9075;-1.674955;0.497684;0.7885;-0.3865;0.1642;0.9075;0.257392;0.450392;1.620049;-0.3865;0.1642;0.9075;-1.396827;1.207967;-0.427526;-0.9798;0.1407;-0.1419;-1.492792;0.371508;-0.594543;-0.9798;0.1407;-0.1419;-1.674955;0.497684;0.7885;-0.9798;0.1407;-0.1419;-0.185863;1.604746;-0.962963;0.6278;0.6098;-0.4838;0.332255;1.899423;0.080747;0.6278;0.6098;-0.4838;1.178577;0.497684;-0.587923;0.6278;0.6098;-0.4838;0.332255;1.899423;0.080747;-0.176;0.9798;0.0953;-0.820376;1.60765;0.951678;-0.176;0.9798;0.0953;0.104736;1.706566;1.643736;-0.176;0.9798;0.0953;-0.185863;1.604746;-0.962963;-0.3565;0.9266;-0.1195;-1.396827;1.207967;-0.427526;-0.3565;0.9266;-0.1195;-0.820376;1.60765;0.951678;-0.3565;0.9266;-0.1195;-0.820376;1.60765;0.951678;-0.7933;0.587;0.1614;-1.396827;1.207967;-0.427526;-0.7933;0.587;0.1614;-1.674955;0.497684;0.7885;-0.7933;0.587;0.1614;-1.396827;1.207967;-0.427526;-0.478;0.4118;-0.7759;-0.185863;1.604746;-0.962963;-0.478;0.4118;-0.7759;-0.426863;0.497684;-1.402018;-0.478;0.4118;-0.7759;-1.396827;1.207967;-0.427526;-0.6053;0.2221;-0.7644;-0.426863;0.497684;-1.402018;-0.6053;0.2221;-0.7644;-1.492792;0.371508;-0.594543;-0.6053;0.2221;-0.7644;0.104736;1.706566;1.643736;0.5013;0.6321;0.5908;1.457539;0.85263;1.409446;0.5013;0.6321;0.5908;1.716883;1.631097;0.356494;0.5013;0.6321;0.5908;0.257392;0.450392;1.620049;-0.5908;-0.0869;0.8021;0.104736;1.706566;1.643736;-0.5908;-0.0869;0.8021;-0.820376;1.60765;0.951678;-0.5908;-0.0869;0.8021;1.178577;0.497684;-0.587923;0.3343;-0.9349;0.1194;1.457539;0.85263;1.409446;0.3343;-0.9349;0.1194;0.257392;0.450392;1.620049;0.3343;-0.9349;0.1194;0.332255;1.899423;0.080747;0.1606;0.9765;0.1439;0.104736;1.706566;1.643736;0.1606;0.9765;0.1439;1.716883;1.631097;0.356494;0.1606;0.9765;0.1439;0.257392;0.450392;1.620049;0.1721;0.0023;0.9851;1.457539;0.85263;1.409446;0.1721;0.0023;0.9851;0.104736;1.706566;1.643736;0.1721;0.0023;0.9851;1.178577;0.497684;-0.587923;0.92;-0.3872;-0.0597;1.716883;1.631097;0.356494;0.92;-0.3872;-0.0597;1.457539;0.85263;1.409446;0.92;-0.3872;-0.0597;-1.492792;0.371508;-0.594543;-0.1452;-0.9302;-0.337;-0.426863;0.497684;-1.402018;-0.1452;-0.9302;-0.337;-0.402504;-0.052536;0.106094;-0.1452;-0.9302;-0.337;1.178577;0.497684;-0.587923;0.3792;-0.9149;0.1386;0.257392;0.450392;1.620049;0.3792;-0.9149;0.1386;-0.402504;-0.052536;0.106094;0.3792;-0.9149;0.1386;-0.426863;0.497684;-1.402018;0.1724;-0.9245;-0.3401;1.178577;0.497684;-0.587923;0.1724;-0.9245;-0.3401;-0.402504;-0.052536;0.106094;0.1724;-0.9245;-0.3401;0.257392;0.450392;1.620049;-0.1865;-0.9051;0.382;-1.674955;0.497684;0.7885;-0.1865;-0.9051;0.382;-0.402504;-0.052536;0.106094;-0.1865;-0.9051;0.382;-1.674955;0.497684;0.7885;-0.3812;-0.9239;0.0341;-1.492792;0.371508;-0.594543;-0.3812;-0.9239;0.0341;-0.402504;-0.052536;0.106094;-0.3812;-0.9239;0.0341
-1.399098;-0.51077;-1.418264;1.408438;1.902993;1.597414;1
48;1
48;0.8514279;0.6919588;0.53405255
-0.031447;1.651494;-0.665498;0.1544;0.4945;-0.8553;1.164315;0.520618;-1.103453;0.1544;0.4945;-0.8553;-0.579251;0.520618;-1.418264;0.1544;0.4945;-0.8553;0.84483;1.698916;0.598071;0.7232;0.0419;0.6894;-0.039546;0.520618;1.597414;0.7232;0.0419;0.6894;1.408438;0.520618;0.078576;0.7232;0.0419;0.6894;-0.031447;1.651494;-0.665498;-0.0351;0.9993;-0.0131;-0.676627;1.651494;1.060626;-0.0351;0.9993;-0.0131;0.84483;1.698916;0.598071;-0.0351;0.9993;-0.0131;-0.676627;1.651494;1.060626;-0.6089;0.0332;0.7926;-1.399098;0.520618;0.552897;-0.6089;0.0332;0.7926;-0.039546;0.520618;1.597414;-0.6089;0.0332;0.7926;-1.245186;1.902993;-0.127945;-0.9199;-0.086;-0.3826;-0.579251;0.520618;-1.418264;-0.9199;-0.086;-0.3826;-1.399098;0.520618;0.552897;-0.9199;-0.086;-0.3826;1.408438;0.520618;0.078576;0.8553;0.487;-0.1767;1.164315;0.520618;-1.103453;0.8553;0.487;-0.1767;0.84483;1.698916;0.598071;0.8553;0.487;-0.1767;0.84483;1.698916;0.598071;0.2333;0.5211;0.821;-0.676627;1.651494;1.060626;0.2333;0.5211;0.821;-0.039546;0.520618;1.597414;0.2333;0.5211;0.821;-0.031447;1.651494;-0.665498;0.24;0.9666;0.0897;-1.245186;1.902993;-0.127945;0.24;0.9666;0.0897;-0.676627;1.651494;1.060626;0.24;0.9666;0.0897;-0.676627;1.651494;1.060626;-0.8265;0.3201;0.4631;-1.245186;1.902993;-0.127945;-0.8265;0.3201;0.4631;-1.399098;0.520618;0.552897;-0.8265;0.3201;0.4631;-1.245186;1.902993;-0.127945;-0.2115;0.6105;-0.7632;-0.031447;1.651494;-0.665498;-0.2115;0.6105;-0.7632;-0.579251;0.520618;-1.418264;-0.2115;0.6105;-0.7632;-0.031447;1.651494;-0.665498;0.5452;0.7336;-0.4056;0.84483;1.698916;0.598071;0.5452;0.7336;-0.4056;1.164315;0.520618;-1.103453;0.5452;0.7336;-0.4056;-1.399098;0.520618;0.552897;-0.6684;-0.6899;-0.278;-0.579251;0.520618;-1.418264;-0.6684;-0.6899;-0.278;-0.05023;-0.51077;-0.130807;-0.6684;-0.6899;-0.278;-0.579251;0.520618;-1.418264;0.1173;-0.751;-0.6498;1.164315;0.520618;-1.103453;0.1173;-0.751;-0.6498;-0.05023;-0.51077;-0.130807;0.1173;-0.751;-0.6498;1.408438;0.520618;0.078576;0.4717;-0.7584;0.4497;-0.039546;0.520618;1.597414;0.4717;-0.7584;0.4497;-0.05023;-0.51077;-0.130807;0.4717;-0.7584;0.4497;1.164315;0.520618;-1.103453;0.5846;-0.8023;-0.1207;1.408438;0.520618;0.078576;0.5846;-0.8023;-0.1207;-0.05023;-0.51077;-0.130807;0.5846;-0.8023;-0.1207;-0.039546;0.520618;1.597414;-0.3675;-0.7976;0.4783;-1.399098;0.520618;0.552897;-0.3675;-0.7976;0.4783;-0.05023;-0.51077;-0.130807;-0.3675;-0.7976;0.4783
-1.291756;0.020362;-1.175072;1.161072;2.46362;1.191289;1
72;1
72;0.8514279;0.6919588;0.53405255
-0.217237;2.326513;-0.973455;0.4799;0.0849;-0.8732;0.942638;0.252929;-0.537614;0.4799;0.0849;-0.8732;-0.314466;0.802011;-1.175072;0.4799;0.0849;-0.8732;0.234975;2.243924;-0.364987;0.6984;0.3044;-0.6478;1.066926;1.322291;0.098844;0.6984;0.3044;-0.6478;0.942638;0.252929;-0.537614;0.6984;0.3044;-0.6478;-0.217237;2.326513;-0.973455;0.2547;0.9653;-0.0583;-0.569888;2.46362;-0.244173;0.2547;0.9653;-0.0583;0.234975;2.243924;-0.364987;0.2547;0.9653;-0.0583;-1.291756;0.4512;0.540163;-0.8772;0.4113;0.2479;-0.691165;1.515258;0.900082;-0.8772;0.4113;0.2479;-0.569888;2.46362;-0.244173;-0.8772;0.4113;0.2479;-1.090336;1.33643;-0.350251;-0.9863;0.0792;-0.1444;-1.149118;0.253264;-0.542797;-0.9863;0.0792;-0.1444;-1.291756;0.4512;0.540163;-0.9863;0.0792;-0.1444;-0.217237;2.326513;-0.973455;0.7799;0.3237;-0.5357;0.234975;2.243924;-0.364987;0.7799;0.3237;-0.5357;0.942638;0.252929;-0.537614;0.7799;0.3237;-0.5357;0.234975;2.243924;-0.364987;0.2969;0.8645;0.4056;-0.569888;2.46362;-0.244173;0.2969;0.8645;0.4056;0.403716;1.47256;1.155658;0.2969;0.8645;0.4056;-0.217237;2.326513;-0.973455;-0.7896;0.4077;-0.4585;-1.090336;1.33643;-0.350251;-0.7896;0.4077;-0.4585;-0.569888;2.46362;-0.244173;-0.7896;0.4077;-0.4585;-0.569888;2.46362;-0.244173;-0.8979;0.3966;0.1912;-1.090336;1.33643;-0.350251;-0.8979;0.3966;0.1912;-1.291756;0.4512;0.540163;-0.8979;0.3966;0.1912;-1.090336;1.33643;-0.350251;-0.6748;0.1389;-0.7248;-0.217237;2.326513;-0.973455;-0.6748;0.1389;-0.7248;-0.314466;0.802011;-1.175072;-0.6748;0.1389;-0.7248;-1.090336;1.33643;-0.350251;-0.6624;0.1658;-0.7305;-0.314466;0.802011;-1.175072;-0.6624;0.1658;-0.7305;-1.149118;0.253264;-0.542797;-0.6624;0.1658;-0.7305;0.403716;1.47256;1.155658;0.6876;0.6413;0.3403;1.161072;0.729132;1.026381;0.6876;0.6413;0.3403;1.066926;1.322291;0.098844;0.6876;0.6413;0.3403;0.403716;1.47256;1.155658;-0.2241;0.0713;0.972;-0.691165;1.515258;0.900082;-0.2241;0.0713;0.972;0.221325;0.414169;1.191289;-0.2241;0.0713;0.972;0.942638;0.252929;-0.537614;0.3452;-0.9102;0.2289;1.161072;0.729132;1.026381;0.3452;-0.9102;0.2289;0.221325;0.414169;1.191289;0.3452;-0.9102;0.2289;0.234975;2.243924;-0.364987;0.6312;0.7177;0.294;0.403716;1.47256;1.155658;0.6312;0.7177;0.294;1.066926;1.322291;0.098844;0.6312;0.7177;0.294;0.221325;0.414169;1.191289;0.1717;0.0036;0.9851;1.161072;0.729132;1.026381;0.1717;0.0036;0.9851;0.403716;1.47256;1.155658;0.1717;0.0036;0.9851;0.942638;0.252929;-0.537614;0.9912;-0.0401;-0.1262;1.066926;1.322291;0.098844;0.9912;-0.0401;-0.1262;1.161072;0.729132;1.026381;0.9912;-0.0401;-0.1262;-1.149118;0.253264;-0.542797;0.1273;-0.8261;-0.5489;-0.314466;0.802011;-1.175072;0.1273;-0.8261;-0.5489;-0.295392;0.020362;0.005821;0.1273;-0.8261;-0.5489;0.942638;0.252929;-0.537614;0.2643;-0.9438;0.1983;0.221325;0.414169;1.191289;0.2643;-0.9438;0.1983;-0.295392;0.020362;0.005821;0.2643;-0.9438;0.1983;-0.314466;0.802011;-1.175072;-0.0848;-0.8315;-0.549;0.942638;0.252929;-0.537614;-0.0848;-0.8315;-0.549;-0.295392;0.020362;0.005821;-0.0848;-0.8315;-0.549;0.221325;0.414169;1.191289;-0.1865;-0.9051;0.382;-1.291756;0.4512;0.540163;-0.1865;-0.9051;0.382;-0.295392;0.020362;0.005821;-0.1865;-0.9051;0.382;-1.291756;0.4512;0.540163;-0.3358;-0.9334;0.1264;-1.149118;0.253264;-0.542797;-0.3358;-0.9334;0.1264;-0.295392;0.020362;0.005821;-0.3358;-0.9334;0.1264;-1.291756;0.4512;0.540163;-0.3956;-0.086;0.9144;0.221325;0.414169;1.191289;-0.3956;-0.086;0.9144;-0.691165;1.515258;0.900082;-0.3956;-0.086;0.9144;0.403716;1.47256;1.155658;-0.1162;0.7707;0.6265;-0.569888;2.46362;-0.244173;-0.1162;0.7707;0.6265;-0.691165;1.515258;0.900082;-0.1162;0.7707;0.6265
-1.449763;-0.301196;-1.257451;1.386224;1.550553;1.202129;1
48;1
48;0.8514279;0.6919588;0.53405255
1.386224;0.537946;-0.147244;0.7289;0.6405;0.242;0.720752;1.518421;-0.737846;0.7289;0.6405;0.242;1.048239;0.502868;0.963647;0.7289;0.6405;0.242;0.26994;0.468585;-1.257451;-0.3395;-0.8381;-0.427;-1.449763;0.47534;0.096597;-0.3395;-0.8381;-0.427;-0.499107;0.666105;-1.033702;-0.3395;-0.8381;-0.427;0.26994;0.468585;-1.257451;-0.1278;0.4835;-0.866;-0.499107;0.666105;-1.033702;-0.1278;0.4835;-0.866;0.720752;1.518421;-0.737846;-0.1278;0.4835;-0.866;-0.499107;0.469167;1.202129;0.1332;0.3757;0.9171;1.048239;0.502868;0.963647;0.1332;0.3757;0.9171;-0.104843;1.410461;0.759337;0.1332;0.3757;0.9171;-1.449763;0.47534;0.096597;-0.6416;0.5297;0.5547;-0.499107;0.469167;1.202129;-0.6416;0.5297;0.5547;-0.104843;1.410461;0.759337;-0.6416;0.5297;0.5547;-0.499107;0.666105;-1.033702;-0.7139;0.4673;-0.5216;-1.449763;0.47534;0.096597;-0.7139;0.4673;-0.5216;-0.371199;1.550553;-0.41643;-0.7139;0.4673;-0.5216;1.048239;0.502868;0.963647;0.5394;0.7647;0.3526;0.720752;1.518421;-0.737846;0.5394;0.7647;0.3526;-0.104843;1.410461;0.759337;0.5394;0.7647;0.3526;-1.449763;0.47534;0.096597;-0.6296;0.7418;0.231;-0.104843;1.410461;0.759337;-0.6296;0.7418;0.231;-0.371199;1.550553;-0.41643;-0.6296;0.7418;0.231;-0.499107;0.666105;-1.033702;-0.2143;0.5797;-0.7862;-0.371199;1.550553;-0.41643;-0.2143;0.5797;-0.7862;0.720752;1.518421;-0.737846;-0.2143;0.5797;-0.7862;0.720752;1.518421;-0.737846;0.06;0.9927;0.1047;-0.371199;1.550553;-0.41643;0.06;0.9927;0.1047;-0.104843;1.410461;0.759337;0.06;0.9927;0.1047;1.386224;0.537946;-0.147244;0.7028;0.0495;-0.7097;0.26994;0.468585;-1.257451;0.7028;0.0495;-0.7097;0.720752;1.518421;-0.737846;0.7028;0.0495;-0.7097;1.386224;0.537946;-0.147244;0.5314;-0.8362;0.1353;1.048239;0.502868;0.963647;0.5314;-0.8362;0.1353;-0.027367;-0.301196;0.218355;0.5314;-0.8362;0.1353;-0.499107;0.469167;1.202129;-0.4659;-0.7912;0.3962;-1.449763;0.47534;0.096597;-0.4659;-0.7912;0.3962;-0.027367;-0.301196;0.218355;-0.4659;-0.7912;0.3962;1.048239;0.502868;0.963647;0.116;-0.7542;0.6463;-0.499107;0.469167;1.202129;0.116;-0.7542;0.6463;-0.027367;-0.301196;0.218355;0.116;-0.7542;0.6463;0.26994;0.468585;-1.257451;0.407;-0.8409;-0.3567;1.386224;0.537946;-0.147244;0.407;-0.8409;-0.3567;-0.027367;-0.301196;0.218355;0.407;-0.8409;-0.3567;-1.449763;0.47534;0.096597;-0.3862;-0.7837;-0.4866;0.26994;0.468585;-1.257451;-0.3862;-0.7837;-0.4866;-0.027367;-0.301196;0.218355;-0.3862;-0.7837;-0.4866
1
INFO;NameId;206;DescId;207;price;995;dpPerMin;0;range;2;placeSound;thud
