0.8
pbf
0;1
5
-0.517929;-0.117616;-0.623898;0.444975;1.12347;0.935139;1
45;2
36;0.4028886;0.6011215;0.3666498;0.1
0.444975;0.927139;0.216889;-0.1127;0.6927;0.7124;-0.517929;1.12347;-0.126319;-0.1127;0.6927;0.7124;-0.422616;0.603396;0.394466;-0.1127;0.6927;0.7124;0.444975;0.927139;0.216889;0.1786;0.982;0.0608;0.29477;1.006505;-0.623898;0.1786;0.982;0.0608;-0.517929;1.12347;-0.126319;0.1786;0.982;0.0608;-0.153462;0.343879;-0.203552;0.7512;-0.631;-0.1938;0.29477;1.006505;-0.623898;0.7512;-0.631;-0.1938;0.444975;0.927139;0.216889;0.7512;-0.631;-0.1938;-0.153462;0.343879;-0.203552;0.3904;-0.7673;0.5087;0.444975;0.927139;0.216889;0.3904;-0.7673;0.5087;-0.422616;0.603396;0.394466;0.3904;-0.7673;0.5087;-0.517929;1.12347;-0.126319;-0.5322;-0.1666;-0.8301;0.29477;1.006505;-0.623898;-0.5322;-0.1666;-0.8301;-0.153462;0.343879;-0.203552;-0.5322;-0.1666;-0.8301;-0.517929;1.12347;-0.126319;-0.8902;-0.3934;-0.2299;-0.153462;0.343879;-0.203552;-0.8902;-0.3934;-0.2299;-0.422616;0.603396;0.394466;-0.8902;-0.3934;-0.2299;0.376528;0.147402;0.452586;0.8014;0.5413;0.2546;-0.0395;0.798553;0.377725;0.8014;0.5413;0.2546;0.034499;0.426813;0.935139;0.8014;0.5413;0.2546;0.376528;0.147402;0.452586;0.6926;0.3714;-0.6184;-0.061343;0.244455;0.020439;0.6926;0.3714;-0.6184;-0.0395;0.798553;0.377725;0.6926;0.3714;-0.6184;-0.0395;0.798553;0.377725;-0.8182;0.4222;0.3902;-0.329375;0.059809;0.569282;-0.8182;0.4222;0.3902;0.034499;0.426813;0.935139;-0.8182;0.4222;0.3902;-0.0395;0.798553;0.377725;-0.899;0.2618;-0.351;-0.061343;0.244455;0.020439;-0.899;0.2618;-0.351;-0.329375;0.059809;0.569282;-0.899;0.2618;-0.351;-0.329375;0.059809;0.569282;0.0712;-0.9554;-0.2867;-0.061343;0.244455;0.020439;0.0712;-0.9554;-0.2867;0.376528;0.147402;0.452586;0.0712;-0.9554;-0.2867;-0.329375;0.059809;0.569282;0.1949;-0.7826;0.5913;0.376528;0.147402;0.452586;0.1949;-0.7826;0.5913;0.034499;0.426813;0.935139;0.1949;-0.7826;0.5913
9;0.47923824;0.4029603;0.36461875;0.1
-0.024512;-0.117616;-0.04683;0.8649;0.0506;-0.4994;-0.024512;0.828295;0.049054;0.8649;0.0506;-0.4994;0.058525;-0.117616;0.096996;0.8649;0.0506;-0.4994;0.058525;-0.117616;0.096996;-0.0;0.0506;0.9987;-0.024512;0.828295;0.049054;-0.0;0.0506;0.9987;-0.10755;-0.117616;0.096996;-0.0;0.0506;0.9987;-0.10755;-0.117616;0.096996;-0.8649;0.0506;-0.4994;-0.024512;0.828295;0.049054;-0.8649;0.0506;-0.4994;-0.024512;-0.117616;-0.04683;-0.8649;0.0506;-0.4994
-2.012328;-0.326276;-2.533575;1.756019;3.098443;1.665468;1
111;2
102;0.4028886;0.6011215;0.3666498;0.07
-2.012328;2.170038;0.271738;-0.2965;0.3376;0.8934;-0.84707;0.936843;1.12455;-0.2965;0.3376;0.8934;-0.335677;2.478448;0.711629;-0.2965;0.3376;0.8934;-0.84707;0.936843;1.12455;0.4111;-0.8891;0.2013;-0.072967;0.740488;-1.323301;0.4111;-0.8891;0.2013;0.440552;1.347249;0.307928;0.4111;-0.8891;0.2013;-0.84707;0.936843;1.12455;0.5223;0.0547;0.851;0.440552;1.347249;0.307928;0.5223;0.0547;0.851;-0.335677;2.478448;0.711629;0.5223;0.0547;0.851;-0.072967;0.740488;-1.323301;-0.6641;-0.7322;-0.1513;-0.84707;0.936843;1.12455;-0.6641;-0.7322;-0.1513;-2.012328;2.170038;0.271738;-0.6641;-0.7322;-0.1513;0.440552;1.347249;0.307928;0.9196;-0.3609;-0.1553;-0.072967;0.740488;-1.323301;0.9196;-0.3609;-0.1553;0.866319;2.796031;-0.537744;0.9196;-0.3609;-0.1553;0.440552;1.347249;0.307928;0.6766;0.2127;0.705;0.866319;2.796031;-0.537744;0.6766;0.2127;0.705;-0.335677;2.478448;0.711629;0.6766;0.2127;0.705;-2.012328;2.170038;0.271738;-0.1959;0.9788;0.0604;-0.335677;2.478448;0.711629;-0.1959;0.9788;0.0604;0.866319;2.796031;-0.537744;-0.1959;0.9788;0.0604;0.866319;2.796031;-0.537744;0.0651;0.9385;-0.3392;0.265833;2.142537;-2.461211;0.0651;0.9385;-0.3392;-1.390029;2.23124;-2.533575;0.0651;0.9385;-0.3392;0.265833;2.142537;-2.461211;0.9194;-0.3567;-0.1658;0.866319;2.796031;-0.537744;0.9194;-0.3567;-0.1658;-0.072967;0.740488;-1.323301;0.9194;-0.3567;-0.1658;0.866319;2.796031;-0.537744;0.4753;0.5442;-0.6913;-1.390029;2.23124;-2.533575;0.4753;0.5442;-0.6913;-0.938649;3.098443;-1.54067;0.4753;0.5442;-0.6913;0.866319;2.796031;-0.537744;-0.0798;0.9056;0.4166;-0.938649;3.098443;-1.54067;-0.0798;0.9056;0.4166;-2.012328;2.170038;0.271738;-0.0798;0.9056;0.4166;-2.012328;2.170038;0.271738;-0.7873;0.5949;-0.1617;-0.938649;3.098443;-1.54067;-0.7873;0.5949;-0.1617;-1.390029;2.23124;-2.533575;-0.7873;0.5949;-0.1617;-0.072967;0.740488;-1.323301;-0.6693;-0.7246;-0.1643;-2.012328;2.170038;0.271738;-0.6693;-0.7246;-0.1643;-1.390029;2.23124;-2.533575;-0.6693;-0.7246;-0.1643;0.265833;2.142537;-2.461211;2.0E-4;-0.6302;-0.7764;-0.072967;0.740488;-1.323301;2.0E-4;-0.6302;-0.7764;-1.390029;2.23124;-2.533575;2.0E-4;-0.6302;-0.7764;0.385729;0.051222;0.051785;0.3568;-0.1552;-0.9212;0.657957;1.439852;-0.076706;0.3568;-0.1552;-0.9212;1.344816;0.007979;0.430526;0.3568;-0.1552;-0.9212;0.657957;1.439852;-0.076706;-0.9008;0.1385;-0.4116;0.385729;0.051222;0.051785;-0.9008;0.1385;-0.4116;0.006365;0.452596;1.017117;-0.9008;0.1385;-0.4116;0.385729;0.051222;0.051785;-0.1688;-0.9319;0.3211;1.344816;0.007979;0.430526;-0.1688;-0.9319;0.3211;0.006365;0.452596;1.017117;-0.1688;-0.9319;0.3211;0.657957;1.439852;-0.076706;-0.8302;0.5574;0.0085;0.006365;0.452596;1.017117;-0.8302;0.5574;0.0085;0.65027;1.407139;1.311362;-0.8302;0.5574;0.0085;1.344816;0.007979;0.430526;0.6069;0.0096;-0.7947;0.657957;1.439852;-0.076706;0.6069;0.0096;-0.7947;1.716424;1.20331;0.728774;0.6069;0.0096;-0.7947;0.006365;0.452596;1.017117;-0.084;-0.877;0.4731;1.344816;0.007979;0.430526;-0.084;-0.877;0.4731;1.069205;0.700582;1.665468;-0.084;-0.877;0.4731;0.657957;1.439852;-0.076706;0.2005;0.9794;0.0242;0.65027;1.407139;1.311362;0.2005;0.9794;0.0242;1.716424;1.20331;0.728774;0.2005;0.9794;0.0242;1.344816;0.007979;0.430526;0.8466;-0.3608;0.3913;1.716424;1.20331;0.728774;0.8466;-0.3608;0.3913;1.069205;0.700582;1.665468;0.8466;-0.3608;0.3913;0.006365;0.452596;1.017117;-0.5354;0.1027;0.8383;1.069205;0.700582;1.665468;-0.5354;0.1027;0.8383;0.65027;1.407139;1.311362;-0.5354;0.1027;0.8383;1.069205;0.700582;1.665468;0.4685;0.6019;0.6467;1.716424;1.20331;0.728774;0.4685;0.6019;0.6467;0.65027;1.407139;1.311362;0.4685;0.6019;0.6467;0.399181;0.027867;-0.578908;-0.0563;-0.9858;-0.1585;1.130853;0.241875;-2.170124;-0.0563;-0.9858;-0.1585;1.613325;0.03185;-1.035351;-0.0563;-0.9858;-0.1585;1.613325;0.03185;-1.035351;0.8876;-0.2007;-0.4145;1.130853;0.241875;-2.170124;0.8876;-0.2007;-0.4145;1.756019;1.029824;-1.213029;0.8876;-0.2007;-0.4145;0.783625;1.467915;-1.311757;0.3443;0.6019;-0.7205;1.756019;1.029824;-1.213029;0.3443;0.6019;-0.7205;1.130853;0.241875;-2.170124;0.3443;0.6019;-0.7205;0.602826;0.703001;-0.431568;0.3369;-0.2966;0.8936;0.399181;0.027867;-0.578908;0.3369;-0.2966;0.8936;1.613325;0.03185;-1.035351;0.3369;-0.2966;0.8936;0.602826;0.703001;-0.431568;0.5458;0.0706;0.8349;1.613325;0.03185;-1.035351;0.5458;0.0706;0.8349;1.756019;1.029824;-1.213029;0.5458;0.0706;0.8349;0.399181;0.027867;-0.578908;-0.6014;-0.7072;-0.3717;0.211744;0.820235;-1.783459;-0.6014;-0.7072;-0.3717;1.130853;0.241875;-2.170124;-0.6014;-0.7072;-0.3717;0.211744;0.820235;-1.783459;0.0197;0.5772;-0.8164;0.783625;1.467915;-1.311757;0.0197;0.5772;-0.8164;1.130853;0.241875;-2.170124;0.0197;0.5772;-0.8164;0.783625;1.467915;-1.311757;0.2501;0.7048;0.6639;0.602826;0.703001;-0.431568;0.2501;0.7048;0.6639;1.756019;1.029824;-1.213029;0.2501;0.7048;0.6639;0.602826;0.703001;-0.431568;-0.9322;0.2182;0.2886;0.211744;0.820235;-1.783459;-0.9322;0.2182;0.2886;0.399181;0.027867;-0.578908;-0.9322;0.2182;0.2886;0.602826;0.703001;-0.431568;-0.8116;0.5132;0.2793;0.783625;1.467915;-1.311757;-0.8116;0.5132;0.2793;0.211744;0.820235;-1.783459;-0.8116;0.5132;0.2793
9;0.47923824;0.4029603;0.36461875;0.04
0.068425;-0.326276;-0.134411;0.8807;-0.0589;-0.47;-0.143304;2.475296;-0.882499;0.8807;-0.0589;-0.47;0.261495;-0.228992;0.215192;0.8807;-0.0589;-0.47;0.261495;-0.228992;0.215192;-0.0561;0.3683;0.928;-0.143304;2.475296;-0.882499;-0.0561;0.3683;0.928;-0.144862;-0.290935;0.215192;-0.0561;0.3683;0.928;-0.143304;2.475296;-0.882499;-0.8457;-0.1964;-0.4961;0.068425;-0.326276;-0.134411;-0.8457;-0.1964;-0.4961;-0.144862;-0.290935;0.215192;-0.8457;-0.1964;-0.4961
-2.914297;-0.336925;-3.285389;2.73739;5.344137;3.301392;1
222;2
168;0.4028886;0.6011215;0.3666498;0.04
0.841827;4.270805;-1.790897;0.8818;-0.4437;0.1602;0.515427;4.302455;0.093284;0.8818;-0.4437;0.1602;-0.175557;2.654047;-0.668832;0.8818;-0.4437;0.1602;-1.934528;4.354443;2.371473;-0.5485;-0.1381;0.8247;-2.914297;3.034191;1.498707;-0.5485;-0.1381;0.8247;-0.767534;2.510574;2.838852;-0.5485;-0.1381;0.8247;-2.914297;3.034191;1.498707;-0.6764;-0.6881;-0.2628;-2.240481;3.281318;-0.88226;-0.6764;-0.6881;-0.2628;-1.258995;1.710965;0.702854;-0.6764;-0.6881;-0.2628;-2.914297;3.034191;1.498707;-0.446;-0.7997;0.402;-1.258995;1.710965;0.702854;-0.446;-0.7997;0.402;-0.767534;2.510574;2.838852;-0.446;-0.7997;0.402;-1.934528;4.354443;2.371473;0.442;0.4729;0.7622;-0.767534;2.510574;2.838852;0.442;0.4729;0.7622;0.779751;3.109579;1.569918;0.442;0.4729;0.7622;-2.914297;3.034191;1.498707;-0.7649;0.6359;-0.1032;-1.934528;4.354443;2.371473;-0.7649;0.6359;-0.1032;-1.521878;4.597399;0.810364;-0.7649;0.6359;-0.1032;-2.240481;3.281318;-0.88226;-0.7705;0.6186;-0.1539;-2.914297;3.034191;1.498707;-0.7705;0.6186;-0.1539;-1.521878;4.597399;0.810364;-0.7705;0.6186;-0.1539;-1.258995;1.710965;0.702854;-0.1612;-0.7492;-0.6424;-2.240481;3.281318;-0.88226;-0.1612;-0.7492;-0.6424;-0.175557;2.654047;-0.668832;-0.1612;-0.7492;-0.6424;-0.767534;2.510574;2.838852;0.4938;-0.8456;0.2029;-1.258995;1.710965;0.702854;0.4938;-0.8456;0.2029;0.779751;3.109579;1.569918;0.4938;-0.8456;0.2029;-1.934528;4.354443;2.371473;0.4643;0.8483;0.2547;0.779751;3.109579;1.569918;0.4643;0.8483;0.2547;-1.521878;4.597399;0.810364;0.4643;0.8483;0.2547;-1.257682;3.101369;-3.285389;0.6323;-0.1688;-0.7561;0.841827;4.270805;-1.790897;0.6323;-0.1688;-0.7561;0.016987;2.267572;-2.033297;0.6323;-0.1688;-0.7561;-1.258995;1.710965;0.702854;0.5886;-0.8037;-0.0876;-0.175557;2.654047;-0.668832;0.5886;-0.8037;-0.0876;0.779751;3.109579;1.569918;0.5886;-0.8037;-0.0876;0.515427;4.302455;0.093284;0.5517;0.83;0.0816;0.841827;4.270805;-1.790897;0.5517;0.83;0.0816;-0.936152;5.344137;-0.687715;0.5517;0.83;0.0816;-1.521878;4.597399;0.810364;0.3092;0.7661;0.5635;0.779751;3.109579;1.569918;0.3092;0.7661;0.5635;0.515427;4.302455;0.093284;0.3092;0.7661;0.5635;0.841827;4.270805;-1.790897;0.8879;-0.3943;0.237;-0.175557;2.654047;-0.668832;0.8879;-0.3943;0.237;0.016987;2.267572;-2.033297;0.8879;-0.3943;0.237;0.779751;3.109579;1.569918;0.9121;-0.2234;-0.3437;-0.175557;2.654047;-0.668832;0.9121;-0.2234;-0.3437;0.515427;4.302455;0.093284;0.9121;-0.2234;-0.3437;0.841827;4.270805;-1.790897;0.5923;-0.0346;-0.805;-1.257682;3.101369;-3.285389;0.5923;-0.0346;-0.805;-1.117799;4.74352;-3.253004;0.5923;-0.0346;-0.805;0.016987;2.267572;-2.033297;-0.3043;-0.9269;0.2196;-0.175557;2.654047;-0.668832;-0.3043;-0.9269;0.2196;-2.240481;3.281318;-0.88226;-0.3043;-0.9269;0.2196;0.841827;4.270805;-1.790897;0.3907;0.8898;-0.236;-1.117799;4.74352;-3.253004;0.3907;0.8898;-0.236;-0.936152;5.344137;-0.687715;0.3907;0.8898;-0.236;0.515427;4.302455;0.093284;0.298;0.8027;0.5166;-0.936152;5.344137;-0.687715;0.298;0.8027;0.5166;-1.521878;4.597399;0.810364;0.298;0.8027;0.5166;0.016987;2.267572;-2.033297;-0.4574;-0.881;-0.1211;-2.240481;3.281318;-0.88226;-0.4574;-0.881;-0.1211;-1.257682;3.101369;-3.285389;-0.4574;-0.881;-0.1211;-1.117799;4.74352;-3.253004;-0.598;0.0667;-0.7987;-1.257682;3.101369;-3.285389;-0.598;0.0667;-0.7987;-2.778794;4.196452;-2.055224;-0.598;0.0667;-0.7987;-0.936152;5.344137;-0.687715;-0.4215;0.8891;-0.1783;-1.117799;4.74352;-3.253004;-0.4215;0.8891;-0.1783;-2.778794;4.196452;-2.055224;-0.4215;0.8891;-0.1783;-1.521878;4.597399;0.810364;-0.6025;0.783;0.1547;-0.936152;5.344137;-0.687715;-0.6025;0.783;0.1547;-2.778794;4.196452;-2.055224;-0.6025;0.783;0.1547;-2.240481;3.281318;-0.88226;-0.9146;-0.0202;0.404;-1.521878;4.597399;0.810364;-0.9146;-0.0202;0.404;-2.778794;4.196452;-2.055224;-0.9146;-0.0202;0.404;-1.257682;3.101369;-3.285389;-0.6834;-0.6937;-0.2275;-2.240481;3.281318;-0.88226;-0.6834;-0.6937;-0.2275;-2.778794;4.196452;-2.055224;-0.6834;-0.6937;-0.2275;2.063756;1.411394;3.261328;-0.0593;-0.2199;0.9737;0.011997;2.142099;3.301392;-0.0593;-0.2199;0.9737;0.42482;0.0597;2.856276;-0.0593;-0.2199;0.9737;0.011997;2.142099;3.301392;0.2779;0.7473;0.6035;2.063756;1.411394;3.261328;0.2779;0.7473;0.6035;2.320842;2.706212;1.53953;0.2779;0.7473;0.6035;2.063756;1.411394;3.261328;0.4451;-0.7051;0.552;0.42482;0.0597;2.856276;0.4451;-0.7051;0.552;1.995174;0.369516;1.985652;0.4451;-0.7051;0.552;2.063756;1.411394;3.261328;0.9904;-0.1282;0.0515;1.995174;0.369516;1.985652;0.9904;-0.1282;0.0515;2.320842;2.706212;1.53953;0.9904;-0.1282;0.0515;0.011997;2.142099;3.301392;-0.2159;0.976;0.0296;2.320842;2.706212;1.53953;-0.2159;0.976;0.0296;-0.48435;2.103435;0.955596;-0.2159;0.976;0.0296;0.42482;0.0597;2.856276;-0.7971;-0.2731;0.5386;0.011997;2.142099;3.301392;-0.7971;-0.2731;0.5386;-0.731556;0.530125;1.383435;-0.7971;-0.2731;0.5386;1.995174;0.369516;1.985652;0.0134;-0.9494;-0.3137;0.42482;0.0597;2.856276;0.0134;-0.9494;-0.3137;-0.731556;0.530125;1.383435;0.0134;-0.9494;-0.3137;2.320842;2.706212;1.53953;0.7505;-0.2233;-0.622;1.995174;0.369516;1.985652;0.7505;-0.2233;-0.622;0.898272;1.090799;0.402988;0.7505;-0.2233;-0.622;0.011997;2.142099;3.301392;-0.9583;0.2048;0.1994;-0.48435;2.103435;0.955596;-0.9583;0.2048;0.1994;-0.731556;0.530125;1.383435;-0.9583;0.2048;0.1994;1.995174;0.369516;1.985652;0.0442;-0.8971;-0.4395;-0.731556;0.530125;1.383435;0.0442;-0.8971;-0.4395;0.898272;1.090799;0.402988;0.0442;-0.8971;-0.4395;2.320842;2.706212;1.53953;0.5912;0.0459;-0.8052;0.898272;1.090799;0.402988;0.5912;0.0459;-0.8052;1.047912;2.55932;0.596555;0.5912;0.0459;-0.8052;2.320842;2.706212;1.53953;-0.242;0.9538;0.1781;1.047912;2.55932;0.596555;-0.242;0.9538;0.1781;-0.48435;2.103435;0.955596;-0.242;0.9538;0.1781;0.898272;1.090799;0.402988;-0.4668;-0.163;-0.8692;-0.731556;0.530125;1.383435;-0.4668;-0.163;-0.8692;-0.48435;2.103435;0.955596;-0.4668;-0.163;-0.8692;1.047912;2.55932;0.596555;-0.2683;0.1527;-0.9512;0.898272;1.090799;0.402988;-0.2683;0.1527;-0.9512;-0.48435;2.103435;0.955596;-0.2683;0.1527;-0.9512;2.189606;1.323874;-0.361723;-0.222;-0.3211;0.9207;0.524772;2.577457;-0.325939;-0.222;-0.3211;0.9207;0.156766;1.180849;-0.901727;-0.222;-0.3211;0.9207;0.524772;2.577457;-0.325939;0.2891;0.3586;0.8876;2.189606;1.323874;-0.361723;0.2891;0.3586;0.8876;2.73739;2.988936;-1.21293;0.2891;0.3586;0.8876;2.189606;1.323874;-0.361723;-0.0987;-0.8051;0.5849;0.156766;1.180849;-0.901727;-0.0987;-0.8051;0.5849;2.139331;0.587345;-1.384049;-0.0987;-0.8051;0.5849;2.189606;1.323874;-0.361723;0.9597;-0.2484;0.1317;2.139331;0.587345;-1.384049;0.9597;-0.2484;0.1317;2.73739;2.988936;-1.21293;0.9597;-0.2484;0.1317;0.524772;2.577457;-0.325939;0.0132;0.8941;0.4476;2.73739;2.988936;-1.21293;0.0132;0.8941;0.4476;0.884074;3.344002;-1.867598;0.0132;0.8941;0.4476;0.156766;1.180849;-0.901727;-0.9551;0.1451;0.2584;0.524772;2.577457;-0.325939;-0.9551;0.1451;0.2584;-0.099187;1.700247;-2.139352;-0.9551;0.1451;0.2584;2.139331;0.587345;-1.384049;-0.3402;-0.8901;-0.3032;0.156766;1.180849;-0.901727;-0.3402;-0.8901;-0.3032;-0.099187;1.700247;-2.139352;-0.3402;-0.8901;-0.3032;2.73739;2.988936;-1.21293;0.9563;-0.2248;-0.1872;2.139331;0.587345;-1.384049;0.9563;-0.2248;-0.1872;1.964023;1.331783;-3.173683;0.9563;-0.2248;-0.1872;0.524772;2.577457;-0.325939;-0.8608;0.5064;0.0512;0.884074;3.344002;-1.867598;-0.8608;0.5064;0.0512;-0.099187;1.700247;-2.139352;-0.8608;0.5064;0.0512;2.139331;0.587345;-1.384049;-0.3261;-0.8837;-0.3357;-0.099187;1.700247;-2.139352;-0.3261;-0.8837;-0.3357;1.964023;1.331783;-3.173683;-0.3261;-0.8837;-0.3357;2.73739;2.988936;-1.21293;0.9575;-0.1829;-0.2231;1.964023;1.331783;-3.173683;0.9575;-0.1829;-0.2231;2.408014;3.193123;-2.794007;0.9575;-0.1829;-0.2231;2.73739;2.988936;-1.21293;0.1549;0.9834;0.0947;2.408014;3.193123;-2.794007;0.1549;0.9834;0.0947;0.884074;3.344002;-1.867598;0.1549;0.9834;0.0947;-0.099187;1.700247;-2.139352;-0.8208;0.5273;-0.2196;0.884074;3.344002;-1.867598;-0.8208;0.5273;-0.2196;0.7744;2.738163;-2.912518;-0.8208;0.5273;-0.2196;1.964023;1.331783;-3.173683;-0.4689;-0.2388;-0.8504;-0.099187;1.700247;-2.139352;-0.4689;-0.2388;-0.8504;0.7744;2.738163;-2.912518;-0.4689;-0.2388;-0.8504;2.408014;3.193123;-2.794007;0.0165;0.1961;-0.9805;1.964023;1.331783;-3.173683;0.0165;0.1961;-0.9805;0.7744;2.738163;-2.912518;0.0165;0.1961;-0.9805;0.884074;3.344002;-1.867598;-0.204;0.8561;-0.4749;2.408014;3.193123;-2.794007;-0.204;0.8561;-0.4749;0.7744;2.738163;-2.912518;-0.204;0.8561;-0.4749
54;0.47923824;0.4029603;0.36461875;0.02
0.03279;-0.292214;-0.120379;0.8827;-0.1393;-0.4487;0.145325;1.29933;-0.393248;0.8827;-0.1393;-0.4487;0.205704;-0.205086;0.192727;0.8827;-0.1393;-0.4487;0.205704;-0.205086;0.192727;-0.057;0.3737;0.9258;-0.041346;1.209019;-0.393248;-0.057;0.3737;0.9258;-0.158231;-0.260563;0.192727;-0.057;0.3737;0.9258;0.054897;1.248165;-0.572711;-0.8681;-0.0971;-0.4867;-0.041346;1.209019;-0.393248;-0.8681;-0.0971;-0.4867;-0.692377;3.509859;0.308883;-0.8681;-0.0971;-0.4867;-0.041346;1.209019;-0.393248;-0.8519;-0.1341;-0.5062;0.03279;-0.292214;-0.120379;-0.8519;-0.1341;-0.5062;-0.158231;-0.260563;0.192727;-0.8519;-0.1341;-0.5062;-0.041346;1.209019;-0.393248;0.1244;-0.2572;0.9583;0.145325;1.29933;-0.393248;0.1244;-0.2572;0.9583;-0.692377;3.509859;0.308883;0.1244;-0.2572;0.9583;0.145325;1.29933;-0.393248;0.7445;0.4413;-0.501;0.054897;1.248165;-0.572711;0.7445;0.4413;-0.501;-0.692377;3.509859;0.308883;0.7445;0.4413;-0.501;-0.021909;1.248788;-0.458073;0.6327;-0.2546;-0.7313;-0.464424;3.541331;-1.639157;0.6327;-0.2546;-0.7313;0.024835;1.368346;-0.459256;0.6327;-0.2546;-0.7313;0.024835;1.368346;-0.459256;0.6723;0.4644;0.5765;-0.464424;3.541331;-1.639157;0.6723;0.4644;0.5765;-0.068109;1.388114;-0.36679;0.6723;0.4644;0.5765;-0.068109;1.388114;-0.36679;-0.9629;-0.2446;-0.114;-0.464424;3.541331;-1.639157;-0.9629;-0.2446;-0.114;-0.021909;1.248788;-0.458073;-0.9629;-0.2446;-0.114;0.009483;-0.214291;0.311118;0.8443;-0.2226;-0.4875;1.5753;1.988223;2.017603;0.8443;-0.2226;-0.4875;0.219455;-0.214291;0.6748;0.8443;-0.2226;-0.4875;0.219455;-0.214291;0.6748;0.0;-0.5206;0.8538;1.5753;1.988223;2.017603;0.0;-0.5206;0.8538;-0.200489;-0.214291;0.6748;0.0;-0.5206;0.8538;-0.200489;-0.214291;0.6748;-0.6114;0.7082;-0.353;1.5753;1.988223;2.017603;-0.6114;0.7082;-0.353;0.009483;-0.214291;0.311118;-0.6114;0.7082;-0.353;-0.183905;-0.276163;-0.427057;-0.3215;-0.2034;-0.9248;1.969608;2.435707;-1.772068;-0.3215;-0.2034;-0.9248;0.137318;-0.336925;-0.52537;-0.3215;-0.2034;-0.9248;0.137318;-0.336925;-0.52537;0.8358;-0.37;0.4056;1.969608;2.435707;-1.772068;0.8358;-0.37;0.4056;0.076796;-0.160288;-0.239575;0.8358;-0.37;0.4056;0.076796;-0.160288;-0.239575;-0.6015;0.6831;0.4142;1.969608;2.435707;-1.772068;-0.6015;0.6831;0.4142;-0.183905;-0.276163;-0.427057;-0.6015;0.6831;0.4142;0.03279;-0.292214;-0.120379;0.8998;-0.1348;-0.415;0.054897;1.248165;-0.572711;0.8998;-0.1348;-0.415;0.145325;1.29933;-0.393248;0.8998;-0.1348;-0.415;0.205704;-0.205086;0.192727;-0.1702;0.3517;0.9205;0.145325;1.29933;-0.393248;-0.1702;0.3517;0.9205;-0.041346;1.209019;-0.393248;-0.1702;0.3517;0.9205;-0.041346;1.209019;-0.393248;-0.8613;-0.1317;-0.4907;0.054897;1.248165;-0.572711;-0.8613;-0.1317;-0.4907;0.03279;-0.292214;-0.120379;-0.8613;-0.1317;-0.4907
-1.472356;2.761474;-1.620117;2.190585;4.721717;1.667439;1;1
33;1
33;0.34490713;0.42932627;0.60842454;0.04
0.732152;4.714186;-1.620117;0.0866;0.9551;0.2834;0.210677;4.721717;-1.486141;0.0866;0.9551;0.2834;0.614397;4.587203;-1.156203;0.0866;0.9551;0.2834;0.614397;4.587203;-1.156203;-0.6422;-0.4979;0.5828;0.210677;4.721717;-1.486141;-0.6422;-0.4979;0.5828;0.513804;4.278889;-1.530409;-0.6422;-0.4979;0.5828;0.513804;4.278889;-1.530409;-0.2492;-0.074;-0.9656;0.210677;4.721717;-1.486141;-0.2492;-0.074;-0.9656;0.732152;4.714186;-1.620117;-0.2492;-0.074;-0.9656;0.732152;4.714186;-1.620117;0.8973;-0.4273;0.1108;0.614397;4.587203;-1.156203;0.8973;-0.4273;0.1108;0.513804;4.278889;-1.530409;0.8973;-0.4273;0.1108;1.794151;3.153508;-1.196364;-0.6037;0.4991;0.6216;1.846292;2.761474;-0.830943;-0.6037;0.4991;0.6216;2.164164;3.194357;-0.869823;-0.6037;0.4991;0.6216;2.164164;3.194357;-0.869823;0.7195;-0.4836;0.4984;1.846292;2.761474;-0.830943;0.7195;-0.4836;0.4984;2.190585;2.859085;-1.233281;0.7195;-0.4836;0.4984;2.190585;2.859085;-1.233281;0.4456;0.6739;-0.5893;1.794151;3.153508;-1.196364;0.4456;0.6739;-0.5893;2.164164;3.194357;-0.869823;0.4456;0.6739;-0.5893;-1.249663;4.066962;1.585164;-0.6412;0.1139;0.7588;-1.063712;4.565556;1.667439;-0.6412;0.1139;0.7588;-1.472356;4.436114;1.34156;-0.6412;0.1139;0.7588;-1.472356;4.436114;1.34156;0.1291;0.8554;-0.5016;-1.063712;4.565556;1.667439;0.1291;0.8554;-0.5016;-1.018887;4.289107;1.207538;0.1291;0.8554;-0.5016;-1.018887;4.289107;1.207538;0.8724;-0.3768;0.3115;-1.063712;4.565556;1.667439;0.8724;-0.3768;0.3115;-1.249663;4.066962;1.585164;0.8724;-0.3768;0.3115;-1.249663;4.066962;1.585164;-0.4016;-0.6607;-0.6341;-1.472356;4.436114;1.34156;-0.4016;-0.6607;-0.6341;-1.018887;4.289107;1.207538;-0.4016;-0.6607;-0.6341
-2.418186;1.389383;-3.109659;2.487956;4.961624;3.401174;1;1
69;1
69;0.34490713;0.42932627;0.60842454;0.04
0.344131;3.189258;1.700124;0.653;-0.7514;-0.0943;0.448979;3.343781;1.195077;0.653;-0.7514;-0.0943;0.710292;3.515861;1.633308;0.653;-0.7514;-0.0943;0.710292;3.515861;1.633308;0.3021;0.8122;-0.4991;0.448979;3.343781;1.195077;0.3021;0.8122;-0.4991;0.238995;3.657714;1.578868;0.3021;0.8122;-0.4991;0.238995;3.657714;1.578868;-0.9201;-0.2779;-0.276;0.448979;3.343781;1.195077;-0.9201;-0.2779;-0.276;0.344131;3.189258;1.700124;-0.9201;-0.2779;-0.276;0.344131;3.189258;1.700124;-0.0391;0.2422;0.9694;0.710292;3.515861;1.633308;-0.0391;0.2422;0.9694;0.238995;3.657714;1.578868;-0.0391;0.2422;0.9694;-2.070167;3.462871;-0.056547;-0.0257;-0.6368;-0.7706;-2.418186;3.785222;-0.31133;-0.0257;-0.6368;-0.7706;-1.881974;3.812852;-0.352019;-0.0257;-0.6368;-0.7706;-1.881974;3.812852;-0.352019;-0.0722;0.949;-0.3069;-2.418186;3.785222;-0.31133;-0.0722;0.949;-0.3069;-2.084105;3.937964;0.082373;-0.0722;0.949;-0.3069;-2.084105;3.937964;0.082373;-0.7003;-0.2192;0.6793;-2.418186;3.785222;-0.31133;-0.7003;-0.2192;0.6793;-2.070167;3.462871;-0.056547;-0.7003;-0.2192;0.6793;-2.070167;3.462871;-0.056547;0.89;-0.1037;0.444;-1.881974;3.812852;-0.352019;0.89;-0.1037;0.444;-2.084105;3.937964;0.082373;0.89;-0.1037;0.444;-1.253678;4.528848;-2.977293;-0.4127;-0.7952;-0.4442;-1.668331;4.552602;-2.634597;-0.4127;-0.7952;-0.4442;-1.642942;4.804819;-3.109659;-0.4127;-0.7952;-0.4442;-1.642942;4.804819;-3.109659;-0.6955;0.6493;0.3076;-1.668331;4.552602;-2.634597;-0.6955;0.6493;0.3076;-1.338413;4.961624;-2.752055;-0.6955;0.6493;0.3076;-1.338413;4.961624;-2.752055;0.6038;-0.2718;0.7494;-1.668331;4.552602;-2.634597;0.6038;-0.2718;0.7494;-1.253678;4.528848;-2.977293;0.6038;-0.2718;0.7494;-1.253678;4.528848;-2.977293;0.5625;0.4657;-0.6832;-1.642942;4.804819;-3.109659;0.5625;0.4657;-0.6832;-1.338413;4.961624;-2.752055;0.5625;0.4657;-0.6832;2.098691;1.665354;1.853718;-0.6955;0.6493;0.3076;2.073303;1.413136;2.32878;-0.6955;0.6493;0.3076;2.403221;1.822159;2.211322;-0.6955;0.6493;0.3076;2.403221;1.822159;2.211322;0.6038;-0.2718;0.7494;2.073303;1.413136;2.32878;0.6038;-0.2718;0.7494;2.487956;1.389383;1.986084;0.6038;-0.2718;0.7494;2.487956;1.389383;1.986084;0.5625;0.4657;-0.6832;2.098691;1.665354;1.853718;0.5625;0.4657;-0.6832;2.403221;1.822159;2.211322;0.5625;0.4657;-0.6832;1.470763;3.007801;-2.796263;-0.5155;-0.6199;-0.5915;1.12647;2.91019;-2.393924;-0.5155;-0.6199;-0.5915;1.074329;3.302224;-2.759346;-0.5155;-0.6199;-0.5915;1.074329;3.302224;-2.759346;-0.6037;0.4991;0.6216;1.12647;2.91019;-2.393924;-0.6037;0.4991;0.6216;1.444341;3.343073;-2.432805;-0.6037;0.4991;0.6216;1.444341;3.343073;-2.432805;0.7195;-0.4836;0.4984;1.12647;2.91019;-2.393924;0.7195;-0.4836;0.4984;1.470763;3.007801;-2.796263;0.7195;-0.4836;0.4984;1.470763;3.007801;-2.796263;0.4456;0.6739;-0.5893;1.074329;3.302224;-2.759346;0.4456;0.6739;-0.5893;1.444341;3.343073;-2.432805;0.4456;0.6739;-0.5893;0.479951;1.951377;3.091647;-0.5496;-0.2756;0.7886;0.749152;2.300183;3.401174;-0.5496;-0.2756;0.7886;0.299477;2.411179;3.126557;-0.5496;-0.2756;0.7886;0.299477;2.411179;3.126557;0.2216;0.9746;0.0311;0.749152;2.300183;3.401174;0.2216;0.9746;0.0311;0.711016;2.325947;2.864682;0.2216;0.9746;0.0311;0.711016;2.325947;2.864682;0.824;-0.5601;-0.0855;0.749152;2.300183;3.401174;0.824;-0.5601;-0.0855;0.479951;1.951377;3.091647;0.824;-0.5601;-0.0855;0.479951;1.951377;3.091647;-0.553;-0.1549;-0.8186;0.299477;2.411179;3.126557;-0.553;-0.1549;-0.8186;0.711016;2.325947;2.864682;-0.553;-0.1549;-0.8186
6
INFO;NameId;513;DescId;514;price;27000;dpPerMin;0;range;2;placeSound;thud
LIFE;averagePop;4.1;averageLife;29.0;popFactors;1;0.2;breedMat;14.5;breedTime;10.489421;parentId;3;count;390;reqs;1;LIFE;type;2;enviroType;0;classification;ai56;count;2;FADE_DEATH;0.5;enviroReqCount;2;reqId;1;minAltitude;0;maxAltitude;60;influence;0.8;reqId;2;barren;0;goodBiomes;4;0;1;8;7;ideal;100;influence;1
GROWTH;dynamic;0;growthTime;9.666667;modelStages;3;subStages;1
FRUITER;startModelIndex;3;stageCount;2;fruiterTime;15
FOOD;1;906;19;FRUIT
PERCH;1;1.3395;2.569;-1.58988
