0.5
acl
0;1
2
-0.388775;0.014056;-1.281272;0.424605;1.719219;1.538145;1
237;4
36;0.59451777;0.49313205;0.4628551
0.012441;1.135294;1.072713;0.9162;-0.3923;-0.082;0.113437;1.316224;1.335354;0.9162;-0.3923;-0.082;0.012441;1.053299;1.464946;0.9162;-0.3923;-0.082;0.012441;1.135294;1.072713;-0.6679;-0.7076;0.2306;-0.088555;1.316224;1.335354;-0.6679;-0.7076;0.2306;-0.238125;1.364642;1.050753;-0.6679;-0.7076;0.2306;0.012441;1.053299;1.464946;-0.9432;-0.2608;0.206;0.012441;1.111109;1.538145;-0.9432;-0.2608;0.206;-0.088555;1.316224;1.335354;-0.9432;-0.2608;0.206;-0.131028;0.88054;-0.666652;0.0;-0.5927;0.8054;0.123365;0.664073;-0.825946;0.0;-0.5927;0.8054;0.15591;0.88054;-0.666652;0.0;-0.5927;0.8054;0.012441;1.111109;1.538145;0.0;0.7031;0.7111;0.113437;1.316224;1.335354;0.0;0.7031;0.7111;-0.088555;1.316224;1.335354;0.0;0.7031;0.7111;-0.131028;0.88054;-0.666652;0.0;0.6527;-0.7576;0.012898;1.140584;-0.442612;0.0;0.6527;-0.7576;0.15591;0.88054;-0.666652;0.0;0.6527;-0.7576;0.012441;1.135294;1.072713;0.6679;-0.7076;0.2306;0.263007;1.364642;1.050753;0.6679;-0.7076;0.2306;0.113437;1.316224;1.335354;0.6679;-0.7076;0.2306;0.012441;1.135294;1.072713;-0.9162;-0.3923;-0.082;0.012441;1.053299;1.464946;-0.9162;-0.3923;-0.082;-0.088555;1.316224;1.335354;-0.9162;-0.3923;-0.082;0.012441;1.053299;1.464946;0.9432;-0.2608;0.206;0.113437;1.316224;1.335354;0.9432;-0.2608;0.206;0.012441;1.111109;1.538145;0.9432;-0.2608;0.206;-0.263262;0.015532;0.702306;-0.0;-0.9998;0.0223;-0.198968;0.014056;0.636117;-0.0;-0.9998;0.0223;-0.198725;0.016998;0.768073;-0.0;-0.9998;0.0223;-0.388775;0.053022;-0.630738;-0.1228;-0.9817;-0.1454;-0.319754;0.05346;-0.691998;-0.1228;-0.9817;-0.1454;-0.330343;0.03548;-0.561668;-0.1228;-0.9817;-0.1454;-0.131028;0.88054;-0.666652;0.0;-0.5927;0.8054;-0.098482;0.664073;-0.825946;0.0;-0.5927;0.8054;0.123365;0.664073;-0.825946;0.0;-0.5927;0.8054
6;1.0;0.71145564;0.83694386
-0.003317;1.478349;1.190907;-0.3138;-0.2867;0.9052;-0.212458;1.719219;1.194705;-0.3138;-0.2867;0.9052;-0.131259;1.405226;1.123386;-0.3138;-0.2867;0.9052;0.163036;1.411671;1.116175;0.3503;-0.3226;0.8793;0.222843;1.7093;1.201541;0.3503;-0.3226;0.8793;0.03571;1.478168;1.191287;0.3503;-0.3226;0.8793
117;-1;0;0
-0.238125;1.364642;1.050753;-0.5926;0.7683;0.2419;0.012441;1.478385;1.303379;-0.5926;0.7683;0.2419;0.012441;1.566047;1.024965;-0.5926;0.7683;0.2419;0.263007;1.364642;1.050753;0.5926;0.7683;0.2419;0.012441;1.566047;1.024965;0.5926;0.7683;0.2419;0.012441;1.478385;1.303379;0.5926;0.7683;0.2419;-0.270262;1.078389;0.853132;-0.629;0.7541;-0.1889;0.012441;1.108326;0.031435;-0.629;0.7541;-0.1889;-0.199809;0.829652;-0.374251;-0.629;0.7541;-0.1889;0.225606;0.829652;-0.374251;0.8206;0.5701;0.0396;0.012898;1.140584;-0.442612;0.8206;0.5701;0.0396;0.012441;1.108326;0.031435;0.8206;0.5701;0.0396;0.012441;1.566047;1.024965;-0.4968;0.5301;-0.6871;-0.270262;1.078389;0.853132;-0.4968;0.5301;-0.6871;-0.238125;1.364642;1.050753;-0.4968;0.5301;-0.6871;0.012441;1.108326;0.031435;0.6278;0.7551;-0.1889;0.295678;1.078388;0.853132;0.6278;0.7551;-0.1889;0.225606;0.829652;-0.374251;0.6278;0.7551;-0.1889;-0.199809;0.829652;-0.374251;-0.8313;0.5466;-0.1004;0.012898;1.140584;-0.442612;-0.8313;0.5466;-0.1004;-0.131028;0.88054;-0.666652;-0.8313;0.5466;-0.1004;0.263007;1.364642;1.050753;0.7085;0.5326;0.463;0.012441;1.478385;1.303379;0.7085;0.5326;0.463;0.113437;1.316224;1.335354;0.7085;0.5326;0.463;0.295678;1.078388;0.853132;0.4972;0.5307;-0.6865;0.012441;1.566047;1.024965;0.4972;0.5307;-0.6865;0.263007;1.364642;1.050753;0.4972;0.5307;-0.6865;0.15591;0.88054;-0.666652;0.6831;0.6546;-0.3237;0.012441;1.023983;-0.67935;0.6831;0.6546;-0.3237;0.012898;1.140584;-0.442612;0.6831;0.6546;-0.3237;-0.270262;1.078389;0.853132;-0.6331;0.7503;-0.1905;0.012441;1.281762;0.714661;-0.6331;0.7503;-0.1905;0.012441;1.108326;0.031435;-0.6331;0.7503;-0.1905;0.225606;0.829652;-0.374251;0.8314;0.5461;-0.1031;0.15591;0.88054;-0.666652;0.8314;0.5461;-0.1031;0.012898;1.140584;-0.442612;0.8314;0.5461;-0.1031;0.012441;1.281762;0.714661;0.6323;0.7509;-0.1906;0.295678;1.078388;0.853132;0.6323;0.7509;-0.1906;0.012441;1.108326;0.031435;0.6323;0.7509;-0.1906;-0.199809;0.829652;-0.374251;-0.8208;0.5699;0.038;0.012441;1.108326;0.031435;-0.8208;0.5699;0.038;0.012898;1.140584;-0.442612;-0.8208;0.5699;0.038;0.113437;1.316224;1.335354;0.0;0.1935;0.9811;0.012441;1.478385;1.303379;0.0;0.1935;0.9811;-0.088555;1.316224;1.335354;0.0;0.1935;0.9811;-0.238125;1.364642;1.050753;-0.7085;0.5326;0.463;-0.088555;1.316224;1.335354;-0.7085;0.5326;0.463;0.012441;1.478385;1.303379;-0.7085;0.5326;0.463;-0.131028;0.88054;-0.666652;-0.7155;0.3411;-0.6097;0.012441;0.760363;-0.902258;-0.7155;0.3411;-0.6097;-0.098482;0.664073;-0.825946;-0.7155;0.3411;-0.6097;-0.131028;0.88054;-0.666652;-0.6836;0.6553;-0.3214;0.012898;1.140584;-0.442612;-0.6836;0.6553;-0.3214;0.012441;1.023983;-0.67935;-0.6836;0.6553;-0.3214;0.15591;0.88054;-0.666652;0.5806;0.5257;-0.6217;0.012441;0.760363;-0.902258;0.5806;0.5257;-0.6217;0.012441;1.023983;-0.67935;0.5806;0.5257;-0.6217;0.299093;0.015532;0.702306;0.7071;0.1522;0.6905;0.10962;0.831988;0.716382;0.7071;0.1522;0.6905;0.234555;0.016998;0.768073;0.7071;0.1522;0.6905;0.110131;0.827077;0.420627;0.7162;-0.0741;-0.694;0.299093;0.015532;0.702306;0.7162;-0.0741;-0.694;0.234799;0.014056;0.636117;0.7162;-0.0741;-0.694;0.100719;0.854275;-0.512937;0.6221;0.3541;-0.6983;0.424605;0.053022;-0.630738;0.6221;0.3541;-0.6983;0.355584;0.05346;-0.691998;0.6221;0.3541;-0.6983;0.424605;0.053022;-0.630738;0.7604;0.0225;0.649;0.121658;0.710842;-0.298603;0.7604;0.0225;0.649;0.366173;0.03548;-0.561668;0.7604;0.0225;0.649;-0.263262;0.015532;0.702306;-0.6257;0.1318;0.7689;-0.073968;0.831988;0.716382;-0.6257;0.1318;0.7689;-0.219597;0.999418;0.569166;-0.6257;0.1318;0.7689;-0.263262;0.015532;0.702306;-0.7161;-0.0743;-0.694;-0.074478;0.827077;0.420627;-0.7161;-0.0743;-0.694;-0.198968;0.014056;0.636117;-0.7161;-0.0743;-0.694;-0.388775;0.053022;-0.630738;-0.6221;0.3538;-0.6984;-0.065345;0.854275;-0.512937;-0.6221;0.3538;-0.6984;-0.319754;0.05346;-0.691998;-0.6221;0.3538;-0.6984;-0.388775;0.053022;-0.630738;-0.6411;-0.09;0.7622;-0.086285;0.710842;-0.298603;-0.6411;-0.09;0.7622;-0.128695;0.831579;-0.320012;-0.6411;-0.09;0.7622;-0.270262;1.078389;0.853132;-0.6526;0.5587;-0.5118;0.012441;1.566047;1.024965;-0.6526;0.5587;-0.5118;0.012441;1.281762;0.714661;-0.6526;0.5587;-0.5118;0.012441;1.281762;0.714661;0.6519;0.5591;-0.5122;0.012441;1.566047;1.024965;0.6519;0.5591;-0.5122;0.295678;1.078388;0.853132;0.6519;0.5591;-0.5122;0.299093;0.015532;0.702306;0.6256;0.1319;0.7689;0.255249;0.999418;0.569166;0.6256;0.1319;0.7689;0.10962;0.831988;0.716382;0.6256;0.1319;0.7689;0.110131;0.827077;0.420627;0.7461;-0.0565;-0.6634;0.255249;0.999418;0.569166;0.7461;-0.0565;-0.6634;0.299093;0.015532;0.702306;0.7461;-0.0565;-0.6634;0.100719;0.854275;-0.512937;0.8859;0.3941;-0.2446;0.164068;0.831579;-0.320012;0.8859;0.3941;-0.2446;0.424605;0.053022;-0.630738;0.8859;0.3941;-0.2446;0.424605;0.053022;-0.630738;0.6408;-0.0899;0.7625;0.164068;0.831579;-0.320012;0.6408;-0.0899;0.7625;0.121658;0.710842;-0.298603;0.6408;-0.0899;0.7625;-0.263262;0.015532;0.702306;-0.7071;0.152;0.6905;-0.198725;0.016998;0.768073;-0.7071;0.152;0.6905;-0.073968;0.831988;0.716382;-0.7071;0.152;0.6905;-0.263262;0.015532;0.702306;-0.7462;-0.0566;-0.6633;-0.219597;0.999418;0.569166;-0.7462;-0.0566;-0.6633;-0.074478;0.827077;0.420627;-0.7462;-0.0566;-0.6633;-0.388775;0.053022;-0.630738;-0.8861;0.3936;-0.2447;-0.128695;0.831579;-0.320012;-0.8861;0.3936;-0.2447;-0.065345;0.854275;-0.512937;-0.8861;0.3936;-0.2447;-0.388775;0.053022;-0.630738;-0.7605;0.022;0.649;-0.330343;0.03548;-0.561668;-0.7605;0.022;0.649;-0.086285;0.710842;-0.298603;-0.7605;0.022;0.649;-0.131028;0.88054;-0.666652;-0.5806;0.5257;-0.6217;0.012441;1.023983;-0.67935;-0.5806;0.5257;-0.6217;0.012441;0.760363;-0.902258;-0.5806;0.5257;-0.6217;0.15591;0.88054;-0.666652;0.7155;0.3411;-0.6097;0.123365;0.664073;-0.825946;0.7155;0.3411;-0.6097;0.012441;0.760363;-0.902258;0.7155;0.3411;-0.6097
78;0.7478585;0.64266056;0.5843174
0.012441;0.514514;0.478496;0.8802;-0.4724;0.0455;0.225606;0.829652;-0.374251;0.8802;-0.4724;0.0455;0.295678;1.078388;0.853132;0.8802;-0.4724;0.0455;-0.199809;0.829652;-0.374251;-0.8807;-0.4715;0.045;0.012441;0.514514;0.478496;-0.8807;-0.4715;0.045;-0.270262;1.078389;0.853132;-0.8807;-0.4715;0.045;-0.131028;0.88054;-0.666652;0.0;-0.565;-0.8251;0.15591;0.88054;-0.666652;0.0;-0.565;-0.8251;0.012441;0.683632;-0.531816;0.0;-0.565;-0.8251;0.225606;0.829652;-0.374251;0.6747;-0.6831;-0.2797;0.012441;0.683632;-0.531816;0.6747;-0.6831;-0.2797;0.15591;0.88054;-0.666652;0.6747;-0.6831;-0.2797;-0.199809;0.829652;-0.374251;-0.6252;-0.7697;-0.1288;0.012441;0.683632;-0.531816;-0.6252;-0.7697;-0.1288;0.012441;0.514514;0.478496;-0.6252;-0.7697;-0.1288;-0.270262;1.078389;0.853132;-0.4855;-0.4591;0.744;0.012441;1.135294;1.072713;-0.4855;-0.4591;0.744;-0.238125;1.364642;1.050753;-0.4855;-0.4591;0.744;0.295678;1.078388;0.853132;0.3881;-0.6373;0.6658;0.012441;1.135294;1.072713;0.3881;-0.6373;0.6658;0.012441;0.514514;0.478496;0.3881;-0.6373;0.6658;-0.098482;0.664073;-0.825946;-0.7421;0.5137;-0.4306;0.012441;0.760363;-0.902258;-0.7421;0.5137;-0.4306;0.012441;0.442652;-1.281272;-0.7421;0.5137;-0.4306;0.123365;0.664073;-0.825946;0.0;-0.8993;0.4373;-0.098482;0.664073;-0.825946;0.0;-0.8993;0.4373;0.012441;0.442652;-1.281272;0.0;-0.8993;0.4373;0.225606;0.829652;-0.374251;0.6236;-0.771;-0.1291;0.012441;0.514514;0.478496;0.6236;-0.771;-0.1291;0.012441;0.683632;-0.531816;0.6236;-0.771;-0.1291;-0.199809;0.829652;-0.374251;-0.6759;-0.6827;-0.2778;-0.131028;0.88054;-0.666652;-0.6759;-0.6827;-0.2778;0.012441;0.683632;-0.531816;-0.6759;-0.6827;-0.2778;-0.270262;1.078389;0.853132;-0.3887;-0.6371;0.6656;0.012441;0.514514;0.478496;-0.3887;-0.6371;0.6656;0.012441;1.135294;1.072713;-0.3887;-0.6371;0.6656;0.295678;1.078388;0.853132;0.4851;-0.4587;0.7445;0.263007;1.364642;1.050753;0.4851;-0.4587;0.7445;0.012441;1.135294;1.072713;0.4851;-0.4587;0.7445;0.012441;0.760363;-0.902258;0.7421;0.5137;-0.4306;0.123365;0.664073;-0.825946;0.7421;0.5137;-0.4306;0.012441;0.442652;-1.281272;0.7421;0.5137;-0.4306;-0.131259;1.405226;1.123386;-0.5821;0.034;-0.8124;-0.212458;1.719219;1.194705;-0.5821;0.034;-0.8124;-0.038877;1.458026;1.059412;-0.5821;0.034;-0.8124;-0.038877;1.458026;1.059412;0.7199;0.6297;-0.292;-0.212458;1.719219;1.194705;0.7199;0.6297;-0.292;-0.003317;1.478349;1.190907;0.7199;0.6297;-0.292;0.03571;1.478168;1.191287;-0.7499;0.6176;-0.2371;0.222843;1.7093;1.201541;-0.7499;0.6176;-0.2371;0.032346;1.430153;1.076839;-0.7499;0.6176;-0.2371;0.032346;1.430153;1.076839;0.3085;0.2045;-0.929;0.222843;1.7093;1.201541;0.3085;0.2045;-0.929;0.163036;1.411671;1.116175;0.3085;0.2045;-0.929;0.10962;0.831988;0.716382;-0.9885;-0.1514;0.0016;0.234799;0.014056;0.636117;-0.9885;-0.1514;0.0016;0.234555;0.016998;0.768073;-0.9885;-0.1514;0.0016;0.121658;0.710842;-0.298603;-0.9364;-0.3499;0.0278;0.355584;0.05346;-0.691998;-0.9364;-0.3499;0.0278;0.366173;0.03548;-0.561668;-0.9364;-0.3499;0.0278;-0.198968;0.014056;0.636117;0.9885;-0.1512;0.0015;-0.073968;0.831988;0.716382;0.9885;-0.1512;0.0015;-0.198725;0.016998;0.768073;0.9885;-0.1512;0.0015;-0.319754;0.05346;-0.691998;0.9366;-0.3493;0.0279;-0.086285;0.710842;-0.298603;0.9366;-0.3493;0.0279;-0.330343;0.03548;-0.561668;0.9366;-0.3493;0.0279;0.10962;0.831988;0.716382;-0.9885;-0.1514;8.0E-4;0.110131;0.827077;0.420627;-0.9885;-0.1514;8.0E-4;0.234799;0.014056;0.636117;-0.9885;-0.1514;8.0E-4;0.121658;0.710842;-0.298603;-0.9545;-0.2824;-0.0957;0.100719;0.854275;-0.512937;-0.9545;-0.2824;-0.0957;0.355584;0.05346;-0.691998;-0.9545;-0.2824;-0.0957;-0.198968;0.014056;0.636117;0.9885;-0.1511;8.0E-4;-0.074478;0.827077;0.420627;0.9885;-0.1511;8.0E-4;-0.073968;0.831988;0.716382;0.9885;-0.1511;8.0E-4;-0.319754;0.05346;-0.691998;0.9547;-0.282;-0.0954;-0.065345;0.854275;-0.512937;0.9547;-0.282;-0.0954;-0.086285;0.710842;-0.298603;0.9547;-0.282;-0.0954
-0.940498;0.048517;-4.668533;1.02406;5.45567;5.131074;3
498;5
168;-1;0;0
0.002919;4.112781;3.545587;0.7107;-0.6809;-0.1769;0.673188;4.771809;3.701602;0.7107;-0.6809;-0.1769;0.002919;4.052085;3.779212;0.7107;-0.6809;-0.1769;0.002919;4.112781;3.545587;-0.6087;-0.7052;0.3637;-0.66735;4.771809;3.701602;-0.6087;-0.7052;0.3637;-0.659419;4.595179;3.372392;-0.6087;-0.7052;0.3637;0.002918;5.094018;3.257309;-0.5766;0.7488;-0.3269;-0.66735;4.771809;3.701602;-0.5766;0.7488;-0.3269;0.012264;5.302414;3.718138;-0.5766;0.7488;-0.3269;0.002918;5.094018;3.257309;0.5961;0.7014;-0.3907;0.673188;4.771809;3.701602;0.5961;0.7014;-0.3907;0.665256;4.59518;3.372392;0.5961;0.7014;-0.3907;0.485038;3.290663;-0.847974;0.6975;0.7157;-0.0358;0.002917;3.819289;0.327517;0.6975;0.7157;-0.0358;0.830683;3.071988;1.518248;0.6975;0.7157;-0.0358;0.002917;3.819289;0.327517;-0.6975;0.7157;-0.0358;-0.479206;3.290663;-0.847973;-0.6975;0.7157;-0.0358;-0.824848;3.071987;1.518249;-0.6975;0.7157;-0.0358;0.002917;3.819289;0.327517;-0.8138;0.5331;-0.2312;-0.824848;3.071987;1.518249;-0.8138;0.5331;-0.2312;-0.817371;3.470383;2.410654;-0.8138;0.5331;-0.2312;0.830683;3.071988;1.518248;0.6771;0.6741;-0.2952;-0.016061;4.192447;2.134399;0.6771;0.6741;-0.2952;0.823208;3.470383;2.410653;0.6771;0.6741;-0.2952;0.002917;3.819289;0.327517;0.7986;0.5991;0.0581;0.485038;3.290663;-0.847974;0.7986;0.5991;0.0581;0.002916;3.950045;-1.020618;0.7986;0.5991;0.0581;-0.479206;3.290663;-0.847973;-0.7986;0.5991;0.0581;0.002917;3.819289;0.327517;-0.7986;0.5991;0.0581;0.002916;3.950045;-1.020618;-0.7986;0.5991;0.0581;0.002917;3.819289;0.327517;0.7575;0.6409;-0.1244;-0.016061;4.192447;2.134399;0.7575;0.6409;-0.1244;0.830683;3.071988;1.518248;0.7575;0.6409;-0.1244;-0.016061;4.192447;2.134399;-0.6902;0.7072;-0.1533;0.002917;3.819289;0.327517;-0.6902;0.7072;-0.1533;-0.817371;3.470383;2.410654;-0.6902;0.7072;-0.1533;0.002918;5.094018;3.257309;-0.6779;0.5788;-0.4533;-0.016061;4.192447;2.134399;-0.6779;0.5788;-0.4533;-0.817371;3.470383;2.410654;-0.6779;0.5788;-0.4533;-0.016061;4.192447;2.134399;0.6579;0.5818;-0.4782;0.002918;5.094018;3.257309;0.6579;0.5818;-0.4782;0.823208;3.470383;2.410653;0.6579;0.5818;-0.4782;0.485038;3.290663;-0.847974;0.7961;0.4886;-0.357;0.228913;3.069731;-1.721642;0.7961;0.4886;-0.357;0.002916;3.950045;-1.020618;0.7961;0.4886;-0.357;-0.223082;3.069731;-1.721642;-0.7961;0.4886;-0.357;-0.479206;3.290663;-0.847973;-0.7961;0.4886;-0.357;0.002916;3.950045;-1.020618;-0.7961;0.4886;-0.357;0.823208;3.470383;2.410653;0.5462;0.5874;-0.5973;0.002918;5.094018;3.257309;0.5462;0.5874;-0.5973;0.665256;4.59518;3.372392;0.5462;0.5874;-0.5973;0.002918;5.094018;3.257309;-0.5462;0.5874;-0.5973;-0.817371;3.470383;2.410654;-0.5462;0.5874;-0.5973;-0.659419;4.595179;3.372392;-0.5462;0.5874;-0.5973;0.012264;5.302414;3.718138;-0.5883;0.7436;0.3177;-0.66735;4.771809;3.701602;-0.5883;0.7436;0.3177;0.002919;5.045422;4.302331;-0.5883;0.7436;0.3177;0.673188;4.771809;3.701602;0.5957;0.7317;0.3314;0.012264;5.302414;3.718138;0.5957;0.7317;0.3314;0.002919;5.045422;4.302331;0.5957;0.7317;0.3314;0.002919;4.052085;3.779212;0.7334;-0.6786;0.0404;0.673188;4.771809;3.701602;0.7334;-0.6786;0.0404;0.308457;4.424257;4.485294;0.7334;-0.6786;0.0404;-0.66735;4.771809;3.701602;-0.7334;-0.6786;0.0404;0.002919;4.052085;3.779212;-0.7334;-0.6786;0.0404;-0.302617;4.424257;4.485294;-0.7334;-0.6786;0.0404;-0.302617;4.424257;4.485294;-0.7628;-0.6237;-0.1707;0.002919;4.134108;4.179982;-0.7628;-0.6237;-0.1707;0.00292;3.917893;4.969928;-0.7628;-0.6237;-0.1707;0.002919;4.134108;4.179982;0.7628;-0.6237;-0.1707;0.308457;4.424257;4.485294;0.7628;-0.6237;-0.1707;0.00292;3.917893;4.969928;0.7628;-0.6237;-0.1707;-0.659419;4.595179;3.372392;-0.5415;-0.5011;0.675;-0.817371;3.470383;2.410654;-0.5415;-0.5011;0.675;0.002919;4.112781;3.545587;-0.5415;-0.5011;0.675;0.823208;3.470383;2.410653;0.5415;-0.5011;0.675;0.665256;4.59518;3.372392;0.5415;-0.5011;0.675;0.002919;4.112781;3.545587;0.5415;-0.5011;0.675;-0.66735;4.771809;3.701602;-0.6833;0.4944;0.5373;-0.302617;4.424257;4.485294;-0.6833;0.4944;0.5373;0.002919;5.045422;4.302331;-0.6833;0.4944;0.5373;0.308457;4.424257;4.485294;0.6833;0.4944;0.5373;0.673188;4.771809;3.701602;0.6833;0.4944;0.5373;0.002919;5.045422;4.302331;0.6833;0.4944;0.5373;0.002919;4.134108;4.179982;0.5896;-0.7913;0.1619;0.002919;4.052085;3.779212;0.5896;-0.7913;0.1619;0.308457;4.424257;4.485294;0.5896;-0.7913;0.1619;0.002919;4.052085;3.779212;-0.5896;-0.7913;0.1619;0.002919;4.134108;4.179982;-0.5896;-0.7913;0.1619;-0.302617;4.424257;4.485294;-0.5896;-0.7913;0.1619;-0.166579;4.114815;5.131074;-0.7976;-0.5919;-0.1156;-0.302617;4.424257;4.485294;-0.7976;-0.5919;-0.1156;0.00292;3.917893;4.969928;-0.7976;-0.5919;-0.1156;0.308457;4.424257;4.485294;0.7976;-0.5919;-0.1156;0.17242;4.114815;5.131074;0.7976;-0.5919;-0.1156;0.00292;3.917893;4.969928;0.7976;-0.5919;-0.1156;0.002916;3.950045;-1.020618;0.9432;0.3181;-0.0954;0.228913;3.069731;-1.721642;0.9432;0.3181;-0.0954;0.026795;3.630442;-1.850308;0.9432;0.3181;-0.0954;-0.223082;3.069731;-1.721642;-0.9142;0.3688;-0.1684;0.002916;3.950045;-1.020618;-0.9142;0.3688;-0.1684;0.026795;3.630442;-1.850308;-0.9142;0.3688;-0.1684;-0.223082;3.069731;-1.721642;-0.9036;0.3441;-0.2552;0.026795;3.630442;-1.850308;-0.9036;0.3441;-0.2552;0.008261;3.136664;-2.450518;-0.9036;0.3441;-0.2552;0.026795;3.630442;-1.850308;0.9268;0.2755;-0.2553;0.228913;3.069731;-1.721642;0.9268;0.2755;-0.2553;0.008261;3.136664;-2.450518;0.9268;0.2755;-0.2553;-0.254791;2.938764;-2.256231;-0.7156;0.5997;-0.3581;0.008261;3.136664;-2.450518;-0.7156;0.5997;-0.3581;0.016505;2.603401;-3.360137;-0.7156;0.5997;-0.3581;0.008261;3.136664;-2.450518;0.9678;0.221;-0.1208;0.194567;2.44232;-2.228277;0.9678;0.221;-0.1208;0.016505;2.603401;-3.360137;0.9678;0.221;-0.1208;-0.159236;2.346138;-3.061234;-0.8343;0.5511;-0.0161;0.016505;2.603401;-3.360137;-0.8343;0.5511;-0.0161;-0.13359;2.361066;-3.876694;-0.8343;0.5511;-0.0161;0.016505;2.603401;-3.360137;0.9133;0.3967;-0.0919;0.275035;2.045525;-3.198699;0.9133;0.3967;-0.0919;0.21827;2.042101;-3.777798;0.9133;0.3967;-0.0919;-0.254791;2.938764;-2.256231;-0.6598;0.738;-0.1417;-0.223082;3.069731;-1.721642;-0.6598;0.738;-0.1417;0.008261;3.136664;-2.450518;-0.6598;0.738;-0.1417;0.228913;3.069731;-1.721642;0.9478;0.1674;-0.2715;0.194567;2.44232;-2.228277;0.9478;0.1674;-0.2715;0.008261;3.136664;-2.450518;0.9478;0.1674;-0.2715;-0.159236;2.346138;-3.061234;-0.9134;0.2684;-0.306;-0.254791;2.938764;-2.256231;-0.9134;0.2684;-0.306;0.016505;2.603401;-3.360137;-0.9134;0.2684;-0.306;0.194567;2.44232;-2.228277;0.9132;0.398;-0.087;0.275035;2.045525;-3.198699;0.9132;0.398;-0.087;0.016505;2.603401;-3.360137;0.9132;0.398;-0.087;-0.254791;2.938764;-2.256231;-0.7316;-0.6508;0.2028;0.194567;2.44232;-2.228277;-0.7316;-0.6508;0.2028;-0.223082;3.069731;-1.721642;-0.7316;-0.6508;0.2028;-0.159236;2.346138;-3.061234;-0.4776;-0.8264;0.2983;0.275035;2.045525;-3.198699;-0.4776;-0.8264;0.2983;0.194567;2.44232;-2.228277;-0.4776;-0.8264;0.2983;-0.13359;2.361066;-3.876694;-0.6808;-0.729;0.071;0.21827;2.042101;-3.777798;-0.6808;-0.729;0.071;0.275035;2.045525;-3.198699;-0.6808;-0.729;0.071;-0.254791;2.938764;-2.256231;-0.6996;-0.6125;0.3679;-0.159236;2.346138;-3.061234;-0.6996;-0.6125;0.3679;0.194567;2.44232;-2.228277;-0.6996;-0.6125;0.3679;-0.159236;2.346138;-3.061234;-0.5759;-0.8168;-0.0331;-0.13359;2.361066;-3.876694;-0.5759;-0.8168;-0.0331;0.275035;2.045525;-3.198699;-0.5759;-0.8168;-0.0331;0.194567;2.44232;-2.228277;0.0;-0.6282;0.778;0.228913;3.069731;-1.721642;0.0;-0.6282;0.778;-0.223082;3.069731;-1.721642;0.0;-0.6282;0.778;-0.106089;5.142885;3.601874;0.7267;-0.6861;-0.0346;-0.354302;4.880856;3.584409;0.7267;-0.6861;-0.0346;-0.220091;5.032779;3.390726;0.7267;-0.6861;-0.0346;0.371499;4.858088;3.565071;-0.7274;-0.6862;0.0056;0.141083;5.102775;3.615373;-0.7274;-0.6862;0.0056;0.215462;5.022067;3.389116;-0.7274;-0.6862;0.0056;0.002919;4.112781;3.545587;0.6087;-0.7052;0.3637;0.665256;4.59518;3.372392;0.6087;-0.7052;0.3637;0.673188;4.771809;3.701602;0.6087;-0.7052;0.3637;0.002919;4.112781;3.545587;-0.7107;-0.6809;-0.1769;0.002919;4.052085;3.779212;-0.7107;-0.6809;-0.1769;-0.66735;4.771809;3.701602;-0.7107;-0.6809;-0.1769;0.002918;5.094018;3.257309;-0.5961;0.7014;-0.3907;-0.659419;4.595179;3.372392;-0.5961;0.7014;-0.3907;-0.66735;4.771809;3.701602;-0.5961;0.7014;-0.3907;0.002918;5.094018;3.257309;0.5824;0.7362;-0.3447;0.012264;5.302414;3.718138;0.5824;0.7362;-0.3447;0.673188;4.771809;3.701602;0.5824;0.7362;-0.3447
108;0.59451777;0.49313205;0.4628551
-0.733909;0.213497;-2.267999;-0.4566;-0.8884;-0.047;-0.5071;0.102748;-2.37808;-0.4566;-0.8884;-0.047;-0.513663;0.048517;-1.288249;-0.4566;-0.8884;-0.047;-0.740472;0.159265;-1.178167;-0.4566;-0.8884;-0.047;-0.733909;0.213497;-2.267999;-0.4566;-0.8884;-0.047;-0.513663;0.048517;-1.288249;-0.4566;-0.8884;-0.047;0.736571;0.216447;-2.268;0.4669;-0.8831;-0.047;0.51826;0.048916;-1.288249;0.4669;-0.8831;-0.047;0.511065;0.103067;-2.378081;0.4669;-0.8831;-0.047;0.743766;0.162295;-1.178168;0.4669;-0.8831;-0.047;0.51826;0.048916;-1.288249;0.4669;-0.8831;-0.047;0.736571;0.216447;-2.268;0.4669;-0.8831;-0.047;-0.897018;0.129897;3.048153;-0.084;-0.985;0.1508;-0.77106;0.091017;2.864331;-0.084;-0.985;0.1508;-0.766733;0.139428;3.183016;-0.084;-0.985;0.1508;-0.897018;0.129897;3.048153;-0.3507;-0.9355;-0.0424;-0.940498;0.16941;2.536561;-0.3507;-0.9355;-0.0424;-0.77106;0.091017;2.864331;-0.3507;-0.9355;-0.0424;0.980581;0.108104;2.871538;0.084;-0.9907;0.1068;0.850295;0.111633;3.006691;0.084;-0.9907;0.1068;0.854622;0.077431;2.68617;0.084;-0.9907;0.1068;0.980581;0.108104;2.871538;0.3507;-0.9327;-0.084;0.854622;0.077431;2.68617;0.3507;-0.9327;-0.084;1.02406;0.170311;2.362207;0.3507;-0.9327;-0.084;-0.378994;1.161244;-2.3948;0.9964;-0.085;0.0062;-0.223211;3.042827;-1.642638;0.9964;-0.085;0.0062;-0.384675;1.114304;-2.123525;0.9964;-0.085;0.0062;-0.378994;1.161244;-2.3948;0.9928;-0.1201;0.0;-0.384675;1.114304;-2.123525;0.9928;-0.1201;0.0;-0.473761;0.37822;-2.12429;0.9928;-0.1201;0.0;-0.223211;3.042827;-1.642638;0.9964;-0.0727;-0.0429;-0.203827;2.513198;-0.294702;0.9964;-0.0727;-0.0429;-0.384675;1.114304;-2.123525;0.9964;-0.0727;-0.0429;-0.5071;0.102748;-2.37808;0.9928;-0.1201;0.0;-0.378994;1.161244;-2.3948;0.9928;-0.1201;0.0;-0.473761;0.37822;-2.12429;0.9928;-0.1201;0.0;0.370657;1.160001;-2.3948;-0.9953;-0.0965;0.0062;0.376884;1.113131;-2.123525;-0.9953;-0.0965;0.0062;0.193002;3.039645;-1.642639;-0.9953;-0.0965;0.0062;0.370657;1.160001;-2.3948;-0.9913;-0.1317;0.0;0.474525;0.378133;-2.12429;-0.9913;-0.1317;0.0;0.376884;1.113131;-2.123525;-0.9913;-0.1317;0.0;0.193002;3.039645;-1.642639;-0.9955;-0.0843;-0.0429;0.376884;1.113131;-2.123525;-0.9955;-0.0843;-0.0429;0.17978;2.509827;-0.294703;-0.9955;-0.0843;-0.0429;0.511065;0.103067;-2.378081;-0.9913;-0.1317;0.0;0.474525;0.378133;-2.12429;-0.9913;-0.1317;0.0;0.370657;1.160001;-2.3948;-0.9913;-0.1317;0.0;-0.750401;1.171834;2.088003;0.992;0.0217;-0.1242;-0.828548;3.086218;1.798347;0.992;0.0217;-0.1242;-0.716584;1.233643;2.368964;0.992;0.0217;-0.1242;-0.750401;1.171834;2.088003;0.989;-0.1145;-0.0938;-0.716584;1.233643;2.368964;0.989;-0.1145;-0.0938;-0.807751;0.234584;2.627247;0.989;-0.1145;-0.0938;-0.828548;3.086218;1.798347;0.9609;-0.0268;-0.2757;-0.553868;3.128265;2.751704;0.9609;-0.0268;-0.2757;-0.716584;1.233643;2.368964;0.9609;-0.0268;-0.2757;-0.84559;0.077141;2.424435;0.9888;-0.1152;-0.0951;-0.750401;1.171834;2.088003;0.9888;-0.1152;-0.0951;-0.807751;0.234584;2.627247;0.9888;-0.1152;-0.0951;0.833963;1.191677;1.958636;-0.9931;-0.0284;-0.1136;0.800145;1.240941;2.242067;-0.9931;-0.0284;-0.1136;0.802324;3.117042;1.754335;-0.9931;-0.0284;-0.1136;0.833963;1.191677;1.958636;-0.989;-0.1102;-0.0988;0.891313;0.231391;2.4557;-0.989;-0.1102;-0.0988;0.800145;1.240941;2.242067;-0.989;-0.1102;-0.0988;0.802324;3.117042;1.754335;-0.9845;-0.0431;-0.1701;0.800145;1.240941;2.242067;-0.9845;-0.0431;-0.1701;0.63743;3.116684;2.708619;-0.9845;-0.0431;-0.1701;0.929152;0.083116;2.246092;-0.9888;-0.1109;-0.1001;0.891313;0.231391;2.4557;-0.9888;-0.1109;-0.1001;0.833963;1.191677;1.958636;-0.9888;-0.1109;-0.1001;0.215462;5.022067;3.389116;0.7011;-0.0917;-0.7072;0.546136;5.45567;3.660749;0.7011;-0.0917;-0.7072;0.371499;4.858088;3.565071;0.7011;-0.0917;-0.7072;-0.354302;4.880856;3.584409;-0.782;-0.0945;-0.616;-0.46843;5.450655;3.64191;-0.782;-0.0945;-0.616;-0.220091;5.032779;3.390726;-0.782;-0.0945;-0.616;0.141083;5.102775;3.615373;-0.5631;0.7023;-0.4356;0.546136;5.45567;3.660749;-0.5631;0.7023;-0.4356;0.215462;5.022067;3.389116;-0.5631;0.7023;-0.4356;-0.220091;5.032779;3.390726;0.4809;0.6437;-0.5953;-0.46843;5.450655;3.64191;0.4809;0.6437;-0.5953;-0.106089;5.142885;3.601874;0.4809;0.6437;-0.5953;0.002919;5.045422;4.302331;-0.3855;0.4301;0.8163;-0.302617;4.424257;4.485294;-0.3855;0.4301;0.8163;0.00292;4.660339;4.505215;-0.3855;0.4301;0.8163;0.308457;4.424257;4.485294;0.3855;0.4301;0.8163;0.002919;5.045422;4.302331;0.3855;0.4301;0.8163;0.00292;4.660339;4.505215;0.3855;0.4301;0.8163;0.00292;4.660339;4.505215;0.0;0.7538;0.6571;-0.166579;4.114815;5.131074;0.0;0.7538;0.6571;0.17242;4.114815;5.131074;0.0;0.7538;0.6571;-0.302617;4.424257;4.485294;-0.5641;0.692;0.4504;-0.166579;4.114815;5.131074;-0.5641;0.692;0.4504;0.00292;4.660339;4.505215;-0.5641;0.692;0.4504;0.17242;4.114815;5.131074;0.5641;0.692;0.4504;0.308457;4.424257;4.485294;0.5641;0.692;0.4504;0.00292;4.660339;4.505215;0.5641;0.692;0.4504;0.016505;2.603401;-3.360137;-0.7889;0.6119;-0.0578;0.179298;2.689624;-4.668533;-0.7889;0.6119;-0.0578;-0.13359;2.361066;-3.876694;-0.7889;0.6119;-0.0578;0.179298;2.689624;-4.668533;0.9602;0.2443;0.1356;0.016505;2.603401;-3.360137;0.9602;0.2443;0.1356;0.21827;2.042101;-3.777798;0.9602;0.2443;0.1356;-0.13359;2.361066;-3.876694;-0.504;-0.7089;-0.4933;0.179298;2.689624;-4.668533;-0.504;-0.7089;-0.4933;0.21827;2.042101;-3.777798;-0.504;-0.7089;-0.4933
45;0.7478585;0.64266056;0.5843174
-0.479206;3.290663;-0.847973;-0.7801;-0.6022;-0.1696;0.002917;2.329183;0.348504;-0.7801;-0.6022;-0.1696;-0.824848;3.071987;1.518249;-0.7801;-0.6022;-0.1696;0.002917;2.329183;0.348504;0.7801;-0.6022;-0.1696;0.485038;3.290663;-0.847974;0.7801;-0.6022;-0.1696;0.830683;3.071988;1.518248;0.7801;-0.6022;-0.1696;-0.824848;3.071987;1.518249;-0.744;-0.5873;0.3186;0.002918;2.016151;1.50492;-0.744;-0.5873;0.3186;0.002919;2.733574;2.827616;-0.744;-0.5873;0.3186;0.002918;2.016151;1.50492;0.744;-0.5873;0.3186;0.830683;3.071988;1.518248;0.744;-0.5873;0.3186;0.002919;2.733574;2.827616;0.744;-0.5873;0.3186;0.002917;2.329183;0.348504;-0.8327;-0.5442;-0.1018;-0.479206;3.290663;-0.847973;-0.8327;-0.5442;-0.1018;0.002916;2.667343;-1.45953;-0.8327;-0.5442;-0.1018;0.485038;3.290663;-0.847974;0.8327;-0.5442;-0.1018;0.002917;2.329183;0.348504;0.8327;-0.5442;-0.1018;0.002916;2.667343;-1.45953;0.8327;-0.5442;-0.1018;0.002917;2.329183;0.348504;-0.7773;-0.6073;-0.1644;0.002918;2.016151;1.50492;-0.7773;-0.6073;-0.1644;-0.824848;3.071987;1.518249;-0.7773;-0.6073;-0.1644;0.002918;2.016151;1.50492;0.7773;-0.6073;-0.1644;0.002917;2.329183;0.348504;0.7773;-0.6073;-0.1644;0.830683;3.071988;1.518248;0.7773;-0.6073;-0.1644;-0.817371;3.470383;2.410654;-0.7169;-0.6344;0.2892;-0.824848;3.071987;1.518249;-0.7169;-0.6344;0.2892;0.002919;2.733574;2.827616;-0.7169;-0.6344;0.2892;0.830683;3.071988;1.518248;0.7169;-0.6344;0.2892;0.823208;3.470383;2.410653;0.7169;-0.6344;0.2892;0.002919;2.733574;2.827616;0.7169;-0.6344;0.2892;-0.479206;3.290663;-0.847973;-0.835;-0.5395;-0.1083;-0.223082;3.069731;-1.721642;-0.835;-0.5395;-0.1083;0.002916;2.667343;-1.45953;-0.835;-0.5395;-0.1083;0.228913;3.069731;-1.721642;0.835;-0.5395;-0.1083;0.485038;3.290663;-0.847974;0.835;-0.5395;-0.1083;0.002916;2.667343;-1.45953;0.835;-0.5395;-0.1083;-0.817371;3.470383;2.410654;-0.6545;-0.3491;0.6706;0.002919;2.733574;2.827616;-0.6545;-0.3491;0.6706;0.002919;4.112781;3.545587;-0.6545;-0.3491;0.6706;0.002919;2.733574;2.827616;0.6545;-0.3491;0.6706;0.823208;3.470383;2.410653;0.6545;-0.3491;0.6706;0.002919;4.112781;3.545587;0.6545;-0.3491;0.6706;0.228913;3.069731;-1.721642;0.0;-0.5458;-0.8379;0.002916;2.667343;-1.45953;0.0;-0.5458;-0.8379;-0.223082;3.069731;-1.721642;0.0;-0.5458;-0.8379
168;-1;0;0
-0.598379;1.333339;-2.212459;-0.7685;0.3477;-0.5371;-0.640791;3.524722;-0.733278;-0.7685;0.3477;-0.5371;-0.223211;3.042827;-1.642638;-0.7685;0.3477;-0.5371;-0.223211;3.042827;-1.642638;0.8776;0.4504;0.1643;-0.640791;3.524722;-0.733278;0.8776;0.4504;0.1643;-0.203827;2.513198;-0.294702;0.8776;0.4504;0.1643;-0.384675;1.114304;-2.123525;-0.7207;-0.5144;0.4648;-0.203827;2.513198;-0.294702;-0.7207;-0.5144;0.4648;-0.598379;1.333339;-2.212459;-0.7207;-0.5144;0.4648;-0.598379;1.333339;-2.212459;-0.5826;0.1104;-0.8052;-0.378994;1.161244;-2.3948;-0.5826;0.1104;-0.8052;-0.733909;0.213497;-2.267999;-0.5826;0.1104;-0.8052;-0.473761;0.37822;-2.12429;-0.5902;0.7909;0.1619;-0.733909;0.213497;-2.267999;-0.5902;0.7909;0.1619;-0.480324;0.246606;-1.505243;-0.5902;0.7909;0.1619;-0.384675;1.114304;-2.123525;-0.3477;0.0411;0.9367;-0.598379;1.333339;-2.212459;-0.3477;0.0411;0.9367;-0.473761;0.37822;-2.12429;-0.3477;0.0411;0.9367;-0.740472;0.159265;-1.178167;0.5668;0.5632;0.6012;-0.513663;0.048517;-1.288249;0.5668;0.5632;0.6012;-0.480324;0.246606;-1.505243;0.5668;0.5632;0.6012;-0.513663;0.048517;-1.288249;0.9857;-0.1686;-0.0025;-0.5071;0.102748;-2.37808;0.9857;-0.1686;-0.0025;-0.480324;0.246606;-1.505243;0.9857;-0.1686;-0.0025;-0.378994;1.161244;-2.3948;-0.4064;0.368;-0.8363;-0.598379;1.333339;-2.212459;-0.4064;0.368;-0.8363;-0.223211;3.042827;-1.642638;-0.4064;0.368;-0.8363;-0.203827;2.513198;-0.294702;-0.9084;-0.2458;0.3381;-0.640791;3.524722;-0.733278;-0.9084;-0.2458;0.3381;-0.598379;1.333339;-2.212459;-0.9084;-0.2458;0.3381;-0.378994;1.161244;-2.3948;-0.4218;0.0367;-0.906;-0.5071;0.102748;-2.37808;-0.4218;0.0367;-0.906;-0.733909;0.213497;-2.267999;-0.4218;0.0367;-0.906;-0.733909;0.213497;-2.267999;-0.2651;0.9631;0.0463;-0.740472;0.159265;-1.178167;-0.2651;0.9631;0.0463;-0.480324;0.246606;-1.505243;-0.2651;0.9631;0.0463;-0.598379;1.333339;-2.212459;-0.4914;0.0163;0.8708;-0.733909;0.213497;-2.267999;-0.4914;0.0163;0.8708;-0.473761;0.37822;-2.12429;-0.4914;0.0163;0.8708;-0.5071;0.102748;-2.37808;0.994;-0.1087;-0.0126;-0.473761;0.37822;-2.12429;0.994;-0.1087;-0.0126;-0.480324;0.246606;-1.505243;0.994;-0.1087;-0.0126;0.588026;1.334637;-2.21246;0.7579;0.3579;-0.5455;0.193002;3.039645;-1.642639;0.7579;0.3579;-0.5455;0.61793;3.525788;-0.733279;0.7579;0.3579;-0.5455;0.193002;3.039645;-1.642639;-0.8766;0.4508;0.1686;0.17978;2.509827;-0.294703;-0.8766;0.4508;0.1686;0.61793;3.525788;-0.733279;-0.8766;0.4508;0.1686;0.376884;1.113131;-2.123525;0.7266;-0.506;0.4648;0.588026;1.334637;-2.21246;0.7266;-0.506;0.4648;0.17978;2.509827;-0.294703;0.7266;-0.506;0.4648;0.588026;1.334637;-2.21246;0.5813;0.1172;-0.8052;0.736571;0.216447;-2.268;0.5813;0.1172;-0.8052;0.370657;1.160001;-2.3948;0.5813;0.1172;-0.8052;0.474525;0.378133;-2.12429;0.5812;0.7973;0.1627;0.481719;0.246599;-1.505244;0.5812;0.7973;0.1627;0.736571;0.216447;-2.268;0.5812;0.7973;0.1627;0.376884;1.113131;-2.123525;0.3472;0.0451;0.9367;0.474525;0.378133;-2.12429;0.3472;0.0451;0.9367;0.588026;1.334637;-2.21246;0.3472;0.0451;0.9367;0.743766;0.162295;-1.178168;-0.5733;0.5553;0.6024;0.481719;0.246599;-1.505244;-0.5733;0.5553;0.6024;0.51826;0.048916;-1.288249;-0.5733;0.5553;0.6024;0.51826;0.048916;-1.288249;-0.9828;-0.1846;-0.0027;0.481719;0.246599;-1.505244;-0.9828;-0.1846;-0.0027;0.511065;0.103067;-2.378081;-0.9828;-0.1846;-0.0027;0.370657;1.160001;-2.3948;0.4021;0.3727;-0.8363;0.193002;3.039645;-1.642639;0.4021;0.3727;-0.8363;0.588026;1.334637;-2.21246;0.4021;0.3727;-0.8363;0.17978;2.509827;-0.294703;0.9074;-0.2435;0.3424;0.588026;1.334637;-2.21246;0.9074;-0.2435;0.3424;0.61793;3.525788;-0.733279;0.9074;-0.2435;0.3424;0.370657;1.160001;-2.3948;0.4213;0.0416;-0.906;0.736571;0.216447;-2.268;0.4213;0.0416;-0.906;0.511065;0.103067;-2.378081;0.4213;0.0416;-0.906;0.736571;0.216447;-2.268;0.253;0.9663;0.0463;0.481719;0.246599;-1.505244;0.253;0.9663;0.0463;0.743766;0.162295;-1.178168;0.253;0.9663;0.0463;0.588026;1.334637;-2.21246;0.4911;0.022;0.8708;0.474525;0.378133;-2.12429;0.4911;0.022;0.8708;0.736571;0.216447;-2.268;0.4911;0.022;0.8708;0.511065;0.103067;-2.378081;-0.9928;-0.1192;-0.0138;0.481719;0.246599;-1.505244;-0.9928;-0.1192;-0.0138;0.474525;0.378133;-2.12429;-0.9928;-0.1192;-0.0138;-0.716584;1.233643;2.368964;-0.5163;0.2582;0.8166;-0.927746;1.217858;2.240449;-0.5163;0.2582;0.8166;-0.807751;0.234584;2.627247;-0.5163;0.2582;0.8166;-0.84559;0.077141;2.424435;0.9858;-0.0227;-0.1663;-0.807751;0.234584;2.627247;0.9858;-0.0227;-0.1663;-0.77106;0.091017;2.864331;0.9858;-0.0227;-0.1663;-0.927746;1.217858;2.240449;-0.9982;0.0432;-0.0414;-0.83444;3.602066;2.478679;-0.9982;0.0432;-0.0414;-0.828548;3.086218;1.798347;-0.9982;0.0432;-0.0414;-0.828548;3.086218;1.798347;0.8885;0.3693;-0.2723;-0.83444;3.602066;2.478679;0.8885;0.3693;-0.2723;-0.553868;3.128265;2.751704;0.8885;0.3693;-0.2723;-0.927746;1.217858;2.240449;-0.668;-0.1947;-0.7183;-0.750401;1.171834;2.088003;-0.668;-0.1947;-0.7183;-0.940498;0.16941;2.536561;-0.668;-0.1947;-0.7183;-0.716584;1.233643;2.368964;-0.5086;-0.1283;0.8514;-0.553868;3.128265;2.751704;-0.5086;-0.1283;0.8514;-0.927746;1.217858;2.240449;-0.5086;-0.1283;0.8514;-0.940498;0.16941;2.536561;-0.6095;-0.7824;0.1279;-0.84559;0.077141;2.424435;-0.6095;-0.7824;0.1279;-0.77106;0.091017;2.864331;-0.6095;-0.7824;0.1279;-0.807751;0.234584;2.627247;-0.497;0.8609;0.1087;-0.940498;0.16941;2.536561;-0.497;0.8609;0.1087;-0.897018;0.129897;3.048153;-0.497;0.8609;0.1087;-0.927746;1.217858;2.240449;-0.6216;0.2199;0.7518;-0.940498;0.16941;2.536561;-0.6216;0.2199;0.7518;-0.807751;0.234584;2.627247;-0.6216;0.2199;0.7518;-0.807751;0.234584;2.627247;0.9822;0.1831;-0.0411;-0.766733;0.139428;3.183016;0.9822;0.1831;-0.0411;-0.77106;0.091017;2.864331;0.9822;0.1831;-0.0411;-0.750401;1.171834;2.088003;-0.666;-0.1381;-0.7331;-0.927746;1.217858;2.240449;-0.666;-0.1381;-0.7331;-0.828548;3.086218;1.798347;-0.666;-0.1381;-0.7331;-0.750401;1.171834;2.088003;-0.8017;-0.1108;-0.5874;-0.84559;0.077141;2.424435;-0.8017;-0.1108;-0.5874;-0.940498;0.16941;2.536561;-0.8017;-0.1108;-0.5874;-0.553868;3.128265;2.751704;-0.7304;-0.0396;0.6819;-0.83444;3.602066;2.478679;-0.7304;-0.0396;0.6819;-0.927746;1.217858;2.240449;-0.7304;-0.0396;0.6819;-0.766733;0.139428;3.183016;-0.2573;0.9491;0.1815;-0.807751;0.234584;2.627247;-0.2573;0.9491;0.1815;-0.897018;0.129897;3.048153;-0.2573;0.9491;0.1815;0.800145;1.240941;2.242067;0.5819;0.2183;0.7834;0.891313;0.231391;2.4557;0.5819;0.2183;0.7834;0.977703;1.230882;2.112977;0.5819;0.2183;0.7834;0.929152;0.083116;2.246092;-0.9858;-0.0153;-0.1672;0.854622;0.077431;2.68617;-0.9858;-0.0153;-0.1672;0.891313;0.231391;2.4557;-0.9858;-0.0153;-0.1672;0.977703;1.230882;2.112977;0.9835;0.0589;-0.1712;0.802324;3.117042;1.754335;0.9835;0.0589;-0.1712;0.895599;3.602149;2.456918;0.9835;0.0589;-0.1712;0.802324;3.117042;1.754335;-0.9034;0.3995;-0.1559;0.63743;3.116684;2.708619;-0.9034;0.3995;-0.1559;0.895599;3.602149;2.456918;-0.9034;0.3995;-0.1559;0.977703;1.230882;2.112977;0.7416;-0.1226;-0.6595;1.02406;0.170311;2.362207;0.7416;-0.1226;-0.6595;0.833963;1.191677;1.958636;0.7416;-0.1226;-0.6595;0.800145;1.240941;2.242067;0.5758;-0.15;0.8037;0.977703;1.230882;2.112977;0.5758;-0.15;0.8037;0.63743;3.116684;2.708619;0.5758;-0.15;0.8037;1.02406;0.170311;2.362207;0.6095;-0.7873;0.0931;0.854622;0.077431;2.68617;0.6095;-0.7873;0.0931;0.929152;0.083116;2.246092;0.6095;-0.7873;0.0931;0.891313;0.231391;2.4557;0.497;0.8552;0.1469;0.980581;0.108104;2.871538;0.497;0.8552;0.1469;1.02406;0.170311;2.362207;0.497;0.8552;0.1469;0.977703;1.230882;2.112977;0.6248;0.2044;0.7536;0.891313;0.231391;2.4557;0.6248;0.2044;0.7536;1.02406;0.170311;2.362207;0.6248;0.2044;0.7536;0.891313;0.231391;2.4557;-0.9822;0.1847;-0.033;0.854622;0.077431;2.68617;-0.9822;0.1847;-0.033;0.850295;0.111633;3.006691;-0.9822;0.1847;-0.033;0.833963;1.191677;1.958636;0.738;-0.0592;-0.6722;0.802324;3.117042;1.754335;0.738;-0.0592;-0.6722;0.977703;1.230882;2.112977;0.738;-0.0592;-0.6722;0.833963;1.191677;1.958636;0.8017;-0.0846;-0.5917;1.02406;0.170311;2.362207;0.8017;-0.0846;-0.5917;0.929152;0.083116;2.246092;0.8017;-0.0846;-0.5917;0.63743;3.116684;2.708619;0.7588;-0.0677;0.6478;0.977703;1.230882;2.112977;0.7588;-0.0677;0.6478;0.895599;3.602149;2.456918;0.7588;-0.0677;0.6478;0.850295;0.111633;3.006691;0.2573;0.9401;0.2235;0.980581;0.108104;2.871538;0.2573;0.9401;0.2235;0.891313;0.231391;2.4557;0.2573;0.9401;0.2235
9;1.0;0.71145564;0.83694386
0.17242;4.114815;5.131074;0.0;-0.6333;0.7739;-0.166579;4.114815;5.131074;0.0;-0.6333;0.7739;0.00292;3.917893;4.969928;0.0;-0.6333;0.7739;0.371499;4.858088;3.565071;0.0363;-0.1683;0.9851;0.546136;5.45567;3.660749;0.0363;-0.1683;0.9851;0.141083;5.102775;3.615373;0.0363;-0.1683;0.9851;-0.106089;5.142885;3.601874;0.0297;-0.0945;0.9951;-0.46843;5.450655;3.64191;0.0297;-0.0945;0.9951;-0.354302;4.880856;3.584409;0.0297;-0.0945;0.9951
12
INFO;NameId;499;DescId;500;price;62000;dpPerMin;200;range;2;placeSound;thud
MATERIAL;second;0;count;9;CUSTOM;0.49621862;0.48425132;0.48708448;400000;LIGHT_GREY;100000;BROWN;400000;DARK_GREY;450000;BEIGE;350000;WHITE;800000;RUBY_RED;2000000;LIGHT_BLUE;3400000;PURPLE;5000000
LIFE;averagePop;3.4;averageLife;34.0;popFactors;0;breedMat;17.0;breedTime;12.2942705;parentId;84;count;500;reqs;2;MATERIAL;col;GREY;LIFE;type;2;enviroType;0;classification;erl134;count;2;FALL_DEATH;fallTime;1.5;totalTime;2.5;angle;60;particles;0;enviroReqCount;3;reqId;2;barren;0;goodBiomes;4;0;1;4;8;idealFactor;50;influence;0.5;reqId;5;likedSpecies;2;pt;erl;influence;0.35;reqId;1;minAltitude;35;maxAltitude;100;influence;0.5
GROWTH;dynamic;1;growthTime;11.333333;modelStages;2
MOVEMENT;13;speed;1.2;bounce;1.44;upRot;250;gravFactor;0.72;frontZ;2;0.315;1.035;backZ;2;-0.27;-1.035;runFactor;1.35
EQUIP;count;2;youngPos;0;0.4;0.7;oldPos;0;1.7;2.25
AI;PATROL
NAME;1
FIGHT;attackDamage;15;revenge;1;anim;0;biteRange;0.4;pause;0.35
HUNT;range;9;count;1;prey;ahm;huntsYoung;0;huntsOld;1
EATING;maxHunger;100;HungerPerHour;8;eatRadius;0.2;EatingAnims;1;0;DietOptionCount;1;em;TO_SHARE;0;
HOSTILE;time;50;enemy;ahm;notifyPrey;1
