0.32
ahs
0;1
2
-0.4889;0.018497;-0.598969;0.115344;1.203295;0.726591;1
162;3
18;0.8163943;0.5588829;0.7587893
-0.082189;0.950658;0.193361;0.7852;-0.6024;0.1435;0.115344;1.203295;0.17308;0.7852;-0.6024;0.1435;-8.45E-4;1.095551;0.356529;0.7852;-0.6024;0.1435;-0.082189;0.950658;0.193361;0.8911;-0.4518;-0.043;-0.152071;0.787998;0.454182;0.8911;-0.4518;-0.043;-0.171506;0.753382;0.415199;0.8911;-0.4518;-0.043;-0.291367;0.950658;0.193362;-0.7852;-0.6024;0.1435;-0.372711;1.095551;0.356529;-0.7852;-0.6024;0.1435;-0.4889;1.203295;0.17308;-0.7852;-0.6024;0.1435;-0.291367;0.950658;0.193362;-0.8911;-0.4518;-0.043;-0.221484;0.787998;0.454182;-0.8911;-0.4518;-0.043;-0.372711;1.095551;0.356529;-0.8911;-0.4518;-0.043;-0.082189;0.950658;0.193361;0.8911;-0.4518;-0.043;-8.45E-4;1.095551;0.356529;0.8911;-0.4518;-0.043;-0.152071;0.787998;0.454182;0.8911;-0.4518;-0.043;-0.291367;0.950658;0.193362;-0.8911;-0.4518;-0.043;-0.20205;0.753382;0.415199;-0.8911;-0.4518;-0.043;-0.221484;0.787998;0.454182;-0.8911;-0.4518;-0.043
78;-1;0;0
-0.071998;1.085564;0.242978;-0.5054;0.3312;-0.7968;0.115344;1.203295;0.17308;-0.5054;0.3312;-0.7968;-0.082189;0.950658;0.193361;-0.5054;0.3312;-0.7968;-8.45E-4;1.095551;0.356529;-0.4615;0.8611;0.2134;0.115344;1.203295;0.17308;-0.4615;0.8611;0.2134;-0.071998;1.085564;0.242978;-0.4615;0.8611;0.2134;-0.179883;0.638485;-0.406771;-0.9154;0.3738;-0.1495;-0.355964;0.294605;-0.188393;-0.9154;0.3738;-0.1495;-0.36818;0.421109;0.202564;-0.9154;0.3738;-0.1495;-0.012909;0.294605;-0.188393;0.9231;0.3566;-0.1442;-0.179883;0.638485;-0.406771;0.9231;0.3566;-0.1442;-6.93E-4;0.421109;0.202564;0.9231;0.3566;-0.1442;-6.93E-4;0.421109;0.202564;0.8547;0.4737;-0.2124;-0.184436;0.757088;0.212456;0.8547;0.4737;-0.2124;-0.072625;0.610192;0.334817;0.8547;0.4737;-0.2124;-0.072625;0.610192;0.334817;0.9426;0.3321;0.0335;-0.184436;0.916234;0.446691;0.9426;0.3321;0.0335;-0.057253;0.541048;0.587861;0.9426;0.3321;0.0335;-0.36818;0.421109;0.202564;-0.8719;0.4797;-0.0983;-0.184436;0.757088;0.212456;-0.8719;0.4797;-0.0983;-0.179883;0.638485;-0.406771;-0.8719;0.4797;-0.0983;-0.057253;0.541048;0.587861;0.7018;0.4467;0.5549;-0.184436;0.916234;0.446691;0.7018;0.4467;0.5549;-0.184436;0.56855;0.726591;0.7018;0.4467;0.5549;-0.296247;0.610192;0.334817;-0.8622;0.4191;-0.2847;-0.184436;0.916234;0.446691;-0.8622;0.4191;-0.2847;-0.184436;0.757088;0.212456;-0.8622;0.4191;-0.2847;-0.184436;0.916234;0.446691;-0.7018;0.4467;0.5549;-0.311619;0.541048;0.587861;-0.7018;0.4467;0.5549;-0.184436;0.56855;0.726591;-0.7018;0.4467;0.5549;-0.179883;0.638485;-0.406771;-0.893;0.2019;-0.4021;-0.184437;0.235505;-0.598969;-0.893;0.2019;-0.4021;-0.355964;0.294605;-0.188393;-0.893;0.2019;-0.4021;-0.012909;0.294605;-0.188393;0.8979;0.1812;-0.4012;-0.184437;0.235505;-0.598969;0.8979;0.1812;-0.4012;-0.179883;0.638485;-0.406771;0.8979;0.1812;-0.4012;-6.93E-4;0.421109;0.202564;0.8731;0.48;-0.0855;-0.179883;0.638485;-0.406771;0.8731;0.48;-0.0855;-0.184436;0.757088;0.212456;0.8731;0.48;-0.0855;-0.072625;0.610192;0.334817;0.8622;0.4191;-0.2847;-0.184436;0.757088;0.212456;0.8622;0.4191;-0.2847;-0.184436;0.916234;0.446691;0.8622;0.4191;-0.2847;-0.36818;0.421109;0.202564;-0.8547;0.4737;-0.2124;-0.296247;0.610192;0.334817;-0.8547;0.4737;-0.2124;-0.184436;0.757088;0.212456;-0.8547;0.4737;-0.2124;-0.296247;0.610192;0.334817;-0.9426;0.3321;0.0335;-0.311619;0.541048;0.587861;-0.9426;0.3321;0.0335;-0.184436;0.916234;0.446691;-0.9426;0.3321;0.0335;-8.45E-4;1.095551;0.356529;-0.6422;0.5002;0.5809;-0.177151;0.787395;0.426975;-0.6422;0.5002;0.5809;-0.152071;0.787998;0.454182;-0.6422;0.5002;0.5809;-0.082189;0.950658;0.193361;-0.9486;0.1698;-0.2669;-0.177151;0.787395;0.426975;-0.9486;0.1698;-0.2669;-0.071998;1.085564;0.242978;-0.9486;0.1698;-0.2669;-0.301558;1.085564;0.242978;0.5054;0.3312;-0.7968;-0.291367;0.950658;0.193362;0.5054;0.3312;-0.7968;-0.4889;1.203295;0.17308;0.5054;0.3312;-0.7968;-0.372711;1.095551;0.356529;0.4615;0.8611;0.2134;-0.301558;1.085564;0.242978;0.4615;0.8611;0.2134;-0.4889;1.203295;0.17308;0.4615;0.8611;0.2134;-0.372711;1.095551;0.356529;0.7431;0.5211;0.4198;-0.196404;0.787395;0.426975;0.7431;0.5211;0.4198;-0.301558;1.085564;0.242978;0.7431;0.5211;0.4198;-0.196404;0.787395;0.426975;0.9486;0.1698;-0.2669;-0.291367;0.950658;0.193362;0.9486;0.1698;-0.2669;-0.301558;1.085564;0.242978;0.9486;0.1698;-0.2669;-8.45E-4;1.095551;0.356529;-0.7431;0.5211;0.4198;-0.071998;1.085564;0.242978;-0.7431;0.5211;0.4198;-0.177151;0.787395;0.426975;-0.7431;0.5211;0.4198;-0.082189;0.950658;0.193361;-0.9216;-0.0187;-0.3877;-0.171506;0.753382;0.415199;-0.9216;-0.0187;-0.3877;-0.177151;0.787395;0.426975;-0.9216;-0.0187;-0.3877;-0.372711;1.095551;0.356529;0.6422;0.5002;0.5809;-0.221484;0.787998;0.454182;0.6422;0.5002;0.5809;-0.196404;0.787395;0.426975;0.6422;0.5002;0.5809;-0.196404;0.787395;0.426975;0.9216;-0.0187;-0.3877;-0.20205;0.753382;0.415199;0.9216;-0.0187;-0.3877;-0.291367;0.950658;0.193362;0.9216;-0.0187;-0.3877
66;1.0;0.92080784;0.8010059
-0.076448;0.020559;0.232866;0.8043;0.042;-0.5927;-0.183388;0.662768;0.133246;0.8043;0.042;-0.5927;-0.026514;0.022592;0.300777;0.8043;0.042;-0.5927;-0.026514;0.022592;0.300777;0.0;0.2532;0.9674;-0.183388;0.662768;0.133246;0.0;0.2532;0.9674;-0.126381;0.022592;0.300777;0.0;0.2532;0.9674;-0.126381;0.022592;0.300777;-0.789;-0.2203;-0.5735;-0.183388;0.662768;0.133246;-0.789;-0.2203;-0.5735;-0.076448;0.020559;0.232866;-0.789;-0.2203;-0.5735;-0.31159;0.018497;0.201992;0.8679;-0.2202;-0.4452;-0.183388;0.662768;0.133246;0.8679;-0.2202;-0.4452;-0.264906;0.021272;0.291638;0.8679;-0.2202;-0.4452;-0.264906;0.021272;0.291638;-0.3369;0.2658;0.9032;-0.183388;0.662768;0.133246;-0.3369;0.2658;0.9032;-0.357975;0.01897;0.257604;-0.3369;0.2658;0.9032;-0.357975;0.01897;0.257604;-0.7649;0.0841;-0.6387;-0.183388;0.662768;0.133246;-0.7649;0.0841;-0.6387;-0.31159;0.018497;0.201992;-0.7649;0.0841;-0.6387;-0.355964;0.294605;-0.188393;0.0;-0.9514;0.3079;-0.012909;0.294605;-0.188393;0.0;-0.9514;0.3079;-6.93E-4;0.421109;0.202564;0.0;-0.9514;0.3079;-6.93E-4;0.421109;0.202564;0.0;-0.5732;0.8194;-0.296247;0.610192;0.334817;0.0;-0.5732;0.8194;-0.36818;0.421109;0.202564;0.0;-0.5732;0.8194;-0.072625;0.610192;0.334817;-0.0;-0.9646;-0.2636;-0.311619;0.541048;0.587861;-0.0;-0.9646;-0.2636;-0.296247;0.610192;0.334817;-0.0;-0.9646;-0.2636;-0.311619;0.541048;0.587861;0.0;-0.9809;0.1945;-0.057253;0.541048;0.587861;0.0;-0.9809;0.1945;-0.184436;0.56855;0.726591;0.0;-0.9809;0.1945;-0.080057;0.034103;-0.260151;0.8056;-0.0726;-0.588;-0.183388;0.386074;-0.445196;0.8056;-0.0726;-0.588;-0.031657;0.044471;-0.195118;0.8056;-0.0726;-0.588;-0.031657;0.044471;-0.195118;0.0;0.5907;0.8069;-0.183388;0.386074;-0.445196;0.0;0.5907;0.8069;-0.128457;0.044471;-0.195118;0.0;0.5907;0.8069;-0.128457;0.044471;-0.195118;-0.7426;-0.4692;-0.4779;-0.183388;0.386074;-0.445196;-0.7426;-0.4692;-0.4779;-0.080057;0.034103;-0.260151;-0.7426;-0.4692;-0.4779;-0.307978;0.028296;-0.289577;0.8205;-0.4429;-0.3615;-0.183388;0.386074;-0.445196;0.8205;-0.4429;-0.3615;-0.262728;0.042069;-0.20374;0.8205;-0.4429;-0.3615;-0.262728;0.042069;-0.20374;-0.3095;0.5931;0.7433;-0.183388;0.386074;-0.445196;-0.3095;0.5931;0.7433;-0.352939;0.03564;-0.236173;-0.3095;0.5931;0.7433;-0.352939;0.03564;-0.236173;-0.7658;-0.013;-0.6429;-0.183388;0.386074;-0.445196;-0.7658;-0.013;-0.6429;-0.307978;0.028296;-0.289577;-0.7658;-0.013;-0.6429;-0.307978;0.028296;-0.289577;0.0166;-0.9886;0.1499;-0.262728;0.042069;-0.20374;0.0166;-0.9886;0.1499;-0.352939;0.03564;-0.236173;0.0166;-0.9886;0.1499;-0.080057;0.034103;-0.260151;0.0;-0.9875;0.1574;-0.031657;0.044471;-0.195118;0.0;-0.9875;0.1574;-0.128457;0.044471;-0.195118;0.0;-0.9875;0.1574;-6.93E-4;0.421109;0.202564;0.0;-0.9514;0.3079;-0.36818;0.421109;0.202564;0.0;-0.9514;0.3079;-0.355964;0.294605;-0.188393;0.0;-0.9514;0.3079;-0.355964;0.294605;-0.188393;0.0;-0.9898;0.1425;-0.184437;0.235505;-0.598969;0.0;-0.9898;0.1425;-0.012909;0.294605;-0.188393;0.0;-0.9898;0.1425;-6.93E-4;0.421109;0.202564;0.0;-0.5732;0.8194;-0.072625;0.610192;0.334817;0.0;-0.5732;0.8194;-0.296247;0.610192;0.334817;0.0;-0.5732;0.8194;-0.072625;0.610192;0.334817;-0.0;-0.9646;-0.2636;-0.057253;0.541048;0.587861;-0.0;-0.9646;-0.2636;-0.311619;0.541048;0.587861;-0.0;-0.9646;-0.2636
-1.557403;0.027567;-2.712771;1.541793;4.811795;3.357774;3
258;3
36;0.9032055;0.7228642;0.8630541
-0.01212;1.267667;-2.119743;-0.4637;-0.4147;-0.7829;-0.441665;1.433734;-1.953301;-0.4637;-0.4147;-0.7829;0.075591;2.28909;-2.712771;-0.4637;-0.4147;-0.7829;0.417425;1.433734;-1.953301;0.4713;-0.4728;-0.7446;-0.01212;1.267667;-2.119743;0.4713;-0.4728;-0.7446;0.075591;2.28909;-2.712771;0.4713;-0.4728;-0.7446;1.157298;3.884333;0.825812;0.8563;-0.4053;0.3201;0.233573;2.813671;1.941647;0.8563;-0.4053;0.3201;0.210835;2.600275;1.732293;0.8563;-0.4053;0.3201;1.477735;4.692313;1.102825;0.9356;-0.3196;-0.15;1.460716;4.199093;2.047523;0.9356;-0.3196;-0.15;1.157298;3.884333;0.825812;0.9356;-0.3196;-0.15;1.477735;4.692313;1.102825;0.9019;0.3077;-0.3033;1.470299;4.811795;1.201931;0.9019;0.3077;-0.3033;1.541793;4.758764;1.360752;0.9019;0.3077;-0.3033;-0.249184;2.813671;1.941647;-0.8563;-0.4053;0.3201;-1.172908;3.884333;0.825812;-0.8563;-0.4053;0.3201;-0.226445;2.600275;1.732293;-0.8563;-0.4053;0.3201;-1.476327;4.199093;2.047523;-0.9356;-0.3196;-0.15;-1.493345;4.692313;1.102825;-0.9356;-0.3196;-0.15;-1.172908;3.884333;0.825812;-0.9356;-0.3196;-0.15;-1.493345;4.692313;1.102825;-0.9019;0.3077;-0.3033;-1.557403;4.758764;1.360752;-0.9019;0.3077;-0.3033;-1.48591;4.811795;1.201931;-0.9019;0.3077;-0.3033;1.157298;3.884333;0.825812;0.7491;-0.6623;-0.0154;1.460716;4.199093;2.047523;0.7491;-0.6623;-0.0154;0.233573;2.813671;1.941647;0.7491;-0.6623;-0.0154;1.477735;4.692313;1.102825;0.9356;-0.3196;-0.15;1.541793;4.758764;1.360752;0.9356;-0.3196;-0.15;1.460716;4.199093;2.047523;0.9356;-0.3196;-0.15;-0.249184;2.813671;1.941647;-0.7491;-0.6623;-0.0154;-1.476327;4.199093;2.047523;-0.7491;-0.6623;-0.0154;-1.172908;3.884333;0.825812;-0.7491;-0.6623;-0.0154;-1.476327;4.199093;2.047523;-0.9356;-0.3196;-0.15;-1.557403;4.758764;1.360752;-0.9356;-0.3196;-0.15;-1.493345;4.692313;1.102825;-0.9356;-0.3196;-0.15
108;1.0;0.92080784;0.8010059
-0.441665;1.433734;-1.953301;-0.5306;-0.8476;0.0064;-0.063012;1.218988;0.984418;-0.5306;-0.8476;0.0064;-1.155033;1.894102;-0.134349;-0.5306;-0.8476;0.0064;-0.063012;1.218988;0.984418;0.5069;-0.8618;0.0199;0.417425;1.433734;-1.953301;0.5069;-0.8618;0.0199;1.127478;1.891582;-0.209975;0.5069;-0.8618;0.0199;-0.017591;1.934298;1.689574;0.7479;-0.647;-0.1486;0.629222;2.530314;2.349794;0.7479;-0.647;-0.1486;-0.013776;1.635481;3.009459;0.7479;-0.647;-0.1486;-0.063012;1.218988;0.984418;-0.7331;-0.5694;0.3719;-0.492354;2.15377;1.569294;-0.7331;-0.5694;0.3719;-1.155033;1.894102;-0.134349;-0.7331;-0.5694;0.3719;-0.063012;1.218988;0.984418;0.4474;-0.6421;0.6225;0.4648;2.15377;1.569294;0.4474;-0.6421;0.6225;-0.017591;1.934298;1.689574;0.4474;-0.6421;0.6225;-0.017591;1.934298;1.689574;-0.4622;-0.8329;0.3045;-0.656775;2.530314;2.349795;-0.4622;-0.8329;0.3045;-0.492354;2.15377;1.569294;-0.4622;-0.8329;0.3045;-0.441665;1.433734;-1.953301;-0.3675;-0.9298;-0.0206;-0.01212;1.267667;-2.119743;-0.3675;-0.9298;-0.0206;-0.063012;1.218988;0.984418;-0.3675;-0.9298;-0.0206;-0.656775;2.530314;2.349795;-0.8655;-0.4129;0.2836;-0.013776;1.635481;3.009459;-0.8655;-0.4129;0.2836;-0.013776;1.874731;3.357774;-0.8655;-0.4129;0.2836;-0.013776;1.635481;3.009459;0.8655;-0.4129;0.2836;0.629222;2.530314;2.349794;0.8655;-0.4129;0.2836;-0.013776;1.874731;3.357774;0.8655;-0.4129;0.2836;-0.063012;1.218988;0.984418;0.3635;-0.9316;-0.0086;-0.01212;1.267667;-2.119743;0.3635;-0.9316;-0.0086;0.417425;1.433734;-1.953301;0.3635;-0.9316;-0.0086;-0.017591;1.934298;1.689574;0.4565;-0.8352;0.3068;0.4648;2.15377;1.569294;0.4565;-0.8352;0.3068;0.629222;2.530314;2.349794;0.4565;-0.8352;0.3068;-0.063012;1.218988;0.984418;-0.4482;-0.613;0.6507;-0.017591;1.934298;1.689574;-0.4482;-0.613;0.6507;-0.492354;2.15377;1.569294;-0.4482;-0.613;0.6507;-0.063012;1.218988;0.984418;0.7029;-0.6176;0.3528;1.127478;1.891582;-0.209975;0.7029;-0.6176;0.3528;0.4648;2.15377;1.569294;0.7029;-0.6176;0.3528;-0.017591;1.934298;1.689574;-0.7503;-0.6452;-0.1439;-0.013776;1.635481;3.009459;-0.7503;-0.6452;-0.1439;-0.656775;2.530314;2.349795;-0.7503;-0.6452;-0.1439;-0.441665;1.433734;-1.953301;-0.6851;0.6694;0.2872;-0.01212;1.862531;-1.927966;-0.6851;0.6694;0.2872;0.075591;2.28909;-2.712771;-0.6851;0.6694;0.2872;-0.01212;1.862531;-1.927966;0.6546;0.6311;0.4162;0.417425;1.433734;-1.953301;0.6546;0.6311;0.4162;0.075591;2.28909;-2.712771;0.6546;0.6311;0.4162;-0.552415;0.091154;1.246865;0.8532;-0.3278;-0.4056;0.023124;2.917003;0.173869;0.8532;-0.3278;-0.4056;-0.407807;0.126572;1.522417;0.8532;-0.3278;-0.4056;-0.407807;0.126572;1.522417;-0.3272;0.4517;0.83;0.023124;2.917003;0.173869;-0.3272;0.4517;0.83;-0.696095;0.109275;1.418178;-0.3272;0.4517;0.83;-0.696095;0.109275;1.418178;-0.7678;-0.0847;-0.635;0.023124;2.917003;0.173869;-0.7678;-0.0847;-0.635;-0.552415;0.091154;1.246865;-0.7678;-0.0847;-0.635;-1.057011;0.074665;-0.908432;-0.5007;-0.1526;-0.8521;-0.513319;1.562065;-1.494259;-0.5007;-0.1526;-0.8521;-0.977927;0.027567;-0.946466;-0.5007;-0.1526;-0.8521;-0.513319;1.562065;-1.494259;0.9216;-0.1514;0.3575;-1.030635;0.064442;-0.794988;0.9216;-0.1514;0.3575;-0.977927;0.027567;-0.946466;0.9216;-0.1514;0.3575;-0.513319;1.562065;-1.494259;0.5857;0.7444;-0.3207;-0.959212;1.995322;-1.30305;0.5857;0.7444;-0.3207;-0.736555;1.992086;-0.903926;0.5857;0.7444;-0.3207;-1.030635;0.064442;-0.794988;-0.9674;0.0973;0.2337;-0.959212;1.995322;-1.30305;-0.9674;0.0973;0.2337;-1.057011;0.074665;-0.908432;-0.9674;0.0973;0.2337;-1.057011;0.074665;-0.908432;-0.5081;-0.1484;-0.8484;-0.959212;1.995322;-1.30305;-0.5081;-0.1484;-0.8484;-0.513319;1.562065;-1.494259;-0.5081;-0.1484;-0.8484;-0.513319;1.562065;-1.494259;0.8992;-0.1133;0.4226;-0.736555;1.992086;-0.903926;0.8992;-0.1133;0.4226;-1.030635;0.064442;-0.794988;0.8992;-0.1133;0.4226;-1.030635;0.064442;-0.794988;-0.8617;0.1587;0.482;-0.736555;1.992086;-0.903926;-0.8617;0.1587;0.482;-0.959212;1.995322;-1.30305;-0.8617;0.1587;0.482;0.538272;0.091154;1.246865;-0.8532;-0.3278;-0.4056;0.393664;0.126572;1.522417;-0.8532;-0.3278;-0.4056;-0.037267;2.917003;0.173869;-0.8532;-0.3278;-0.4056;0.393664;0.126572;1.522417;0.3272;0.4517;0.83;0.681952;0.109275;1.418178;0.3272;0.4517;0.83;-0.037267;2.917003;0.173869;0.3272;0.4517;0.83;0.681952;0.109275;1.418178;0.7678;-0.0847;-0.635;0.538272;0.091154;1.246865;0.7678;-0.0847;-0.635;-0.037267;2.917003;0.173869;0.7678;-0.0847;-0.635;1.042868;0.074665;-0.908432;0.5007;-0.1526;-0.8521;0.963783;0.027567;-0.946466;0.5007;-0.1526;-0.8521;0.499175;1.562065;-1.494259;0.5007;-0.1526;-0.8521;0.499175;1.562065;-1.494259;-0.9216;-0.1514;0.3575;0.963783;0.027567;-0.946466;-0.9216;-0.1514;0.3575;1.016492;0.064442;-0.794988;-0.9216;-0.1514;0.3575;0.499175;1.562065;-1.494259;-0.5857;0.7444;-0.3207;0.722412;1.992086;-0.903926;-0.5857;0.7444;-0.3207;0.945069;1.995322;-1.30305;-0.5857;0.7444;-0.3207;1.016492;0.064442;-0.794988;0.9674;0.0973;0.2337;1.042868;0.074665;-0.908432;0.9674;0.0973;0.2337;0.945069;1.995322;-1.30305;0.9674;0.0973;0.2337;1.042868;0.074665;-0.908432;0.5081;-0.1484;-0.8484;0.499175;1.562065;-1.494259;0.5081;-0.1484;-0.8484;0.945069;1.995322;-1.30305;0.5081;-0.1484;-0.8484;0.499175;1.562065;-1.494259;-0.8992;-0.1133;0.4226;1.016492;0.064442;-0.794988;-0.8992;-0.1133;0.4226;0.722412;1.992086;-0.903926;-0.8992;-0.1133;0.4226;1.016492;0.064442;-0.794988;0.8617;0.1587;0.482;0.945069;1.995322;-1.30305;0.8617;0.1587;0.482;0.722412;1.992086;-0.903926;0.8617;0.1587;0.482
114;-1;0;0
-1.155033;1.894102;-0.134349;-0.7413;0.5213;-0.4227;-0.013778;2.711678;-1.127496;-0.7413;0.5213;-0.4227;-0.441665;1.433734;-1.953301;-0.7413;0.5213;-0.4227;0.417425;1.433734;-1.953301;0.7293;0.5276;-0.4356;-0.013778;2.711678;-1.127496;0.7293;0.5276;-0.4356;1.127478;1.891582;-0.209975;0.7293;0.5276;-0.4356;1.127478;1.891582;-0.209975;0.6197;0.7761;0.1165;-0.013777;2.586096;1.234902;0.6197;0.7761;0.1165;0.4648;2.15377;1.569294;0.6197;0.7761;0.1165;-1.155033;1.894102;-0.134349;-0.6717;0.7136;0.1992;-0.013777;2.586096;1.234902;-0.6717;0.7136;0.1992;0.023124;2.917003;0.173869;-0.6717;0.7136;0.1992;0.629222;2.530314;2.349794;0.5225;0.523;0.6734;-0.013777;2.856606;2.595232;0.5225;0.523;0.6734;-0.013776;1.874731;3.357774;0.5225;0.523;0.6734;-0.013777;2.586096;1.234902;-0.8052;0.3922;-0.4448;-0.656775;2.530314;2.349795;-0.8052;0.3922;-0.4448;-0.013777;3.143931;1.726878;-0.8052;0.3922;-0.4448;-0.013777;2.586096;1.234902;0.7523;0.5172;-0.408;0.629222;2.530314;2.349794;0.7523;0.5172;-0.408;0.4648;2.15377;1.569294;0.7523;0.5172;-0.408;-0.656775;2.530314;2.349795;-0.5155;0.8135;0.2692;-0.013777;2.856606;2.595232;-0.5155;0.8135;0.2692;-0.013777;3.143931;1.726878;-0.5155;0.8135;0.2692;-1.155033;1.894102;-0.134349;-0.6367;0.7643;-0.1025;0.023124;2.917003;0.173869;-0.6367;0.7643;-0.1025;-0.013778;2.711678;-1.127496;-0.6367;0.7643;-0.1025;0.023124;2.917003;0.173869;0.6481;0.7492;-0.1366;1.127478;1.891582;-0.209975;0.6481;0.7492;-0.1366;-0.013778;2.711678;-1.127496;0.6481;0.7492;-0.1366;1.127478;1.891582;-0.209975;0.704;0.6707;0.2337;0.023124;2.917003;0.173869;0.704;0.6707;0.2337;-0.013777;2.586096;1.234902;0.704;0.6707;0.2337;-1.155033;1.894102;-0.134349;-0.6172;0.7773;0.1216;-0.492354;2.15377;1.569294;-0.6172;0.7773;0.1216;-0.013777;2.586096;1.234902;-0.6172;0.7773;0.1216;0.629222;2.530314;2.349794;0.5155;0.8135;0.2692;-0.013777;3.143931;1.726878;0.5155;0.8135;0.2692;-0.013777;2.856606;2.595232;0.5155;0.8135;0.2692;-0.013777;2.586096;1.234902;-0.7523;0.5172;-0.408;-0.492354;2.15377;1.569294;-0.7523;0.5172;-0.408;-0.656775;2.530314;2.349795;-0.7523;0.5172;-0.408;-0.013777;2.586096;1.234902;0.8052;0.3922;-0.4448;-0.013777;3.143931;1.726878;0.8052;0.3922;-0.4448;0.629222;2.530314;2.349794;0.8052;0.3922;-0.4448;-0.656775;2.530314;2.349795;-0.5225;0.523;0.6734;-0.013776;1.874731;3.357774;-0.5225;0.523;0.6734;-0.013777;2.856606;2.595232;-0.5225;0.523;0.6734;0.233573;2.813671;1.941647;-0.7474;0.5181;0.4159;0.963798;4.252746;1.46123;-0.7474;0.5181;0.4159;0.112958;2.759509;1.792364;-0.7474;0.5181;0.4159;0.112958;2.759509;1.792364;-0.6228;-0.0896;-0.7772;1.157298;3.884333;0.825812;-0.6228;-0.0896;-0.7772;0.210835;2.600275;1.732293;-0.6228;-0.0896;-0.7772;-0.013778;2.711678;-1.127496;-0.5397;0.5769;-0.6131;-0.01212;1.862531;-1.927966;-0.5397;0.5769;-0.6131;-0.441665;1.433734;-1.953301;-0.5397;0.5769;-0.6131;0.417425;1.433734;-1.953301;0.5406;0.5776;-0.6117;-0.01212;1.862531;-1.927966;0.5406;0.5776;-0.6117;-0.013778;2.711678;-1.127496;0.5406;0.5776;-0.6117;0.963798;4.252746;1.46123;-0.738;0.4615;-0.4923;1.477735;4.692313;1.102825;-0.738;0.4615;-0.4923;1.157298;3.884333;0.825812;-0.738;0.4615;-0.4923;1.541793;4.758764;1.360752;-0.5183;0.6919;0.5026;0.963798;4.252746;1.46123;-0.5183;0.6919;0.5026;1.460716;4.199093;2.047523;-0.5183;0.6919;0.5026;1.409249;4.786985;1.23894;-0.5887;0.4941;-0.6398;1.470299;4.811795;1.201931;-0.5887;0.4941;-0.6398;1.477735;4.692313;1.102825;-0.5887;0.4941;-0.6398;1.541793;4.758764;1.360752;-0.1469;0.9165;0.3721;1.470299;4.811795;1.201931;-0.1469;0.9165;0.3721;1.409249;4.786985;1.23894;-0.1469;0.9165;0.3721;-0.249184;2.813671;1.941647;0.6306;0.5141;0.5815;-0.979408;4.252746;1.461231;0.6306;0.5141;0.5815;-1.476327;4.199093;2.047523;0.6306;0.5141;0.5815;-0.128569;2.759509;1.792364;0.8126;0.3616;-0.4571;-1.172908;3.884333;0.825812;0.8126;0.3616;-0.4571;-0.979408;4.252746;1.461231;0.8126;0.3616;-0.4571;-0.979408;4.252746;1.461231;0.7179;0.3477;-0.6031;-1.493345;4.692313;1.102825;0.7179;0.3477;-0.6031;-1.424859;4.786985;1.23894;0.7179;0.3477;-0.6031;-0.979408;4.252746;1.461231;0.5183;0.6919;0.5026;-1.557403;4.758764;1.360752;0.5183;0.6919;0.5026;-1.476327;4.199093;2.047523;0.5183;0.6919;0.5026;-1.424859;4.786985;1.23894;0.5887;0.4941;-0.6398;-1.493345;4.692313;1.102825;0.5887;0.4941;-0.6398;-1.48591;4.811795;1.201931;0.5887;0.4941;-0.6398;-1.557403;4.758764;1.360752;0.1469;0.9165;0.3721;-1.424859;4.786985;1.23894;0.1469;0.9165;0.3721;-1.48591;4.811795;1.201931;0.1469;0.9165;0.3721;0.233573;2.813671;1.941647;-0.6306;0.5141;0.5815;1.460716;4.199093;2.047523;-0.6306;0.5141;0.5815;0.963798;4.252746;1.46123;-0.6306;0.5141;0.5815;0.112958;2.759509;1.792364;-0.8126;0.3616;-0.4571;0.963798;4.252746;1.46123;-0.8126;0.3616;-0.4571;1.157298;3.884333;0.825812;-0.8126;0.3616;-0.4571;0.963798;4.252746;1.46123;-0.7179;0.3477;-0.6031;1.409249;4.786985;1.23894;-0.7179;0.3477;-0.6031;1.477735;4.692313;1.102825;-0.7179;0.3477;-0.6031;1.541793;4.758764;1.360752;-0.4455;0.6343;0.6317;1.409249;4.786985;1.23894;-0.4455;0.6343;0.6317;0.963798;4.252746;1.46123;-0.4455;0.6343;0.6317;-0.249184;2.813671;1.941647;0.7474;0.5181;0.4159;-0.128569;2.759509;1.792364;0.7474;0.5181;0.4159;-0.979408;4.252746;1.461231;0.7474;0.5181;0.4159;-0.128569;2.759509;1.792364;0.6228;-0.0896;-0.7772;-0.226445;2.600275;1.732293;0.6228;-0.0896;-0.7772;-1.172908;3.884333;0.825812;0.6228;-0.0896;-0.7772;-0.979408;4.252746;1.461231;0.738;0.4615;-0.4923;-1.172908;3.884333;0.825812;0.738;0.4615;-0.4923;-1.493345;4.692313;1.102825;0.738;0.4615;-0.4923;-0.979408;4.252746;1.461231;0.4455;0.6343;0.6317;-1.424859;4.786985;1.23894;0.4455;0.6343;0.6317;-1.557403;4.758764;1.360752;0.4455;0.6343;0.6317
10
MATERIAL;second;0;count;6;CUSTOM;0.4583297;0.41058245;0.380324;1000;GREY;100000;BROWN;250000;BEIGE;100000;WHITE;400000;DARK_PURPLE;1000000
INFO;NameId;470;DescId;471;price;19000;dpPerMin;82;range;2;placeSound;thud
LIFE;averagePop;4.5;averageLife;27.0;popFactors;0;breedMat;13.5;breedTime;9.767578;parentId;41;count;150;reqs;1;EATING;pnv45;FALL_DEATH;fallTime;1.5;totalTime;2.5;angle;60;particles;0;enviroReqCount;2;reqId;2;barren;0;goodBiomes;1;3;idealFactor;75;influence;0.85;reqId;5;likedSpecies;1;er;influence;0.65
GROWTH;dynamic;1;growthTime;9.0;modelStages;2
MOVEMENT;7;speed;0.5;bounce;1.8;upRot;130;downRot;250;frontZ;2;0.064;0.512;backZ;2;-0.08;-0.2;
AI;PATROL
EATING;maxHunger;40;HungerPerHour;2;eatRadius;0.15;EatingAnims;1;0;DietOptionCount;2;png180;FRUIT;0;pc120;SAMPLE;0
FLEE;safeRange;2.5;land;1;swim;0
NAME
DROP;itemId;140
