1.0
ar
0;1
2
-0.145817;-0.007342;-0.224614;0.132775;0.308722;0.202414;1
78;2
48;0.8163943;0.8075908;0.78046155
0.001752;0.171292;0.105909;-0.7838;-0.5468;0.2943;-0.100695;0.303645;0.079001;-0.7838;-0.5468;0.2943;-0.130495;0.236485;-0.125127;-0.7838;-0.5468;0.2943;0.104199;0.303645;0.079001;0.6915;-0.4151;0.5911;0.001752;0.308722;0.202414;0.6915;-0.4151;0.5911;0.001752;0.171292;0.105909;0.6915;-0.4151;0.5911;0.001752;0.171292;0.105909;-0.6915;-0.4151;0.5911;0.001752;0.308722;0.202414;-0.6915;-0.4151;0.5911;-0.100695;0.303645;0.079001;-0.6915;-0.4151;0.5911;0.104199;0.303645;0.079001;0.785;-0.5495;0.2858;0.001752;0.171292;0.105909;0.785;-0.5495;0.2858;0.131507;0.236485;-0.125127;0.785;-0.5495;0.2858;0.017629;0.233855;0.047715;-0.8191;-0.2822;0.4995;0.132775;-0.007342;0.10027;-0.8191;-0.2822;0.4995;0.047384;0.245849;0.103282;-0.8191;-0.2822;0.4995;-0.010893;0.234374;0.043557;-0.0676;-0.1818;-0.981;-0.125687;-0.006465;0.096112;-0.0676;-0.1818;-0.981;-0.071033;0.256738;0.043557;-0.0676;-0.1818;-0.981;0.077139;0.257842;0.047715;0.0722;-0.1793;-0.9811;0.132775;-0.007342;0.10027;0.0722;-0.1793;-0.9811;0.017629;0.233855;0.047715;0.0722;-0.1793;-0.9811;-0.040963;0.245556;0.099124;0.8191;-0.2813;0.4999;-0.125687;-0.006465;0.096112;0.8191;-0.2813;0.4999;-0.010893;0.234374;0.043557;0.8191;-0.2813;0.4999;-0.011485;0.111429;-0.038766;-0.7857;-0.5429;0.2965;0.001752;0.171292;0.105909;-0.7857;-0.5429;0.2965;-0.130495;0.236485;-0.125127;-0.7857;-0.5429;0.2965;0.001752;0.171292;0.105909;0.7127;-0.6688;0.2115;-0.011485;0.111429;-0.038766;0.7127;-0.6688;0.2115;0.131507;0.236485;-0.125127;0.7127;-0.6688;0.2115;-0.130495;0.236485;-0.125127;-0.7817;-0.5713;0.2499;-0.006741;0.023634;-0.224614;-0.7817;-0.5713;0.2499;-0.011485;0.111429;-0.038766;-0.7817;-0.5713;0.2499;-0.006741;0.023634;-0.224614;0.725;-0.6154;0.3092;0.131507;0.236485;-0.125127;0.725;-0.6154;0.3092;-0.011485;0.111429;-0.038766;0.725;-0.6154;0.3092;-0.006741;0.023634;-0.224614;-0.8611;-0.0204;0.5079;0.132775;0.003116;0.011105;-0.8611;-0.0204;0.5079;0.019203;0.103184;-0.177432;-0.8611;-0.0204;0.5079;0.050843;0.033133;-0.215333;0.1903;-0.9619;-0.1964;0.132775;0.003116;0.011105;0.1903;-0.9619;-0.1964;-0.006741;0.023634;-0.224614;0.1903;-0.9619;-0.1964;-0.006741;0.023634;-0.224614;-0.2667;-0.9339;-0.2381;-0.145817;0.003116;0.011587;-0.2667;-0.9339;-0.2381;-0.060915;0.032022;-0.196845;-0.2667;-0.9339;-0.2381;-0.025833;0.102607;-0.164255;0.8559;-0.1671;0.4894;-0.145817;0.003116;0.011587;0.8559;-0.1671;0.4894;-0.006741;0.023634;-0.224614;0.8559;-0.1671;0.4894
30;-1;0;0
-0.100695;0.303645;0.079001;0.0;0.9991;-0.0411;0.001752;0.308722;0.202414;0.0;0.9991;-0.0411;0.104199;0.303645;0.079001;0.0;0.9991;-0.0411;-0.130495;0.236485;-0.125127;0.0;0.4234;-0.9059;0.131507;0.236485;-0.125127;0.0;0.4234;-0.9059;-0.006741;0.023634;-0.224614;0.0;0.4234;-0.9059;0.047384;0.245849;0.103282;0.8228;0.2716;0.4992;0.132775;-0.007342;0.10027;0.8228;0.2716;0.4992;0.077139;0.257842;0.047715;0.8228;0.2716;0.4992;-0.071033;0.256738;0.043557;-0.8228;0.2706;0.4997;-0.125687;-0.006465;0.096112;-0.8228;0.2706;0.4997;-0.040963;0.245556;0.099124;-0.8228;0.2706;0.4997;-0.100695;0.303645;0.079001;0.0;0.9499;-0.3125;0.104199;0.303645;0.079001;0.0;0.9499;-0.3125;0.131507;0.236485;-0.125127;0.0;0.9499;-0.3125;-0.130495;0.236485;-0.125127;0.0;0.9499;-0.3125;-0.100695;0.303645;0.079001;0.0;0.9499;-0.3125;0.131507;0.236485;-0.125127;0.0;0.9499;-0.3125;0.019203;0.103184;-0.177432;0.8321;0.5027;-0.2344;0.132775;0.003116;0.011105;0.8321;0.5027;-0.2344;0.050843;0.033133;-0.215333;0.8321;0.5027;-0.2344;-0.006741;0.023634;-0.224614;0.058;0.4952;-0.8668;0.019203;0.103184;-0.177432;0.058;0.4952;-0.8668;0.050843;0.033133;-0.215333;0.058;0.4952;-0.8668;-0.060915;0.032022;-0.196845;-0.8123;0.523;-0.2583;-0.145817;0.003116;0.011587;-0.8123;0.523;-0.2583;-0.025833;0.102607;-0.164255;-0.8123;0.523;-0.2583;-0.006741;0.023634;-0.224614;-0.3227;0.5242;-0.788;-0.060915;0.032022;-0.196845;-0.3227;0.5242;-0.788;-0.025833;0.102607;-0.164255;-0.3227;0.5242;-0.788
-0.350888;-5.76E-4;-0.466847;0.362231;0.539363;0.440469;2
144;2
84;0.8163943;0.8075908;0.78046155
-0.19602;0.539363;0.183302;-0.7394;-0.6566;0.1491;0.0012;0.364529;0.391318;-0.7394;-0.6566;0.1491;-0.086613;0.474575;0.440469;-0.7394;-0.6566;0.1491;0.003457;0.276368;0.241159;-0.7563;-0.4746;0.4503;-0.19602;0.539363;0.183302;-0.7563;-0.4746;0.4503;-0.350888;0.456132;-0.164554;-0.7563;-0.4746;0.4503;0.273297;0.123533;-0.466847;0.1499;-0.1547;-0.9765;0.341207;0.03187;-0.441895;0.1499;-0.1547;-0.9765;0.198773;0.02861;-0.463248;0.1499;-0.1547;-0.9765;-0.095575;0.046653;0.3801;0.8637;-0.3195;-0.3899;-0.162897;-5.76E-4;0.26966;0.8637;-0.3195;-0.3899;-0.060914;0.477588;0.103747;0.8637;-0.3195;-0.3899;7.78E-4;0.12933;-0.22602;0.0;-0.8276;-0.5613;-0.052595;0.28112;-0.44982;0.0;-0.8276;-0.5613;0.054151;0.28112;-0.44982;0.0;-0.8276;-0.5613;0.202933;0.539363;0.183302;0.7873;-0.5265;0.321;0.0012;0.364529;0.391318;0.7873;-0.5265;0.321;0.003457;0.276368;0.241159;0.7873;-0.5265;0.321;0.202933;0.539363;0.183302;0.7592;-0.4788;0.4409;0.003457;0.276368;0.241159;0.7592;-0.4788;0.4409;0.352444;0.456132;-0.164554;0.7592;-0.4788;0.4409;7.78E-4;0.130336;0.059022;-0.6805;-0.7328;0.0026;-0.350888;0.456132;-0.164554;-0.6805;-0.7328;0.0026;7.78E-4;0.12933;-0.22602;-0.6805;-0.7328;0.0026;0.11952;0.046653;0.3801;-0.8637;-0.3195;-0.3899;0.084859;0.477588;0.103747;-0.8637;-0.3195;-0.3899;0.186842;-5.76E-4;0.26966;-0.8637;-0.3195;-0.3899;0.058672;0.27941;-0.059428;-0.2596;-0.8582;0.4429;0.198773;0.02861;-0.463248;-0.2596;-0.8582;0.4429;0.297858;0.098701;-0.269362;-0.2596;-0.8582;0.4429;0.198773;0.02861;-0.463248;-0.8675;-0.4973;0.0079;0.058672;0.27941;-0.059428;-0.8675;-0.4973;0.0079;0.054151;0.28112;-0.44982;-0.8675;-0.4973;0.0079;0.198773;0.02861;-0.463248;0.0309;-0.9981;-0.0536;0.341207;0.03187;-0.441895;0.0309;-0.9981;-0.0536;0.362231;0.005911;0.05386;0.0309;-0.9981;-0.0536;0.297858;0.098701;-0.269362;-0.8623;0.4146;0.2908;0.198773;0.02861;-0.463248;-0.8623;0.4146;0.2908;0.362231;0.005911;0.05386;-0.8623;0.4146;0.2908;-0.020248;0.27941;-0.059428;0.2596;-0.8582;0.4429;-0.259434;0.098701;-0.269362;0.2596;-0.8582;0.4429;-0.160349;0.02861;-0.463248;0.2596;-0.8582;0.4429;-0.160349;0.02861;-0.463248;0.9185;-0.3878;-0.0778;-0.052595;0.28112;-0.44982;0.9185;-0.3878;-0.0778;-0.020248;0.27941;-0.059428;0.9185;-0.3878;-0.0778;-0.234873;0.123533;-0.466847;-0.1499;-0.1547;-0.9765;-0.160349;0.02861;-0.463248;-0.1499;-0.1547;-0.9765;-0.302784;0.03187;-0.441895;-0.1499;-0.1547;-0.9765;-0.160349;0.02861;-0.463248;-0.0309;-0.9981;-0.0536;-0.323808;0.005911;0.05386;-0.0309;-0.9981;-0.0536;-0.302784;0.03187;-0.441895;-0.0309;-0.9981;-0.0536;-0.259434;0.098701;-0.269362;0.8623;0.4146;0.2908;-0.323808;0.005911;0.05386;0.8623;0.4146;0.2908;-0.160349;0.02861;-0.463248;0.8623;0.4146;0.2908;0.352444;0.456132;-0.164554;0.6805;-0.7328;0.0026;7.78E-4;0.130336;0.059022;0.6805;-0.7328;0.0026;7.78E-4;0.12933;-0.22602;0.6805;-0.7328;0.0026;7.78E-4;0.130336;0.059022;-0.7457;-0.5144;0.4234;0.003457;0.276368;0.241159;-0.7457;-0.5144;0.4234;-0.350888;0.456132;-0.164554;-0.7457;-0.5144;0.4234;0.003457;0.276368;0.241159;0.7464;-0.5246;0.4096;7.78E-4;0.130336;0.059022;0.7464;-0.5246;0.4096;0.352444;0.456132;-0.164554;0.7464;-0.5246;0.4096;-0.350888;0.456132;-0.164554;-0.6776;-0.6736;-0.2953;-0.052595;0.28112;-0.44982;-0.6776;-0.6736;-0.2953;7.78E-4;0.12933;-0.22602;-0.6776;-0.6736;-0.2953;0.273297;0.123533;-0.466847;-0.0669;0.0147;-0.9976;0.198773;0.02861;-0.463248;-0.0669;0.0147;-0.9976;0.054151;0.28112;-0.44982;-0.0669;0.0147;-0.9976;-0.234873;0.123533;-0.466847;0.0749;0.021;-0.997;-0.052595;0.28112;-0.44982;0.0749;0.021;-0.997;-0.160349;0.02861;-0.463248;0.0749;0.021;-0.997;0.054151;0.28112;-0.44982;0.6776;-0.6736;-0.2953;0.352444;0.456132;-0.164554;0.6776;-0.6736;-0.2953;7.78E-4;0.12933;-0.22602;0.6776;-0.6736;-0.2953;0.093526;0.474575;0.440469;0.0;-0.4078;0.9131;-0.086613;0.474575;0.440469;0.0;-0.4078;0.9131;0.0012;0.364529;0.391318;0.0;-0.4078;0.9131;-0.19602;0.539363;0.183302;-0.7905;-0.5333;0.3012;0.003457;0.276368;0.241159;-0.7905;-0.5333;0.3012;0.0012;0.364529;0.391318;-0.7905;-0.5333;0.3012;0.202933;0.539363;0.183302;0.7269;-0.6723;0.1399;0.093526;0.474575;0.440469;0.7269;-0.6723;0.1399;0.0012;0.364529;0.391318;0.7269;-0.6723;0.1399
60;-1;0;0
-0.302784;0.03187;-0.441895;-0.8789;-0.3268;0.3474;-0.259434;0.098701;-0.269362;-0.8789;-0.3268;0.3474;-0.350888;0.456132;-0.164554;-0.8789;-0.3268;0.3474;-0.234873;0.123533;-0.466847;-0.3958;0.5382;-0.7441;-0.350888;0.456132;-0.164554;-0.3958;0.5382;-0.7441;-0.052595;0.28112;-0.44982;-0.3958;0.5382;-0.7441;-0.350888;0.456132;-0.164554;-0.4504;-0.3554;0.8191;-0.259434;0.098701;-0.269362;-0.4504;-0.3554;0.8191;-0.020248;0.27941;-0.059428;-0.4504;-0.3554;0.8191;-0.350888;0.456132;-0.164554;0.0;0.8524;-0.5229;0.352444;0.456132;-0.164554;0.0;0.8524;-0.5229;-0.052595;0.28112;-0.44982;0.0;0.8524;-0.5229;0.186842;-5.76E-4;0.26966;0.8305;-0.016;-0.5568;0.084859;0.477588;0.103747;0.8305;-0.016;-0.5568;0.254165;0.068249;0.368102;0.8305;-0.016;-0.5568;-0.19602;0.539363;0.183302;0.0;0.9725;-0.2327;0.202933;0.539363;0.183302;0.0;0.9725;-0.2327;0.352444;0.456132;-0.164554;0.0;0.9725;-0.2327;0.341207;0.03187;-0.441895;0.8316;0.5554;-0.0062;0.297858;0.098701;-0.269362;0.8316;0.5554;-0.0062;0.362231;0.005911;0.05386;0.8316;0.5554;-0.0062;-0.302784;0.03187;-0.441895;-0.8316;0.5554;-0.0062;-0.323808;0.005911;0.05386;-0.8316;0.5554;-0.0062;-0.259434;0.098701;-0.269362;-0.8316;0.5554;-0.0062;-0.19602;0.539363;0.183302;0.0;0.9697;0.2443;0.093526;0.474575;0.440469;0.0;0.9697;0.2443;0.202933;0.539363;0.183302;0.0;0.9697;0.2443;-0.162897;-5.76E-4;0.26966;-0.8305;-0.016;-0.5568;-0.230219;0.068249;0.368102;-0.8305;-0.016;-0.5568;-0.060914;0.477588;0.103747;-0.8305;-0.016;-0.5568;0.254165;0.068249;0.368102;-0.0114;0.5391;0.8421;0.084859;0.477588;0.103747;-0.0114;0.5391;0.8421;0.11952;0.046653;0.3801;-0.0114;0.5391;0.8421;-0.230219;0.068249;0.368102;0.0114;0.5391;0.8421;-0.095575;0.046653;0.3801;0.0114;0.5391;0.8421;-0.060914;0.477588;0.103747;0.0114;0.5391;0.8421;0.341207;0.03187;-0.441895;0.9175;-0.2343;0.3213;0.352444;0.456132;-0.164554;0.9175;-0.2343;0.3213;0.297858;0.098701;-0.269362;0.9175;-0.2343;0.3213;0.273297;0.123533;-0.466847;0.3597;0.5792;-0.7315;0.054151;0.28112;-0.44982;0.3597;0.5792;-0.7315;0.352444;0.456132;-0.164554;0.3597;0.5792;-0.7315;0.352444;0.456132;-0.164554;0.4815;-0.3135;0.8185;0.058672;0.27941;-0.059428;0.4815;-0.3135;0.8185;0.297858;0.098701;-0.269362;0.4815;-0.3135;0.8185;-0.302784;0.03187;-0.441895;-0.6915;0.3387;-0.638;-0.350888;0.456132;-0.164554;-0.6915;0.3387;-0.638;-0.234873;0.123533;-0.466847;-0.6915;0.3387;-0.638;-0.350888;0.456132;-0.164554;0.0;0.9725;-0.2327;-0.19602;0.539363;0.183302;0.0;0.9725;-0.2327;0.352444;0.456132;-0.164554;0.0;0.9725;-0.2327;0.341207;0.03187;-0.441895;0.7157;0.3688;-0.5931;0.273297;0.123533;-0.466847;0.7157;0.3688;-0.5931;0.352444;0.456132;-0.164554;0.7157;0.3688;-0.5931;0.352444;0.456132;-0.164554;0.0;0.8524;-0.5229;0.054151;0.28112;-0.44982;0.0;0.8524;-0.5229;-0.052595;0.28112;-0.44982;0.0;0.8524;-0.5229;-0.19602;0.539363;0.183302;0.0;0.9697;0.2443;-0.086613;0.474575;0.440469;0.0;0.9697;0.2443;0.093526;0.474575;0.440469;0.0;0.9697;0.2443
7
MATERIAL;second;0;count;6;CUSTOM;0.47674498;0.4154984;0.23669046;3000;DARK_GREEN;50000;MUD;100000;DARK_PURPLE;700000;BLACK;1000000;CYAN;1500000;
INFO;NameId;417;DescId;418;price;42000;dpPerMin;107;range;2;placeSound;frog0
LIFE;averagePop;4.1;averageLife;23.5;popFactors;0;breedMat;11.75;breedTime;8.498861;parentId;38;count;150;reqs;2;LIFE;type;2;enviroType;2;amount;0.95;MATERIAL;col;MUD;FALL_DEATH;fallTime;1.5;totalTime;2.5;angle;60;particles;0;enviroReqCount;2;reqId;2;barren;0;goodBiomes;2;6;5;idealFactor;90;influence;0.8;reqId;5;likedSpecies;2;pnm;er;influence;0.5
GROWTH;dynamic;1;growthTime;7.8333335;modelStages;2
MOVEMENT;6;speed;0.5;power;2.2;wait;0.7;bounciness;0.45
AI;PATROL
FLINGING;minTime;15;maxTime;30
