0.3
afs
1;0;-0.3
2
-0.180622;0.111308;-1.443994;0.225255;2.759136;1.971278;1
48;2
18;0.90354544;0.90354544;0.90354544
0.109379;1.427401;-1.101581;0.9962;-0.0;-0.0876;0.079259;0.889904;-1.443994;0.9962;-0.0;-0.0876;0.079259;1.964898;-1.443994;0.9962;-0.0;-0.0876;0.049139;1.427401;-1.101581;-0.9962;0.0;-0.0876;0.079259;1.964898;-1.443994;-0.9962;0.0;-0.0876;0.079259;0.889904;-1.443994;-0.9962;0.0;-0.0876;0.022316;2.360252;0.647038;-0.9816;-0.0591;0.1816;-0.180622;1.004525;-0.890306;-0.9816;-0.0591;0.1816;-0.054861;0.111308;-0.501089;-0.9816;-0.0591;0.1816;0.022316;2.360252;0.647038;0.9928;0.1163;0.0285;0.225255;1.004525;-0.890306;0.9928;0.1163;0.0285;0.022316;2.759136;-0.980668;0.9928;0.1163;0.0285;0.022316;2.360252;0.647038;-0.9928;0.1163;0.0285;0.022316;2.759136;-0.980668;-0.9928;0.1163;0.0285;-0.180622;1.004525;-0.890306;-0.9928;0.1163;0.0285;0.022316;2.360252;0.647038;0.9816;-0.0591;0.1816;0.099494;0.111308;-0.501089;0.9816;-0.0591;0.1816;0.225255;1.004525;-0.890306;0.9816;-0.0591;0.1816
30;-1.0;0.0;0.0
0.079259;1.392488;-0.327912;-0.9963;-0.0783;0.0353;0.049139;1.427401;-1.101581;-0.9963;-0.0783;0.0353;0.079259;0.889904;-1.443994;-0.9963;-0.0783;0.0353;0.079259;1.392488;-0.327912;-0.9957;0.0829;0.0425;0.079259;1.964898;-1.443994;-0.9957;0.0829;0.0425;0.049139;1.427401;-1.101581;-0.9957;0.0829;0.0425;0.079259;1.392488;-0.327912;0.9963;-0.0783;0.0353;0.079259;0.889904;-1.443994;0.9963;-0.0783;0.0353;0.109379;1.427401;-1.101581;0.9963;-0.0783;0.0353;0.079259;1.392488;-0.327912;0.9957;0.0829;0.0425;0.109379;1.427401;-1.101581;0.9957;0.0829;0.0425;0.079259;1.964898;-1.443994;0.9957;0.0829;0.0425;0.022316;2.360252;0.647038;0.9995;0.0258;0.0167;0.022316;1.50412;1.971278;0.9995;0.0258;0.0167;0.099494;0.111308;-0.501089;0.9995;0.0258;0.0167;0.099494;0.111308;-0.501089;0.0;-0.8713;0.4908;0.022316;1.50412;1.971278;0.0;-0.8713;0.4908;-0.054861;0.111308;-0.501089;0.0;-0.8713;0.4908;-0.054861;0.111308;-0.501089;-0.9995;0.0258;0.0167;0.022316;1.50412;1.971278;-0.9995;0.0258;0.0167;0.022316;2.360252;0.647038;-0.9995;0.0258;0.0167;0.022316;2.759136;-0.980668;0.0;-0.0514;-0.9987;0.225255;1.004525;-0.890306;0.0;-0.0514;-0.9987;-0.180622;1.004525;-0.890306;0.0;-0.0514;-0.9987;-0.054861;0.111308;-0.501089;0.0;-0.3995;-0.9167;0.225255;1.004525;-0.890306;0.0;-0.3995;-0.9167;0.099494;0.111308;-0.501089;0.0;-0.3995;-0.9167;-0.054861;0.111308;-0.501089;0.0;-0.3995;-0.9167;-0.180622;1.004525;-0.890306;0.0;-0.3995;-0.9167;0.225255;1.004525;-0.890306;0.0;-0.3995;-0.9167
-1.871367;-0.098324;-2.887989;1.8042;6.020543;4.055941;2
126;3
36;0.90354544;0.90354544;0.90354544
0.017907;-0.098324;-1.135606;0.9511;-0.2752;0.1404;0.777549;2.840769;-0.519445;0.9511;-0.2752;0.1404;0.160879;2.798245;3.574825;0.9511;-0.2752;0.1404;0.017908;4.906178;1.33712;0.9582;0.2713;0.0902;0.777549;2.840769;-0.519445;0.9582;0.2713;0.0902;0.017907;6.020543;-2.014899;0.9582;0.2713;0.0902;0.017907;-0.098324;-1.135606;-0.9539;-0.2728;0.1251;-0.19254;2.798245;3.574825;-0.9539;-0.2728;0.1251;-0.741734;2.840769;-0.519445;-0.9539;-0.2728;0.1251;0.017908;4.906178;1.33712;-0.9582;0.2713;0.0902;0.017907;6.020543;-2.014899;-0.9582;0.2713;0.0902;-0.741734;2.840769;-0.519445;-0.9582;0.2713;0.0902;0.172789;2.854802;-2.203163;0.9754;0.0;-0.2206;0.017907;1.050984;-2.887989;0.9754;0.0;-0.2206;0.017907;4.658619;-2.887988;0.9754;0.0;-0.2206;1.019993;2.268387;0.649269;0.6465;0.5118;0.5658;0.276092;2.518772;1.272743;0.6465;0.5118;0.5658;1.8042;1.53555;0.416157;0.6465;0.5118;0.5658;1.8042;1.53555;0.416157;-0.6277;-0.7219;-0.2912;0.276092;2.518772;1.272743;-0.6277;-0.7219;-0.2912;1.177539;2.41516;-0.413723;-0.6277;-0.7219;-0.2912;1.177539;2.41516;-0.413723;0.4508;0.8728;0.1873;0.276092;2.518772;1.272743;0.4508;0.8728;0.1873;1.019993;2.268387;0.649269;0.4508;0.8728;0.1873;-1.119867;2.29408;0.766913;-0.5437;0.4055;0.7348;-1.871367;1.53555;0.629473;-0.5437;0.4055;0.7348;-0.30385;2.518772;1.246696;-0.5437;0.4055;0.7348;-1.871367;1.53555;0.629473;0.5938;-0.7149;-0.3692;-1.383349;2.41516;-0.28881;0.5938;-0.7149;-0.3692;-0.30385;2.518772;1.246696;0.5938;-0.7149;-0.3692;-1.383349;2.41516;-0.28881;-0.3656;0.91;0.1956;-1.119867;2.29408;0.766913;-0.3656;0.91;0.1956;-0.30385;2.518772;1.246696;-0.3656;0.91;0.1956;-0.136974;2.854802;-2.203163;-0.9754;0.0;-0.2206;0.017907;4.658619;-2.887988;-0.9754;0.0;-0.2206;0.017907;1.050984;-2.887989;-0.9754;0.0;-0.2206
51;-1.0;0.0;0.0
0.777549;2.840769;-0.519445;0.8545;-0.0394;-0.5179;0.017908;3.414444;-1.816403;0.8545;-0.0394;-0.5179;0.017907;6.020543;-2.014899;0.8545;-0.0394;-0.5179;-0.741734;2.840769;-0.519445;-0.8865;-0.1364;-0.4421;0.017907;2.10771;-1.816403;-0.8865;-0.1364;-0.4421;0.017907;-0.098324;-1.135606;-0.8865;-0.1364;-0.4421;-0.011765;3.250863;3.574825;-0.964;0.2198;0.1498;0.017908;4.906178;1.33712;-0.964;0.2198;0.1498;-0.741734;2.840769;-0.519445;-0.964;0.2198;0.1498;0.777549;2.840769;-0.519445;0.9645;0.2061;0.1653;0.017908;4.906178;1.33712;0.9645;0.2061;0.1653;-0.011765;3.250863;3.574825;0.9645;0.2061;0.1653;-0.19254;2.798245;3.574825;-0.0;-0.8518;0.5238;0.017907;-0.098324;-1.135606;-0.0;-0.8518;0.5238;0.160879;2.798245;3.574825;-0.0;-0.8518;0.5238;0.777549;2.840769;-0.519445;0.8865;-0.1364;-0.4421;0.017907;-0.098324;-1.135606;0.8865;-0.1364;-0.4421;0.017907;2.10771;-1.816403;0.8865;-0.1364;-0.4421;-0.741734;2.840769;-0.519445;-0.8545;-0.0394;-0.5179;0.017907;6.020543;-2.014899;-0.8545;-0.0394;-0.5179;0.017908;3.414444;-1.816403;-0.8545;-0.0394;-0.5179;0.017907;2.10771;-1.816403;-0.9819;-0.1348;0.1329;-0.136974;2.854802;-2.203163;-0.9819;-0.1348;0.1329;0.017907;1.050984;-2.887989;-0.9819;-0.1348;0.1329;0.017908;3.414444;-1.816403;-0.9686;0.2466;0.031;-0.136974;2.854802;-2.203163;-0.9686;0.2466;0.031;-0.136271;2.808877;-1.816403;-0.9686;0.2466;0.031;0.017907;2.10771;-1.816403;0.9764;-0.2147;-0.0237;0.172789;2.854802;-2.203163;0.9764;-0.2147;-0.0237;0.172086;2.808877;-1.816403;0.9764;-0.2147;-0.0237;0.017908;3.414444;-1.816403;0.9734;0.1495;0.1735;0.172789;2.854802;-2.203163;0.9734;0.1495;0.1735;0.017907;4.658619;-2.887988;0.9734;0.1495;0.1735;1.019993;2.268387;0.649269;0.7;0.686;0.1985;1.8042;1.53555;0.416157;0.7;0.686;0.1985;1.177539;2.41516;-0.413723;0.7;0.686;0.1985;-1.119867;2.29408;0.766913;-0.7099;0.6575;0.2526;-1.383349;2.41516;-0.28881;-0.7099;0.6575;0.2526;-1.871367;1.53555;0.629473;-0.7099;0.6575;0.2526;0.017907;2.10771;-1.816403;-0.9764;-0.2147;-0.0237;-0.136271;2.808877;-1.816403;-0.9764;-0.2147;-0.0237;-0.136974;2.854802;-2.203163;-0.9764;-0.2147;-0.0237;0.017908;3.414444;-1.816403;-0.9734;0.1495;0.1735;0.017907;4.658619;-2.887988;-0.9734;0.1495;0.1735;-0.136974;2.854802;-2.203163;-0.9734;0.1495;0.1735;0.017907;2.10771;-1.816403;0.9819;-0.1348;0.1329;0.017907;1.050984;-2.887989;0.9819;-0.1348;0.1329;0.172789;2.854802;-2.203163;0.9819;-0.1348;0.1329;0.017908;3.414444;-1.816403;0.9686;0.2466;0.031;0.172086;2.808877;-1.816403;0.9686;0.2466;0.031;0.172789;2.854802;-2.203163;0.9686;0.2466;0.031
39;0.26133108;0.23863558;0.23267354
-0.011765;3.250863;3.574825;-0.9211;0.3679;0.1274;-0.741734;2.840769;-0.519445;-0.9211;0.3679;0.1274;-0.19254;2.798245;3.574825;-0.9211;0.3679;0.1274;0.777549;2.840769;-0.519445;0.9247;0.3527;0.1429;-0.011765;3.250863;3.574825;0.9247;0.3527;0.1429;0.160879;2.798245;3.574825;0.9247;0.3527;0.1429;-0.162148;2.950454;4.008054;-0.9267;0.3701;-0.065;-0.011765;3.250863;3.574825;-0.9267;0.3701;-0.065;-0.19254;2.798245;3.574825;-0.9267;0.3701;-0.065;-0.011765;3.250863;3.574825;0.9343;0.3564;-0.0087;0.106838;2.950454;4.008055;0.9343;0.3564;-0.0087;0.160879;2.798245;3.574825;0.9343;0.3564;-0.0087;0.777549;2.840769;-0.519445;0.8904;-0.1958;-0.4109;0.017907;2.10771;-1.816403;0.8904;-0.1958;-0.4109;0.172086;2.808877;-1.816403;0.8904;-0.1958;-0.4109;-0.741734;2.840769;-0.519445;-0.8809;0.2243;-0.4168;0.017908;3.414444;-1.816403;-0.8809;0.2243;-0.4168;-0.136271;2.808877;-1.816403;-0.8809;0.2243;-0.4168;0.010188;3.089791;4.055941;-0.0;-0.325;0.9457;-0.162148;2.950454;4.008054;-0.0;-0.325;0.9457;0.106838;2.950454;4.008055;-0.0;-0.325;0.9457;-0.19254;2.798245;3.574825;0.0;-0.9435;0.3315;0.106838;2.950454;4.008055;0.0;-0.9435;0.3315;-0.162148;2.950454;4.008054;0.0;-0.9435;0.3315;-0.162148;2.950454;4.008054;-0.6497;0.7115;0.2678;0.010188;3.089791;4.055941;-0.6497;0.7115;0.2678;-0.011765;3.250863;3.574825;-0.6497;0.7115;0.2678;-0.011765;3.250863;3.574825;0.8355;0.5315;0.1398;0.010188;3.089791;4.055941;0.8355;0.5315;0.1398;0.106838;2.950454;4.008055;0.8355;0.5315;0.1398;0.777549;2.840769;-0.519445;0.8809;0.2243;-0.4168;0.172086;2.808877;-1.816403;0.8809;0.2243;-0.4168;0.017908;3.414444;-1.816403;0.8809;0.2243;-0.4168;-0.741734;2.840769;-0.519445;-0.8904;-0.1958;-0.4109;-0.136271;2.808877;-1.816403;-0.8904;-0.1958;-0.4109;0.017907;2.10771;-1.816403;-0.8904;-0.1958;-0.4109;-0.19254;2.798245;3.574825;0.0;-0.9435;0.3315;0.160879;2.798245;3.574825;0.0;-0.9435;0.3315;0.106838;2.950454;4.008055;0.0;-0.9435;0.3315
8
MATERIAL;second;0;count;5;CUSTOM;1.0;0.49729845;0.32404163;100;YELLOW;20000;CYAN;150000;PURPLE;1000000;BLACK;5000000
INFO;NameId;408;DescId;409;price;14400;dpPerMin;55;range;2;placeSound;splash
LIFE;averagePop;7.0;averageLife;22.0;popFactors;1;0.1;breedMat;11.0;breedTime;7.959738;parentId;15;chance;150;reqCount;2;LIFE;type;2;enviroType;1;biome;TROPICAL;amount;0.15;LIFE;type;2;enviroType;0;classification;pnw136;count;2;FLOAT_DEATH;deathRot;180;enviroReqCount;2;reqId;2;barren;0;goodBiomes;2;9;2;idealFactor;85;influence;0.9;reqId;5;likedSpecies;1;pnw136;influence;0.8
GROWTH;dynamic;1;growthTime;7.3333335;modelStages;2
MOVEMENT;9;speed;0.6;xRot;2;minRot;-12;maxRot;12;rockSpeed;2;swimHeight;4;eggStage;0;swimFactor;1;swimInertia;0.25
AI;SWIM
FLEE;safeRange;2.5;land;0;swim;1;
FOOD;1;903;15;WHOLE;PARTICLE_DEATH;isColour;1;Spawn;0;PPS;8;Speed;0.6;Gravity;0.2;Life;0.5;Scale;0.02;Colour;0.7;0.2;0.2;Additive;0;Alpha;1;FadeIn;0.1;FadeOut;0.8;HasDir;1;Dir;0;1;0;Deviation;0.3;Offset;0;0;0;LifeError;0.4;ScaleError;0.1;SpeedError;0.1;RandomRot;1;HasXRot;0
