0.75
ahl
0;1
2
-0.403242;0.025172;-0.806268;0.364865;1.330129;1.123865;1
372;4
6;0.22457327;0.22457327;0.22457327
0.029275;0.738536;1.123865;0.0;0.4353;0.9003;-0.018977;0.771456;1.107947;0.0;0.4353;0.9003;-0.067229;0.738536;1.123865;0.0;0.4353;0.9003;-0.018977;0.680105;1.101161;0.0;-0.3622;0.9321;0.029275;0.738536;1.123865;0.0;-0.3622;0.9321;-0.067229;0.738536;1.123865;0.0;-0.3622;0.9321
24;0.81070745;0.69787306;0.5830616
-0.018977;0.865981;1.015078;-0.236;0.681;0.6932;-0.067229;0.738536;1.123865;-0.236;0.681;0.6932;-0.018977;0.771456;1.107947;-0.236;0.681;0.6932;-0.018977;0.865981;1.015078;0.3298;0.682;0.6528;0.029275;0.738536;1.123865;0.3298;0.682;0.6528;0.204629;0.795164;0.976111;0.3298;0.682;0.6528;-0.018977;0.640404;1.009038;-0.5625;-0.7303;0.3877;-0.067229;0.738536;1.123865;-0.5625;-0.7303;0.3877;-0.242582;0.795164;0.976111;-0.5625;-0.7303;0.3877;-0.018977;0.640404;1.009038;0.6794;-0.6739;0.2904;0.029275;0.738536;1.123865;0.6794;-0.6739;0.2904;-0.018977;0.680105;1.101161;0.6794;-0.6739;0.2904;-0.018977;0.865981;1.015078;-0.3298;0.682;0.6528;-0.242582;0.795164;0.976111;-0.3298;0.682;0.6528;-0.067229;0.738536;1.123865;-0.3298;0.682;0.6528;-0.018977;0.865981;1.015078;0.236;0.681;0.6932;-0.018977;0.771456;1.107947;0.236;0.681;0.6932;0.029275;0.738536;1.123865;0.236;0.681;0.6932;-0.018977;0.640404;1.009038;-0.6794;-0.6739;0.2904;-0.018977;0.680105;1.101161;-0.6794;-0.6739;0.2904;-0.067229;0.738536;1.123865;-0.6794;-0.6739;0.2904;-0.018977;0.640404;1.009038;0.5625;-0.7303;0.3877;0.204629;0.795164;0.976111;0.5625;-0.7303;0.3877;0.029275;0.738536;1.123865;0.5625;-0.7303;0.3877
252;-1;0;0
-0.019188;1.230756;-0.107929;0.6134;0.7722;-0.1655;0.364865;0.998286;0.230751;0.6134;0.7722;-0.1655;0.315885;0.913881;-0.344475;0.6134;0.7722;-0.1655;-0.019188;1.261927;0.347222;-0.6238;0.7341;0.2681;-0.260877;0.990732;0.527474;-0.6238;0.7341;0.2681;-0.019188;1.162828;0.618562;-0.6238;0.7341;0.2681;-0.019188;0.555533;0.249831;-0.6899;-0.7225;-0.0449;-0.354513;0.912652;-0.344775;-0.6899;-0.7225;-0.0449;0.006231;0.575064;-0.455039;-0.6899;-0.7225;-0.0449;-0.371165;0.920725;-0.620932;-0.9832;-0.1745;0.0542;-0.275525;0.436197;-0.445936;-0.9832;-0.1745;0.0542;-0.354513;0.912652;-0.344775;-0.9832;-0.1745;0.0542;-0.019188;0.555533;0.249831;0.7557;-0.6541;0.0316;0.315885;0.913881;-0.344475;0.7557;-0.6541;0.0316;0.364865;0.998286;0.230751;0.7557;-0.6541;0.0316;-0.403242;0.998286;0.230751;-0.614;0.7715;-0.1668;-0.019188;1.230756;-0.107929;-0.614;0.7715;-0.1668;-0.354513;0.912652;-0.344775;-0.614;0.7715;-0.1668;-0.019188;1.162828;0.618562;-0.4536;0.8385;-0.3018;-0.388929;1.026299;0.794935;-0.4536;0.8385;-0.3018;-0.018977;1.250753;0.862529;-0.4536;0.8385;-0.3018;-0.019188;1.261927;0.347222;0.6001;0.7387;0.3067;0.222501;0.990732;0.527474;0.6001;0.7387;0.3067;0.364865;0.998286;0.230751;0.6001;0.7387;0.3067;-0.260877;0.990732;0.527474;-0.9238;-0.0293;0.3817;-0.325638;0.399002;0.325312;-0.9238;-0.0293;0.3817;-0.271359;0.394561;0.456326;-0.9238;-0.0293;0.3817;0.222501;0.990732;0.527474;0.901;-0.0477;0.4311;0.287897;0.399002;0.325311;0.901;-0.0477;0.4311;0.364865;0.998286;0.230751;0.901;-0.0477;0.4311;0.332788;0.920725;-0.620932;0.2297;0.3984;-0.888;-0.019188;0.710578;-0.806268;0.2297;0.3984;-0.888;-0.019188;1.207437;-0.583327;0.2297;0.3984;-0.888;0.315885;0.913881;-0.344475;0.673;0.7387;-0.0362;-0.019188;1.207437;-0.583327;0.673;0.7387;-0.0362;-0.019188;1.230756;-0.107929;0.673;0.7387;-0.0362;0.237784;0.436197;-0.445936;0.9834;-0.1726;0.0559;0.332788;0.920725;-0.620932;0.9834;-0.1726;0.0559;0.315885;0.913881;-0.344475;0.9834;-0.1726;0.0559;-0.354513;0.912652;-0.344775;-0.6343;0.7707;0.0608;-0.019188;1.207437;-0.583327;-0.6343;0.7707;0.0608;-0.371165;0.920725;-0.620932;-0.6343;0.7707;0.0608;-0.013962;0.667158;0.570705;0.5642;-0.8245;-0.0439;0.204629;0.795164;0.976111;0.5642;-0.8245;-0.0439;-0.018977;0.640404;1.009038;0.5642;-0.8245;-0.0439;-0.019188;1.162828;0.618562;0.4757;0.8269;-0.3001;0.33813;1.013506;0.773487;0.4757;0.8269;-0.3001;0.222501;0.990732;0.527474;0.4757;0.8269;-0.3001;-0.260877;0.990732;0.527474;-0.7458;-0.6061;-0.2765;-0.013962;0.667158;0.570705;-0.7458;-0.6061;-0.2765;-0.388929;1.026299;0.794935;-0.7458;-0.6061;-0.2765;-0.013962;0.667158;0.570705;0.7511;-0.5888;-0.2985;0.222501;0.990732;0.527474;0.7511;-0.5888;-0.2985;0.33813;1.013506;0.773487;0.7511;-0.5888;-0.2985;-0.388929;1.026299;0.794935;-0.3661;0.343;0.8651;-0.018977;0.865981;1.015078;-0.3661;0.343;0.8651;-0.018977;1.250753;0.862529;-0.3661;0.343;0.8651;0.33813;1.013506;0.773487;0.3075;0.5395;0.7839;-0.018977;0.865981;1.015078;0.3075;0.5395;0.7839;0.204629;0.795164;0.976111;0.3075;0.5395;0.7839;-0.013962;0.667158;0.570705;-0.7396;-0.6375;-0.2158;-0.242582;0.795164;0.976111;-0.7396;-0.6375;-0.2158;-0.388929;1.026299;0.794935;-0.7396;-0.6375;-0.2158;-0.271359;0.394561;0.456326;-0.926;0.2572;0.2764;-0.370734;0.026973;0.465474;-0.926;0.2572;0.2764;-0.34112;0.026271;0.565333;-0.926;0.2572;0.2764;-0.019188;0.555533;0.249831;-0.1513;-0.1732;-0.9732;-0.325638;0.399002;0.325312;-0.1513;-0.1732;-0.9732;-0.403242;0.998286;0.230751;-0.1513;-0.1732;-0.9732;-0.013962;0.667158;0.570705;0.0482;-0.4248;0.904;-0.271359;0.394561;0.456326;0.0482;-0.4248;0.904;-0.161962;0.394562;0.450493;0.0482;-0.4248;0.904;-0.235924;0.030699;0.460645;0.0271;-0.9995;-0.0151;-0.34112;0.026271;0.565333;0.0271;-0.9995;-0.0151;-0.370734;0.026973;0.465474;0.0271;-0.9995;-0.0151;-0.325638;0.399002;0.325312;-0.0239;-0.3499;-0.9365;-0.235924;0.030699;0.460645;-0.0239;-0.3499;-0.9365;-0.370734;0.026973;0.465474;-0.0239;-0.3499;-0.9365;-0.271359;0.394561;0.456326;0.0512;0.2738;0.9604;-0.224643;0.025172;0.559158;0.0512;0.2738;0.9604;-0.161962;0.394562;0.450493;0.0512;0.2738;0.9604;-0.304264;0.437088;-0.645282;-0.0937;0.0204;-0.9954;-0.219088;0.044917;-0.661347;-0.0937;0.0204;-0.9954;-0.35464;0.04596;-0.648563;-0.0937;0.0204;-0.9954;-0.228354;0.042321;-0.571194;-0.0105;-0.9995;-0.0299;-0.35464;0.04596;-0.648563;-0.0105;-0.9995;-0.0299;-0.219088;0.044917;-0.661347;-0.0105;-0.9995;-0.0299;-0.304264;0.437088;-0.645282;-0.9836;0.111;0.1423;-0.334251;0.042122;-0.544385;-0.9836;0.111;0.1423;-0.275525;0.436197;-0.445936;-0.9836;0.111;0.1423;-0.275525;0.436197;-0.445936;0.2678;-0.2627;0.927;-0.228354;0.042321;-0.571194;0.2678;-0.2627;0.927;-0.126263;0.403048;-0.498458;0.2678;-0.2627;0.927;0.113946;1.321529;0.826306;-0.3934;0.1791;-0.9018;0.265073;1.330129;0.762086;-0.3934;0.1791;-0.9018;0.064096;1.004724;0.785114;-0.3934;0.1791;-0.9018;-0.309415;1.32612;0.761932;-0.3044;-0.253;-0.9183;-0.108438;1.000714;0.784961;-0.3044;-0.253;-0.9183;-0.371173;1.185679;0.821093;-0.3044;-0.253;-0.9183;0.265073;1.330129;0.762086;0.3044;-0.253;-0.9183;0.326832;1.189688;0.821247;0.3044;-0.253;-0.9183;0.064096;1.004724;0.785114;0.3044;-0.253;-0.9183;-0.158287;1.31752;0.826152;0.3934;0.1791;-0.9018;-0.108438;1.000714;0.784961;0.3934;0.1791;-0.9018;-0.309415;1.32612;0.761932;0.3934;0.1791;-0.9018;0.233618;0.394561;0.456326;0.8914;0.2504;0.3778;0.332993;0.026973;0.465474;0.8914;0.2504;0.3778;0.287897;0.399002;0.325311;0.8914;0.2504;0.3778;0.287897;0.399002;0.325311;0.1511;-0.173;-0.9733;-0.019188;0.555533;0.249831;0.1511;-0.173;-0.9733;0.364865;0.998286;0.230751;0.1511;-0.173;-0.9733;-0.013962;0.667158;0.570705;0.318;-0.1065;0.9421;0.233618;0.394561;0.456326;0.318;-0.1065;0.9421;0.222501;0.990732;0.527474;0.318;-0.1065;0.9421;0.303379;0.026271;0.565333;-0.0271;-0.9995;-0.0151;0.198183;0.030699;0.460645;-0.0271;-0.9995;-0.0151;0.332993;0.026973;0.465474;-0.0271;-0.9995;-0.0151;0.287897;0.399002;0.325311;0.0976;-0.3641;-0.9262;0.198183;0.030699;0.460645;0.0976;-0.3641;-0.9262;0.161688;0.399835;0.311684;0.0976;-0.3641;-0.9262;0.186902;0.025172;0.559158;-0.0512;0.2738;0.9604;0.233618;0.394561;0.456326;-0.0512;0.2738;0.9604;0.124221;0.394562;0.450493;-0.0512;0.2738;0.9604;0.266523;0.437088;-0.645282;0.1353;0.0112;-0.9907;0.181347;0.044917;-0.661347;0.1353;0.0112;-0.9907;0.075462;0.373083;-0.672094;0.1353;0.0112;-0.9907;0.190612;0.042321;-0.571194;0.0071;-0.9993;-0.0354;0.316899;0.04596;-0.648563;0.0071;-0.9993;-0.0354;0.296509;0.042122;-0.544385;0.0071;-0.9993;-0.0354;0.296509;0.042122;-0.544385;0.9836;0.111;0.1423;0.266523;0.437088;-0.645282;0.9836;0.111;0.1423;0.237784;0.436197;-0.445936;0.9836;0.111;0.1423;0.190612;0.042321;-0.571194;-0.2678;-0.2627;0.927;0.237784;0.436197;-0.445936;-0.2678;-0.2627;0.927;0.088522;0.403048;-0.498458;-0.2678;-0.2627;0.927;-0.019188;1.230756;-0.107929;0.5532;0.8311;-0.0569;-0.019188;1.261927;0.347222;0.5532;0.8311;-0.0569;0.364865;0.998286;0.230751;0.5532;0.8311;-0.0569;-0.019188;1.261927;0.347222;-0.6001;0.7387;0.3067;-0.403242;0.998286;0.230751;-0.6001;0.7387;0.3067;-0.260877;0.990732;0.527474;-0.6001;0.7387;0.3067;-0.019188;0.555533;0.249831;-0.7557;-0.6541;0.0333;-0.403242;0.998286;0.230751;-0.7557;-0.6541;0.0333;-0.354513;0.912652;-0.344775;-0.7557;-0.6541;0.0333;-0.371165;0.920725;-0.620932;-0.9797;-0.1426;0.1406;-0.304264;0.437088;-0.645282;-0.9797;-0.1426;0.1406;-0.275525;0.436197;-0.445936;-0.9797;-0.1426;0.1406;-0.019188;0.555533;0.249831;0.7369;-0.676;0.0078;0.006231;0.575064;-0.455039;0.7369;-0.676;0.0078;0.315885;0.913881;-0.344475;0.7369;-0.676;0.0078;-0.403242;0.998286;0.230751;-0.5532;0.8311;-0.0569;-0.019188;1.261927;0.347222;-0.5532;0.8311;-0.0569;-0.019188;1.230756;-0.107929;-0.5532;0.8311;-0.0569;-0.019188;1.162828;0.618562;-0.4616;0.8232;-0.3305;-0.260877;0.990732;0.527474;-0.4616;0.8232;-0.3305;-0.388929;1.026299;0.794935;-0.4616;0.8232;-0.3305;-0.019188;1.261927;0.347222;0.6238;0.7341;0.2681;-0.019188;1.162828;0.618562;0.6238;0.7341;0.2681;0.222501;0.990732;0.527474;0.6238;0.7341;0.2681;-0.260877;0.990732;0.527474;-0.901;-0.0487;0.4311;-0.403242;0.998286;0.230751;-0.901;-0.0487;0.4311;-0.325638;0.399002;0.325312;-0.901;-0.0487;0.4311;0.222501;0.990732;0.527474;0.9238;-0.0283;0.3818;0.233618;0.394561;0.456326;0.9238;-0.0283;0.3818;0.287897;0.399002;0.325311;0.9238;-0.0283;0.3818;0.315885;0.913881;-0.344475;0.6342;0.771;0.0579;0.332788;0.920725;-0.620932;0.6342;0.771;0.0579;-0.019188;1.207437;-0.583327;0.6342;0.771;0.0579;0.237784;0.436197;-0.445936;0.9799;-0.1413;0.1406;0.266523;0.437088;-0.645282;0.9799;-0.1413;0.1406;0.332788;0.920725;-0.620932;0.9799;-0.1413;0.1406;-0.354513;0.912652;-0.344775;-0.6742;0.7377;-0.0362;-0.019188;1.230756;-0.107929;-0.6742;0.7377;-0.0362;-0.019188;1.207437;-0.583327;-0.6742;0.7377;-0.0362;-0.371165;0.920725;-0.620932;-0.2297;0.3984;-0.888;-0.019188;1.207437;-0.583327;-0.2297;0.3984;-0.888;-0.019188;0.710578;-0.806268;-0.2297;0.3984;-0.888;-0.013962;0.667158;0.570705;0.7431;-0.6389;-0.1989;0.33813;1.013506;0.773487;0.7431;-0.6389;-0.1989;0.204629;0.795164;0.976111;0.7431;-0.6389;-0.1989;-0.019188;1.162828;0.618562;0.4753;0.8276;-0.2987;-0.018977;1.250753;0.862529;0.4753;0.8276;-0.2987;0.33813;1.013506;0.773487;0.4753;0.8276;-0.2987;-0.388929;1.026299;0.794935;-0.2934;0.4677;0.8337;-0.242582;0.795164;0.976111;-0.2934;0.4677;0.8337;-0.018977;0.865981;1.015078;-0.2934;0.4677;0.8337;0.33813;1.013506;0.773487;0.4303;0.3327;0.8392;-0.018977;1.250753;0.862529;0.4303;0.3327;0.8392;-0.018977;0.865981;1.015078;0.4303;0.3327;0.8392;-0.013962;0.667158;0.570705;-0.5625;-0.8248;-0.0568;-0.018977;0.640404;1.009038;-0.5625;-0.8248;-0.0568;-0.242582;0.795164;0.976111;-0.5625;-0.8248;-0.0568;-0.271359;0.394561;0.456326;-0.8914;0.2504;0.3778;-0.325638;0.399002;0.325312;-0.8914;0.2504;0.3778;-0.370734;0.026973;0.465474;-0.8914;0.2504;0.3778;-0.019188;0.555533;0.249831;-0.1018;-0.2632;-0.9593;-0.199429;0.399835;0.311684;-0.1018;-0.2632;-0.9593;-0.325638;0.399002;0.325312;-0.1018;-0.2632;-0.9593;-0.013962;0.667158;0.570705;-0.3065;-0.1075;0.9458;-0.260877;0.990732;0.527474;-0.3065;-0.1075;0.9458;-0.271359;0.394561;0.456326;-0.3065;-0.1075;0.9458;-0.235924;0.030699;0.460645;-0.0123;-0.9984;-0.0546;-0.224643;0.025172;0.559158;-0.0123;-0.9984;-0.0546;-0.34112;0.026271;0.565333;-0.0123;-0.9984;-0.0546;-0.325638;0.399002;0.325312;-0.0976;-0.3641;-0.9262;-0.199429;0.399835;0.311684;-0.0976;-0.3641;-0.9262;-0.235924;0.030699;0.460645;-0.0976;-0.3641;-0.9262;-0.271359;0.394561;0.456326;0.0535;0.2741;0.9602;-0.34112;0.026271;0.565333;0.0535;0.2741;0.9602;-0.224643;0.025172;0.559158;0.0535;0.2741;0.9602;-0.304264;0.437088;-0.645282;-0.1353;0.0112;-0.9907;-0.113204;0.373083;-0.672094;-0.1353;0.0112;-0.9907;-0.219088;0.044917;-0.661347;-0.1353;0.0112;-0.9907;-0.228354;0.042321;-0.571194;-0.0071;-0.9993;-0.0354;-0.334251;0.042122;-0.544385;-0.0071;-0.9993;-0.0354;-0.35464;0.04596;-0.648563;-0.0071;-0.9993;-0.0354;-0.304264;0.437088;-0.645282;-0.973;0.1237;0.195;-0.35464;0.04596;-0.648563;-0.973;0.1237;0.195;-0.334251;0.042122;-0.544385;-0.973;0.1237;0.195;-0.275525;0.436197;-0.445936;0.2369;-0.2686;0.9337;-0.334251;0.042122;-0.544385;0.2369;-0.2686;0.9337;-0.228354;0.042321;-0.571194;0.2369;-0.2686;0.9337;0.233618;0.394561;0.456326;0.926;0.2572;0.2764;0.303379;0.026271;0.565333;0.926;0.2572;0.2764;0.332993;0.026973;0.465474;0.926;0.2572;0.2764;0.287897;0.399002;0.325311;0.1019;-0.2628;-0.9595;0.161688;0.399835;0.311684;0.1019;-0.2628;-0.9595;-0.019188;0.555533;0.249831;0.1019;-0.2628;-0.9595;-0.013962;0.667158;0.570705;-0.0482;-0.4234;0.9047;0.124221;0.394562;0.450493;-0.0482;-0.4234;0.9047;0.233618;0.394561;0.456326;-0.0482;-0.4234;0.9047;0.303379;0.026271;0.565333;0.0123;-0.9984;-0.0546;0.186902;0.025172;0.559158;0.0123;-0.9984;-0.0546;0.198183;0.030699;0.460645;0.0123;-0.9984;-0.0546;0.287897;0.399002;0.325311;0.0239;-0.3499;-0.9365;0.332993;0.026973;0.465474;0.0239;-0.3499;-0.9365;0.198183;0.030699;0.460645;0.0239;-0.3499;-0.9365;0.186902;0.025172;0.559158;-0.0535;0.2741;0.9602;0.303379;0.026271;0.565333;-0.0535;0.2741;0.9602;0.233618;0.394561;0.456326;-0.0535;0.2741;0.9602;0.266523;0.437088;-0.645282;0.0937;0.0204;-0.9954;0.316899;0.04596;-0.648563;0.0937;0.0204;-0.9954;0.181347;0.044917;-0.661347;0.0937;0.0204;-0.9954;0.190612;0.042321;-0.571194;0.0105;-0.9995;-0.0299;0.181347;0.044917;-0.661347;0.0105;-0.9995;-0.0299;0.316899;0.04596;-0.648563;0.0105;-0.9995;-0.0299;0.296509;0.042122;-0.544385;0.973;0.1237;0.195;0.316899;0.04596;-0.648563;0.973;0.1237;0.195;0.266523;0.437088;-0.645282;0.973;0.1237;0.195;0.190612;0.042321;-0.571194;-0.2369;-0.2686;0.9337;0.296509;0.042122;-0.544385;-0.2369;-0.2686;0.9337;0.237784;0.436197;-0.445936;-0.2369;-0.2686;0.9337
90;0.27939996;0.22396106;0.17055818
4.41E-4;0.689467;-0.703425;0.5942;-0.758;-0.269;-0.019188;0.710578;-0.806268;0.5942;-0.758;-0.269;0.332788;0.920725;-0.620932;0.5942;-0.758;-0.269;-0.019188;0.555533;0.249831;0.6029;-0.7743;-0.1922;-0.161962;0.394562;0.450493;0.6029;-0.7743;-0.1922;-0.199429;0.399835;0.311684;0.6029;-0.7743;-0.1922;-0.161962;0.394562;0.450493;0.9442;-0.1992;-0.2624;-0.235924;0.030699;0.460645;0.9442;-0.1992;-0.2624;-0.199429;0.399835;0.311684;0.9442;-0.1992;-0.2624;0.006231;0.575064;-0.455039;0.2247;-0.3976;0.8896;-0.275525;0.436197;-0.445936;0.2247;-0.3976;0.8896;-0.126263;0.403048;-0.498458;0.2247;-0.3976;0.8896;4.41E-4;0.689467;-0.703425;0.9375;-0.3242;0.1265;-0.126263;0.403048;-0.498458;0.9375;-0.3242;0.1265;-0.113204;0.373083;-0.672094;0.9375;-0.3242;0.1265;4.41E-4;0.689467;-0.703425;-0.2042;0.021;-0.9787;-0.304264;0.437088;-0.645282;-0.2042;0.021;-0.9787;-0.371165;0.920725;-0.620932;-0.2042;0.021;-0.9787;-0.113204;0.373083;-0.672094;0.9488;-0.3032;0.0888;-0.228354;0.042321;-0.571194;0.9488;-0.3032;0.0888;-0.219088;0.044917;-0.661347;0.9488;-0.3032;0.0888;0.326832;1.189688;0.821247;-0.0513;-0.1208;0.9913;0.113946;1.321529;0.826306;-0.0513;-0.1208;0.9913;0.064096;1.004724;0.785114;-0.0513;-0.1208;0.9913;-0.371173;1.185679;0.821093;0.0513;-0.1208;0.9913;-0.108438;1.000714;0.784961;0.0513;-0.1208;0.9913;-0.158287;1.31752;0.826152;0.0513;-0.1208;0.9913;0.265073;1.330129;0.762086;0.3189;0.4836;0.8151;0.113946;1.321529;0.826306;0.3189;0.4836;0.8151;0.326832;1.189688;0.821247;0.3189;0.4836;0.8151;-0.309415;1.32612;0.761932;-0.3189;0.4836;0.8151;-0.371173;1.185679;0.821093;-0.3189;0.4836;0.8151;-0.158287;1.31752;0.826152;-0.3189;0.4836;0.8151;-0.019188;0.555533;0.249831;-0.839;-0.5095;0.1909;0.124221;0.394562;0.450493;-0.839;-0.5095;0.1909;-0.013962;0.667158;0.570705;-0.839;-0.5095;0.1909;0.198183;0.030699;0.460645;-0.9442;-0.1992;-0.2624;0.124221;0.394562;0.450493;-0.9442;-0.1992;-0.2624;0.161688;0.399835;0.311684;-0.9442;-0.1992;-0.2624;0.006231;0.575064;-0.455039;-0.1476;-0.1823;0.9721;0.237784;0.436197;-0.445936;-0.1476;-0.1823;0.9721;0.315885;0.913881;-0.344475;-0.1476;-0.1823;0.9721;4.41E-4;0.689467;-0.703425;-0.9056;-0.3929;-0.1598;0.088522;0.403048;-0.498458;-0.9056;-0.3929;-0.1598;0.006231;0.575064;-0.455039;-0.9056;-0.3929;-0.1598;0.266523;0.437088;-0.645282;0.2293;0.0176;-0.9732;4.41E-4;0.689467;-0.703425;0.2293;0.0176;-0.9732;0.332788;0.920725;-0.620932;0.2293;0.0176;-0.9732;0.075462;0.373083;-0.672094;-0.9483;-0.293;0.1219;0.190612;0.042321;-0.571194;-0.9483;-0.293;0.1219;0.088522;0.403048;-0.498458;-0.9483;-0.293;0.1219;4.41E-4;0.689467;-0.703425;-0.5382;-0.8399;-0.0697;-0.371165;0.920725;-0.620932;-0.5382;-0.8399;-0.0697;-0.019188;0.710578;-0.806268;-0.5382;-0.8399;-0.0697;-0.019188;0.555533;0.249831;0.8327;-0.527;0.1698;-0.013962;0.667158;0.570705;0.8327;-0.527;0.1698;-0.161962;0.394562;0.450493;0.8327;-0.527;0.1698;-0.161962;0.394562;0.450493;0.9719;-0.201;-0.1226;-0.224643;0.025172;0.559158;0.9719;-0.201;-0.1226;-0.235924;0.030699;0.460645;0.9719;-0.201;-0.1226;0.006231;0.575064;-0.455039;0.1234;-0.1865;0.9747;-0.354513;0.912652;-0.344775;0.1234;-0.1865;0.9747;-0.275525;0.436197;-0.445936;0.1234;-0.1865;0.9747;4.41E-4;0.689467;-0.703425;0.7947;-0.5441;-0.2691;0.006231;0.575064;-0.455039;0.7947;-0.5441;-0.2691;-0.126263;0.403048;-0.498458;0.7947;-0.5441;-0.2691;4.41E-4;0.689467;-0.703425;-0.1529;-0.0428;-0.9873;-0.113204;0.373083;-0.672094;-0.1529;-0.0428;-0.9873;-0.304264;0.437088;-0.645282;-0.1529;-0.0428;-0.9873;-0.113204;0.373083;-0.672094;0.9483;-0.293;0.1219;-0.126263;0.403048;-0.498458;0.9483;-0.293;0.1219;-0.228354;0.042321;-0.571194;0.9483;-0.293;0.1219;-0.019188;0.555533;0.249831;-0.6018;-0.7753;-0.1919;0.161688;0.399835;0.311684;-0.6018;-0.7753;-0.1919;0.124221;0.394562;0.450493;-0.6018;-0.7753;-0.1919;0.198183;0.030699;0.460645;-0.9719;-0.201;-0.1226;0.186902;0.025172;0.559158;-0.9719;-0.201;-0.1226;0.124221;0.394562;0.450493;-0.9719;-0.201;-0.1226;0.006231;0.575064;-0.455039;-0.2425;-0.3449;0.9068;0.088522;0.403048;-0.498458;-0.2425;-0.3449;0.9068;0.237784;0.436197;-0.445936;-0.2425;-0.3449;0.9068;4.41E-4;0.689467;-0.703425;-0.9694;-0.2189;0.1107;0.075462;0.373083;-0.672094;-0.9694;-0.2189;0.1107;0.088522;0.403048;-0.498458;-0.9694;-0.2189;0.1107;0.266523;0.437088;-0.645282;0.1584;-0.06;-0.9855;0.075462;0.373083;-0.672094;0.1584;-0.06;-0.9855;4.41E-4;0.689467;-0.703425;0.1584;-0.06;-0.9855;0.075462;0.373083;-0.672094;-0.9488;-0.3032;0.0888;0.181347;0.044917;-0.661347;-0.9488;-0.3032;0.0888;0.190612;0.042321;-0.571194;-0.9488;-0.3032;0.0888
-1.66701;0.021907;-2.985882;1.550644;3.932128;3.810454;3
558;4
99;0.22457327;0.22457327;0.22457327
-0.906178;0.420878;-2.298964;0.9417;0.1197;0.3145;-0.670762;0.071039;-2.870577;0.9417;0.1197;0.3145;-0.703878;0.453569;-2.917026;0.9417;0.1197;0.3145;-1.227647;0.460758;-2.985881;0.1436;-0.0865;-0.9858;-0.670762;0.071039;-2.870577;0.1436;-0.0865;-0.9858;-1.374616;0.081844;-2.974061;0.1436;-0.0865;-0.9858;-1.238424;0.369365;1.821949;-0.9444;0.3048;-0.1233;-1.294005;0.069524;1.50658;-0.9444;0.3048;-0.1233;-1.42371;0.044106;2.437196;-0.9444;0.3048;-0.1233;-1.387079;0.450597;-2.335536;-0.0158;0.6644;0.7472;-0.785051;0.021907;-1.941683;-0.0158;0.6644;0.7472;-0.906178;0.420878;-2.298964;-0.0158;0.6644;0.7472;-1.387079;0.450597;-2.335536;-0.8746;0.4123;-0.2552;-1.374616;0.081844;-2.974061;-0.8746;0.4123;-0.2552;-1.66701;0.066572;-1.996647;-0.8746;0.4123;-0.2552;-0.937464;0.39114;2.004131;-0.0559;0.8088;0.5854;-1.42371;0.044106;2.437196;-0.0559;0.8088;0.5854;-0.733935;0.064515;2.474902;-0.0559;0.8088;0.5854;-0.937464;0.39114;2.004131;0.9277;0.3349;0.1651;-0.722712;0.041425;1.506792;0.9277;0.3349;0.1651;-0.802805;0.326829;1.378005;0.9277;0.3349;0.1651;-0.802805;0.326829;1.378005;-0.0201;-0.4159;-0.9092;-1.294005;0.069524;1.50658;-0.0201;-0.4159;-0.9092;-1.2307;0.347875;1.377847;-0.0201;-0.4159;-0.9092;0.554395;0.071039;-2.870577;-0.9417;0.1197;0.3146;0.789811;0.420878;-2.298964;-0.9417;0.1197;0.3146;0.587511;0.453569;-2.917026;-0.9417;0.1197;0.3146;1.11128;0.460758;-2.985882;-0.1281;-0.1086;-0.9858;0.554395;0.071039;-2.870577;-0.1281;-0.1086;-0.9858;0.587511;0.453569;-2.917026;-0.1281;-0.1086;-0.9858;1.232642;0.369365;1.821948;0.9774;0.2097;-0.0271;1.288222;0.069524;1.50658;0.9774;0.2097;-0.0271;1.224917;0.347875;1.377846;0.9774;0.2097;-0.0271;0.668685;0.021907;-1.941684;0.0158;0.6644;0.7472;1.270713;0.450597;-2.335536;0.0158;0.6644;0.7472;0.789811;0.420878;-2.298964;0.0158;0.6644;0.7472;1.270713;0.450597;-2.335536;0.9121;0.347;-0.2182;1.258249;0.081844;-2.974062;0.9121;0.347;-0.2182;1.11128;0.460758;-2.985882;0.9121;0.347;-0.2182;0.931682;0.39114;2.00413;0.2918;0.8791;0.3769;1.417928;0.044106;2.437195;0.2918;0.8791;0.3769;1.232642;0.369365;1.821948;0.2918;0.8791;0.3769;0.716929;0.041425;1.506791;-0.9277;0.3348;0.1651;0.931682;0.39114;2.00413;-0.9277;0.3348;0.1651;0.797023;0.326829;1.378005;-0.9277;0.3348;0.1651;1.288222;0.069524;1.50658;0.0201;-0.4159;-0.9092;0.797023;0.326829;1.378005;0.0201;-0.4159;-0.9092;1.224917;0.347875;1.377846;0.0201;-0.4159;-0.9092;0.132817;1.808481;3.810453;0.0;0.1228;0.9924;-0.05826;1.955574;3.792251;0.0;0.1228;0.9924;-0.249336;1.808481;3.810454;0.0;0.1228;0.9924;-0.906178;0.420878;-2.298964;0.9091;0.3949;0.1327;-0.785051;0.021907;-1.941683;0.9091;0.3949;0.1327;-0.670762;0.071039;-2.870577;0.9091;0.3949;0.1327;-1.227647;0.460758;-2.985881;0.1281;-0.1086;-0.9858;-0.703878;0.453569;-2.917026;0.1281;-0.1086;-0.9858;-0.670762;0.071039;-2.870577;0.1281;-0.1086;-0.9858;-1.238424;0.369365;1.821949;-0.9774;0.2097;-0.0271;-1.2307;0.347875;1.377847;-0.9774;0.2097;-0.0271;-1.294005;0.069524;1.50658;-0.9774;0.2097;-0.0271;-1.387079;0.450597;-2.335536;-0.0127;0.6668;0.7451;-1.66701;0.066572;-1.996647;-0.0127;0.6668;0.7451;-0.785051;0.021907;-1.941683;-0.0127;0.6668;0.7451;-1.387079;0.450597;-2.335536;-0.9121;0.347;-0.2182;-1.227647;0.460758;-2.985881;-0.9121;0.347;-0.2182;-1.374616;0.081844;-2.974061;-0.9121;0.347;-0.2182;-0.937464;0.39114;2.004131;-0.2917;0.8791;0.3769;-1.238424;0.369365;1.821949;-0.2917;0.8791;0.3769;-1.42371;0.044106;2.437196;-0.2917;0.8791;0.3769;-0.937464;0.39114;2.004131;0.8504;0.5261;-0.0027;-0.733935;0.064515;2.474902;0.8504;0.5261;-0.0027;-0.722712;0.041425;1.506792;0.8504;0.5261;-0.0027;-0.802805;0.326829;1.378005;-0.0201;-0.4159;-0.9092;-0.722712;0.041425;1.506792;-0.0201;-0.4159;-0.9092;-1.294005;0.069524;1.50658;-0.0201;-0.4159;-0.9092;0.554395;0.071039;-2.870577;-0.9091;0.3949;0.1327;0.668685;0.021907;-1.941684;-0.9091;0.3949;0.1327;0.789811;0.420878;-2.298964;-0.9091;0.3949;0.1327;1.11128;0.460758;-2.985882;-0.1436;-0.0865;-0.9858;1.258249;0.081844;-2.974062;-0.1436;-0.0865;-0.9858;0.554395;0.071039;-2.870577;-0.1436;-0.0865;-0.9858;1.232642;0.369365;1.821948;0.9444;0.3048;-0.1233;1.417928;0.044106;2.437195;0.9444;0.3048;-0.1233;1.288222;0.069524;1.50658;0.9444;0.3048;-0.1233;0.668685;0.021907;-1.941684;0.0127;0.6668;0.7451;1.550644;0.066572;-1.996648;0.0127;0.6668;0.7451;1.270713;0.450597;-2.335536;0.0127;0.6668;0.7451;1.270713;0.450597;-2.335536;0.8746;0.4123;-0.2552;1.550644;0.066572;-1.996648;0.8746;0.4123;-0.2552;1.258249;0.081844;-2.974062;0.8746;0.4123;-0.2552;0.931682;0.39114;2.00413;0.0559;0.8088;0.5854;0.728153;0.064515;2.474902;0.0559;0.8088;0.5854;1.417928;0.044106;2.437195;0.0559;0.8088;0.5854;0.716929;0.041425;1.506791;-0.8504;0.5261;-0.0027;0.728153;0.064515;2.474902;-0.8504;0.5261;-0.0027;0.931682;0.39114;2.00413;-0.8504;0.5261;-0.0027;1.288222;0.069524;1.50658;0.0201;-0.4159;-0.9092;0.716929;0.041425;1.506791;0.0201;-0.4159;-0.9092;0.797023;0.326829;1.378005;0.0201;-0.4159;-0.9092
30;0.81070745;0.69787306;0.5830616
-0.05826;2.200196;3.452259;-0.4947;0.7054;0.5076;-0.249336;1.808481;3.810454;-0.4947;0.7054;0.5076;-0.05826;1.955574;3.792251;-0.4947;0.7054;0.5076;-0.249336;1.808481;3.810454;0.0;-0.5731;0.8195;0.059832;1.580611;3.651078;0.0;-0.5731;0.8195;0.132817;1.808481;3.810453;0.0;-0.5731;0.8195;-0.05826;2.200196;3.452259;0.4732;0.709;0.5229;0.132817;1.808481;3.810453;0.4732;0.709;0.5229;0.413044;1.994;3.305285;0.4732;0.709;0.5229;-0.349541;1.658747;3.302368;-0.8396;-0.4534;0.2992;-0.249336;1.808481;3.810454;-0.8396;-0.4534;0.2992;-0.529563;1.994;3.305285;-0.8396;-0.4534;0.2992;0.233022;1.658747;3.302367;0.8253;-0.4764;0.3032;0.132817;1.808481;3.810453;0.8253;-0.4764;0.3032;0.059832;1.580611;3.651078;0.8253;-0.4764;0.3032;-0.249336;1.808481;3.810454;0.0;-0.5731;0.8195;-0.176351;1.580611;3.651078;0.0;-0.5731;0.8195;0.059832;1.580611;3.651078;0.0;-0.5731;0.8195;-0.05826;2.200196;3.452259;-0.4732;0.709;0.5229;-0.529563;1.994;3.305285;-0.4732;0.709;0.5229;-0.249336;1.808481;3.810454;-0.4732;0.709;0.5229;-0.05826;2.200196;3.452259;0.4947;0.7054;0.5076;-0.05826;1.955574;3.792251;0.4947;0.7054;0.5076;0.132817;1.808481;3.810453;0.4947;0.7054;0.5076;-0.349541;1.658747;3.302368;-0.8253;-0.4764;0.3032;-0.176351;1.580611;3.651078;-0.8253;-0.4764;0.3032;-0.249336;1.808481;3.810454;-0.8253;-0.4764;0.3032;0.233022;1.658747;3.302367;0.8396;-0.4534;0.2992;0.413044;1.994;3.305285;0.8396;-0.4534;0.2992;0.132817;1.808481;3.810453;0.8396;-0.4534;0.2992
117;0.27939996;0.22396106;0.17055818
-0.668655;1.349387;0.853385;0.0;-0.9915;0.1301;0.529524;1.143827;-0.713122;0.0;-0.9915;0.1301;0.659524;1.349387;0.853385;0.0;-0.9915;0.1301;0.786066;1.333897;-1.417057;0.0;-0.9013;-0.4332;-0.314562;1.886238;-2.566349;0.0;-0.9013;-0.4332;0.198116;1.886238;-2.566349;0.0;-0.9013;-0.4332;0.529524;1.143827;-0.713122;-0.0;-0.9654;-0.2607;-0.90251;1.333897;-1.417057;-0.0;-0.9654;-0.2607;0.786066;1.333897;-1.417057;-0.0;-0.9654;-0.2607;0.659524;1.349387;0.853385;0.0;-0.9759;0.2182;-0.668655;1.590652;1.932664;0.0;-0.9759;0.2182;-0.668655;1.349387;0.853385;0.0;-0.9759;0.2182;0.683902;2.702266;-2.559247;0.7154;-0.421;-0.5576;0.198116;1.886238;-2.566349;0.7154;-0.421;-0.5576;-0.052129;1.900807;-2.898378;0.7154;-0.421;-0.5576;-0.454745;1.472892;-2.4061;0.8937;-0.3556;0.2737;-0.906178;0.420878;-2.298964;0.8937;-0.3556;0.2737;-0.703878;0.453569;-2.917026;0.8937;-0.3556;0.2737;-0.536103;1.686626;2.569625;-0.0;-0.9792;-0.2028;0.395189;1.599999;2.987897;-0.0;-0.9792;-0.2028;-0.511709;1.599999;2.987897;-0.0;-0.9792;-0.2028;0.395189;1.599999;2.987897;0.0;-0.983;0.1836;-0.349541;1.658747;3.302368;0.0;-0.983;0.1836;-0.511709;1.599999;2.987897;0.0;-0.983;0.1836;0.233022;1.658747;3.302367;0.0;-0.9758;-0.2186;-0.176351;1.580611;3.651078;0.0;-0.9758;-0.2186;-0.349541;1.658747;3.302368;0.0;-0.9758;-0.2186;-0.314562;1.886238;-2.566349;-0.705;-0.4147;-0.5754;-0.800347;2.702266;-2.559247;-0.705;-0.4147;-0.5754;-0.052129;1.900807;-2.898378;-0.705;-0.4147;-0.5754;0.198116;1.886238;-2.566349;-0.0;-0.999;-0.0438;-0.314562;1.886238;-2.566349;-0.0;-0.999;-0.0438;-0.052129;1.900807;-2.898378;-0.0;-0.999;-0.0438;-0.90251;1.333897;-1.417057;0.9078;-0.1571;0.3889;-0.454745;1.472892;-2.4061;0.9078;-0.1571;0.3889;-0.314562;1.886238;-2.566349;0.9078;-0.1571;0.3889;-1.013934;1.01066;1.776951;0.9614;0.1711;0.2154;-0.802805;0.326829;1.378005;0.9614;0.1711;0.2154;-0.808319;1.063666;0.817329;0.9614;0.1711;0.2154;-0.668655;1.349387;0.853385;0.8781;-0.4498;0.1633;-1.013934;1.01066;1.776951;0.8781;-0.4498;0.1633;-0.808319;1.063666;0.817329;0.8781;-0.4498;0.1633;-0.668655;1.590652;1.932664;0.0;-0.9888;0.149;0.45085;1.686626;2.569625;0.0;-0.9888;0.149;-0.536103;1.686626;2.569625;0.0;-0.9888;0.149;0.338378;1.472892;-2.4061;-0.8972;-0.3588;0.2574;0.789811;0.420878;-2.298964;-0.8972;-0.3588;0.2574;0.744094;0.968751;-1.694669;-0.8972;-0.3588;0.2574;0.338378;1.472892;-2.4061;-0.9078;-0.1573;0.3888;0.786066;1.333897;-1.417057;-0.9078;-0.1573;0.3888;0.198116;1.886238;-2.566349;-0.9078;-0.1573;0.3888;0.797023;0.326829;1.378005;-0.9614;0.1711;0.2155;1.008152;1.01066;1.77695;-0.9614;0.1711;0.2155;0.802536;1.063666;0.817329;-0.9614;0.1711;0.2155;0.659524;1.349387;0.853385;-0.8364;-0.5349;0.1196;1.008152;1.01066;1.77695;-0.8364;-0.5349;0.1196;0.659524;1.590652;1.932663;-0.8364;-0.5349;0.1196;0.211155;3.187882;3.015253;0.1716;-0.1784;0.9689;0.203709;2.751229;2.936164;0.1716;-0.1784;0.9689;0.60218;2.943476;2.900976;0.1716;-0.1784;0.9689;0.211155;3.187882;3.015253;-0.1223;-0.5742;0.8095;0.60218;2.943476;2.900976;-0.1223;-0.5742;0.8095;0.612965;3.302588;3.15733;-0.1223;-0.5742;0.8095;-0.291932;3.20615;3.025359;-0.1716;-0.1784;0.9689;-0.708276;2.945919;2.903683;-0.1716;-0.1784;0.9689;-0.297145;2.761583;2.942572;-0.1716;-0.1784;0.9689;-0.291932;3.20615;3.025359;0.1223;-0.5742;0.8095;-0.706401;3.312943;3.163738;0.1223;-0.5742;0.8095;-0.708276;2.945919;2.903683;0.1223;-0.5742;0.8095;-0.668655;1.349387;0.853385;0.0;-0.9915;0.1301;-0.646046;1.143827;-0.713121;0.0;-0.9915;0.1301;0.529524;1.143827;-0.713122;0.0;-0.9915;0.1301;0.786066;1.333897;-1.417057;0.0;-0.9013;-0.4332;-0.90251;1.333897;-1.417057;0.0;-0.9013;-0.4332;-0.314562;1.886238;-2.566349;0.0;-0.9013;-0.4332;0.529524;1.143827;-0.713122;-0.0;-0.9654;-0.2607;-0.646046;1.143827;-0.713121;-0.0;-0.9654;-0.2607;-0.90251;1.333897;-1.417057;-0.0;-0.9654;-0.2607;0.659524;1.349387;0.853385;0.0;-0.9759;0.2182;0.659524;1.590652;1.932663;0.0;-0.9759;0.2182;-0.668655;1.590652;1.932664;0.0;-0.9759;0.2182;-0.454745;1.472892;-2.4061;0.8972;-0.3588;0.2574;-0.86046;0.968751;-1.694669;0.8972;-0.3588;0.2574;-0.906178;0.420878;-2.298964;0.8972;-0.3588;0.2574;-0.536103;1.686626;2.569625;-0.0;-0.9792;-0.2028;0.45085;1.686626;2.569625;-0.0;-0.9792;-0.2028;0.395189;1.599999;2.987897;-0.0;-0.9792;-0.2028;0.395189;1.599999;2.987897;0.0;-0.983;0.1836;0.233022;1.658747;3.302367;0.0;-0.983;0.1836;-0.349541;1.658747;3.302368;0.0;-0.983;0.1836;0.233022;1.658747;3.302367;0.0;-0.9758;-0.2186;0.059832;1.580611;3.651078;0.0;-0.9758;-0.2186;-0.176351;1.580611;3.651078;0.0;-0.9758;-0.2186;-0.90251;1.333897;-1.417057;0.9045;-0.1872;0.3832;-0.86046;0.968751;-1.694669;0.9045;-0.1872;0.3832;-0.454745;1.472892;-2.4061;0.9045;-0.1872;0.3832;-1.013934;1.01066;1.776951;0.964;0.1879;0.188;-0.937464;0.39114;2.004131;0.964;0.1879;0.188;-0.802805;0.326829;1.378005;0.964;0.1879;0.188;-0.668655;1.349387;0.853385;0.8388;-0.5313;0.1188;-0.668655;1.590652;1.932664;0.8388;-0.5313;0.1188;-1.013934;1.01066;1.776951;0.8388;-0.5313;0.1188;-0.668655;1.590652;1.932664;0.0;-0.9888;0.149;0.659524;1.590652;1.932663;0.0;-0.9888;0.149;0.45085;1.686626;2.569625;0.0;-0.9888;0.149;0.338378;1.472892;-2.4061;-0.8937;-0.3556;0.2737;0.587511;0.453569;-2.917026;-0.8937;-0.3556;0.2737;0.789811;0.420878;-2.298964;-0.8937;-0.3556;0.2737;0.338378;1.472892;-2.4061;-0.9045;-0.1873;0.3831;0.744094;0.968751;-1.694669;-0.9045;-0.1873;0.3831;0.786066;1.333897;-1.417057;-0.9045;-0.1873;0.3831;0.797023;0.326829;1.378005;-0.964;0.1879;0.188;0.931682;0.39114;2.00413;-0.964;0.1879;0.188;1.008152;1.01066;1.77695;-0.964;0.1879;0.188;0.659524;1.349387;0.853385;-0.8741;-0.458;0.162;0.802536;1.063666;0.817329;-0.8741;-0.458;0.162;1.008152;1.01066;1.77695;-0.8741;-0.458;0.162
312;-1;0;0
-0.00624;3.693185;0.430576;-0.5965;0.798;-0.0856;-1.090909;2.776058;-0.560717;-0.5965;0.798;-0.0856;-1.115681;2.910642;0.866973;-0.5965;0.798;-0.0856;-1.090909;2.776058;-0.560717;-0.9613;-0.2753;0.0093;-0.668655;1.349387;0.853385;-0.9613;-0.2753;0.0093;-1.115681;2.910642;0.866973;-0.9613;-0.2753;0.0093;0.974387;2.776058;-0.560718;0.9062;-0.2971;0.301;0.786066;1.333897;-1.417057;0.9062;-0.2971;0.301;1.30784;2.939693;-1.403082;0.9062;-0.2971;0.301;0.659524;1.349387;0.853385;0.9596;-0.2742;-0.063;0.974387;2.776058;-0.560718;0.9596;-0.2742;-0.063;1.10655;2.910642;0.866972;0.9596;-0.2742;-0.063;1.10655;2.910642;0.866972;0.604;0.7863;-0.13;0.974387;2.776058;-0.560718;0.604;0.7863;-0.13;-0.00624;3.693185;0.430576;0.604;0.7863;-0.13;-0.668655;1.349387;0.853385;0.0335;0.0183;-0.9993;-1.461686;1.095441;0.822132;0.0335;0.0183;-0.9993;-1.115681;2.910642;0.866973;0.0335;0.0183;-0.9993;-1.090909;2.776058;-0.560717;-0.9246;-0.2765;0.2622;-0.90251;1.333897;-1.417057;-0.9246;-0.2765;0.2622;-0.646046;1.143827;-0.713121;-0.9246;-0.2765;0.2622;0.974387;2.776058;-0.560718;0.7183;0.6922;0.0702;-0.058262;3.932128;-1.394444;0.7183;0.6922;0.0702;-0.00624;3.693185;0.430576;0.7183;0.6922;0.0702;-1.090909;2.776058;-0.560717;-0.5491;0.7526;0.3635;-0.058262;3.932128;-1.394444;-0.5491;0.7526;0.3635;-1.424285;2.939692;-1.403081;-0.5491;0.7526;0.3635;0.755835;2.715847;2.575125;0.6662;0.5821;0.4662;-0.05826;2.969413;3.421859;0.6662;0.5821;0.4662;0.675436;2.359604;3.134833;0.6662;0.5821;0.4662;1.10655;2.910642;0.866972;0.671;0.7415;0.0018;-0.00624;3.916041;1.533899;0.671;0.7415;0.0018;1.068919;2.942818;1.629761;0.671;0.7415;0.0018;-1.115681;2.910642;0.866973;-0.6097;0.7769;-0.1569;-0.00624;3.916041;1.533899;-0.6097;0.7769;-0.1569;-0.00624;3.693185;0.430576;-0.6097;0.7769;-0.1569;-1.424285;2.939692;-1.403081;-0.5276;0.7299;-0.4346;-0.058262;3.241403;-2.554555;-0.5276;0.7299;-0.4346;-0.800347;2.702266;-2.559247;-0.5276;0.7299;-0.4346;1.30784;2.939693;-1.403082;0.5275;0.7299;-0.4346;-0.058262;3.241403;-2.554555;0.5275;0.7299;-0.4346;-0.058262;3.932128;-1.394444;0.5275;0.7299;-0.4346;0.675436;2.359604;3.134833;0.3601;0.1692;0.9174;-0.05826;2.200196;3.452259;0.3601;0.1692;0.9174;0.413044;1.994;3.305285;0.3601;0.1692;0.9174;-0.841088;2.715847;2.575126;-0.6723;0.5921;0.4443;-0.05826;2.969413;3.421859;-0.6723;0.5921;0.4443;-0.042627;3.503686;2.733538;-0.6723;0.5921;0.4443;-0.536103;1.686626;2.569625;-0.9545;-0.2823;-0.0959;-0.791956;2.359604;3.134834;-0.9545;-0.2823;-0.0959;-0.841088;2.715847;2.575126;-0.9545;-0.2823;-0.0959;0.45085;1.686626;2.569625;0.9337;-0.3543;0.0509;0.675436;2.359604;3.134833;0.9337;-0.3543;0.0509;0.395189;1.599999;2.987897;0.9337;-0.3543;0.0509;-0.511709;1.599999;2.987897;-0.8161;-0.3845;0.4315;-0.529563;1.994;3.305285;-0.8161;-0.3845;0.4315;-0.791956;2.359604;3.134834;-0.8161;-0.3845;0.4315;0.395189;1.599999;2.987897;0.7727;-0.4191;0.4768;0.413044;1.994;3.305285;0.7727;-0.4191;0.4768;0.233022;1.658747;3.302367;0.7727;-0.4191;0.4768;-0.791956;2.359604;3.134834;-0.3901;0.0364;0.92;-0.05826;2.200196;3.452259;-0.3901;0.0364;0.92;-0.05826;2.969413;3.421859;-0.3901;0.0364;0.92;-0.058262;3.241403;-2.554555;0.1723;0.2455;-0.954;0.683902;2.702266;-2.559247;0.1723;0.2455;-0.954;-0.052129;1.900807;-2.898378;0.1723;0.2455;-0.954;-0.800347;2.702266;-2.559247;-0.1713;0.244;-0.9545;-0.058262;3.241403;-2.554555;-0.1713;0.244;-0.9545;-0.052129;1.900807;-2.898378;-0.1713;0.244;-0.9545;-0.800347;2.702266;-2.559247;-0.0174;-0.0017;-0.9998;-0.314562;1.886238;-2.566349;-0.0174;-0.0017;-0.9998;-1.251974;1.43904;-2.549299;-0.0174;-0.0017;-0.9998;-1.424285;2.939692;-1.403081;-0.9316;0.1469;-0.3324;-1.251974;1.43904;-2.549299;-0.9316;0.1469;-0.3324;-1.597555;1.149751;-1.708733;-0.9316;0.1469;-0.3324;-0.90251;1.333897;-1.417057;-0.3559;-0.1237;0.9263;-1.424285;2.939692;-1.403081;-0.3559;-0.1237;0.9263;-1.597555;1.149751;-1.708733;-0.3559;-0.1237;0.9263;-1.251974;1.43904;-2.549299;0.1782;-0.4076;-0.8956;-0.314562;1.886238;-2.566349;0.1782;-0.4076;-0.8956;-0.454745;1.472892;-2.4061;0.1782;-0.4076;-0.8956;-0.90251;1.333897;-1.417057;-0.1643;-0.6089;0.776;-1.597555;1.149751;-1.708733;-0.1643;-0.6089;0.776;-0.86046;0.968751;-1.694669;-0.1643;-0.6089;0.776;-0.86046;0.968751;-1.694669;-0.0965;-0.7337;0.6725;-1.387079;0.450597;-2.335536;-0.0965;-0.7337;0.6725;-0.906178;0.420878;-2.298964;-0.0965;-0.7337;0.6725;-1.251974;1.43904;-2.549299;-0.9295;0.048;-0.3656;-1.387079;0.450597;-2.335536;-0.9295;0.048;-0.3656;-1.597555;1.149751;-1.708733;-0.9295;0.048;-0.3656;-1.251974;1.43904;-2.549299;0.1245;0.4069;-0.9049;-0.703878;0.453569;-2.917026;0.1245;0.4069;-0.9049;-1.227647;0.460758;-2.985881;0.1245;0.4069;-0.9049;-0.668655;1.590652;1.932664;-0.5173;0.0792;0.8522;-1.47348;1.021464;1.496999;-0.5173;0.0792;0.8522;-1.013934;1.01066;1.776951;-0.5173;0.0792;0.8522;-1.115681;2.910642;0.866973;-0.9792;0.1988;0.0399;-1.47348;1.021464;1.496999;-0.9792;0.1988;0.0399;-1.07805;2.942818;1.629761;-0.9792;0.1988;0.0399;-0.808319;1.063666;0.817329;-0.0352;-0.6032;-0.7968;-1.2307;0.347875;1.377847;-0.0352;-0.6032;-0.7968;-1.461686;1.095441;0.822132;-0.0352;-0.6032;-0.7968;-1.47348;1.021464;1.496999;-0.9408;-0.3391;0.0;-1.2307;0.347875;1.377847;-0.9408;-0.3391;0.0;-1.238424;0.369365;1.821949;-0.9408;-0.3391;0.0;-1.013934;1.01066;1.776951;-0.5155;0.2382;0.8231;-1.238424;0.369365;1.821949;-0.5155;0.2382;0.8231;-0.937464;0.39114;2.004131;-0.5155;0.2382;0.8231;0.659524;1.590652;1.932663;0.9025;-0.2692;0.3362;0.755835;2.715847;2.575125;0.9025;-0.2692;0.3362;0.45085;1.686626;2.569625;0.9025;-0.2692;0.3362;-0.668655;1.590652;1.932664;-0.952;-0.2481;0.1791;-0.841088;2.715847;2.575126;-0.952;-0.2481;0.1791;-1.07805;2.942818;1.629761;-0.952;-0.2481;0.1791;-1.07805;2.942818;1.629761;-0.6425;0.7304;0.2316;-0.042627;3.503686;2.733538;-0.6425;0.7304;0.2316;-0.00624;3.916041;1.533899;-0.6425;0.7304;0.2316;1.068919;2.942818;1.629761;0.6874;0.6209;0.3767;-0.042627;3.503686;2.733538;0.6874;0.6209;0.3767;0.755835;2.715847;2.575125;0.6874;0.6209;0.3767;1.455903;1.095441;0.822131;-0.0334;0.0183;-0.9993;0.659524;1.349387;0.853385;-0.0334;0.0183;-0.9993;1.10655;2.910642;0.866972;-0.0334;0.0183;-0.9993;0.683902;2.702266;-2.559247;0.0174;-0.0017;-0.9998;1.135607;1.43904;-2.5493;0.0174;-0.0017;-0.9998;0.198116;1.886238;-2.566349;0.0174;-0.0017;-0.9998;1.30784;2.939693;-1.403082;0.8167;0.2881;-0.4999;1.135607;1.43904;-2.5493;0.8167;0.2881;-0.4999;0.683902;2.702266;-2.559247;0.8167;0.2881;-0.4999;0.786066;1.333897;-1.417057;0.3559;-0.1237;0.9263;1.481189;1.149751;-1.708734;0.3559;-0.1237;0.9263;1.30784;2.939693;-1.403082;0.3559;-0.1237;0.9263;1.135607;1.43904;-2.5493;-0.1782;-0.4077;-0.8956;0.338378;1.472892;-2.4061;-0.1782;-0.4077;-0.8956;0.198116;1.886238;-2.566349;-0.1782;-0.4077;-0.8956;0.786066;1.333897;-1.417057;0.1643;-0.6089;0.776;0.744094;0.968751;-1.694669;0.1643;-0.6089;0.776;1.481189;1.149751;-1.708734;0.1643;-0.6089;0.776;0.744094;0.968751;-1.694669;0.1819;-0.6862;0.7043;1.270713;0.450597;-2.335536;0.1819;-0.6862;0.7043;1.481189;1.149751;-1.708734;0.1819;-0.6862;0.7043;1.270713;0.450597;-2.335536;0.9295;0.048;-0.3656;1.135607;1.43904;-2.5493;0.9295;0.048;-0.3656;1.481189;1.149751;-1.708734;0.9295;0.048;-0.3656;1.135607;1.43904;-2.5493;-0.1437;0.4151;-0.8983;0.587511;0.453569;-2.917026;-0.1437;0.4151;-0.8983;0.338378;1.472892;-2.4061;-0.1437;0.4151;-0.8983;0.659524;1.590652;1.932663;0.4976;0.0434;0.8663;1.467698;1.021464;1.496998;0.4976;0.0434;0.8663;1.068919;2.942818;1.629761;0.4976;0.0434;0.8663;1.467698;1.021464;1.496998;0.9789;0.2004;0.0398;1.10655;2.910642;0.866972;0.9789;0.2004;0.0398;1.068919;2.942818;1.629761;0.9789;0.2004;0.0398;1.224917;0.347875;1.377846;0.0352;-0.6032;-0.7968;0.802536;1.063666;0.817329;0.0352;-0.6032;-0.7968;1.455903;1.095441;0.822131;0.0352;-0.6032;-0.7968;1.467698;1.021464;1.496998;0.9424;-0.3303;-0.0527;1.224917;0.347875;1.377846;0.9424;-0.3303;-0.0527;1.455903;1.095441;0.822131;0.9424;-0.3303;-0.0527;1.008152;1.01066;1.77695;0.5018;0.2341;0.8327;1.232642;0.369365;1.821948;0.5018;0.2341;0.8327;1.467698;1.021464;1.496998;0.5018;0.2341;0.8327;-0.497711;3.117928;2.866734;0.5644;0.1447;-0.8127;-0.291932;3.20615;3.025359;0.5644;0.1447;-0.8127;-0.297145;2.761583;2.942572;0.5644;0.1447;-0.8127;-0.497711;3.117928;2.866734;0.0426;0.8486;-0.5273;-0.706401;3.312943;3.163738;0.0426;0.8486;-0.5273;-0.291932;3.20615;3.025359;0.0426;0.8486;-0.5273;0.404275;3.107574;2.860326;-0.5782;0.1549;-0.8011;0.203709;2.751229;2.936164;-0.5782;0.1549;-0.8011;0.211155;3.187882;3.015253;-0.5782;0.1549;-0.8011;0.404275;3.107574;2.860326;-0.0605;0.8534;-0.5178;0.211155;3.187882;3.015253;-0.0605;0.8534;-0.5178;0.612965;3.302588;3.15733;-0.0605;0.8534;-0.5178;-0.708276;2.945919;2.903683;-0.525;0.4938;-0.6932;-0.706401;3.312943;3.163738;-0.525;0.4938;-0.6932;-0.497711;3.117928;2.866734;-0.525;0.4938;-0.6932;-0.708276;2.945919;2.903683;-0.0011;-0.2087;-0.978;-0.497711;3.117928;2.866734;-0.0011;-0.2087;-0.978;-0.297145;2.761583;2.942572;-0.0011;-0.2087;-0.978;0.60218;2.943476;2.900976;0.5391;0.4785;-0.693;0.404275;3.107574;2.860326;0.5391;0.4785;-0.693;0.612965;3.302588;3.15733;0.5391;0.4785;-0.693;0.60218;2.943476;2.900976;0.0192;-0.2185;-0.9757;0.203709;2.751229;2.936164;0.0192;-0.2185;-0.9757;0.404275;3.107574;2.860326;0.0192;-0.2185;-0.9757;-1.090909;2.776058;-0.560717;-0.9641;-0.2647;0.0208;-0.646046;1.143827;-0.713121;-0.9641;-0.2647;0.0208;-0.668655;1.349387;0.853385;-0.9641;-0.2647;0.0208;0.974387;2.776058;-0.560718;0.9245;-0.2765;0.2623;0.529524;1.143827;-0.713122;0.9245;-0.2765;0.2623;0.786066;1.333897;-1.417057;0.9245;-0.2765;0.2623;0.659524;1.349387;0.853385;0.9649;-0.2587;-0.0461;0.529524;1.143827;-0.713122;0.9649;-0.2587;-0.0461;0.974387;2.776058;-0.560718;0.9649;-0.2587;-0.0461;-0.668655;1.349387;0.853385;-0.0012;0.1258;-0.9921;-0.808319;1.063666;0.817329;-0.0012;0.1258;-0.9921;-1.461686;1.095441;0.822132;-0.0012;0.1258;-0.9921;-1.090909;2.776058;-0.560717;-0.9062;-0.2971;0.3009;-1.424285;2.939692;-1.403081;-0.9062;-0.2971;0.3009;-0.90251;1.333897;-1.417057;-0.9062;-0.2971;0.3009;0.974387;2.776058;-0.560718;0.549;0.7526;0.3635;1.30784;2.939693;-1.403082;0.549;0.7526;0.3635;-0.058262;3.932128;-1.394444;0.549;0.7526;0.3635;-1.090909;2.776058;-0.560717;-0.6995;0.7058;0.1123;-0.00624;3.693185;0.430576;-0.6995;0.7058;0.1123;-0.058262;3.932128;-1.394444;-0.6995;0.7058;0.1123;0.755835;2.715847;2.575125;0.6664;0.5816;0.4666;-0.042627;3.503686;2.733538;0.6664;0.5816;0.4666;-0.05826;2.969413;3.421859;0.6664;0.5816;0.4666;1.10655;2.910642;0.866972;0.6086;0.7778;-0.1571;-0.00624;3.693185;0.430576;0.6086;0.7778;-0.1571;-0.00624;3.916041;1.533899;0.6086;0.7778;-0.1571;-1.115681;2.910642;0.866973;-0.6721;0.7404;0.0019;-1.07805;2.942818;1.629761;-0.6721;0.7404;0.0019;-0.00624;3.916041;1.533899;-0.6721;0.7404;0.0019;-1.424285;2.939692;-1.403081;-0.5276;0.7299;-0.4346;-0.058262;3.932128;-1.394444;-0.5276;0.7299;-0.4346;-0.058262;3.241403;-2.554555;-0.5276;0.7299;-0.4346;1.30784;2.939693;-1.403082;0.5275;0.73;-0.4346;0.683902;2.702266;-2.559247;0.5275;0.73;-0.4346;-0.058262;3.241403;-2.554555;0.5275;0.73;-0.4346;0.675436;2.359604;3.134833;0.3901;0.0364;0.92;-0.05826;2.969413;3.421859;0.3901;0.0364;0.92;-0.05826;2.200196;3.452259;0.3901;0.0364;0.92;-0.841088;2.715847;2.575126;-0.6696;0.5986;0.4398;-0.791956;2.359604;3.134834;-0.6696;0.5986;0.4398;-0.05826;2.969413;3.421859;-0.6696;0.5986;0.4398;-0.536103;1.686626;2.569625;-0.9391;-0.3433;-0.0163;-0.511709;1.599999;2.987897;-0.9391;-0.3433;-0.0163;-0.791956;2.359604;3.134834;-0.9391;-0.3433;-0.0163;0.45085;1.686626;2.569625;0.958;-0.2836;-0.0429;0.755835;2.715847;2.575125;0.958;-0.2836;-0.0429;0.675436;2.359604;3.134833;0.958;-0.2836;-0.0429;-0.511709;1.599999;2.987897;-0.7727;-0.4191;0.4768;-0.349541;1.658747;3.302368;-0.7727;-0.4191;0.4768;-0.529563;1.994;3.305285;-0.7727;-0.4191;0.4768;0.395189;1.599999;2.987897;0.8161;-0.3845;0.4315;0.675436;2.359604;3.134833;0.8161;-0.3845;0.4315;0.413044;1.994;3.305285;0.8161;-0.3845;0.4315;-0.791956;2.359604;3.134834;-0.3601;0.1692;0.9174;-0.529563;1.994;3.305285;-0.3601;0.1692;0.9174;-0.05826;2.200196;3.452259;-0.3601;0.1692;0.9174;-1.424285;2.939692;-1.403081;-0.8168;0.2881;-0.4999;-0.800347;2.702266;-2.559247;-0.8168;0.2881;-0.4999;-1.251974;1.43904;-2.549299;-0.8168;0.2881;-0.4999;-0.86046;0.968751;-1.694669;-0.1819;-0.6862;0.7043;-1.597555;1.149751;-1.708733;-0.1819;-0.6862;0.7043;-1.387079;0.450597;-2.335536;-0.1819;-0.6862;0.7043;-1.251974;1.43904;-2.549299;-0.9683;0.0813;-0.2361;-1.227647;0.460758;-2.985881;-0.9683;0.0813;-0.2361;-1.387079;0.450597;-2.335536;-0.9683;0.0813;-0.2361;-1.251974;1.43904;-2.549299;0.1437;0.4151;-0.8983;-0.454745;1.472892;-2.4061;0.1437;0.4151;-0.8983;-0.703878;0.453569;-2.917026;0.1437;0.4151;-0.8983;-0.668655;1.590652;1.932664;-0.4989;0.0429;0.8656;-1.07805;2.942818;1.629761;-0.4989;0.0429;0.8656;-1.47348;1.021464;1.496999;-0.4989;0.0429;0.8656;-1.115681;2.910642;0.866973;-0.9823;0.1872;0.0033;-1.461686;1.095441;0.822132;-0.9823;0.1872;0.0033;-1.47348;1.021464;1.496999;-0.9823;0.1872;0.0033;-0.808319;1.063666;0.817329;-0.0295;-0.6054;-0.7954;-0.802805;0.326829;1.378005;-0.0295;-0.6054;-0.7954;-1.2307;0.347875;1.377847;-0.0295;-0.6054;-0.7954;-1.47348;1.021464;1.496999;-0.9424;-0.3303;-0.0527;-1.461686;1.095441;0.822132;-0.9424;-0.3303;-0.0527;-1.2307;0.347875;1.377847;-0.9424;-0.3303;-0.0527;-1.013934;1.01066;1.776951;-0.5018;0.2341;0.8327;-1.47348;1.021464;1.496999;-0.5018;0.2341;0.8327;-1.238424;0.369365;1.821949;-0.5018;0.2341;0.8327;0.659524;1.590652;1.932663;0.9395;-0.227;0.2566;1.068919;2.942818;1.629761;0.9395;-0.227;0.2566;0.755835;2.715847;2.575125;0.9395;-0.227;0.2566;-0.668655;1.590652;1.932664;-0.9315;-0.2773;0.2356;-0.536103;1.686626;2.569625;-0.9315;-0.2773;0.2356;-0.841088;2.715847;2.575126;-0.9315;-0.2773;0.2356;-1.07805;2.942818;1.629761;-0.6957;0.6392;0.3278;-0.841088;2.715847;2.575126;-0.6957;0.6392;0.3278;-0.042627;3.503686;2.733538;-0.6957;0.6392;0.3278;1.068919;2.942818;1.629761;0.6331;0.7259;0.2687;-0.00624;3.916041;1.533899;0.6331;0.7259;0.2687;-0.042627;3.503686;2.733538;0.6331;0.7259;0.2687;1.455903;1.095441;0.822131;0.0012;0.1258;-0.9921;0.802536;1.063666;0.817329;0.0012;0.1258;-0.9921;0.659524;1.349387;0.853385;0.0012;0.1258;-0.9921;1.30784;2.939693;-1.403082;0.9316;0.147;-0.3324;1.481189;1.149751;-1.708734;0.9316;0.147;-0.3324;1.135607;1.43904;-2.5493;0.9316;0.147;-0.3324;0.744094;0.968751;-1.694669;0.0965;-0.7337;0.6725;0.789811;0.420878;-2.298964;0.0965;-0.7337;0.6725;1.270713;0.450597;-2.335536;0.0965;-0.7337;0.6725;1.270713;0.450597;-2.335536;0.9683;0.0813;-0.2361;1.11128;0.460758;-2.985882;0.9683;0.0813;-0.2361;1.135607;1.43904;-2.5493;0.9683;0.0813;-0.2361;1.135607;1.43904;-2.5493;-0.1245;0.4069;-0.9049;1.11128;0.460758;-2.985882;-0.1245;0.4069;-0.9049;0.587511;0.453569;-2.917026;-0.1245;0.4069;-0.9049;0.659524;1.590652;1.932663;0.5171;0.0821;0.852;1.008152;1.01066;1.77695;0.5171;0.0821;0.852;1.467698;1.021464;1.496998;0.5171;0.0821;0.852;1.467698;1.021464;1.496998;0.982;0.1889;0.0035;1.455903;1.095441;0.822131;0.982;0.1889;0.0035;1.10655;2.910642;0.866972;0.982;0.1889;0.0035;1.224917;0.347875;1.377846;0.0295;-0.6054;-0.7954;0.797023;0.326829;1.378005;0.0295;-0.6054;-0.7954;0.802536;1.063666;0.817329;0.0295;-0.6054;-0.7954;1.467698;1.021464;1.496998;0.9408;-0.3391;0.0;1.232642;0.369365;1.821948;0.9408;-0.3391;0.0;1.224917;0.347875;1.377846;0.9408;-0.3391;0.0;1.008152;1.01066;1.77695;0.5155;0.2382;0.8231;0.931682;0.39114;2.00413;0.5155;0.2382;0.8231;1.232642;0.369365;1.821948;0.5155;0.2382;0.8231
10
INFO;NameId;691;DescId;692;price;135000;dpPerMin;225;range;3;placeSound;bearPlace
MATERIAL;second;1;count;5;CUSTOM;0.48322996;0.38150507;0.28366888;10000;CUSTOM;0.25;0.25;0.25;10000;GREY;5000000;BEIGE;7000000;WHITE;10000000;
LIFE;averagePop;4.0;averageLife;55.0;popFactors;0;breedMat;27.5;breedTime;19.902332;parentId;-1;FALL_DEATH;fallTime;1.5;totalTime;2.5;angle;60;particles;0;enviroReqCount;1;reqId;2;barren;0;goodBiomes;3;0;1;8;ideal;60;influence;0.7;defPoints;2000
GROWTH;dynamic;1;growthTime;18.333334;modelStages;2
MOVEMENT;15;Speed;0.5;Rot Speed;180;Bounce Power;2;Bounce Rot;40;Standard Height;0.2
AI;PATROL
EATING;MaxHunger;100;HungerPerHour;5;eatRadius;0.4;Anims;1;0;DietOptions;3;em;TO_SHARE;0;es57;HONEY;0;pbf;FRUIT;0;
NAME
SOUND
RANDOM_SOUNDER;15;30;1;bearRoar;15;
