0.8
pnf
0;1
3
-0.603556;-0.135594;-0.284244;0.470929;0.767954;0.30251;1
48;2
36;0.4351319;0.50923985;0.28956762;0.3
0.014588;-0.089648;-0.041549;0.864;0.0443;-0.5016;0.170953;0.756204;0.30251;0.864;0.0443;-0.5016;0.064639;-0.113138;0.042586;0.864;0.0443;-0.5016;0.064639;-0.113138;0.042586;-0.0084;-0.2855;0.9583;0.170953;0.756204;0.30251;-0.0084;-0.2855;0.9583;-0.035464;-0.102647;0.044831;-0.0084;-0.2855;0.9583;-0.035464;-0.102647;0.044831;-0.8371;0.3317;-0.4351;0.170953;0.756204;0.30251;-0.8371;0.3317;-0.4351;0.014588;-0.089648;-0.041549;-0.8371;0.3317;-0.4351;0.044804;-0.056818;-0.060664;0.8712;0.2057;0.4458;-0.118729;0.643077;-0.064071;0.8712;0.2057;0.4458;0.014311;-0.056442;-0.001243;0.8712;0.2057;0.4458;0.014311;-0.056442;-0.001243;-0.8291;-0.1084;0.5486;-0.118729;0.643077;-0.064071;-0.8291;-0.1084;0.5486;-0.020264;-0.071276;-0.056428;-0.8291;-0.1084;0.5486;-0.020264;-0.071276;-0.056428;-0.0607;-0.019;-0.998;-0.118729;0.643077;-0.064071;-0.0607;-0.019;-0.998;0.044804;-0.056818;-0.060664;-0.0607;-0.019;-0.998;0.084612;-0.135594;-0.076299;0.8843;-0.4668;0.003;0.470929;0.59541;-0.199056;0.8843;-0.4668;0.003;0.085521;-0.133183;0.029582;0.8843;-0.4668;0.003;0.085521;-0.133183;0.029582;-0.2955;0.4248;0.8557;0.470929;0.59541;-0.199056;-0.2955;0.4248;0.8557;0.018059;-0.071761;-0.02421;-0.2955;0.4248;0.8557;0.018059;-0.071761;-0.02421;-0.5258;0.1369;-0.8395;0.470929;0.59541;-0.199056;-0.5258;0.1369;-0.8395;0.084612;-0.135594;-0.076299;-0.5258;0.1369;-0.8395;0.029304;-0.04161;-0.078545;0.748;0.6637;-0.0031;-0.603556;0.67057;-0.284244;0.748;0.6637;-0.0031;0.027796;-0.039387;0.031853;0.748;0.6637;-0.0031;0.027796;-0.039387;0.031853;-0.5051;-0.066;0.8606;-0.603556;0.67057;-0.284244;-0.5051;-0.066;0.8606;-0.065083;-0.059946;-0.024234;-0.5051;-0.066;0.8606;-0.065083;-0.059946;-0.024234;-0.3435;-0.5293;-0.7757;-0.603556;0.67057;-0.284244;-0.3435;-0.5293;-0.7757;0.029304;-0.04161;-0.078545;-0.3435;-0.5293;-0.7757
12;-1.0;0.0;0.0;0.3
-0.196001;0.748083;-0.022304;0.0624;-0.0574;0.9964;-0.066245;0.357425;-0.05293;0.0624;-0.0574;0.9964;-0.055822;0.767954;-0.029937;0.0624;-0.0574;0.9964;-0.055822;0.767954;-0.029937;0.8392;0.0091;-0.5437;-0.066245;0.357425;-0.05293;0.8392;0.0091;-0.5437;-0.132676;0.758645;-0.148723;0.8392;0.0091;-0.5437;-0.132676;0.758645;-0.148723;-0.8573;-0.2495;-0.4503;-0.066245;0.357425;-0.05293;-0.8573;-0.2495;-0.4503;-0.196001;0.748083;-0.022304;-0.8573;-0.2495;-0.4503;-0.196001;0.748083;-0.022304;-0.1397;0.9901;0.0128;-0.055822;0.767954;-0.029937;-0.1397;0.9901;0.0128;-0.132676;0.758645;-0.148723;-0.1397;0.9901;0.0128
-0.57661;-0.143211;-0.461417;0.611633;1.446302;0.461068;1
72;3
36;0.4351319;0.50923985;0.28956762;0.25
0.010738;-0.064884;-0.028016;0.8577;-0.0134;-0.514;0.211271;1.234971;0.272814;0.8577;-0.0134;-0.514;0.046226;-0.08154;0.031639;0.8577;-0.0134;-0.514;0.046226;-0.08154;0.031639;0.0031;-0.1806;0.9836;0.211271;1.234971;0.272814;0.0031;-0.1806;0.9836;-0.024751;-0.074101;0.033231;0.0031;-0.1806;0.9836;-0.024751;-0.074101;0.033231;-0.8554;0.2384;-0.4598;0.211271;1.234971;0.272814;-0.8554;0.2384;-0.4598;0.010738;-0.064884;-0.028016;-0.8554;0.2384;-0.4598;0.025746;-0.112829;-0.068225;0.9798;-0.0831;-0.1819;0.04084;0.925745;-0.461417;0.9798;-0.0831;-0.1819;0.056751;-0.057801;0.073639;0.9798;-0.0831;-0.1819;0.056751;-0.057801;0.073639;-0.3038;0.4515;0.839;0.04084;0.925745;-0.461417;-0.3038;0.4515;0.839;-0.088229;-0.052453;0.018258;-0.3038;0.4515;0.839;-0.088229;-0.052453;0.018258;-0.6666;-0.2554;-0.7002;0.04084;0.925745;-0.461417;-0.6666;-0.2554;-0.7002;0.025746;-0.112829;-0.068225;-0.6666;-0.2554;-0.7002;0.086659;-0.052868;-0.040045;0.8509;0.3044;0.4281;-0.20866;1.158776;-0.314656;0.8509;0.3044;0.4281;0.048693;-0.05075;0.033908;0.8509;0.3044;0.4281;0.048693;-0.05075;0.033908;-0.8425;-0.0241;0.5382;-0.20866;1.158776;-0.314656;-0.8425;-0.0241;0.5382;0.005646;-0.070747;-0.03437;-0.8425;-0.0241;0.5382;0.005646;-0.070747;-0.03437;-0.0185;-0.2253;-0.9741;-0.20866;1.158776;-0.314656;-0.0185;-0.2253;-0.9741;0.086659;-0.052868;-0.040045;-0.0185;-0.2253;-0.9741;0.057136;-0.092041;-0.075641;0.8703;-0.4925;0.0037;0.611633;0.887577;-0.102438;0.8703;-0.4925;0.0037;0.058468;-0.088506;0.079602;0.8703;-0.4925;0.0037;0.058468;-0.088506;0.079602;-0.3565;0.3626;0.8611;0.611633;0.887577;-0.102438;-0.3565;0.3626;0.8611;-0.040446;0.001552;7.33E-4;-0.3565;0.3626;0.8611;-0.040446;0.001552;7.33E-4;-0.4517;0.2321;-0.8615;0.611633;0.887577;-0.102438;-0.4517;0.2321;-0.8615;0.057136;-0.092041;-0.075641;-0.4517;0.2321;-0.8615
12;0.5366329;0.70827925;0.398238;0.25
-0.57661;0.871587;-0.156775;-0.859;-0.4758;0.1893;0.025955;-0.143211;0.026889;-0.859;-0.4758;0.1893;-0.355967;0.56237;0.067237;-0.859;-0.4758;0.1893;-0.355967;0.56237;0.067237;0.8448;0.4398;0.3047;0.025955;-0.143211;0.026889;0.8448;0.4398;0.3047;-0.27711;0.573931;-0.168051;0.8448;0.4398;0.3047;-0.27711;0.573931;-0.168051;-0.4294;-0.4014;-0.809;0.025955;-0.143211;0.026889;-0.4294;-0.4014;-0.809;-0.57661;0.871587;-0.156775;-0.4294;-0.4014;-0.809;-0.57661;0.871587;-0.156775;0.6851;0.6794;0.263;-0.355967;0.56237;0.067237;0.6851;0.6794;0.263;-0.27711;0.573931;-0.168051;0.6851;0.6794;0.263
24;-1.0;0.0;0.0;0.25
0.230706;1.380139;0.461068;0.828;-0.366;0.4247;0.158066;0.897777;0.186993;0.828;-0.366;0.4247;0.371686;1.416754;0.217762;0.828;-0.366;0.4247;0.371686;1.416754;0.217762;-0.0155;0.0655;-0.9977;0.158066;0.897777;0.186993;-0.0155;0.0655;-0.9977;0.089726;1.446302;0.224085;-0.0155;0.0655;-0.9977;0.089726;1.446302;0.224085;-0.8676;-0.1404;0.477;0.158066;0.897777;0.186993;-0.8676;-0.1404;0.477;0.230706;1.380139;0.461068;-0.8676;-0.1404;0.477;0.230706;1.380139;0.461068;0.1066;0.9723;0.2081;0.371686;1.416754;0.217762;0.1066;0.9723;0.2081;0.089726;1.446302;0.224085;0.1066;0.9723;0.2081;-0.316563;1.287163;-0.284229;0.0393;0.1361;0.9899;-0.140713;0.843276;-0.230165;0.0393;0.1361;0.9899;-0.144584;1.325118;-0.296276;0.0393;0.1361;0.9899;-0.144584;1.325118;-0.296276;0.8526;-0.0643;-0.5187;-0.140713;0.843276;-0.230165;0.8526;-0.0643;-0.5187;-0.235967;1.282666;-0.441222;0.8526;-0.0643;-0.5187;-0.235967;1.282666;-0.441222;-0.8278;-0.3784;-0.4141;-0.140713;0.843276;-0.230165;-0.8278;-0.3784;-0.4141;-0.316563;1.287163;-0.284229;-0.8278;-0.3784;-0.4141;-0.316563;1.287163;-0.284229;-0.2228;0.9645;-0.142;-0.144584;1.325118;-0.296276;-0.2228;0.9645;-0.142;-0.235967;1.282666;-0.441222;-0.2228;0.9645;-0.142
-0.943429;-0.143137;-1.052251;1.034004;2.137378;0.823019;1
87;3
27;0.4351319;0.50923985;0.28956762;0.2
-5.64E-4;-0.064859;-0.058996;0.863;0.033;-0.5042;0.212553;1.906193;0.434704;0.863;0.033;-0.5042;0.06775;-0.09692;0.055838;0.863;0.033;-0.5042;0.06775;-0.09692;0.055838;0.0025;-0.186;0.9825;0.212553;1.906193;0.434704;0.0025;-0.186;0.9825;-0.068877;-0.082602;0.058902;0.0025;-0.186;0.9825;-0.068877;-0.082602;0.058902;-0.8594;0.2097;-0.4664;0.212553;1.906193;0.434704;-0.8594;0.2097;-0.4664;-5.64E-4;-0.064859;-0.058996;-0.8594;0.2097;-0.4664;0.012717;-0.116253;-0.052659;0.9649;-0.2333;-0.1204;0.331091;1.550085;-0.729365;0.9649;-0.2333;-0.1204;0.040152;-0.067561;0.072872;0.9649;-0.2333;-0.1204;0.040152;-0.067561;0.072872;-0.3005;0.4666;0.8318;0.331091;1.550085;-0.729365;-0.3005;0.4666;0.8318;-0.088135;-0.062829;0.023867;-0.3005;0.4666;0.8318;-0.088135;-0.062829;0.023867;-0.6523;-0.1749;-0.7375;0.331091;1.550085;-0.729365;-0.6523;-0.1749;-0.7375;0.012717;-0.116253;-0.052659;-0.6523;-0.1749;-0.7375;0.097057;-0.059164;-0.048096;0.8582;0.2763;0.4326;-0.414073;1.904152;-0.28825;0.8582;0.2763;0.4326;0.034322;-0.055663;0.074106;0.8582;0.2763;0.4326;0.034322;-0.055663;0.074106;-0.8307;-0.0884;0.5496;-0.414073;1.904152;-0.28825;-0.8307;-0.0884;0.5496;-0.036811;-0.088708;-0.03872;-0.8307;-0.0884;0.5496;-0.036811;-0.088708;-0.03872;-0.0403;-0.1317;-0.9905;-0.414073;1.904152;-0.28825;-0.0403;-0.1317;-0.9905;0.097057;-0.059164;-0.048096;-0.0403;-0.1317;-0.9905
24;0.5366329;0.70827925;0.398238;0.2
-0.943429;1.295649;-0.130795;-0.8179;-0.559;-0.1362;0.012902;-0.143137;0.031504;-0.8179;-0.559;-0.1362;-0.72085;0.871004;0.27534;-0.8179;-0.559;-0.1362;-0.72085;0.871004;0.27534;0.8004;0.4993;0.3318;0.012902;-0.143137;0.031504;0.8004;0.4993;0.3318;-0.517222;0.945759;-0.328354;0.8004;0.4993;0.3318;-0.517222;0.945759;-0.328354;-0.6681;-0.5057;-0.5458;0.012902;-0.143137;0.031504;-0.6681;-0.5057;-0.5458;-0.943429;1.295649;-0.130795;-0.6681;-0.5057;-0.5458;-0.943429;1.295649;-0.130795;0.6851;0.658;0.3126;-0.72085;0.871004;0.27534;0.6851;0.658;0.3126;-0.517222;0.945759;-0.328354;0.6851;0.658;0.3126;1.034004;1.388334;-0.014307;0.6234;-0.4154;-0.6624;-0.035171;-0.115798;-0.077392;0.6234;-0.4154;-0.6624;0.529141;0.992403;-0.241183;0.6234;-0.4154;-0.6624;0.529141;0.992403;-0.241183;-0.878;0.4643;0.1162;-0.035171;-0.115798;-0.077392;-0.878;0.4643;0.1162;0.564497;0.947205;0.206383;-0.878;0.4643;0.1162;0.564497;0.947205;0.206383;0.7125;-0.5259;0.4645;-0.035171;-0.115798;-0.077392;0.7125;-0.5259;0.4645;1.034004;1.388334;-0.014307;0.7125;-0.5259;0.4645;1.034004;1.388334;-0.014307;-0.6468;0.752;0.127;0.529141;0.992403;-0.241183;-0.6468;0.752;0.127;0.564497;0.947205;0.206383;-0.6468;0.752;0.127
36;-1.0;0.0;0.0;0.2
0.22975;1.987197;0.823019;0.8075;-0.4307;0.4031;0.152689;1.361818;0.309153;0.8075;-0.4307;0.4031;0.549757;2.070307;0.270742;0.8075;-0.4307;0.4031;0.549757;2.070307;0.270742;-0.0265;-0.0393;-0.9989;0.152689;1.361818;0.309153;-0.0265;-0.0393;-0.9989;-0.090256;2.137378;0.285095;-0.0265;-0.0393;-0.9989;-0.090256;2.137378;0.285095;-0.8605;-0.2559;0.4405;0.152689;1.361818;0.309153;-0.8605;-0.2559;0.4405;0.22975;1.987197;0.823019;-0.8605;-0.2559;0.4405;0.22975;1.987197;0.823019;0.1066;0.9723;0.2081;0.549757;2.070307;0.270742;0.1066;0.9723;0.2081;-0.090256;2.137378;0.285095;0.1066;0.9723;0.2081;0.257052;1.839646;-0.50758;0.5943;-0.0293;0.8037;0.231436;1.039197;-0.517816;0.5943;-0.0293;0.8037;0.694645;1.607842;-0.839622;0.5943;-0.0293;0.8037;0.694645;1.607842;-0.839622;0.2579;-0.6264;-0.7356;0.231436;1.039197;-0.517816;0.2579;-0.6264;-0.7356;0.138013;1.628375;-1.052251;0.2579;-0.6264;-0.7356;0.138013;1.628375;-1.052251;-0.9788;0.0287;0.2028;0.231436;1.039197;-0.517816;-0.9788;0.0287;0.2028;0.257052;1.839646;-0.50758;-0.9788;0.0287;0.2028;0.257052;1.839646;-0.50758;0.1823;0.9026;-0.3899;0.694645;1.607842;-0.839622;0.1823;0.9026;-0.3899;0.138013;1.628375;-1.052251;0.1823;0.9026;-0.3899;-0.721648;1.989662;-0.119379;0.0971;-0.1267;0.9872;-0.30456;1.462734;-0.228011;0.0971;-0.1267;0.9872;-0.136219;2.118862;-0.160385;0.0971;-0.1267;0.9872;-0.136219;2.118862;-0.160385;0.8553;-0.169;-0.4898;-0.30456;1.462734;-0.228011;0.8553;-0.169;-0.4898;-0.447295;1.974353;-0.653792;0.8553;-0.169;-0.4898;-0.447295;1.974353;-0.653792;-0.7626;-0.526;-0.3764;-0.30456;1.462734;-0.228011;-0.7626;-0.526;-0.3764;-0.721648;1.989662;-0.119379;-0.7626;-0.526;-0.3764;-0.721648;1.989662;-0.119379;-0.2228;0.9645;-0.142;-0.136219;2.118862;-0.160385;-0.2228;0.9645;-0.142;-0.447295;1.974353;-0.653792;-0.2228;0.9645;-0.142
6
SPREADER;0;0.1;0.1;0.1;6;5;
INFO;NameId;368;DescId;369;price;515;dpPerMin;0;range;2;placeSound;grassPlace
LIFE;averagePop;6.25;averageLife;8.2;popFactors;1;0.1;breedMat;4.1;breedTime;2.96808;parentId;114;count;150;reqs;2;LIFE;type;2;enviroType;0;classification;ptg;count;2;MATERIAL;colour;LIGHT_BLUE;FADE_DEATH;0.4;enviroReqCount;1;reqId;2;growsBarren;0;biomes;5;0;1;5;8;4;idealFactor;85;influence;0.9
MATERIAL;second;1;count;10;CUSTOM;0.9098;0.8627;0.455;1000;CUSTOM;0.4706;0.722;0.937;10000;CYAN;38500;ORANGE;20000;WHITE;30000;RED;30000;PURPLE;100000;DARK_ORANGE;300000;RUBY_RED;600000;BLACK;500000
GROWTH;dynamic;0;growthTime;2.7333333;modelStages;3;subStages;1
FOOD;2;901;3;SAMPLE;902;8;WHOLE;PARTICLE_DEATH;isColour;1;Spawn;0;PPS;8;Speed;0.6;Gravity;0.2;Life;0.5;Scale;0.05;Colour;1;1;1;Additive;0;Alpha;1;FadeIn;0.1;FadeOut;0.8;HasDir;1;Dir;0;1;0;Deviation;0.3;Offset;0;0;0;LifeError;0.4;ScaleError;0.1;SpeedError;0.1;RandomRot;1;HasXRot;0

