1.0
ptg
0;1
3
-0.327387;-0.019904;-0.334399;0.227885;1.844555;0.230697;1
45;2
36;0.7216;0.902;0.502;0.1
0.115323;0.534428;0.230697;0.8315;-0.5304;0.1651;-0.001539;0.275694;-0.012101;0.8315;-0.5304;0.1651;0.227885;0.535035;-0.334399;0.8315;-0.5304;0.1651;0.227885;0.535035;-0.334399;-0.2656;-0.6499;-0.7121;-0.001539;0.275694;-0.012101;-0.2656;-0.6499;-0.7121;-0.327387;0.540919;-0.132635;-0.2656;-0.6499;-0.7121;-0.327387;0.540919;-0.132635;-0.5854;-0.3983;0.7062;-0.001539;0.275694;-0.012101;-0.5854;-0.3983;0.7062;0.115323;0.534428;0.230697;-0.5854;-0.3983;0.7062;0.115323;0.534428;0.230697;-0.6342;0.0167;0.773;-0.104773;1.628867;0.02654;-0.6342;0.0167;0.773;-0.327387;0.540919;-0.132635;-0.6342;0.0167;0.773;-0.104773;1.628867;0.02654;0.0704;0.2657;0.9615;0.189187;1.598631;0.01338;0.0704;0.2657;0.9615;0.004581;1.844555;-0.041076;0.0704;0.2657;0.9615;-0.327387;0.540919;-0.132635;-0.341;0.0354;-0.9394;0.007401;1.605465;-0.214057;-0.341;0.0354;-0.9394;0.227885;0.535035;-0.334399;-0.341;0.0354;-0.9394;0.227885;0.535035;-0.334399;0.9803;-0.0282;0.1952;0.189187;1.598631;0.01338;0.9803;-0.0282;0.1952;0.115323;0.534428;0.230697;0.9803;-0.0282;0.1952;0.115323;0.534428;0.230697;0.0639;0.1954;0.9786;0.189187;1.598631;0.01338;0.0639;0.1954;0.9786;-0.104773;1.628867;0.02654;0.0639;0.1954;0.9786;0.007401;1.605465;-0.214057;-0.8535;0.2989;-0.427;-0.104773;1.628867;0.02654;-0.8535;0.2989;-0.427;0.004581;1.844555;-0.041076;-0.8535;0.2989;-0.427;0.189187;1.598631;0.01338;0.717;0.4141;-0.5607;0.007401;1.605465;-0.214057;0.717;0.4141;-0.5607;0.004581;1.844555;-0.041076;0.717;0.4141;-0.5607;-0.327387;0.540919;-0.132635;-0.8705;0.2409;-0.4293;-0.104773;1.628867;0.02654;-0.8705;0.2409;-0.4293;0.007401;1.605465;-0.214057;-0.8705;0.2409;-0.4293;0.227885;0.535035;-0.334399;0.7643;0.2254;-0.6042;0.007401;1.605465;-0.214057;0.7643;0.2254;-0.6042;0.189187;1.598631;0.01338;0.7643;0.2254;-0.6042
9;0.90354544;0.90354544;0.90354544;0.1
-0.004285;-0.019904;-0.03352;0.8659;0.0148;-0.4999;-0.004285;0.701827;-0.012139;0.8659;0.0148;-0.4999;0.014231;-0.019904;-0.001449;0.8659;0.0148;-0.4999;0.014231;-0.019904;-0.001449;0.0;0.0148;0.9999;-0.004285;0.701827;-0.012139;0.0;0.0148;0.9999;-0.022801;-0.019904;-0.001449;0.0;0.0148;0.9999;-0.022801;-0.019904;-0.001449;-0.8659;0.0148;-0.4999;-0.004285;0.701827;-0.012139;-0.8659;0.0148;-0.4999;-0.004285;-0.019904;-0.03352;-0.8659;0.0148;-0.4999
-0.858748;-0.063597;-0.670598;0.779952;5.569321;0.876703;3;0;extraBounds;3;-1.775339;3.125442;0.075297;0.255311;5.496787;2.27328;0.060977;3.016958;-3.005588;4.191704;5.288753;-0.139072;-0.294038;-0.089741;-0.599817;0.230752;3.748706;0.135311
87;2
9;0.90354544;0.90354544;0.90354544;0.06
-0.0;-0.063597;-0.079409;0.8944;0.0086;-0.4472;0.002132;5.068701;0.023216;0.8944;0.0086;-0.4472;0.068252;-0.063597;0.057095;0.8944;0.0086;-0.4472;0.068252;-0.063597;0.057095;-0.0;0.0066;1.0;0.002132;5.068701;0.023216;-0.0;0.0066;1.0;-0.068252;-0.063597;0.057095;-0.0;0.0066;1.0;-0.068252;-0.063597;0.057095;-0.8944;0.0093;-0.4472;0.002132;5.068701;0.023216;-0.8944;0.0093;-0.4472;-0.0;-0.063597;-0.079409;-0.8944;0.0093;-0.4472
78;0.7216;0.902;0.502;0.06
0.251127;3.066847;0.594749;-0.3763;0.0411;0.9256;-0.58319;3.127815;0.252805;-0.3763;0.0411;0.9256;-0.858748;1.14201;0.229034;-0.3763;0.0411;0.9256;-0.58319;3.127815;0.252805;-0.9793;0.0438;-0.1978;-0.413674;2.958365;-0.623929;-0.9793;0.0438;-0.1978;-0.492439;1.177861;-0.628185;-0.9793;0.0438;-0.1978;-0.58319;3.127815;0.252805;-0.9136;0.1314;-0.3849;-0.492439;1.177861;-0.628185;-0.9136;0.1314;-0.3849;-0.858748;1.14201;0.229034;-0.9136;0.1314;-0.3849;0.251127;3.066847;0.594749;-0.568;0.1747;0.8043;-0.858748;1.14201;0.229034;-0.568;0.1747;0.8043;0.042296;1.089821;0.876703;-0.568;0.1747;0.8043;-0.492439;1.177861;-0.628185;-0.0445;0.0044;-0.999;-0.413674;2.958365;-0.623929;-0.0445;0.0044;-0.999;0.449472;1.082763;-0.670598;-0.0445;0.0044;-0.999;-0.858748;1.14201;0.229034;-0.5741;-0.7703;-0.2776;-0.492439;1.177861;-0.628185;-0.5741;-0.7703;-0.2776;-0.015831;0.605923;-0.026856;-0.5741;-0.7703;-0.2776;0.251127;3.066847;0.594749;0.924;-0.0434;0.3798;0.042296;1.089821;0.876703;0.924;-0.0434;0.3798;0.619061;2.851837;-0.324989;0.924;-0.0434;0.3798;-0.413674;2.958365;-0.623929;0.2895;0.1567;-0.9443;0.619061;2.851837;-0.324989;0.2895;0.1567;-0.9443;0.449472;1.082763;-0.670598;0.2895;0.1567;-0.9443;-0.492439;1.177861;-0.628185;-0.1057;-0.761;-0.6401;0.449472;1.082763;-0.670598;-0.1057;-0.761;-0.6401;-0.015831;0.605923;-0.026856;-0.1057;-0.761;-0.6401;-0.858748;1.14201;0.229034;-0.3747;-0.8071;0.4563;-0.015831;0.605923;-0.026856;-0.3747;-0.8071;0.4563;0.042296;1.089821;0.876703;-0.3747;-0.8071;0.4563;0.619061;2.851837;-0.324989;0.6564;0.2664;0.7058;0.042296;1.089821;0.876703;0.6564;0.2664;0.7058;0.779952;1.028349;0.213796;0.6564;0.2664;0.7058;0.449472;1.082763;-0.670598;0.9361;-0.0211;-0.3511;0.619061;2.851837;-0.324989;0.9361;-0.0211;-0.3511;0.779952;1.028349;0.213796;0.9361;-0.0211;-0.3511;-0.015831;0.605923;-0.026856;0.511;-0.8249;-0.2417;0.449472;1.082763;-0.670598;0.511;-0.8249;-0.2417;0.779952;1.028349;0.213796;0.511;-0.8249;-0.2417;0.042296;1.089821;0.876703;0.3176;-0.8443;0.4317;-0.015831;0.605923;-0.026856;0.3176;-0.8443;0.4317;0.779952;1.028349;0.213796;0.3176;-0.8443;0.4317;0.619061;2.851837;-0.324989;0.2888;0.1437;-0.9465;-0.413674;2.958365;-0.623929;0.2888;0.1437;-0.9465;-0.124652;5.26213;-0.186071;0.2888;0.1437;-0.9465;-0.413674;2.958365;-0.623929;-0.9536;0.2017;-0.2234;-0.58319;3.127815;0.252805;-0.9536;0.2017;-0.2234;-0.111438;5.23066;0.137731;-0.9536;0.2017;-0.2234;-0.58319;3.127815;0.252805;-0.3686;0.1235;0.9214;0.251127;3.066847;0.594749;-0.3686;0.1235;0.9214;0.163961;5.074198;0.290803;-0.3686;0.1235;0.9214;0.251127;3.066847;0.594749;0.9299;0.1451;0.3381;0.619061;2.851837;-0.324989;0.9299;0.1451;0.3381;0.233964;5.112423;-0.236227;0.9299;0.1451;0.3381;0.619061;2.851837;-0.324989;-0.1317;0.0165;-0.9911;-0.124652;5.26213;-0.186071;-0.1317;0.0165;-0.9911;0.233964;5.112423;-0.236227;-0.1317;0.0165;-0.9911;0.163961;5.074198;0.290803;0.9887;0.0635;0.1359;0.251127;3.066847;0.594749;0.9887;0.0635;0.1359;0.233964;5.112423;-0.236227;0.9887;0.0635;0.1359;-0.111438;5.23066;0.137731;-0.4176;0.1428;0.8973;-0.58319;3.127815;0.252805;-0.4176;0.1428;0.8973;0.163961;5.074198;0.290803;-0.4176;0.1428;0.8973;-0.413674;2.958365;-0.623929;-0.9921;0.1146;0.0516;-0.111438;5.23066;0.137731;-0.9921;0.1146;0.0516;-0.124652;5.26213;-0.186071;-0.9921;0.1146;0.0516;-0.124652;5.26213;-0.186071;-0.8531;0.5149;0.0849;-0.111438;5.23066;0.137731;-0.8531;0.5149;0.0849;0.083477;5.569321;0.042361;-0.8531;0.5149;0.0849;0.233964;5.112423;-0.236227;0.1106;0.5437;-0.832;-0.124652;5.26213;-0.186071;0.1106;0.5437;-0.832;0.083477;5.569321;0.042361;0.1106;0.5437;-0.832;0.163961;5.074198;0.290803;0.9627;0.229;0.1445;0.233964;5.112423;-0.236227;0.9627;0.229;0.1445;0.083477;5.569321;0.042361;0.9627;0.229;0.1445;-0.111438;5.23066;0.137731;-0.2622;0.3984;0.8789;0.163961;5.074198;0.290803;-0.2622;0.3984;0.8789;0.083477;5.569321;0.042361;-0.2622;0.3984;0.8789
-1.431246;-0.105995;-1.418812;1.29992;9.150751;1.342041;1.66666;0;extraBounds;6;-1.598225;3.945706;-0.406657;0.614503;6.319973;2.007996;0.102345;3.400776;-3.330583;4.463851;6.336662;-0.593349;-4.214754;6.215291;1.01486;1.504017;9.198516;3.917594;4.427524;4.482199;-2.944612;7.797815;8.772823;0.73121;-1.949202;6.262348;-4.902603;1.506637;9.507056;-2.121301;-0.970878;0.006236;-0.879142;0.374739;3.974652;0.313162
132;2
12;0.90354544;0.90354544;0.90354544;0.04
0.105995;-0.105995;-0.117958;0.9999;0.013;0.0;-0.0;8.043411;-0.011964;0.9999;0.013;0.0;0.105995;-0.105995;0.094031;0.9999;0.013;0.0;0.105995;-0.105995;0.094031;-0.0;0.013;0.9999;-0.0;8.043411;-0.011964;-0.0;0.013;0.9999;-0.105995;-0.105995;0.094031;-0.0;0.013;0.9999;-0.105995;-0.105995;0.094031;-0.9999;0.013;-0.0;-0.0;8.043411;-0.011964;-0.9999;0.013;-0.0;-0.105995;-0.105995;-0.117958;-0.9999;0.013;-0.0;-0.0;8.043411;-0.011964;0.0;0.013;-0.9999;0.105995;-0.105995;-0.117958;0.0;0.013;-0.9999;-0.105995;-0.105995;-0.117958;0.0;0.013;-0.9999
120;0.7216;0.902;0.502;0.04
1.179702;4.217509;0.770249;0.9933;0.1145;-0.0124;1.239484;3.53681;-0.728239;0.9933;0.1145;-0.0124;0.901692;6.464309;-0.757496;0.9933;0.1145;-0.0124;-0.379804;3.76326;1.273241;-0.8021;0.182;0.5688;-1.256781;4.292701;-0.132844;-0.8021;0.182;0.5688;-1.431246;1.90335;0.385769;-0.8021;0.182;0.5688;-0.379804;3.76326;1.273241;0.2185;0.2837;0.9337;1.179702;4.217509;0.770249;0.2185;0.2837;0.9337;1.243436;6.305154;0.12098;0.2185;0.2837;0.9337;-1.256781;4.292701;-0.132844;-0.7163;0.1335;-0.6849;-0.064973;4.090362;-1.418812;-0.7163;0.1335;-0.6849;-0.820731;1.963102;-1.04293;-0.7163;0.1335;-0.6849;-1.256781;4.292701;-0.132844;-0.9191;-0.0183;-0.3935;-0.820731;1.963102;-1.04293;-0.9191;-0.0183;-0.3935;-1.431246;1.90335;0.385769;-0.9191;-0.0183;-0.3935;-0.379804;3.76326;1.273241;-0.5386;-0.095;0.8372;-1.431246;1.90335;0.385769;-0.5386;-0.095;0.8372;0.070493;1.816368;1.342041;-0.5386;-0.095;0.8372;1.239484;3.53681;-0.728239;0.5434;0.3046;-0.7823;-0.064973;4.090362;-1.418812;0.5434;0.3046;-0.7823;-0.399943;5.770854;-0.997115;0.5434;0.3046;-0.7823;-0.064973;4.090362;-1.418812;-0.6925;0.2414;-0.6798;-1.256781;4.292701;-0.132844;-0.6925;0.2414;-0.6798;-0.905018;6.133348;0.162439;-0.6925;0.2414;-0.6798;-0.820731;1.963102;-1.04293;-0.0599;-0.153;-0.9864;-0.064973;4.090362;-1.418812;-0.0599;-0.153;-0.9864;0.74912;1.804605;-1.113618;-0.0599;-0.153;-0.9864;-1.431246;1.90335;0.385769;-0.5741;-0.7703;-0.2776;-0.820731;1.963102;-1.04293;-0.5741;-0.7703;-0.2776;-0.026385;1.009872;-0.040715;-0.5741;-0.7703;-0.2776;-0.379804;3.76326;1.273241;0.2794;0.0984;0.9551;0.070493;1.816368;1.342041;0.2794;0.0984;0.9551;1.179702;4.217509;0.770249;0.2794;0.0984;0.9551;-1.256781;4.292701;-0.132844;-0.7681;0.2699;0.5807;-0.379804;3.76326;1.273241;-0.7681;0.2699;0.5807;0.302113;6.459564;0.92198;-0.7681;0.2699;0.5807;-0.064973;4.090362;-1.418812;0.4858;0.0565;-0.8723;1.239484;3.53681;-0.728239;0.4858;0.0565;-0.8723;0.74912;1.804605;-1.113618;0.4858;0.0565;-0.8723;-0.820731;1.963102;-1.04293;-0.1057;-0.761;-0.6401;0.74912;1.804605;-1.113618;-0.1057;-0.761;-0.6401;-0.026385;1.009872;-0.040715;-0.1057;-0.761;-0.6401;-1.431246;1.90335;0.385769;-0.3575;-0.7956;0.4891;-0.026385;1.009872;-0.040715;-0.3575;-0.7956;0.4891;0.070493;1.816368;1.342041;-0.3575;-0.7956;0.4891;1.179702;4.217509;0.770249;0.6159;-0.0984;0.7816;0.070493;1.816368;1.342041;0.6159;-0.0984;0.7816;1.29992;1.713915;0.360371;0.6159;-0.0984;0.7816;1.239484;3.53681;-0.728239;0.9988;0.0448;0.0195;1.179702;4.217509;0.770249;0.9988;0.0448;0.0195;1.29992;1.713915;0.360371;0.9988;0.0448;0.0195;0.74912;1.804605;-1.113618;0.9176;-0.181;-0.354;1.239484;3.53681;-0.728239;0.9176;-0.181;-0.354;1.29992;1.713915;0.360371;0.9176;-0.181;-0.354;-0.026385;1.009872;-0.040715;0.511;-0.8249;-0.2417;0.74912;1.804605;-1.113618;0.511;-0.8249;-0.2417;1.29992;1.713915;0.360371;0.511;-0.8249;-0.2417;0.070493;1.816368;1.342041;0.3015;-0.8327;0.4645;-0.026385;1.009872;-0.040715;0.3015;-0.8327;0.4645;1.29992;1.713915;0.360371;0.3015;-0.8327;0.4645;1.179702;4.217509;0.770249;0.9126;-0.1465;-0.3816;0.901692;6.464309;-0.757496;0.9126;-0.1465;-0.3816;1.243436;6.305154;0.12098;0.9126;-0.1465;-0.3816;1.239484;3.53681;-0.728239;0.1757;0.0104;-0.9844;-0.399943;5.770854;-0.997115;0.1757;0.0104;-0.9844;0.901692;6.464309;-0.757496;0.1757;0.0104;-0.9844;-0.064973;4.090362;-1.418812;-0.9231;-0.0902;-0.3739;-0.905018;6.133348;0.162439;-0.9231;-0.0902;-0.3739;-0.399943;5.770854;-0.997115;-0.9231;-0.0902;-0.3739;-0.905018;6.133348;0.162439;-0.5252;-0.036;0.8502;-1.256781;4.292701;-0.132844;-0.5252;-0.036;0.8502;0.302113;6.459564;0.92198;-0.5252;-0.036;0.8502;0.302113;6.459564;0.92198;0.6408;-0.0624;0.7651;-0.379804;3.76326;1.273241;0.6408;-0.0624;0.7651;1.243436;6.305154;0.12098;0.6408;-0.0624;0.7651;1.243436;6.305154;0.12098;0.9109;0.2793;-0.3038;0.901692;6.464309;-0.757496;0.9109;0.2793;-0.3038;0.320852;8.609282;-0.527162;0.9109;0.2793;-0.3038;0.901692;6.464309;-0.757496;0.088;0.1737;-0.9809;-0.399943;5.770854;-0.997115;0.088;0.1737;-0.9809;-0.180391;8.272154;-0.534533;0.088;0.1737;-0.9809;-0.399943;5.770854;-0.997115;-0.8661;0.2235;-0.4471;-0.905018;6.133348;0.162439;-0.8661;0.2235;-0.4471;-0.243933;8.682943;0.15663;-0.8661;0.2235;-0.4471;-0.905018;6.133348;0.162439;-0.5538;0.137;0.8213;0.302113;6.459564;0.92198;-0.5538;0.137;0.8213;0.133598;8.380465;0.487904;-0.5538;0.137;0.8213;0.302113;6.459564;0.92198;0.6521;0.2336;0.7213;1.243436;6.305154;0.12098;0.6521;0.2336;0.7213;0.657923;8.547799;-0.076154;0.6521;0.2336;0.7213;0.901692;6.464309;-0.757496;-0.0484;0.0937;-0.9944;-0.180391;8.272154;-0.534533;-0.0484;0.0937;-0.9944;0.320852;8.609282;-0.527162;-0.0484;0.0937;-0.9944;1.243436;6.305154;0.12098;0.8011;0.1584;-0.5771;0.320852;8.609282;-0.527162;0.8011;0.1584;-0.5771;0.657923;8.547799;-0.076154;0.8011;0.1584;-0.5771;0.133598;8.380465;0.487904;0.6818;0.2176;0.6984;0.302113;6.459564;0.92198;0.6818;0.2176;0.6984;0.657923;8.547799;-0.076154;0.6818;0.2176;0.6984;-0.243933;8.682943;0.15663;-0.5801;0.1522;0.8002;-0.905018;6.133348;0.162439;-0.5801;0.1522;0.8002;0.133598;8.380465;0.487904;-0.5801;0.1522;0.8002;-0.399943;5.770854;-0.997115;-0.9805;0.1154;-0.1588;-0.243933;8.682943;0.15663;-0.9805;0.1154;-0.1588;-0.180391;8.272154;-0.534533;-0.9805;0.1154;-0.1588;-0.180391;8.272154;-0.534533;-0.7621;0.5234;-0.3811;-0.243933;8.682943;0.15663;-0.7621;0.5234;-0.3811;0.149036;9.150751;0.013328;-0.7621;0.5234;-0.3811;0.320852;8.609282;-0.527162;-0.385;0.588;-0.7114;-0.180391;8.272154;-0.534533;-0.385;0.588;-0.7114;0.149036;9.150751;0.013328;-0.385;0.588;-0.7114;0.133598;8.380465;0.487904;0.6047;0.4089;0.6834;0.657923;8.547799;-0.076154;0.6047;0.4089;0.6834;0.149036;9.150751;0.013328;0.6047;0.4089;0.6834;-0.243933;8.682943;0.15663;-0.3053;0.5039;0.808;0.133598;8.380465;0.487904;-0.3053;0.5039;0.808;0.149036;9.150751;0.013328;-0.3053;0.5039;0.808;0.657923;8.547799;-0.076154;0.6652;0.6226;-0.4123;0.320852;8.609282;-0.527162;0.6652;0.6226;-0.4123;0.149036;9.150751;0.013328;0.6652;0.6226;-0.4123
4
SPREADER;0;0;0;0;25;5
INFO;Birch Tree 2;A tall tree with an attitude.;475;15;3;noIcon.png;thud
LIFE;averagePop;3.333;averageLife;31.0;popFactors;2;0;0.5;breedMat;15.5;breedTime;11.212082;parentId;-1;FADE_DEATH;0.5;enviroReqCount;2;reqId;1;minAltitude;0;maxAltitude;60;influence;0.8;reqId;2;barren;0;goodBiomes;1;0;idealFactor;100;influence;0.8;
GROWTH;dynamic;0;growthTime;10.333333;modelStages;3;subStages;2
