0.65
ptm
0;1
3
-0.47505;-0.11983;-0.416471;0.415724;3.473575;0.448408;1
87;3
36;0.3291631;0.38628286;0.24733159;0.1
-0.126364;1.318578;0.372549;-0.9425;0.0282;0.3331;-0.144814;2.869391;0.189106;-0.9425;0.0282;0.3331;-0.367695;1.130518;-0.294333;-0.9425;0.0282;0.3331;-0.367695;1.130518;-0.294333;-0.3155;0.2915;-0.903;-0.144814;2.869391;0.189106;-0.3155;0.2915;-0.903;0.243835;1.518625;-0.382715;-0.3155;0.2915;-0.903;0.243835;1.518625;-0.382715;0.9573;0.2875;-0.0286;-0.144814;2.869391;0.189106;0.9573;0.2875;-0.0286;0.415724;1.003545;0.193259;0.9573;0.2875;-0.0286;0.415724;1.003545;0.193259;0.3708;0.1134;0.9218;-0.144814;2.869391;0.189106;0.3708;0.1134;0.9218;-0.126364;1.318578;0.372549;0.3708;0.1134;0.9218;-0.126364;1.318578;0.372549;-0.5551;-0.6955;-0.4563;0.243835;1.518625;-0.382715;-0.5551;-0.6955;-0.4563;0.415724;1.003545;0.193259;-0.5551;-0.6955;-0.4563;0.363109;2.066107;-0.103769;0.8188;0.1746;0.5469;-0.191792;3.407623;0.298697;0.8188;0.1746;0.5469;0.052756;1.792026;0.448408;0.8188;0.1746;0.5469;0.052756;1.792026;0.448408;-0.6035;-0.0175;0.7972;-0.191792;3.407623;0.298697;-0.6035;-0.0175;0.7972;-0.47505;2.176032;0.057248;-0.6035;-0.0175;0.7972;-0.47505;2.176032;0.057248;-0.5544;0.2811;-0.7833;-0.191792;3.407623;0.298697;-0.5544;0.2811;-0.7833;-0.030766;1.732199;-0.416471;-0.5544;0.2811;-0.7833;-0.030766;1.732199;-0.416471;0.3406;0.3966;-0.8525;-0.191792;3.407623;0.298697;0.3406;0.3966;-0.8525;0.363109;2.066107;-0.103769;0.3406;0.3966;-0.8525;0.363109;2.066107;-0.103769;0.0422;-0.709;0.7039;-0.47505;2.176032;0.057248;0.0422;-0.709;0.7039;-0.030766;1.732199;-0.416471;0.0422;-0.709;0.7039;-0.126364;1.318578;0.372549;0.5397;-0.8408;0.0418;-0.367695;1.130518;-0.294333;0.5397;-0.8408;0.0418;0.243835;1.518625;-0.382715;0.5397;-0.8408;0.0418;0.363109;2.066107;-0.103769;-0.2092;-0.824;-0.5266;0.052756;1.792026;0.448408;-0.2092;-0.824;-0.5266;-0.47505;2.176032;0.057248;-0.2092;-0.824;-0.5266
27;0.36624348;0.30035585;0.2683317;0.1
0.07557;0.658657;0.012574;-0.796;-0.128;0.5916;-0.104209;2.387561;0.144656;-0.796;-0.128;0.5916;-0.028655;0.668343;-0.125565;-0.796;-0.128;0.5916;-0.028655;0.668343;-0.125565;-0.1209;0.1489;-0.9814;-0.104209;2.387561;0.144656;-0.1209;0.1489;-0.9814;0.143383;0.669813;-0.146536;-0.1209;0.1489;-0.9814;0.143383;0.669813;-0.146536;0.9163;0.0651;0.3951;-0.104209;2.387561;0.144656;0.9163;0.0651;0.3951;0.07557;0.658657;0.012574;0.9163;0.0651;0.3951;0.07557;0.658657;0.012574;0.9199;-0.057;0.3881;0.045349;-0.113712;-0.029232;0.9199;-0.057;0.3881;0.143383;0.669813;-0.146536;0.9199;-0.057;0.3881;-0.028655;0.668343;-0.125565;0.2229;-0.0984;-0.9699;0.045349;-0.113712;-0.029232;0.2229;-0.0984;-0.9699;-0.07128;-0.111819;-0.056233;0.2229;-0.0984;-0.9699;0.07557;0.658657;0.012574;-0.9421;0.1529;0.2983;-0.07128;-0.111819;-0.056233;-0.9421;0.1529;0.2983;-0.036407;-0.11983;0.058025;-0.9421;0.1529;0.2983;0.07557;0.658657;0.012574;0.7305;-0.0654;0.6798;-0.036407;-0.11983;0.058025;0.7305;-0.0654;0.6798;0.045349;-0.113712;-0.029232;0.7305;-0.0654;0.6798;-0.028655;0.668343;-0.125565;-0.1188;-0.1325;-0.984;0.143383;0.669813;-0.146536;-0.1188;-0.1325;-0.984;0.045349;-0.113712;-0.029232;-0.1188;-0.1325;-0.984;0.07557;0.658657;0.012574;-0.7912;0.0969;0.6038;-0.028655;0.668343;-0.125565;-0.7912;0.0969;0.6038;-0.07128;-0.111819;-0.056233;-0.7912;0.0969;0.6038
24;0.90354544;0.90354544;0.90354544;0.1
-0.151574;3.087138;0.125213;0.4965;0.4263;-0.7561;-0.203253;3.473575;0.309166;0.4965;0.4263;-0.7561;0.037142;2.895801;0.141237;0.4965;0.4263;-0.7561;0.037142;2.895801;0.141237;0.8738;0.2407;0.4226;-0.203253;3.473575;0.309166;0.8738;0.2407;0.4226;-0.118983;3.073852;0.362622;0.8738;0.2407;0.4226;-0.118983;3.073852;0.362622;-0.4963;0.0114;0.8681;-0.203253;3.473575;0.309166;-0.4963;0.0114;0.8681;-0.354608;2.838483;0.231;-0.4963;0.0114;0.8681;-0.354608;2.838483;0.231;-0.6672;0.2456;-0.7033;-0.203253;3.473575;0.309166;-0.6672;0.2456;-0.7033;-0.151574;3.087138;0.125213;-0.6672;0.2456;-0.7033;-0.248749;1.714393;-0.148725;-0.4642;0.2623;-0.846;-0.093832;2.336466;-0.040861;-0.4642;0.2623;-0.846;-0.033309;1.386875;-0.368464;-0.4642;0.2623;-0.846;-0.033309;1.386875;-0.368464;-0.2937;0.295;-0.9092;-0.093832;2.336466;-0.040861;-0.2937;0.295;-0.9092;0.179584;1.758393;-0.316715;-0.2937;0.295;-0.9092;0.058307;1.748734;0.351911;-0.0887;0.1611;0.983;-0.159602;2.197207;0.258768;-0.0887;0.1611;0.983;-0.107591;1.473509;0.382046;-0.0887;0.1611;0.983;-0.107591;1.473509;0.382046;-0.7114;0.068;0.6995;-0.159602;2.197207;0.258768;-0.7114;0.068;0.6995;-0.224366;1.694886;0.241755;-0.7114;0.068;0.6995
-1.423294;-0.162631;-1.573695;1.74326;10.428457;1.52438;3;0;extraBounds;2;-0.213278;-0.025236;-0.364185;0.258576;4.202941;0.090356;-1.112452;3.645959;-1.209681;1.195916;10.21769;1.075056
189;3
66;0.3291631;0.38628286;0.24733159;0.05
1.74326;3.315519;-0.096379;0.8476;0.3489;0.3998;-0.007796;7.737803;-0.242966;0.8476;0.3489;0.3998;0.660952;4.087842;1.52438;0.8476;0.3489;0.3998;0.660952;4.087842;1.52438;-0.2899;0.3736;0.8812;-0.007796;7.737803;-0.242966;-0.2899;0.3736;0.8812;-1.255592;3.852407;0.993697;-0.2899;0.3736;0.8812;-1.255592;3.852407;0.993697;-0.9388;0.3313;0.0937;-0.007796;7.737803;-0.242966;-0.9388;0.3313;0.0937;-1.423294;3.999635;-1.207125;-0.9388;0.3313;0.0937;-1.423294;3.999635;-1.207125;-0.3202;0.3484;-0.881;-0.007796;7.737803;-0.242966;-0.3202;0.3484;-0.881;0.250735;4.610974;-1.573695;-0.3202;0.3484;-0.881;0.250735;4.610974;-1.573695;0.7891;0.2946;-0.5389;-0.007796;7.737803;-0.242966;0.7891;0.2946;-0.5389;1.74326;3.315519;-0.096379;0.7891;0.2946;-0.5389;-1.255592;3.852407;0.993697;0.3247;-0.9417;-0.0877;-1.423294;3.999635;-1.207125;0.3247;-0.9417;-0.0877;0.250735;4.610974;-1.573695;0.3247;-0.9417;-0.0877;0.250735;4.610974;-1.573695;-0.6271;-0.7775;-0.0483;1.74326;3.315519;-0.096379;-0.6271;-0.7775;-0.0483;0.660952;4.087842;1.52438;-0.6271;-0.7775;-0.0483;0.660952;4.087842;1.52438;0.1704;-0.9677;-0.186;-1.255592;3.852407;0.993697;0.1704;-0.9677;-0.186;0.250735;4.610974;-1.573695;0.1704;-0.9677;-0.186;0.811093;5.64366;-1.480175;0.8075;0.4209;-0.4134;-0.104828;8.86128;0.006828;0.8075;0.4209;-0.4134;1.419962;5.937278;0.00815;0.8075;0.4209;-0.4134;1.419962;5.937278;0.00815;0.5695;0.2974;0.7663;-0.104828;8.86128;0.006828;0.5695;0.2974;0.7663;0.253748;5.55168;1.024578;0.5695;0.2974;0.7663;0.253748;5.55168;1.024578;-0.4245;0.2238;0.8773;-0.104828;8.86128;0.006828;-0.4245;0.2238;0.8773;-1.144436;5.890782;0.261468;-0.4245;0.2238;0.8773;-1.144436;5.890782;0.261468;-0.9441;0.3264;-0.0464;-0.104828;8.86128;0.006828;-0.9441;0.3264;-0.0464;-0.983845;6.179116;-0.977887;-0.9441;0.3264;-0.0464;-0.983845;6.179116;-0.977887;-0.1417;0.3818;-0.9133;-0.104828;8.86128;0.006828;-0.1417;0.3818;-0.9133;0.811093;5.64366;-1.480175;-0.1417;0.3818;-0.9133;0.253748;5.55168;1.024578;-0.1042;-0.9656;-0.2382;-1.144436;5.890782;0.261468;-0.1042;-0.9656;-0.2382;-0.983845;6.179116;-0.977887;-0.1042;-0.9656;-0.2382;-0.983845;6.179116;-0.977887;-0.2052;-0.9409;0.2696;0.811093;5.64366;-1.480175;-0.2052;-0.9409;0.2696;1.419962;5.937278;0.00815;-0.2052;-0.9409;0.2696;1.419962;5.937278;0.00815;0.0354;-0.9472;-0.3187;0.253748;5.55168;1.024578;0.0354;-0.9472;-0.3187;-0.983845;6.179116;-0.977887;0.0354;-0.9472;-0.3187;0.723462;7.297865;0.406925;0.1809;0.1023;0.9782;0.010755;10.164445;0.238882;0.1809;0.1023;0.9782;-0.450429;7.577831;0.594713;0.1809;0.1023;0.9782;-0.450429;7.577831;0.594713;-0.8662;0.2164;0.4505;0.010755;10.164445;0.238882;-0.8662;0.2164;0.4505;-0.902852;7.722633;-0.344743;-0.8662;0.2164;0.4505;-0.902852;7.722633;-0.344743;-0.4184;0.3562;-0.8355;0.010755;10.164445;0.238882;-0.4184;0.3562;-0.8355;0.389557;8.193219;-0.791247;-0.4184;0.3562;-0.8355;0.389557;8.193219;-0.791247;0.9674;0.235;-0.094;0.010755;10.164445;0.238882;0.9674;0.235;-0.094;0.723462;7.297865;0.406925;0.9674;0.235;-0.094;0.389557;8.193219;-0.791247;-0.276;-0.8052;-0.5248;0.723462;7.297865;0.406925;-0.276;-0.8052;-0.5248;-0.450429;7.577831;0.594713;-0.276;-0.8052;-0.5248;-0.450429;7.577831;0.594713;0.2484;-0.9322;-0.2633;-0.902852;7.722633;-0.344743;0.2484;-0.9322;-0.2633;0.389557;8.193219;-0.791247;0.2484;-0.9322;-0.2633
90;0.36624348;0.30035585;0.2683317;0.05
-0.177597;0.599409;-0.320826;-0.8164;0.0148;0.5773;0.101394;2.00426;0.037657;-0.8164;0.0148;0.5773;-0.067286;2.390168;-0.210798;-0.8164;0.0148;0.5773;0.25447;-0.162631;-0.167588;0.8586;0.2804;0.4293;-0.048936;0.692124;-0.119054;0.8586;0.2804;0.4293;0.043507;-0.162631;0.254338;0.8586;0.2804;0.4293;0.043507;-0.162631;0.254338;-0.8917;0.0778;0.4459;-0.177597;0.599409;-0.320826;-0.8917;0.0778;0.4459;-0.167456;-0.162631;-0.167588;-0.8917;0.0778;0.4459;0.25447;-0.162631;-0.167588;0.2285;-0.0657;-0.9713;-0.177597;0.599409;-0.320826;0.2285;-0.0657;-0.9713;0.052755;0.82009;-0.281561;0.2285;-0.0657;-0.9713;-0.067286;2.390168;-0.210798;-0.8169;0.0142;0.5767;0.101394;2.00426;0.037657;-0.8169;0.0142;0.5767;0.043507;5.949703;-0.141623;-0.8169;0.0142;0.5767;0.052755;0.82009;-0.281561;-0.1576;0.0324;-0.987;-0.067286;2.390168;-0.210798;-0.1576;0.0324;-0.987;0.245254;2.019342;-0.272901;-0.1576;0.0324;-0.987;0.052755;0.82009;-0.281561;0.8875;-0.1536;0.4344;0.101394;2.00426;0.037657;0.8875;-0.1536;0.4344;-0.048936;0.692124;-0.119054;0.8875;-0.1536;0.4344;0.245254;2.019342;-0.272901;-0.167;0.0244;-0.9857;-0.067286;2.390168;-0.210798;-0.167;0.0244;-0.9857;0.043507;5.949703;-0.141623;-0.167;0.0244;-0.9857;0.101394;2.00426;0.037657;0.9063;0.0324;0.4214;0.245254;2.019342;-0.272901;0.9063;0.0324;0.4214;0.043507;5.949703;-0.141623;0.9063;0.0324;0.4214;0.428674;1.351131;-0.124415;0.0537;-0.0071;0.9985;0.419483;1.28172;-0.124415;0.0537;-0.0071;0.9985;0.793702;1.267482;-0.144627;0.0537;-0.0071;0.9985;0.011924;1.212641;-0.265719;0.3049;-0.8247;-0.4764;0.419483;1.28172;-0.124415;0.3049;-0.8247;-0.4764;0.011986;1.170724;-0.193116;0.3049;-0.8247;-0.4764;0.419483;1.28172;-0.124415;-0.1662;-2.0E-4;0.9861;0.011862;1.254559;-0.193116;-0.1662;-2.0E-4;0.9861;0.011986;1.170724;-0.193116;-0.1662;-2.0E-4;0.9861;0.424078;1.316426;-0.185051;0.1672;0.8502;-0.4993;0.428674;1.351131;-0.124415;0.1672;0.8502;-0.4993;0.793702;1.267482;-0.144627;0.1672;0.8502;-0.4993;0.419483;1.28172;-0.124415;-0.0599;-0.8644;-0.4993;0.424078;1.316426;-0.185051;-0.0599;-0.8644;-0.4993;0.793702;1.267482;-0.144627;-0.0599;-0.8644;-0.4993;0.011862;1.254559;-0.193116;-0.1193;0.8598;-0.4965;0.424078;1.316426;-0.185051;-0.1193;0.8598;-0.4965;0.011924;1.212641;-0.265719;-0.1193;0.8598;-0.4965;0.060472;1.916733;-0.082358;0.1154;0.338;0.934;-0.384318;2.136105;-0.106811;0.1154;0.338;0.934;0.044557;1.859408;-0.059649;0.1154;0.338;0.934;0.044557;1.859408;-0.059649;-0.5474;-0.8296;0.11;-0.384318;2.136105;-0.106811;-0.5474;-0.8296;0.11;0.040346;1.854815;-0.115275;-0.5474;-0.8296;0.11;0.040346;1.854815;-0.115275;0.2425;0.3928;-0.8871;-0.384318;2.136105;-0.106811;0.2425;0.3928;-0.8871;0.060472;1.916733;-0.082358;0.2425;0.3928;-0.8871;0.111605;2.83173;-0.09647;0.2995;0.5484;-0.7807;0.561001;2.790452;0.046942;0.2995;0.5484;-0.7807;0.101047;2.782319;-0.135228;0.2995;0.5484;-0.7807;0.101047;2.782319;-0.135228;0.1429;-0.9369;-0.319;0.561001;2.790452;0.046942;0.1429;-0.9369;-0.319;0.090225;2.763145;-0.083765;0.1429;-0.9369;-0.319;0.090225;2.763145;-0.083765;-0.2724;0.2567;0.9273;0.561001;2.790452;0.046942;-0.2724;0.2567;0.9273;0.111605;2.83173;-0.09647;-0.2724;0.2567;0.9273;-0.177597;0.599409;-0.320826;-0.8498;0.0345;0.526;-0.048936;0.692124;-0.119054;-0.8498;0.0345;0.526;0.101394;2.00426;0.037657;-0.8498;0.0345;0.526;0.25447;-0.162631;-0.167588;0.7363;0.2251;0.6381;0.052755;0.82009;-0.281561;0.7363;0.2251;0.6381;-0.048936;0.692124;-0.119054;0.7363;0.2251;0.6381;0.043507;-0.162631;0.254338;-0.8614;0.1222;0.4931;-0.048936;0.692124;-0.119054;-0.8614;0.1222;0.4931;-0.177597;0.599409;-0.320826;-0.8614;0.1222;0.4931;0.25447;-0.162631;-0.167588;0.0;-0.1971;-0.9804;-0.167456;-0.162631;-0.167588;0.0;-0.1971;-0.9804;-0.177597;0.599409;-0.320826;0.0;-0.1971;-0.9804;0.052755;0.82009;-0.281561;0.1176;0.0537;-0.9916;-0.177597;0.599409;-0.320826;0.1176;0.0537;-0.9916;-0.067286;2.390168;-0.210798;0.1176;0.0537;-0.9916;0.052755;0.82009;-0.281561;0.9002;-0.1475;0.4098;0.245254;2.019342;-0.272901;0.9002;-0.1475;0.4098;0.101394;2.00426;0.037657;0.9002;-0.1475;0.4098;0.011924;1.212641;-0.265719;0.3003;-0.8375;-0.4566;0.424078;1.316426;-0.185051;0.3003;-0.8375;-0.4566;0.419483;1.28172;-0.124415;0.3003;-0.8375;-0.4566;0.419483;1.28172;-0.124415;-0.1676;0.0222;0.9856;0.428674;1.351131;-0.124415;-0.1676;0.0222;0.9856;0.011862;1.254559;-0.193116;-0.1676;0.0222;0.9856;0.011862;1.254559;-0.193116;-0.1204;0.8655;-0.4862;0.428674;1.351131;-0.124415;-0.1204;0.8655;-0.4862;0.424078;1.316426;-0.185051;-0.1204;0.8655;-0.4862
33;0.90354544;0.90354544;0.90354544;0.05
-0.499762;6.892542;0.31777;-0.3785;0.202;0.9033;-0.476619;8.488242;-0.029434;-0.3785;0.202;0.9033;-1.127439;6.103139;0.231284;-0.3785;0.202;0.9033;-1.127439;6.103139;0.231284;-0.9649;0.2625;-0.0071;-0.476619;8.488242;-0.029434;-0.9649;0.2625;-0.0071;-0.883384;6.981682;-0.456769;-0.9649;0.2625;-0.0071;0.042523;9.52477;-0.262955;0.5016;0.4201;-0.7563;0.074231;10.428457;0.259993;0.5016;0.4201;-0.7563;0.530106;8.900672;-0.286213;0.5016;0.4201;-0.7563;0.530106;8.900672;-0.286213;0.9228;0.1482;0.3556;0.074231;10.428457;0.259993;0.9228;0.1482;0.3556;0.114027;9.479977;0.552026;0.9228;0.1482;0.3556;0.114027;9.479977;0.552026;-0.637;0.2023;0.7439;0.074231;10.428457;0.259993;-0.637;0.2023;0.7439;-0.669321;8.862082;0.049289;-0.637;0.2023;0.7439;-0.669321;8.862082;0.049289;-0.6525;0.3966;-0.6458;0.074231;10.428457;0.259993;-0.6525;0.3966;-0.6458;0.042523;9.52477;-0.262955;-0.6525;0.3966;-0.6458;0.837925;6.216699;-0.146652;0.7163;0.4051;0.5682;-0.007796;7.859709;-0.251934;0.7163;0.4051;0.5682;0.494958;5.150198;1.046125;0.7163;0.4051;0.5682;0.494958;5.150198;1.046125;-0.273;0.374;0.8863;-0.007796;7.859709;-0.251934;-0.273;0.374;0.8863;-1.072122;4.604282;0.793708;-0.273;0.374;0.8863;-1.072122;4.604282;0.793708;-0.9222;0.3525;0.1588;-0.007796;7.859709;-0.251934;-0.9222;0.3525;0.1588;-1.167884;5.12783;-0.924198;-0.9222;0.3525;0.1588;-1.167884;5.12783;-0.924198;-0.294;0.3443;-0.8916;-0.007796;7.859709;-0.251934;-0.294;0.3443;-0.8916;0.231923;4.861387;-1.488715;-0.294;0.3443;-0.8916;0.231923;4.861387;-1.488715;0.7;0.3194;-0.6387;-0.007796;7.859709;-0.251934;0.7;0.3194;-0.6387;0.837925;6.216699;-0.146652;0.7;0.3194;-0.6387
-2.31765;-0.231348;-2.745715;2.59256;17.457773;2.198192;1.6666666;0;extraBounds;2;-1.969433;6.454634;-2.141562;1.916469;16.970592;1.903229;-0.460548;-0.044676;-0.547936;0.3748;7.440689;0.256763
288;3
102;0.3291631;0.38628286;0.24733159;0.03
0.12542;7.165641;2.198192;0.4643;-0.857;-0.2237;-2.31765;6.31249;0.396161;0.4643;-0.857;-0.2237;-1.656316;7.227706;-1.736962;0.4643;-0.857;-0.2237;-1.656316;7.227706;-1.736962;0.0584;-0.7144;0.6973;-0.037771;6.375316;-2.745715;0.0584;-0.7144;0.6973;1.899532;7.45412;-1.802572;0.0584;-0.7144;0.6973;2.485787;8.525587;-0.156452;0.8334;0.3886;0.3931;-0.005147;14.078942;-0.364977;0.8334;0.3886;0.3931;0.946169;9.495444;2.149131;0.8334;0.3886;0.3931;0.946169;9.495444;2.149131;-0.2843;0.415;0.8642;-0.005147;14.078942;-0.364977;-0.2843;0.415;0.8642;-1.780177;9.199794;1.394217;-0.2843;0.415;0.8642;-1.780177;9.199794;1.394217;-0.9246;0.3696;0.0923;-0.005147;14.078942;-0.364977;-0.9246;0.3696;0.0923;-2.018738;9.384677;-1.736525;-0.9246;0.3696;0.0923;-2.018738;9.384677;-1.736525;-0.3148;0.3881;-0.8662;-0.005147;14.078942;-0.364977;-0.3148;0.3881;-0.8662;0.362622;10.152376;-2.257982;-0.3148;0.3881;-0.8662;0.362622;10.152376;-2.257982;0.7796;0.3297;-0.5324;-0.005147;14.078942;-0.364977;0.7796;0.3297;-0.5324;2.485787;8.525587;-0.156452;0.7796;0.3297;-0.5324;-1.780177;9.199794;1.394217;0.2903;-0.9537;-0.0784;-2.018738;9.384677;-1.736525;0.2903;-0.9537;-0.0784;0.362622;10.152376;-2.257982;0.2903;-0.9537;-0.0784;0.362622;10.152376;-2.257982;-0.5794;-0.8138;-0.0446;2.485787;8.525587;-0.156452;-0.5794;-0.8138;-0.0446;0.946169;9.495444;2.149131;-0.5794;-0.8138;-0.0446;0.946169;9.495444;2.149131;0.1515;-0.9745;-0.1653;-1.780177;9.199794;1.394217;0.1515;-0.9745;-0.1653;0.362622;10.152376;-2.257982;0.1515;-0.9745;-0.1653;1.159749;11.449188;-2.124946;0.7879;0.4652;-0.4034;-0.143177;15.489766;-0.009637;0.7879;0.4652;-0.4034;2.025886;11.817903;-0.007757;0.7879;0.4652;-0.4034;2.025886;11.817903;-0.007757;0.5625;0.3327;0.7569;-0.143177;15.489766;-0.009637;0.5625;0.3327;0.7569;0.366908;11.333683;1.438146;0.5625;0.3327;0.7569;0.366908;11.333683;1.438146;-0.4216;0.2517;0.8712;-0.143177;15.489766;-0.009637;-0.4216;0.2517;0.8712;-1.622053;11.759515;0.352597;-0.4216;0.2517;0.8712;-1.622053;11.759515;0.352597;-0.9301;0.3643;-0.0457;-0.143177;15.489766;-0.009637;-0.9301;0.3643;-0.0457;-1.393607;12.121596;-1.410426;-0.9301;0.3643;-0.0457;-1.393607;12.121596;-1.410426;-0.1389;0.4238;-0.895;-0.143177;15.489766;-0.009637;-0.1389;0.4238;-0.895;1.159749;11.449188;-2.124946;-0.1389;0.4238;-0.895;0.366908;11.333683;1.438146;-0.0927;-0.9729;-0.2118;-1.622053;11.759515;0.352597;-0.0927;-0.9729;-0.2118;-1.393607;12.121596;-1.410426;-0.0927;-0.9729;-0.2118;-1.393607;12.121596;-1.410426;-0.1835;-0.953;0.241;1.159749;11.449188;-2.124946;-0.1835;-0.953;0.241;2.025886;11.817903;-0.007757;-0.1835;-0.953;0.241;2.025886;11.817903;-0.007757;0.0316;-0.9581;-0.2846;0.366908;11.333683;1.438146;0.0316;-0.9581;-0.2846;-1.393607;12.121596;-1.410426;0.0316;-0.9581;-0.2846;0.94057;13.180908;0.638187;0.2077;0.1265;0.97;0.021243;17.126234;0.320468;0.2077;0.1265;0.97;-0.704524;13.576618;0.93886;0.2077;0.1265;0.97;-0.704524;13.576618;0.93886;-0.8577;0.2533;0.4475;0.021243;17.126234;0.320468;-0.8577;0.2533;0.4475;-1.42891;13.781283;-0.565329;-0.8577;0.2533;0.4475;-1.42891;13.781283;-0.565329;-0.5634;0.4309;-0.7049;0.021243;17.126234;0.320468;-0.5634;0.4309;-0.7049;-0.214528;13.882567;-1.474153;-0.5634;0.4309;-0.7049;-0.214528;13.882567;-1.474153;0.064;0.4796;-0.8752;0.021243;17.126234;0.320468;0.064;0.4796;-0.8752;1.004276;14.446423;-1.075997;0.064;0.4796;-0.8752;1.004276;14.446423;-1.075997;0.9481;0.2379;0.2109;0.021243;17.126234;0.320468;0.9481;0.2379;0.2109;0.94057;13.180908;0.638187;0.9481;0.2379;0.2109;-1.42891;13.781283;-0.565329;0.3113;-0.8962;0.3161;-0.214528;13.882567;-1.474153;0.3113;-0.8962;0.3161;1.004276;14.446423;-1.075997;0.3113;-0.8962;0.3161;1.004276;14.446423;-1.075997;-0.2892;-0.765;-0.5755;0.94057;13.180908;0.638187;-0.2892;-0.765;-0.5755;-0.704524;13.576618;0.93886;-0.2892;-0.765;-0.5755;-0.704524;13.576618;0.93886;0.2112;-0.9498;-0.2309;-1.42891;13.781283;-0.565329;0.2112;-0.9498;-0.2309;1.004276;14.446423;-1.075997;0.2112;-0.9498;-0.2309;1.899532;7.45412;-1.802572;-0.335;-0.9174;-0.2147;2.59256;6.610788;0.719413;-0.335;-0.9174;-0.2147;0.12542;7.165641;2.198192;-0.335;-0.9174;-0.2147;-0.037771;6.375316;-2.745715;0.2338;0.3672;-0.9003;0.086692;12.367719;-0.269353;0.2338;0.3672;-0.9003;1.899532;7.45412;-1.802572;0.2338;0.3672;-0.9003;1.899532;7.45412;-1.802572;0.9173;0.3777;-0.1258;0.086692;12.367719;-0.269353;0.9173;0.3777;-0.1258;2.59256;6.610788;0.719413;0.9173;0.3777;-0.1258;2.59256;6.610788;0.719413;0.5377;0.3646;0.7602;0.086692;12.367719;-0.269353;0.5377;0.3646;0.7602;0.12542;7.165641;2.198192;0.5377;0.3646;0.7602;0.12542;7.165641;2.198192;-0.6323;0.3282;0.7018;0.086692;12.367719;-0.269353;-0.6323;0.3282;0.7018;-2.31765;6.31249;0.396161;-0.6323;0.3282;0.7018;-2.31765;6.31249;0.396161;-0.9258;0.3527;-0.1357;0.086692;12.367719;-0.269353;-0.9258;0.3527;-0.1357;-1.656316;7.227706;-1.736962;-0.9258;0.3527;-0.1357;-1.656316;7.227706;-1.736962;-0.3468;0.3644;-0.8643;0.086692;12.367719;-0.269353;-0.3468;0.3644;-0.8643;-0.037771;6.375316;-2.745715;-0.3468;0.3644;-0.8643;1.899532;7.45412;-1.802572;0.0627;-0.9971;-0.0441;0.12542;7.165641;2.198192;0.0627;-0.9971;-0.0441;-1.656316;7.227706;-1.736962;0.0627;-0.9971;-0.0441;
141;0.36624348;0.30035585;0.2683317;0.03
-0.260238;1.79316;-0.484828;-0.9908;0.0741;0.1129;-0.054467;3.803428;0.00117;-0.9908;0.0741;0.1129;-0.043103;4.443355;-0.319217;-0.9908;0.0741;0.1129;0.387527;-0.231348;-0.27081;0.9875;0.1579;0.0;0.066524;1.776031;-0.158515;0.9875;0.1579;0.0;0.387527;-0.231348;0.368577;0.9875;0.1579;0.0;0.066524;1.776031;-0.158515;-0.0;0.254;0.9672;-0.25186;-0.231348;0.368577;-0.0;0.254;0.9672;0.387527;-0.231348;0.368577;-0.0;0.254;0.9672;-0.25186;-0.231348;0.368577;-1.0;-0.0041;-0.0;-0.260238;1.79316;-0.484828;-1.0;-0.0041;-0.0;-0.251859;-0.231348;-0.27081;-1.0;-0.0041;-0.0;0.387527;-0.231348;-0.27081;0.2035;-0.0383;-0.9783;-0.260238;1.79316;-0.484828;0.2035;-0.0383;-0.9783;0.093517;2.132061;-0.424528;0.2035;-0.0383;-0.9783;-0.043103;4.443355;-0.319217;-0.9999;0.0151;-0.0053;-0.054467;3.803428;0.00117;-0.9999;0.0151;-0.0053;0.067834;11.833506;-0.220814;-0.9999;0.0151;-0.0053;0.093517;2.132061;-0.424528;-0.1641;0.0352;-0.9858;-0.043103;4.443355;-0.319217;-0.1641;0.0352;-0.9858;0.354826;3.824884;-0.40756;-0.1641;0.0352;-0.9858;-0.191829;2.095055;-0.191417;-0.1587;-0.098;0.9825;0.354826;3.803428;0.067267;-0.1587;-0.098;0.9825;-0.054467;3.803428;0.00117;-0.1587;-0.098;0.9825;0.093517;2.132061;-0.424528;0.9883;-0.132;-0.0764;0.354826;3.803428;0.067267;0.9883;-0.132;-0.0764;0.066524;1.776031;-0.158515;0.9883;-0.132;-0.0764;0.354826;3.824884;-0.40756;-0.193;0.016;-0.9811;-0.043103;4.443355;-0.319217;-0.193;0.016;-0.9811;0.067834;11.833506;-0.220814;-0.193;0.016;-0.9811;-0.054467;3.803428;0.00117;-0.1594;0.0297;0.9868;0.354826;3.803428;0.067267;-0.1594;0.0297;0.9868;0.067834;11.833506;-0.220814;-0.1594;0.0297;0.9868;0.354826;3.803428;0.067267;0.9994;0.0358;0.0016;0.354826;3.824884;-0.40756;0.9994;0.0358;0.0016;0.067834;11.833506;-0.220814;0.9994;0.0358;0.0016;-0.617409;1.83068;0.179516;0.6222;0.5682;0.5385;-0.139062;1.661062;-0.194225;0.6222;0.5682;0.5385;-0.147119;1.734373;-0.26227;0.6222;0.5682;0.5385;0.615746;2.874332;-0.196334;0.0537;-0.0071;0.9985;0.602672;2.775593;-0.196334;0.0537;-0.0071;0.9985;1.135011;2.755338;-0.225086;0.0537;-0.0071;0.9985;0.072731;2.677326;-0.29394;0.245;-0.8395;-0.4849;0.602672;2.775593;-0.196334;0.245;-0.8395;-0.4849;0.072819;2.617697;-0.19066;0.245;-0.8395;-0.4849;-0.139062;1.661062;-0.194225;0.0021;-0.9805;0.1965;-0.672694;1.730738;0.159297;0.0021;-0.9805;0.1965;-0.186353;1.643137;-0.283167;0.0021;-0.9805;0.1965;-0.672694;1.730738;0.159297;0.0605;-0.9894;0.1318;-0.598109;1.747304;0.249389;0.0605;-0.9894;0.1318;-1.288573;1.700396;0.214216;0.0605;-0.9894;0.1318;0.602672;2.775593;-0.196334;0.0107;0.0;0.9999;0.072642;2.736954;-0.19066;0.0107;0.0;0.9999;0.072819;2.617697;-0.19066;0.0107;0.0;0.9999;0.609209;2.824962;-0.282591;0.1672;0.8502;-0.4993;0.615746;2.874332;-0.196334;0.1672;0.8502;-0.4993;1.135011;2.755338;-0.225086;0.1672;0.8502;-0.4993;0.602672;2.775593;-0.196334;-0.0599;-0.8644;-0.4993;0.609209;2.824962;-0.282591;-0.0599;-0.8644;-0.4993;1.135011;2.755338;-0.225086;-0.0599;-0.8644;-0.4993;0.072642;2.736954;-0.19066;-0.222;0.8443;-0.4877;0.609209;2.824962;-0.282591;-0.222;0.8443;-0.4877;0.072731;2.677326;-0.29394;-0.222;0.8443;-0.4877;-0.617409;1.83068;0.179516;-0.0982;0.2492;-0.9635;-0.672694;1.730738;0.159297;-0.0982;0.2492;-0.9635;-1.288573;1.700396;0.214216;-0.0982;0.2492;-0.9635;-0.598109;1.747304;0.249389;-0.0821;0.6289;0.7731;-0.617409;1.83068;0.179516;-0.0821;0.6289;0.7731;-1.288573;1.700396;0.214216;-0.0821;0.6289;0.7731;-0.186353;1.643137;-0.283167;-0.5784;0.4102;-0.7051;-0.617409;1.83068;0.179516;-0.5784;0.4102;-0.7051;-0.147119;1.734373;-0.26227;-0.5784;0.4102;-0.7051;-0.006262;3.678919;-0.091189;0.0654;0.3518;0.9338;-0.540761;3.990983;-0.171292;0.0654;0.3518;0.9338;-0.028902;3.597373;-0.058885;0.0654;0.3518;0.9338;-0.028902;3.597373;-0.058885;-0.621;-0.7759;0.1111;-0.540761;3.990983;-0.171292;-0.621;-0.7759;0.1111;-0.034892;3.590838;-0.138015;-0.621;-0.7759;0.1111;-0.034892;3.590838;-0.138015;0.3374;0.354;-0.8722;-0.540761;3.990983;-0.171292;0.3374;0.354;-0.8722;-0.006262;3.678919;-0.091189;0.3374;0.354;-0.8722;0.217111;4.980533;-0.156582;0.324;0.54;-0.7768;0.803986;4.921813;0.047426;0.324;0.54;-0.7768;0.202092;4.910243;-0.211716;0.324;0.54;-0.7768;0.202092;4.910243;-0.211716;0.1542;-0.936;-0.3163;0.803986;4.921813;0.047426;0.1542;-0.936;-0.3163;0.186697;4.882968;-0.138509;0.1542;-0.936;-0.3163;0.186697;4.882968;-0.138509;-0.2934;0.2618;0.9194;0.803986;4.921813;0.047426;-0.2934;0.2618;0.9194;0.217111;4.980533;-0.156582;-0.2934;0.2618;0.9194;-0.617409;1.83068;0.179516;-0.7822;0.5062;-0.3631;-0.672694;1.730738;0.159297;-0.7822;0.5062;-0.3631;-0.734163;1.861081;0.473398;-0.7822;0.5062;-0.3631;-0.598109;1.747304;0.249389;-0.2071;-0.9173;0.3401;-0.734163;1.861081;0.473398;-0.2071;-0.9173;0.3401;-0.672694;1.730738;0.159297;-0.2071;-0.9173;0.3401;-0.617409;1.83068;0.179516;0.8489;0.4409;0.2916;-0.734163;1.861081;0.473398;0.8489;0.4409;0.2916;-0.598109;1.747304;0.249389;0.8489;0.4409;0.2916;-0.260238;1.79316;-0.484828;-0.984;0.0602;0.1674;-0.191829;2.095055;-0.191417;-0.984;0.0602;0.1674;-0.054467;3.803428;0.00117;-0.984;0.0602;0.1674;0.387527;-0.231348;-0.27081;0.9506;0.1364;0.279;0.093517;2.132061;-0.424528;0.9506;0.1364;0.279;0.066524;1.776031;-0.158515;0.9506;0.1364;0.279;0.066524;1.776031;-0.158515;0.1582;0.2272;0.9609;-0.191829;2.095055;-0.191417;0.1582;0.2272;0.9609;-0.25186;-0.231348;0.368577;0.1582;0.2272;0.9609;-0.25186;-0.231348;0.368577;-0.9845;0.0646;0.163;-0.191829;2.095055;-0.191417;-0.9845;0.0646;0.163;-0.260238;1.79316;-0.484828;-0.9845;0.0646;0.163;0.387527;-0.231348;-0.27081;0.0;-0.1051;-0.9945;-0.251859;-0.231348;-0.27081;0.0;-0.1051;-0.9945;-0.260238;1.79316;-0.484828;0.0;-0.1051;-0.9945;0.093517;2.132061;-0.424528;0.119;0.0522;-0.9915;-0.260238;1.79316;-0.484828;0.119;0.0522;-0.9915;-0.043103;4.443355;-0.319217;0.119;0.0522;-0.9915;-0.191829;2.095055;-0.191417;-0.2191;-0.0772;0.9726;0.066524;1.776031;-0.158515;-0.2191;-0.0772;0.9726;0.354826;3.803428;0.067267;-0.2191;-0.0772;0.9726;0.093517;2.132061;-0.424528;0.9883;-0.1525;-0.0069;0.354826;3.824884;-0.40756;0.9883;-0.1525;-0.0069;0.354826;3.803428;0.067267;0.9883;-0.1525;-0.0069;-0.617409;1.83068;0.179516;0.6182;0.584;0.5261;-0.598109;1.747304;0.249389;0.6182;0.584;0.5261;-0.139062;1.661062;-0.194225;0.6182;0.584;0.5261;0.072731;2.677326;-0.29394;0.2437;-0.8496;-0.4678;0.609209;2.824962;-0.282591;0.2437;-0.8496;-0.4678;0.602672;2.775593;-0.196334;0.2437;-0.8496;-0.4678;-0.139062;1.661062;-0.194225;-0.0056;-0.9827;0.1853;-0.598109;1.747304;0.249389;-0.0056;-0.9827;0.1853;-0.672694;1.730738;0.159297;-0.0056;-0.9827;0.1853;0.602672;2.775593;-0.196334;0.0108;-0.0014;0.9999;0.615746;2.874332;-0.196334;0.0108;-0.0014;0.9999;0.072642;2.736954;-0.19066;0.0108;-0.0014;0.9999;0.072642;2.736954;-0.19066;-0.2208;0.8536;-0.4718;0.615746;2.874332;-0.196334;-0.2208;0.8536;-0.4718;0.609209;2.824962;-0.282591;-0.2208;0.8536;-0.4718;-0.186353;1.643137;-0.283167;-0.5557;0.449;-0.6997;-0.672694;1.730738;0.159297;-0.5557;0.449;-0.6997;-0.617409;1.83068;0.179516;-0.5557;0.449;-0.6997
45;0.90354544;0.90354544;0.90354544;0.03
-0.704985;13.01749;0.432689;-0.3764;0.2275;0.8981;-0.672063;15.021317;-0.06122;-0.3764;0.2275;0.8981;-1.597875;12.026187;0.309659;-0.3764;0.2275;0.8981;-1.597875;12.026187;0.309659;-0.9556;0.2945;-0.007;-0.672063;15.021317;-0.06122;-0.9556;0.2945;-0.007;-1.250699;13.12943;-0.669119;-0.9556;0.2945;-0.007;0.066434;16.322952;-0.393412;0.4894;0.4644;-0.7381;0.11154;17.457773;0.350498;0.4894;0.4644;-0.7381;0.913196;14.978579;-0.67775;0.4894;0.4644;-0.7381;0.913196;14.978579;-0.67775;0.9282;0.1611;0.3353;0.11154;17.457773;0.350498;0.9282;0.1611;0.3353;0.168151;16.266703;0.765925;0.9282;0.1611;0.3353;0.168151;16.266703;0.765925;-0.6443;0.2244;0.7311;0.11154;17.457773;0.350498;-0.6443;0.2244;0.7311;-0.969909;15.314593;0.055253;-0.6443;0.2244;0.7311;-0.969909;15.314593;0.055253;-0.6741;0.4235;-0.6052;0.11154;17.457773;0.350498;-0.6741;0.4235;-0.6052;0.066434;16.322952;-0.393412;-0.6741;0.4235;-0.6052;1.197919;12.168791;-0.227967;0.7002;0.4486;0.5554;-0.005147;14.232027;-0.377734;0.7002;0.4486;0.5554;0.710037;10.829515;1.468797;0.7002;0.4486;0.5554;0.710037;10.829515;1.468797;-0.2533;0.4197;0.8716;-0.005147;14.232027;-0.377734;-0.2533;0.4197;0.8716;-1.68568;9.520741;1.402737;-0.2533;0.4197;0.8716;-1.68568;9.520741;1.402737;-0.9056;0.3878;0.1715;-0.005147;14.232027;-0.377734;-0.9056;0.3878;0.1715;-1.655409;10.801425;-1.334052;-0.9056;0.3878;0.1715;0.751342;8.525972;1.144444;0.5405;0.3541;0.7632;0.136417;10.367002;0.725737;0.5405;0.3541;0.7632;-0.006344;7.499177;2.157358;0.5405;0.3541;0.7632;-0.006344;7.499177;2.157358;-0.6465;0.3663;0.6693;0.136417;10.367002;0.725737;-0.6465;0.3663;0.6693;-0.748899;8.676353;0.795819;-0.6465;0.3663;0.6693;-1.479817;8.50501;-0.40251;-0.933;0.3317;-0.1394;-0.664775;10.625614;-0.811161;-0.933;0.3317;-0.1394;-1.573816;7.736366;-1.602266;-0.933;0.3317;-0.1394;-1.573816;7.736366;-1.602266;-0.3466;0.3476;-0.8713;-0.664775;10.625614;-0.811161;-0.3466;0.3476;-0.8713;-0.433886;8.324389;-1.821097;-0.3466;0.3476;-0.8713;-1.655409;10.801425;-1.334052;-0.2892;0.3836;-0.877;-0.005147;14.232027;-0.377734;-0.2892;0.3836;-0.877;0.335861;10.466836;-2.137096;-0.2892;0.3836;-0.877;0.335861;10.466836;-2.137096;0.6901;0.3567;-0.6296;-0.005147;14.232027;-0.377734;0.6901;0.3567;-0.6296;1.197919;12.168791;-0.227967;0.6901;0.3567;-0.6296
5
SPREADER;4;0;0;0;23;6
INFO;NameId;354;DescId;355;price;5300;dpPerMin;0;range;3;placeSound;thud
LIFE;averagePop;6.5;averageLife;83.0;popFactors;2;0;0.5;breedMat;41.5;breedTime;30.022135;parentId;132;count;150;reqs;2;TRANSFORM;size;1.07;LIFE;type;2;enviroType;0;classification;pnf118;count;3;FALL_DEATH;fallTime;3;totalTime;5;fallenAngle;60;particleEffect;1;ExplodeTime;0.975;UseMaterial;0;Colour;1;Spawn;2;5;0;1;0;PPS;30;Speed;1.5;Gravity;0.3;Life;3;Scale;0.1;Colour;0.3291631;0.38628286;0.24733159;Additive;0;Alpha;1;FadeIn;0.1;FadeOut;0.8;HasDir;1;Dir;0;1;0;Varience;0.25;Offset;0;5;0;LifeError;0.4;ScaleError;0.3;SpeedError;0.4;RandRot;1;HasXRot;1;XRotSpeed;180;Stages;1;2;enviroReqCount;3;reqId;1;minAltitude;50;maxAltitude;100;influence;0.8;reqId;2;barren;1;goodBiomes;1;4;idealFactor;100;influence;0.7;reqId;6;dislikedSpecies;1;erl;influence;0.9
GROWTH;dynamic;0;growthTime;27.666666;modelStages;3;subStages;2
WOOD;cut time;5;bark factor;0.75;colour;0.36624348;0.30035585;0.2683317
