0.4
ahm
0;1
2
-0.512904;0.007284;-1.652286;0.49177;0.790126;1.085636;1
111;2
87;0.64087266;0.5311698;0.41344628
-0.010567;0.237633;-0.739998;0.0;-1.0;0.0;0.428125;0.237633;-0.379572;0.0;-1.0;0.0;-0.449259;0.237633;-0.379572;0.0;-1.0;0.0;-0.010567;0.237633;0.712036;0.0;-1.0;0.0;-0.512904;0.237633;0.30896;0.0;-1.0;0.0;0.49177;0.237633;0.30896;0.0;-1.0;0.0;0.49177;0.237633;0.30896;0.0;-1.0;0.0;-0.449259;0.237633;-0.379572;0.0;-1.0;0.0;0.428125;0.237633;-0.379572;0.0;-1.0;0.0;0.49177;0.237633;0.30896;0.0;-1.0;0.0;-0.512904;0.237633;0.30896;0.0;-1.0;0.0;-0.449259;0.237633;-0.379572;0.0;-1.0;0.0;0.033392;0.373892;-1.031502;-0.8304;0.541;-0.1329;-0.109534;0.289122;-0.483352;-0.8304;0.541;-0.1329;-0.004207;0.45733;-0.456747;-0.8304;0.541;-0.1329;0.033392;0.373892;-1.031502;-0.8384;0.4859;0.2472;0.071358;0.755247;-1.652286;-0.8384;0.4859;0.2472;-0.048639;0.242889;-1.052222;-0.8384;0.4859;0.2472;-0.048639;0.242889;-1.052222;-0.0414;-0.9962;0.0765;0.090315;0.281592;-0.473394;-0.0414;-0.9962;0.0765;-0.109534;0.289122;-0.483352;-0.0414;-0.9962;0.0765;-0.048639;0.242889;-1.052222;0.0037;-0.7609;-0.6489;0.071358;0.755247;-1.652286;0.0037;-0.7609;-0.6489;0.107007;0.237025;-1.044467;0.0037;-0.7609;-0.6489;0.107007;0.237025;-1.044467;0.8483;0.4265;0.3139;0.071358;0.755247;-1.652286;0.8483;0.4265;0.3139;0.033392;0.373892;-1.031502;0.8483;0.4265;0.3139;0.033392;0.373892;-1.031502;0.8802;0.4745;-0.0113;0.090315;0.281592;-0.473394;0.8802;0.4745;-0.0113;0.107007;0.237025;-1.044467;0.8802;0.4745;-0.0113;-0.003504;0.544539;0.512228;0.7885;0.5302;0.3119;-0.003504;0.207197;1.085636;0.7885;0.5302;0.3119;0.209277;0.202825;0.555168;0.7885;0.5302;0.3119;0.209277;0.202825;0.555168;0.0;-1.0;0.0082;-0.003504;0.207197;1.085636;0.0;-1.0;0.0082;-0.216285;0.202825;0.555168;0.0;-1.0;0.0082;-0.216285;0.202825;0.555168;-0.7885;0.5302;0.3119;-0.003504;0.207197;1.085636;-0.7885;0.5302;0.3119;-0.003504;0.544539;0.512228;-0.7885;0.5302;0.3119;-0.003504;0.544539;0.512228;0.0;-0.1247;-0.9922;0.209277;0.202825;0.555168;0.0;-0.1247;-0.9922;-0.216285;0.202825;0.555168;0.0;-0.1247;-0.9922;-0.372836;0.010941;0.471234;-0.7574;0.4849;0.4373;-0.010567;0.781221;0.244662;-0.7574;0.4849;0.4373;-0.430886;0.010941;0.370688;-0.7574;0.4849;0.4373;-0.430886;0.010941;0.370688;0.0;-0.1615;-0.9869;-0.010567;0.781221;0.244662;0.0;-0.1615;-0.9869;-0.314785;0.010941;0.370688;0.0;-0.1615;-0.9869;-0.314785;0.010941;0.370688;0.8381;-0.2518;0.4839;-0.010567;0.781221;0.244662;0.8381;-0.2518;0.4839;-0.372836;0.010941;0.471234;0.8381;-0.2518;0.4839;0.352452;0.010941;0.471234;0.7572;0.4854;0.4371;0.410502;0.010941;0.370688;0.7572;0.4854;0.4371;-0.010567;0.781221;0.244662;0.7572;0.4854;0.4371;0.410502;0.010941;0.370688;0.0;-0.1615;-0.9869;0.294401;0.010941;0.370688;0.0;-0.1615;-0.9869;-0.010567;0.781221;0.244662;0.0;-0.1615;-0.9869;0.294401;0.010941;0.370688;-0.8379;-0.2526;0.4838;0.352452;0.010941;0.471234;-0.8379;-0.2526;0.4838;-0.010567;0.781221;0.244662;-0.8379;-0.2526;0.4838;-0.372836;0.007284;-0.282086;-0.8081;0.3595;0.4666;-0.010567;0.790126;-0.257828;-0.8081;0.3595;0.4666;-0.430886;0.007284;-0.382631;-0.8081;0.3595;0.4666;-0.430886;0.007284;-0.382631;0.0;0.1574;-0.9875;-0.010567;0.790126;-0.257828;0.0;0.1574;-0.9875;-0.314785;0.007284;-0.382631;0.0;0.1574;-0.9875;-0.314785;0.007284;-0.382631;0.7995;-0.3843;0.4616;-0.010567;0.790126;-0.257828;0.7995;-0.3843;0.4616;-0.372836;0.007284;-0.282086;0.7995;-0.3843;0.4616;0.352452;0.007284;-0.282086;0.8079;0.3602;0.4664;0.410502;0.007284;-0.382631;0.8079;0.3602;0.4664;-0.010567;0.790126;-0.257828;0.8079;0.3602;0.4664;0.410502;0.007284;-0.382631;0.0;0.1574;-0.9875;0.294401;0.007284;-0.382631;0.0;0.1574;-0.9875;-0.010567;0.790126;-0.257828;0.0;0.1574;-0.9875;0.294401;0.007284;-0.382631;-0.7993;-0.3849;0.4615;0.352452;0.007284;-0.282086;-0.7993;-0.3849;0.4615;-0.010567;0.790126;-0.257828;-0.7993;-0.3849;0.4615;0.033392;0.373892;-1.031502;-0.8304;0.541;-0.1329;-0.048639;0.242889;-1.052222;-0.8304;0.541;-0.1329;-0.109534;0.289122;-0.483352;-0.8304;0.541;-0.1329;-0.048639;0.242889;-1.052222;-0.0414;-0.9962;0.0765;0.107007;0.237025;-1.044467;-0.0414;-0.9962;0.0765;0.090315;0.281592;-0.473394;-0.0414;-0.9962;0.0765;0.033392;0.373892;-1.031502;0.8802;0.4745;-0.0113;-0.004207;0.45733;-0.456747;0.8802;0.4745;-0.0113;0.090315;0.281592;-0.473394;0.8802;0.4745;-0.0113
24;0.59451777;0.49325946;0.45563194
-0.010567;0.237633;-0.739998;0.5263;0.5591;-0.6406;-0.010567;0.790126;-0.257828;0.5263;0.5591;-0.6406;0.428125;0.237633;-0.379572;0.5263;0.5591;-0.6406;-0.449259;0.237633;-0.379572;-0.5263;0.5591;-0.6406;-0.010567;0.790126;-0.257828;-0.5263;0.5591;-0.6406;-0.010567;0.237633;-0.739998;-0.5263;0.5591;-0.6406;-0.010567;0.237633;0.712036;-0.5198;0.557;0.6478;-0.010567;0.781221;0.244662;-0.5198;0.557;0.6478;-0.512904;0.237633;0.30896;-0.5198;0.557;0.6478;0.49177;0.237633;0.30896;0.5198;0.557;0.6478;-0.010567;0.781221;0.244662;0.5198;0.557;0.6478;-0.010567;0.237633;0.712036;0.5198;0.557;0.6478;-0.512904;0.237633;0.30896;-0.7734;0.6299;-0.0715;-0.010567;0.790126;-0.257828;-0.7734;0.6299;-0.0715;-0.449259;0.237633;-0.379572;-0.7734;0.6299;-0.0715;-0.010567;0.790126;-0.257828;0.7734;0.6299;-0.0715;0.49177;0.237633;0.30896;0.7734;0.6299;-0.0715;0.428125;0.237633;-0.379572;0.7734;0.6299;-0.0715;-0.512904;0.237633;0.30896;-0.7337;0.6794;0.012;-0.010567;0.781221;0.244662;-0.7337;0.6794;0.012;-0.010567;0.790126;-0.257828;-0.7337;0.6794;0.012;-0.010567;0.790126;-0.257828;0.7337;0.6794;0.012;-0.010567;0.781221;0.244662;0.7337;0.6794;0.012;0.49177;0.237633;0.30896;0.7337;0.6794;0.012
-1.074917;-0.004523;-3.631523;1.074916;2.032558;3.110395;2
204;3
48;0.59451777;0.49325946;0.45563194
0.0;1.919952;-0.942019;0.0;0.9972;-0.0754;-0.521266;2.032558;0.548002;0.0;0.9972;-0.0754;0.516862;2.032558;0.548002;0.0;0.9972;-0.0754;0.0;1.919952;-0.942019;0.8174;0.5453;-0.1858;1.074916;0.584173;-0.133651;0.8174;0.5453;-0.1858;0.852896;0.606359;-1.045346;0.8174;0.5453;-0.1858;-1.074917;0.584173;-0.133651;-0.8174;0.5453;-0.1858;0.0;1.919952;-0.942019;-0.8174;0.5453;-0.1858;-0.852896;0.606359;-1.045346;-0.8174;0.5453;-0.1858;-0.852896;0.606359;-1.045346;-0.6623;0.4756;-0.5789;0.0;1.919952;-0.942019;-0.6623;0.4756;-0.5789;-0.32949;0.696485;-1.570173;-0.6623;0.4756;-0.5789;-1.017045;0.56038;1.024867;-0.7223;0.421;0.5487;-1.0E-6;1.258811;1.82793;-0.7223;0.421;0.5487;-0.521266;2.032558;0.548002;-0.7223;0.421;0.5487;-0.521266;2.032558;0.548002;-0.9409;0.3343;0.0539;-1.074917;0.584173;-0.133651;-0.9409;0.3343;0.0539;-1.017045;0.56038;1.024867;-0.9409;0.3343;0.0539;1.074916;0.584173;-0.133651;0.94;0.3368;0.0539;0.516862;2.032558;0.548002;0.94;0.3368;0.0539;1.017044;0.56038;1.024867;0.94;0.3368;0.0539;0.516862;2.032558;0.548002;0.0;0.8558;0.5173;-0.521266;2.032558;0.548002;0.0;0.8558;0.5173;-1.0E-6;1.258811;1.82793;0.0;0.8558;0.5173;1.017044;0.56038;1.024867;0.7015;0.6224;0.3472;-1.0E-6;1.258811;1.82793;0.7015;0.6224;0.3472;0.444523;0.757736;1.82793;0.7015;0.6224;0.3472;0.0;1.919952;-0.942019;0.6623;0.4756;-0.5789;0.852896;0.606359;-1.045346;0.6623;0.4756;-0.5789;0.32949;0.696485;-1.570172;0.6623;0.4756;-0.5789;0.32949;0.696485;-1.570172;0.8292;0.4154;-0.3741;0.0;0.668369;-2.331621;0.8292;0.4154;-0.3741;0.0;1.919952;-0.942019;0.8292;0.4154;-0.3741;0.0;1.919952;-0.942019;0.8232;0.4682;-0.321;0.516862;2.032558;0.548002;0.8232;0.4682;-0.321;1.074916;0.584173;-0.133651;0.8232;0.4682;-0.321;-1.074917;0.584173;-0.133651;-0.8232;0.4668;-0.3233;-0.521266;2.032558;0.548002;-0.8232;0.4668;-0.3233;0.0;1.919952;-0.942019;-0.8232;0.4668;-0.3233;-1.017045;0.56038;1.024867;-0.7015;0.6224;0.3472;-0.444525;0.757736;1.827929;-0.7015;0.6224;0.3472;-1.0E-6;1.258811;1.82793;-0.7015;0.6224;0.3472;1.017044;0.56038;1.024867;0.7224;0.4227;0.5472;0.516862;2.032558;0.548002;0.7224;0.4227;0.5472;-1.0E-6;1.258811;1.82793;0.7224;0.4227;0.5472;-0.32949;0.696485;-1.570173;-0.8292;0.4154;-0.3741;0.0;1.919952;-0.942019;-0.8292;0.4154;-0.3741;0.0;0.668369;-2.331621;-0.8292;0.4154;-0.3741
12;0.90354544;0.6696211;0.8362113
0.155181;1.440973;2.129419;0.3921;-0.5213;0.7579;-0.009971;1.121536;1.995133;0.3921;-0.5213;0.7579;0.320873;1.312007;1.955;0.3921;-0.5213;0.7579;0.373657;1.634024;1.989582;0.6405;-0.185;0.7453;0.155181;1.440973;2.129419;0.6405;-0.185;0.7453;0.320873;1.312007;1.955;0.6405;-0.185;0.7453;-0.155935;1.440973;2.129419;-0.3921;-0.5213;0.7579;-0.321627;1.312007;1.955;-0.3921;-0.5213;0.7579;0.009217;1.121536;1.995133;-0.3921;-0.5213;0.7579;-0.374411;1.634024;1.989582;-0.6405;-0.185;0.7453;-0.321627;1.312007;1.955;-0.6405;-0.185;0.7453;-0.155935;1.440973;2.129419;-0.6405;-0.185;0.7453
144;0.64087266;0.5311698;0.41344628
1.074916;0.584173;-0.133651;0.0;-0.9997;-0.0243;-0.852896;0.606359;-1.045346;0.0;-0.9997;-0.0243;0.852896;0.606359;-1.045346;0.0;-0.9997;-0.0243;1.074916;0.584173;-0.133651;0.0;-0.9998;-0.0205;-1.017045;0.56038;1.024867;0.0;-0.9998;-0.0205;-1.074917;0.584173;-0.133651;0.0;-0.9998;-0.0205;-0.444525;0.757736;1.827929;-0.745;0.661;-0.0896;-1.0E-6;1.304309;2.163558;-0.745;0.661;-0.0896;-1.0E-6;1.258811;1.82793;-0.745;0.661;-0.0896;1.017044;0.56038;1.024867;-0.0;-0.9711;0.2387;-0.444525;0.757736;1.827929;-0.0;-0.9711;0.2387;-1.017045;0.56038;1.024867;-0.0;-0.9711;0.2387;-0.32949;0.696485;-1.570173;-0.7033;0.6309;-0.3276;0.0;0.668369;-2.331621;-0.7033;0.6309;-0.3276;-0.261002;0.381469;-2.323822;-0.7033;0.6309;-0.3276;-0.852896;0.606359;-1.045346;0.0;-0.9856;-0.1692;0.32949;0.696485;-1.570172;0.0;-0.9856;-0.1692;0.852896;0.606359;-1.045346;0.0;-0.9856;-0.1692;-0.261002;0.381469;-2.323822;0.0;-0.9575;-0.2886;0.22173;0.599531;-3.047276;0.0;-0.9575;-0.2886;0.261003;0.381469;-2.323822;0.0;-0.9575;-0.2886;-0.32949;0.696485;-1.570173;-0.0;-0.9226;0.3857;0.261003;0.381469;-2.323822;-0.0;-0.9226;0.3857;0.32949;0.696485;-1.570172;-0.0;-0.9226;0.3857;0.22173;0.599531;-3.047276;0.0;-0.6747;-0.7381;-0.221729;0.599532;-3.047276;0.0;-0.6747;-0.7381;1.0E-6;1.238734;-3.631523;0.0;-0.6747;-0.7381;0.0;0.668369;-2.331621;0.6524;0.7466;0.1303;0.22173;0.599531;-3.047276;0.6524;0.7466;0.1303;0.0;0.779384;-2.967742;0.6524;0.7466;0.1303;0.0;0.668369;-2.331621;-0.7278;0.6665;0.1614;-0.221729;0.599532;-3.047276;-0.7278;0.6665;0.1614;-0.261002;0.381469;-2.323822;-0.7278;0.6665;0.1614;0.0;0.779384;-2.967742;0.6568;0.62;0.4291;0.22173;0.599531;-3.047276;0.6568;0.62;0.4291;1.0E-6;1.238734;-3.631523;0.6568;0.62;0.4291;-0.221729;0.599532;-3.047276;-0.6568;0.62;0.4291;0.0;0.779384;-2.967742;-0.6568;0.62;0.4291;1.0E-6;1.238734;-3.631523;-0.6568;0.62;0.4291;-1.0E-6;1.304309;2.163558;-0.8977;0.3675;0.243;-0.097423;0.584057;2.89285;-0.8977;0.3675;0.243;-1.0E-6;0.77502;2.963975;-0.8977;0.3675;0.243;-1.0E-6;0.77502;2.963975;-0.8929;0.3501;0.283;-0.097423;0.584057;2.89285;-0.8929;0.3501;0.283;-1.0E-6;0.656676;3.110395;-0.8929;0.3501;0.283;-1.0E-6;1.304309;2.163558;0.8208;0.4574;0.3421;0.097421;0.584057;2.89285;0.8208;0.4574;0.3421;0.444523;0.757736;1.82793;0.8208;0.4574;0.3421;0.444523;0.757736;1.82793;0.0;-0.987;-0.161;-0.097423;0.584057;2.89285;0.0;-0.987;-0.161;-0.444525;0.757736;1.827929;0.0;-0.987;-0.161;0.097421;0.584057;2.89285;0.8929;0.3501;0.283;-1.0E-6;0.77502;2.963975;0.8929;0.3501;0.283;-1.0E-6;0.656676;3.110395;0.8929;0.3501;0.283;-0.097423;0.584057;2.89285;0.0;-0.9485;0.3166;0.097421;0.584057;2.89285;0.0;-0.9485;0.3166;-1.0E-6;0.656676;3.110395;0.0;-0.9485;0.3166;-0.611923;-0.004523;1.502011;-0.7923;0.2874;0.5383;-0.521266;2.032558;0.548002;-0.7923;0.2874;0.5383;-0.783517;-0.004523;1.249464;-0.7923;0.2874;0.5383;-0.783517;-0.004523;1.249464;0.0;-0.3256;-0.9455;-0.521266;2.032558;0.548002;0.0;-0.3256;-0.9455;-0.440328;-0.004523;1.249464;0.0;-0.3256;-0.9455;-0.440328;-0.004523;1.249464;0.8067;0.2208;0.5481;-0.521266;2.032558;0.548002;0.8067;0.2208;0.5481;-0.611923;-0.004523;1.502011;0.8067;0.2208;0.5481;-0.611923;0.007179;-0.851595;-0.7942;0.2796;0.5396;0.0;1.919952;-0.942019;-0.7942;0.2796;0.5396;-0.783517;0.007179;-1.104141;-0.7942;0.2796;0.5396;-0.783517;0.007179;-1.104141;0.0;0.0845;-0.9964;0.0;1.919952;-0.942019;0.0;0.0845;-0.9964;-0.440328;0.007179;-1.104141;0.0;0.0845;-0.9964;-0.440328;0.007179;-1.104141;0.8047;-0.2316;0.5467;0.0;1.919952;-0.942019;0.8047;-0.2316;0.5467;-0.611923;0.007179;-0.851595;0.8047;-0.2316;0.5467;0.607519;-0.004523;1.502011;0.7923;0.2874;0.5383;0.779114;-0.004523;1.249464;0.7923;0.2874;0.5383;0.516862;2.032558;0.548002;0.7923;0.2874;0.5383;0.779114;-0.004523;1.249464;0.0;-0.3256;-0.9455;0.435925;-0.004523;1.249464;0.0;-0.3256;-0.9455;0.516862;2.032558;0.548002;0.0;-0.3256;-0.9455;0.435925;-0.004523;1.249464;-0.8067;0.2208;0.5481;0.607519;-0.004523;1.502011;-0.8067;0.2208;0.5481;0.516862;2.032558;0.548002;-0.8067;0.2208;0.5481;0.621154;0.007179;-0.851595;0.7933;0.2831;0.539;0.792749;0.007179;-1.104141;0.7933;0.2831;0.539;0.0;1.919952;-0.942019;0.7933;0.2831;0.539;0.792749;0.007179;-1.104141;0.0;0.0845;-0.9964;0.44956;0.007179;-1.104141;0.0;0.0845;-0.9964;0.0;1.919952;-0.942019;0.0;0.0845;-0.9964;0.44956;0.007179;-1.104141;-0.8039;-0.2352;0.5462;0.621154;0.007179;-0.851595;-0.8039;-0.2352;0.5462;0.0;1.919952;-0.942019;-0.8039;-0.2352;0.5462;1.074916;0.584173;-0.133651;0.0;-0.9997;-0.0243;-1.074917;0.584173;-0.133651;0.0;-0.9997;-0.0243;-0.852896;0.606359;-1.045346;0.0;-0.9997;-0.0243;1.074916;0.584173;-0.133651;0.0;-0.9998;-0.0205;1.017044;0.56038;1.024867;0.0;-0.9998;-0.0205;-1.017045;0.56038;1.024867;0.0;-0.9998;-0.0205;1.017044;0.56038;1.024867;-0.0;-0.9711;0.2387;0.444523;0.757736;1.82793;-0.0;-0.9711;0.2387;-0.444525;0.757736;1.827929;-0.0;-0.9711;0.2387;-0.852896;0.606359;-1.045346;0.0;-0.9856;-0.1692;-0.32949;0.696485;-1.570173;0.0;-0.9856;-0.1692;0.32949;0.696485;-1.570172;0.0;-0.9856;-0.1692;-0.261002;0.381469;-2.323822;0.0;-0.9575;-0.2886;-0.221729;0.599532;-3.047276;0.0;-0.9575;-0.2886;0.22173;0.599531;-3.047276;0.0;-0.9575;-0.2886;0.32949;0.696485;-1.570172;0.7033;0.6309;-0.3276;0.261003;0.381469;-2.323822;0.7033;0.6309;-0.3276;0.0;0.668369;-2.331621;0.7033;0.6309;-0.3276;-0.32949;0.696485;-1.570173;-0.0;-0.9226;0.3857;-0.261002;0.381469;-2.323822;-0.0;-0.9226;0.3857;0.261003;0.381469;-2.323822;-0.0;-0.9226;0.3857;0.0;0.668369;-2.331621;0.7278;0.6665;0.1614;0.261003;0.381469;-2.323822;0.7278;0.6665;0.1614;0.22173;0.599531;-3.047276;0.7278;0.6665;0.1614;0.0;0.668369;-2.331621;-0.6524;0.7466;0.1303;0.0;0.779384;-2.967742;-0.6524;0.7466;0.1303;-0.221729;0.599532;-3.047276;-0.6524;0.7466;0.1303;-1.0E-6;1.304309;2.163558;-0.8208;0.4574;0.3421;-0.444525;0.757736;1.827929;-0.8208;0.4574;0.3421;-0.097423;0.584057;2.89285;-0.8208;0.4574;0.3421;0.444523;0.757736;1.82793;0.745;0.661;-0.0896;-1.0E-6;1.258811;1.82793;0.745;0.661;-0.0896;-1.0E-6;1.304309;2.163558;0.745;0.661;-0.0896;-1.0E-6;1.304309;2.163558;0.8977;0.3675;0.243;-1.0E-6;0.77502;2.963975;0.8977;0.3675;0.243;0.097421;0.584057;2.89285;0.8977;0.3675;0.243;0.444523;0.757736;1.82793;0.0;-0.987;-0.161;0.097421;0.584057;2.89285;0.0;-0.987;-0.161;-0.097423;0.584057;2.89285;0.0;-0.987;-0.161;0.373657;1.634024;1.989582;-0.7372;0.5476;-0.3959;-0.009971;1.121536;1.995133;-0.7372;0.5476;-0.3959;0.155181;1.440973;2.129419;-0.7372;0.5476;-0.3959;0.320873;1.312007;1.955;-0.1963;0.1365;-0.971;-0.009971;1.121536;1.995133;-0.1963;0.1365;-0.971;0.373657;1.634024;1.989582;-0.1963;0.1365;-0.971;-0.374411;1.634024;1.989582;0.7372;0.5476;-0.3959;-0.155935;1.440973;2.129419;0.7372;0.5476;-0.3959;0.009217;1.121536;1.995133;0.7372;0.5476;-0.3959;-0.321627;1.312007;1.955;0.1963;0.1365;-0.971;-0.374411;1.634024;1.989582;0.1963;0.1365;-0.971;0.009217;1.121536;1.995133;0.1963;0.1365;-0.971
5
INFO;Armadillo;A desert-dwelling rodent.;370;14;2;noIcon.png;sheepBaa2
LIFE;4.2;8;0;FALL_DEATH;1.5;2.5;60;0;-1;0;5;2.135;2;2;0;1;0;0.15;5;1;pt;0.3
GROWTH;1;4;2
MOVEMENT;9;speed;0.5;xRot;0;minRot;-25;maxRot;25;rockSpeed;2.5
AI;PATROL
