1
abs
0;1
3
-0.152125;0.005166;-0.158374;0.203073;0.468345;0.196819;1
36;1
36;1.0;0.86670613;0.8140228
-0.056942;0.153625;0.196819;0.5905;-0.5508;0.5898;-0.006184;0.005166;0.00737;0.5905;-0.5508;0.5898;0.203073;0.153939;-0.063208;0.5905;-0.5508;0.5898;0.203073;0.153939;-0.063208;0.1999;-0.6351;-0.7461;-0.006184;0.005166;0.00737;0.1999;-0.6351;-0.7461;-0.152125;0.153939;-0.158374;0.1999;-0.6351;-0.7461;-0.152125;0.153939;-0.158374;-0.8063;-0.5508;0.2156;-0.006184;0.005166;0.00737;-0.8063;-0.5508;0.2156;-0.056942;0.153625;0.196819;-0.8063;-0.5508;0.2156;-0.152125;0.153939;-0.158374;-0.9384;0.237;0.2517;-0.024545;0.410321;0.075901;-0.9384;0.237;0.2517;-0.063491;0.41045;-0.069434;-0.9384;0.237;0.2517;-0.063491;0.41045;-0.069434;-0.773;0.5994;0.2077;-0.024545;0.410321;0.075901;-0.773;0.5994;0.2077;-0.002078;0.468345;-0.007954;-0.773;0.5994;0.2077;-0.152125;0.153939;-0.158374;0.2513;0.2384;-0.9381;0.081846;0.41045;-0.030495;0.2513;0.2384;-0.9381;0.203073;0.153939;-0.063208;0.2513;0.2384;-0.9381;-0.056942;0.153625;0.196819;0.6868;0.237;0.6871;0.081846;0.41045;-0.030495;0.6868;0.237;0.6871;-0.024545;0.410321;0.075901;0.6868;0.237;0.6871;0.081846;0.41045;-0.030495;0.2069;0.6006;-0.7723;-0.063491;0.41045;-0.069434;0.2069;0.6006;-0.7723;-0.002078;0.468345;-0.007954;0.2069;0.6006;-0.7723;-0.024545;0.410321;0.075901;0.5656;0.5994;0.5663;0.081846;0.41045;-0.030495;0.5656;0.5994;0.5663;-0.002078;0.468345;-0.007954;0.5656;0.5994;0.5663;-0.152125;0.153939;-0.158374;-0.9384;0.237;0.2517;-0.056942;0.153625;0.196819;-0.9384;0.237;0.2517;-0.024545;0.410321;0.075901;-0.9384;0.237;0.2517;-0.152125;0.153939;-0.158374;0.2513;0.2384;-0.9381;-0.063491;0.41045;-0.069434;0.2513;0.2384;-0.9381;0.081846;0.41045;-0.030495;0.2513;0.2384;-0.9381;-0.056942;0.153625;0.196819;0.6868;0.237;0.6871;0.203073;0.153939;-0.063208;0.6868;0.237;0.6871;0.081846;0.41045;-0.030495;0.6868;0.237;0.6871
-0.115376;0.008816;-0.24863;0.126607;0.399092;0.287086;1
102;2
24;0.9;0.604;0.349
0.023365;0.311179;0.164521;0.892117;-0.450667;0.03119;-0.004071;0.265355;0.287086;0.892117;-0.450667;0.03119;-0.004071;0.257033;0.166933;0.892117;-0.450667;0.03119;-0.004071;0.257033;0.166933;-0.867367;-0.496445;0.034364;-0.004071;0.265355;0.287086;-0.867367;-0.496445;0.034364;-0.035362;0.311179;0.159347;-0.867367;-0.496445;0.034364;-0.035362;0.311179;0.159347;-0.030305;0.938444;0.344066;-0.004071;0.265355;0.287086;-0.030305;0.938444;0.344066;0.023365;0.311179;0.164521;-0.030305;0.938444;0.344066;-0.004071;0.257033;0.166933;0.087405;-0.088473;-0.992218;-0.035362;0.311179;0.159347;0.087405;-0.088473;-0.992218;0.023365;0.311179;0.164521;0.087405;-0.088473;-0.992218;-0.080359;0.008816;0.025749;-0.52031;-0.293191;-0.802026;-7.45E-4;0.181919;-0.089185;-0.52031;-0.293191;-0.802026;-7.45E-4;0.052415;-0.041841;-0.52031;-0.293191;-0.802026;-7.45E-4;0.052415;-0.041841;0.52031;-0.293191;-0.802026;-7.45E-4;0.181919;-0.089185;0.52031;-0.293191;-0.802026;0.078869;0.008816;0.025749;0.52031;-0.293191;-0.802026;0.078869;0.008816;0.025749;0.0;0.553117;0.833064;-7.45E-4;0.181919;-0.089185;0.0;0.553117;0.833064;-0.080359;0.008816;0.025749;0.0;0.553117;0.833064;-7.45E-4;0.052415;-0.041841;0.0;-0.840327;-0.542039;0.078869;0.008816;0.025749;0.0;-0.840327;-0.542039;-0.080359;0.008816;0.025749;0.0;-0.840327;-0.542039
78;-1.0;0.0;0.0
0.125753;0.06393;5.6E-5;0.866848;-0.027528;-0.497787;-0.010879;0.258274;-0.24863;0.866848;-0.027528;-0.497787;0.126607;0.288446;-0.010878;0.866848;-0.027528;-0.497787;-0.114522;0.288804;-0.021812;-0.910245;-0.016663;-0.413678;-0.010879;0.258274;-0.24863;-0.910245;-0.016663;-0.413678;-0.115376;0.064288;-0.010878;-0.910245;-0.016663;-0.413678;-0.047679;0.29203;0.064536;-0.888577;-0.437574;0.137547;-0.00135;0.234505;0.180807;-0.895962;-0.395337;0.202246;-0.08054;0.365548;0.086136;-0.891995;-0.421979;0.162023;0.126607;0.288446;-0.010878;0.007355;0.991455;-0.13007;-0.010879;0.258274;-0.24863;0.007355;0.991455;-0.13007;-0.114522;0.288804;-0.021812;0.007355;0.991455;-0.13007;-0.115376;0.064288;-0.010878;0.027161;-0.780328;-0.624744;-0.010879;0.258274;-0.24863;0.027161;-0.780328;-0.624744;0.125753;0.06393;5.6E-5;0.027161;-0.780328;-0.624744;0.125753;0.06393;5.6E-5;0.811609;0.02533;0.583605;0.126607;0.288446;-0.010878;0.811609;0.02533;0.583605;-0.005942;0.179677;0.17818;0.811609;0.02533;0.583605;-0.114522;0.288804;-0.021812;-0.872219;0.02707;0.488327;-0.115376;0.064288;-0.010878;-0.872219;0.02707;0.488327;-0.005942;0.179677;0.17818;-0.872219;0.02707;0.488327;-0.115376;0.064288;-0.010878;-0.02533;-0.846706;0.531449;0.125753;0.06393;5.6E-5;-0.02533;-0.846706;0.531449;-0.005942;0.179677;0.17818;-0.02533;-0.846706;0.531449;0.055205;0.291321;0.06915;0.758019;0.193182;0.622944;-0.00135;0.234505;0.180807;0.906766;-0.095614;0.410627;-0.005942;0.179677;0.17818;0.876888;-0.010956;0.480544;-0.00135;0.234505;0.180807;-0.856288;0.103458;0.505997;-0.047679;0.29203;0.064536;-0.697134;0.492172;0.521256;-0.114522;0.288804;-0.021812;-0.790551;0.314035;0.525712;-0.047679;0.29203;0.064536;0.004242;0.999268;-0.037629;0.055205;0.291321;0.06915;0.008148;0.999542;-0.028596;0.126607;0.288446;-0.010878;0.005646;0.99939;-0.034364;-0.001556;0.3596;0.237343;-0.019013;0.833491;0.552171;0.037271;0.398606;0.179803;-0.019013;0.833491;0.552171;-0.033362;0.399092;0.176636;-0.019013;0.833491;0.552171;0.055205;0.291321;0.06915;0.044771;0.299966;-0.952879;-0.047679;0.29203;0.064536;0.044771;0.299966;-0.952879;-0.08054;0.365548;0.086136;0.044771;0.299966;-0.952879;-0.00135;0.234505;0.180807;0.901517;-0.315622;0.295999;0.055205;0.291321;0.06915;0.858943;-0.438032;0.265175;-0.00479;0.271492;0.230718;0.88464;-0.370495;0.282998;0.087682;0.36439;0.09368;0.022462;0.933531;-0.357707;-0.08054;0.365548;0.086136;0.022462;0.933531;-0.357707;-0.033362;0.399092;0.176636;0.022462;0.933531;-0.357707;-0.08054;0.365548;0.086136;-0.88638;-0.002258;0.462905;-0.00479;0.271492;0.230718;-0.88638;-0.002258;0.462905;-0.001556;0.3596;0.237343;-0.88638;-0.002258;0.462905;-0.00479;0.271492;0.230718;0.848384;-0.070559;0.524613;0.087682;0.36439;0.09368;0.848384;-0.070559;0.524613;0.037271;0.398606;0.179803;0.848384;-0.070559;0.524613;-0.00135;0.234505;0.180807;-0.895962;-0.395337;0.202246;-0.00479;0.271492;0.230718;-0.897153;-0.382183;0.221381;-0.08054;0.365548;0.086136;-0.891995;-0.421979;0.162023;0.126607;0.288446;-0.010878;0.730522;0.22837;0.643544;0.055205;0.291321;0.06915;0.758019;0.193182;0.622944;-0.005942;0.179677;0.17818;0.876888;-0.010956;0.480544;-0.005942;0.179677;0.17818;-0.86639;0.048738;0.496963;-0.00135;0.234505;0.180807;-0.856288;0.103458;0.505997;-0.114522;0.288804;-0.021812;-0.790551;0.314035;0.525712;-0.114522;0.288804;-0.021812;0.003265;0.999176;-0.039857;-0.047679;0.29203;0.064536;0.004242;0.999268;-0.037629;0.126607;0.288446;-0.010878;0.005646;0.99939;-0.034364;0.087682;0.36439;0.09368;0.044771;0.299966;-0.952879;0.055205;0.291321;0.06915;0.044771;0.299966;-0.952879;-0.08054;0.365548;0.086136;0.044771;0.299966;-0.952879;0.055205;0.291321;0.06915;0.858943;-0.438032;0.265175;0.087682;0.36439;0.09368;0.847774;-0.463393;0.257912;-0.00479;0.271492;0.230718;0.88464;-0.370495;0.282998;0.037271;0.398606;0.179803;0.022462;0.933531;-0.357707;0.087682;0.36439;0.09368;0.022462;0.933531;-0.357707;-0.033362;0.399092;0.176636;0.022462;0.933531;-0.357707;-0.033362;0.399092;0.176636;-0.88638;-0.002258;0.462905;-0.08054;0.365548;0.086136;-0.88638;-0.002258;0.462905;-0.001556;0.3596;0.237343;-0.88638;-0.002258;0.462905;-0.001556;0.3596;0.237343;0.848384;-0.070559;0.524613;-0.00479;0.271492;0.230718;0.848384;-0.070559;0.524613;0.037271;0.398606;0.179803;0.848384;-0.070559;0.524613
-0.293547;0.008592;-0.748085;0.32186;1.226007;0.831685;3
141;3
33;0.9;0.604;0.349
-0.078654;0.008592;-0.01694;0.841304;0.237159;0.485733;-0.114248;0.608246;-0.248076;0.841304;0.237159;0.485733;-0.133436;0.008592;0.077946;0.841304;0.237159;0.485733;-0.133436;0.008592;0.077946;-0.829585;0.286935;0.478957;-0.114248;0.608246;-0.248076;-0.829585;0.286935;0.478957;-0.188219;0.008592;-0.01694;-0.829585;0.286935;0.478957;0.118227;0.008592;0.077946;0.0;-1.0;0.0;0.063445;0.008592;-0.01694;0.0;-1.0;0.0;0.17301;0.008592;-0.01694;0.0;-1.0;0.0;0.063445;0.008592;-0.01694;0.0;-0.35963;-0.933073;0.099039;0.608246;-0.248076;0.0;-0.35963;-0.933073;0.17301;0.008592;-0.01694;0.0;-0.35963;-0.933073;-0.188219;0.008592;-0.01694;0.0;-0.35963;-0.933073;-0.114248;0.608246;-0.248076;0.0;-0.35963;-0.933073;-0.078654;0.008592;-0.01694;0.0;-0.35963;-0.933073;0.118227;0.008592;0.077946;-0.841304;0.237159;0.485733;0.099039;0.608246;-0.248076;-0.841304;0.237159;0.485733;0.063445;0.008592;-0.01694;-0.841304;0.237159;0.485733;0.17301;0.008592;-0.01694;0.829585;0.286935;0.478957;0.099039;0.608246;-0.248076;0.829585;0.286935;0.478957;0.118227;0.008592;0.077946;0.829585;0.286935;0.478957;-0.133436;0.008592;0.077946;0.0;-1.0;0.0;-0.188219;0.008592;-0.01694;0.0;-1.0;0.0;-0.078654;0.008592;-0.01694;0.0;-1.0;0.0;0.102938;1.00312;0.487919;0.879879;-0.458541;0.124454;0.008124;0.914487;0.831685;0.879879;-0.458541;0.124454;7.83E-4;0.824231;0.551038;0.879879;-0.458541;0.124454;7.83E-4;0.824231;0.551038;-0.908048;-0.391217;0.149571;0.008124;0.914487;0.831685;-0.908048;-0.391217;0.149571;-0.08669;1.00312;0.487919;-0.908048;-0.391217;0.149571;-0.08669;1.00312;0.487919;0.0;0.968322;0.249641;0.008124;0.914487;0.831685;0.0;0.968322;0.249641;0.102938;1.00312;0.487919;0.0;0.968322;0.249641
12;1.0;0.5;0.514
0.043903;1.096402;0.653628;0.954802;0.297098;-0.006684;0.002178;1.225054;0.412693;0.954802;0.297098;-0.006684;0.003366;1.226007;0.624118;0.954802;0.297098;-0.006684;0.003366;1.226007;0.624118;-0.949034;0.315104;0.003906;0.002178;1.225054;0.412693;-0.949034;0.315104;0.003906;-0.039548;1.096402;0.653628;-0.949034;0.315104;0.003906;-0.039548;1.096402;0.653628;0.0;-0.882107;-0.470992;0.002178;1.225054;0.412693;0.0;-0.882107;-0.471023;0.043903;1.096402;0.653628;0.0;-0.882107;-0.471023;0.043903;1.096402;0.653628;0.0;0.221992;0.975036;0.003366;1.226007;0.624118;0.0;0.221992;0.975036;-0.039548;1.096402;0.653628;0.0;0.221992;0.975036
96;-1.0;0.0;0.0
6.1E-4;0.810329;-0.748085;-0.232154;0.963897;-0.130192;-0.286907;0.830552;-0.085738;-0.232154;0.963897;-0.130192;0.198516;0.953157;-0.043672;-0.232154;0.963897;-0.130192;-0.286907;0.830552;-0.085738;-0.908963;0.122837;-0.398328;6.1E-4;0.810329;-0.748085;-0.908963;0.122837;-0.398328;-0.293547;0.368457;-0.213106;-0.908963;0.122837;-0.398328;6.1E-4;0.810329;-0.748085;0.844752;0.426069;-0.32371;0.198516;0.953157;-0.043672;0.844752;0.426069;-0.32371;0.32186;0.570701;-0.225176;0.844752;0.426069;-0.32371;6.1E-4;0.810329;-0.748085;0.794458;-0.192114;-0.576098;0.32186;0.570701;-0.225176;0.794458;-0.192114;-0.576098;0.16043;0.32993;-0.367497;0.794458;-0.192114;-0.576098;6.1E-4;0.810329;-0.748085;-0.293191;-0.651692;-0.699484;0.16043;0.32993;-0.367497;-0.293191;-0.651692;-0.699484;-0.293547;0.368457;-0.213106;-0.293191;-0.651692;-0.699484;-0.286907;0.830552;-0.085738;-0.999878;0.014588;-8.24E-4;-0.293547;0.368457;-0.213106;-0.999878;0.014588;-8.24E-4;-0.291554;0.53568;0.328795;-0.999878;0.014588;-8.24E-4;0.198516;0.953157;-0.043672;-0.230903;0.962676;-0.141087;-0.286907;0.830552;-0.085738;-0.230903;0.962676;-0.141087;-0.154471;0.923602;0.332403;-0.230903;0.962676;-0.141087;0.32186;0.570701;-0.225176;0.956359;0.289407;0.040071;0.198516;0.953157;-0.043672;0.956359;0.289407;0.040071;0.195434;0.91147;0.330877;0.956359;0.289407;0.040071;0.16043;0.32993;-0.367497;0.863277;-0.469863;-0.184271;0.32186;0.570701;-0.225176;0.863277;-0.469863;-0.184271;0.294874;0.400603;0.082103;0.863277;-0.469863;-0.184271;-0.293547;0.368457;-0.213106;-0.206275;-0.900937;-0.381756;0.16043;0.32993;-0.367497;-0.206275;-0.900937;-0.381756;-0.079091;0.193713;0.083398;-0.206275;-0.900937;-0.381756;-0.286907;0.830552;-0.085738;-0.920469;0.323222;0.219581;-0.291554;0.53568;0.328795;-0.920469;0.323222;0.219581;-0.154471;0.923602;0.332403;-0.920469;0.323222;0.219581;0.198516;0.953157;-0.043672;0.034913;0.993225;0.110813;-0.154471;0.923602;0.332403;0.034913;0.993225;0.110813;0.195434;0.91147;0.330877;0.034913;0.993225;0.110813;0.32186;0.570701;-0.225176;0.981475;0.117405;0.151189;0.195434;0.91147;0.330877;0.981475;0.117405;0.151189;0.294874;0.400603;0.082103;0.981475;0.117405;0.151189;0.16043;0.32993;-0.367497;0.484054;-0.874996;-0.007202;0.294874;0.400603;0.082103;0.484054;-0.874996;-0.007202;-0.079091;0.193713;0.083398;0.484054;-0.874996;-0.007202;-0.293547;0.368457;-0.213106;-0.76577;-0.613697;0.192175;-0.079091;0.193713;0.083398;-0.76577;-0.613697;0.192175;-0.291554;0.53568;0.328795;-0.76577;-0.613697;0.192175;-0.154471;0.923602;0.332403;-0.694479;0.239082;0.678579;-0.291554;0.53568;0.328795;-0.694479;0.239082;0.678579;-0.005313;0.68245;0.570027;-0.694479;0.239082;0.678579;-0.005313;0.68245;0.570027;0.850063;-0.278085;0.447218;0.195434;0.91147;0.330877;0.845454;-0.294839;0.445235;0.003965;0.920154;0.700203;0.848354;-0.284402;0.446486;0.294874;0.400603;0.082103;0.813562;-0.118778;0.56917;0.195434;0.91147;0.330877;0.813562;-0.118778;0.56917;-0.005313;0.68245;0.570027;0.813562;-0.118778;0.56917;-0.079091;0.193713;0.083398;0.378948;-0.681051;0.626545;0.294874;0.400603;0.082103;0.378948;-0.681051;0.626545;-0.005313;0.68245;0.570027;0.378948;-0.681051;0.626545;-0.291554;0.53568;0.328795;-0.253609;-0.662984;0.704306;-0.079091;0.193713;0.083398;-0.253609;-0.662984;0.704306;-0.005313;0.68245;0.570027;-0.253609;-0.662984;0.704306;-0.187766;1.089907;0.353083;-0.757408;0.314493;0.572161;0.003965;0.920154;0.700203;-0.829951;0.239082;0.503952;-0.060788;1.198237;0.461623;-0.805902;0.26606;0.528855;0.003965;0.920154;0.700203;0.766686;0.189123;0.613483;0.240628;1.075356;0.356597;0.766717;0.274636;0.580218;0.007977;1.176461;0.616177;0.767479;0.241646;0.593738;-0.154471;0.923602;0.332403;-0.911649;-0.225227;0.343669;-0.005313;0.68245;0.570027;-0.89938;-0.194189;0.391644;-0.187766;1.089907;0.353083;-0.904538;-0.206427;0.373028;0.195434;0.91147;0.330877;0.010254;0.145177;-0.989349;-0.154471;0.923602;0.332403;-3.1E-5;0.123356;-0.99234;-0.187766;1.089907;0.353083;0.003967;0.13187;-0.991241;-0.060788;1.198237;0.461623;0.02768;0.991455;0.127354;0.007977;1.176461;0.616177;0.02768;0.991455;0.127354;0.100525;1.193367;0.464462;0.02768;0.991455;0.127354;0.240628;1.075356;0.356597;0.02945;0.693167;-0.720145;-0.187766;1.089907;0.353083;0.03122;0.690695;-0.722434;0.100525;1.193367;0.464462;0.030305;0.691977;-0.721274;0.195434;0.91147;0.330877;0.845454;-0.294839;0.445235;0.240628;1.075356;0.356597;0.843318;-0.302286;0.444288;0.003965;0.920154;0.700203;0.848354;-0.284402;0.446486;0.003965;0.920154;0.700203;-0.829951;0.239082;0.503952;0.007977;1.176461;0.616177;-0.894986;0.151524;0.419538;-0.060788;1.198237;0.461623;-0.805902;0.26606;0.528855;0.240628;1.075356;0.356597;0.766717;0.274636;0.580218;0.100525;1.193367;0.464462;0.749443;0.428236;0.504868;0.007977;1.176461;0.616177;0.767479;0.241646;0.593738;-0.005313;0.68245;0.570027;-0.89938;-0.194189;0.391644;0.003965;0.920154;0.700203;-0.895718;-0.186132;0.403729;-0.187766;1.089907;0.353083;-0.904538;-0.206427;0.373028;0.240628;1.075356;0.356597;0.013245;0.151433;-0.988372;0.195434;0.91147;0.330877;0.010254;0.145177;-0.989349;-0.187766;1.089907;0.353083;0.003967;0.13187;-0.991241;-0.187766;1.089907;0.353083;0.03122;0.690695;-0.722434;-0.060788;1.198237;0.461623;0.033509;0.68749;-0.725394;0.100525;1.193367;0.464462;0.030305;0.691977;-0.721274
12
MATERIAL;second;1;count;8;CUSTOM;0.82;0.75;0.69;5000;CUSTOM;0.4588;0.365;0.278;5000;WHITE;10000;GREY;60000;DARK_ORANGE;200000;GOLD;1000000;LILAC;750000;CYAN;1000000
INFO;NameId;263;DescId;264;price;600;dpPerMin;31;range;2;placeSound;thud
LIFE;averagePop;9.5;averageLife;23.0;popFactors;0;breedMat;11.5;breedTime;8.321405;parentId;-1;FALL_DEATH;fallTime;1.5;totalTime;2.5;angle;60;particles;0;enviroReqCount;3;reqId;2;barren;0;goodBiomes;3;0;1;8;idealFactor;60;influence;0.55;reqId;4;faveBiome;0;influence;0.1;reqId;6;dislikedSpecies;1;pt;influence;0.5
GROWTH;dynamic;1;growthTime;7.6666665;modelStages;3
MOVEMENT;9;speed;0.2;xRot;1;minRot;-5;maxRot;25;rockSpeed;2;swimHeight;0.06;hasEgg;1;swimFactor;1.2
AI;WALKING_BIRD;minIdle;2;maxIdle;4.5;stayOnLand;1
EATING;MaxHunger;25;HungerPerHour;3.5;eatRadius;0.2;Anims;1;0;DietOptions;2;png11;FRUIT;0;png148;FRUIT;0;runs;0;ai;0;hasEgg;1
FLEE;safeRange;3;land;1;swim;1
DROP;itemId;139
NAME
SOUND
RANDOM_SOUNDER;22;35;5;chic0;5;chic1;5;chic2;5;chic3;5;chic4;5;stageReq;1
