0.23
ahm
0;1
2
-0.53336;0.027585;-2.389486;0.53336;1.901626;2.018762;1
174;5
12;0.15853074;0.15853074;0.15853074
-0.284842;0.871476;-2.173894;-0.6179;0.3999;-0.677;0.0;1.199696;-2.239997;-0.6179;0.3999;-0.677;0.0;0.946628;-2.389486;-0.6179;0.3999;-0.677;0.284842;0.871476;-2.173894;-0.0;-0.9443;-0.3292;-0.284842;0.871476;-2.173894;-0.0;-0.9443;-0.3292;0.0;0.946628;-2.389486;-0.0;-0.9443;-0.3292;0.0;1.199696;-2.239997;0.6179;0.3999;-0.677;0.284842;0.871476;-2.173894;0.6179;0.3999;-0.677;0.0;0.946628;-2.389486;0.6179;0.3999;-0.677;0.120309;1.232295;1.941348;0.0;-0.4898;0.8719;0.0;1.370108;2.018762;0.0;-0.4898;0.8719;-0.120309;1.232295;1.941348;0.0;-0.4898;0.8719
72;0.90354544;0.90354544;0.90354544
0.397667;0.790971;1.002173;-0.0;-1.0;0.0091;-0.401189;0.775333;-0.716555;-0.0;-1.0;0.0091;0.401189;0.775333;-0.716555;-0.0;-1.0;0.0091;0.0;1.314445;-1.141942;-0.8133;0.5813;-0.025;-0.284842;0.871476;-2.173894;-0.8133;0.5813;-0.025;-0.186751;1.056256;-1.069438;-0.8133;0.5813;-0.025;-0.401189;0.775333;-0.716555;-0.0;-0.7824;-0.6228;0.186751;1.056256;-1.069438;-0.0;-0.7824;-0.6228;0.401189;0.775333;-0.716555;-0.0;-0.7824;-0.6228;-0.186751;1.056256;-1.069438;0.0;-0.9863;0.165;0.284842;0.871476;-2.173894;0.0;-0.9863;0.165;0.186751;1.056256;-1.069438;0.0;-0.9863;0.165;0.0;1.314445;-1.141942;0.7602;0.6461;-0.0675;0.284842;0.871476;-2.173894;0.7602;0.6461;-0.0675;0.0;1.199696;-2.239997;0.7602;0.6461;-0.0675;-0.53336;1.247387;1.381468;-0.7462;0.6526;0.1316;0.0;1.837258;1.480479;-0.7462;0.6526;0.1316;0.0;1.901626;1.161152;-0.7462;0.6526;0.1316;0.277051;0.987571;1.191821;-0.0;-0.5896;0.8077;-0.53336;1.247387;1.381468;-0.0;-0.5896;0.8077;-0.277051;0.987571;1.191821;-0.0;-0.5896;0.8077;0.53336;1.247386;1.381468;-0.0;-0.9972;-0.075;-0.120309;1.21947;1.752874;-0.0;-0.9972;-0.075;-0.53336;1.247387;1.381468;-0.0;-0.9972;-0.075;0.120309;1.21947;1.752874;0.879;0.456;0.1394;0.0;1.442326;1.782439;0.879;0.456;0.1394;0.0;1.370108;2.018762;0.879;0.456;0.1394;0.120309;1.21947;1.752874;0.7397;0.6714;-0.0457;0.0;1.370108;2.018762;0.7397;0.6714;-0.0457;0.120309;1.232295;1.941348;0.7397;0.6714;-0.0457;0.0;1.442326;1.782439;-0.879;0.456;0.1394;-0.120309;1.21947;1.752874;-0.879;0.456;0.1394;0.0;1.370108;2.018762;-0.879;0.456;0.1394;0.397667;0.790971;1.002173;-0.0;-0.6943;0.7197;-0.277051;0.987571;1.191821;-0.0;-0.6943;0.7197;-0.397667;0.790971;1.002173;-0.0;-0.6943;0.7197;0.397667;0.790971;1.002173;-0.0;-1.0;0.0091;-0.397667;0.790971;1.002173;-0.0;-1.0;0.0091;-0.401189;0.775333;-0.716555;-0.0;-1.0;0.0091;0.0;1.314445;-1.141942;-0.7602;0.6461;-0.0675;0.0;1.199696;-2.239997;-0.7602;0.6461;-0.0675;-0.284842;0.871476;-2.173894;-0.7602;0.6461;-0.0675;-0.401189;0.775333;-0.716555;-0.0;-0.7824;-0.6228;-0.186751;1.056256;-1.069438;-0.0;-0.7824;-0.6228;0.186751;1.056256;-1.069438;-0.0;-0.7824;-0.6228;-0.186751;1.056256;-1.069438;0.0;-0.9863;0.165;-0.284842;0.871476;-2.173894;0.0;-0.9863;0.165;0.284842;0.871476;-2.173894;0.0;-0.9863;0.165;0.0;1.314445;-1.141942;0.8133;0.5813;-0.025;0.186751;1.056256;-1.069438;0.8133;0.5813;-0.025;0.284842;0.871476;-2.173894;0.8133;0.5813;-0.025;0.277051;0.987571;1.191821;-0.0;-0.5896;0.8077;0.53336;1.247386;1.381468;-0.0;-0.5896;0.8077;-0.53336;1.247387;1.381468;-0.0;-0.5896;0.8077;0.53336;1.247386;1.381468;-0.0;-0.9972;-0.075;0.120309;1.21947;1.752874;-0.0;-0.9972;-0.075;-0.120309;1.21947;1.752874;-0.0;-0.9972;-0.075;0.53336;1.247386;1.381468;0.7462;0.6526;0.1316;0.0;1.901626;1.161152;0.7462;0.6526;0.1316;0.0;1.837258;1.480479;0.7462;0.6526;0.1316;0.397667;0.790971;1.002173;-0.0;-0.6943;0.7197;0.277051;0.987571;1.191821;-0.0;-0.6943;0.7197;-0.277051;0.987571;1.191821;-0.0;-0.6943;0.7197;0.0;1.370108;2.018762;-0.7397;0.6714;-0.0457;-0.120309;1.21947;1.752874;-0.7397;0.6714;-0.0457;-0.120309;1.232295;1.941348;-0.7397;0.6714;-0.0457;0.120309;1.21947;1.752874;0.0;-0.9977;0.0679;-0.120309;1.232295;1.941348;0.0;-0.9977;0.0679;-0.120309;1.21947;1.752874;0.0;-0.9977;0.0679;0.120309;1.21947;1.752874;0.0;-0.9977;0.0679;0.120309;1.232295;1.941348;0.0;-0.9977;0.0679;-0.120309;1.232295;1.941348;0.0;-0.9977;0.0679
6;0.66338825;0.5178601;0.47552243
0.0;1.837258;1.480479;-0.7972;0.3667;0.4796;-0.120309;1.21947;1.752874;-0.7972;0.3667;0.4796;0.0;1.442326;1.782439;-0.7972;0.3667;0.4796;0.120309;1.21947;1.752874;0.7972;0.3667;0.4796;0.0;1.837258;1.480479;0.7972;0.3667;0.4796;0.0;1.442326;1.782439;0.7972;0.3667;0.4796
42;0.24902816;0.24902816;0.24902816
0.53336;1.247386;1.381468;0.5913;0.419;0.6891;0.0;1.837258;1.480479;0.5913;0.419;0.6891;0.120309;1.21947;1.752874;0.5913;0.419;0.6891;-0.53336;1.247387;1.381468;-0.5913;0.419;0.6891;-0.120309;1.21947;1.752874;-0.5913;0.419;0.6891;0.0;1.837258;1.480479;-0.5913;0.419;0.6891;0.35764;0.032134;1.077166;-0.8151;-0.1127;0.5683;0.0;1.710236;0.897006;-0.8151;-0.1127;0.5683;0.244965;0.035337;0.916208;-0.8151;-0.1127;0.5683;0.244965;0.035337;0.916208;-3.0E-4;-0.0115;-0.9999;0.0;1.710236;0.897006;-3.0E-4;-0.0115;-0.9999;0.470315;0.029161;0.916212;-3.0E-4;-0.0115;-0.9999;0.470315;0.029161;0.916212;0.7993;0.23;0.5553;0.0;1.710236;0.897006;0.7993;0.23;0.5553;0.35764;0.032134;1.077166;0.7993;0.23;0.5553;-0.389576;0.03372;1.077165;-0.7989;0.2447;0.5494;0.0;1.710236;0.897006;-0.7989;0.2447;0.5494;-0.50214;0.027585;0.916213;-0.7989;0.2447;0.5494;-0.50214;0.027585;0.916213;6.0E-4;-0.0116;-0.9999;0.0;1.710236;0.897006;6.0E-4;-0.0116;-0.9999;-0.277012;0.040085;0.916205;6.0E-4;-0.0116;-0.9999;-0.277012;0.040085;0.916205;0.8151;-0.1287;0.5649;0.0;1.710236;0.897006;0.8151;-0.1287;0.5649;-0.389576;0.03372;1.077165;0.8151;-0.1287;0.5649;0.339555;0.05015;-0.719898;-0.7896;-0.2778;0.5472;0.0;1.853408;-0.294438;-0.7896;-0.2778;0.5472;0.232334;0.053198;-0.873064;-0.7896;-0.2778;0.5472;0.232334;0.053198;-0.873064;0.0084;0.307;-0.9517;0.0;1.853408;-0.294438;0.0084;0.307;-0.9517;0.446776;0.04732;-0.87306;0.0084;0.307;-0.9517;0.446776;0.04732;-0.87306;0.8192;0.019;0.5731;0.0;1.853408;-0.294438;0.8192;0.019;0.5731;0.339555;0.05015;-0.719898;0.8192;0.019;0.5731;-0.37149;0.051659;-0.719899;-0.8196;0.0339;0.5719;0.0;1.853408;-0.294438;-0.8196;0.0339;0.5719;-0.478605;0.045821;-0.873059;-0.8196;0.0339;0.5719;-0.478605;0.045821;-0.873059;-0.0172;0.3089;-0.9509;0.0;1.853408;-0.294438;-0.0172;0.3089;-0.9509;-0.264375;0.057716;-0.873067;-0.0172;0.3089;-0.9509;-0.264375;0.057716;-0.873067;0.7895;-0.2905;0.5406;0.0;1.853408;-0.294438;0.7895;-0.2905;0.5406;-0.37149;0.051659;-0.719899;0.7895;-0.2905;0.5406
42;0.51575947;0.51575947;0.51575947
0.0;1.853408;-0.294438;0.937;0.3492;-0.0013;0.397667;0.790971;1.002173;0.937;0.3492;-0.0013;0.401189;0.775333;-0.716555;0.937;0.3492;-0.0013;-0.397667;0.790971;1.002173;-0.9009;0.407;0.151;-0.277051;0.987571;1.191821;-0.9009;0.407;0.151;0.0;1.710236;0.897006;-0.9009;0.407;0.151;-0.397667;0.790971;1.002173;-0.937;0.3492;-0.0013;0.0;1.853408;-0.294438;-0.937;0.3492;-0.0013;-0.401189;0.775333;-0.716555;-0.937;0.3492;-0.0013;0.0;1.853408;-0.294438;-0.8864;0.4123;-0.2105;-0.186751;1.056256;-1.069438;-0.8864;0.4123;-0.2105;-0.401189;0.775333;-0.716555;-0.8864;0.4123;-0.2105;0.0;1.853408;-0.294438;0.8087;0.4963;-0.3156;0.186751;1.056256;-1.069438;0.8087;0.4963;-0.3156;0.0;1.314445;-1.141942;0.8087;0.4963;-0.3156;0.0;1.710236;0.897006;0.6375;-0.0687;-0.7674;0.53336;1.247386;1.381468;0.6375;-0.0687;-0.7674;0.277051;0.987571;1.191821;0.6375;-0.0687;-0.7674;0.0;1.853408;-0.294438;0.9147;0.4012;0.0482;0.0;1.710236;0.897006;0.9147;0.4012;0.0482;0.397667;0.790971;1.002173;0.9147;0.4012;0.0482;0.0;1.901626;1.161152;-0.7773;0.5094;-0.3691;0.0;1.710236;0.897006;-0.7773;0.5094;-0.3691;-0.53336;1.247387;1.381468;-0.7773;0.5094;-0.3691;-0.277051;0.987571;1.191821;-0.6375;-0.0687;-0.7674;-0.53336;1.247387;1.381468;-0.6375;-0.0687;-0.7674;0.0;1.710236;0.897006;-0.6375;-0.0687;-0.7674;-0.397667;0.790971;1.002173;-0.9147;0.4012;0.0482;0.0;1.710236;0.897006;-0.9147;0.4012;0.0482;0.0;1.853408;-0.294438;-0.9147;0.4012;0.0482;0.0;1.853408;-0.294438;-0.8087;0.4963;-0.3156;0.0;1.314445;-1.141942;-0.8087;0.4963;-0.3156;-0.186751;1.056256;-1.069438;-0.8087;0.4963;-0.3156;0.0;1.853408;-0.294438;0.8864;0.4123;-0.2105;0.401189;0.775333;-0.716555;0.8864;0.4123;-0.2105;0.186751;1.056256;-1.069438;0.8864;0.4123;-0.2105;0.277051;0.987571;1.191821;0.9009;0.407;0.151;0.397667;0.790971;1.002173;0.9009;0.407;0.151;0.0;1.710236;0.897006;0.9009;0.407;0.151;0.0;1.710236;0.897006;0.7773;0.5094;-0.3691;0.0;1.901626;1.161152;0.7773;0.5094;-0.3691;0.53336;1.247386;1.381468;0.7773;0.5094;-0.3691
-1.833145;0.065617;-6.681207;1.830202;4.986257;5.161156;2.5
360;5
198;0.90354544;0.90354544;0.90354544
0.009452;2.221032;-1.289192;0.7815;-0.6088;-0.1362;1.268378;3.200821;1.555349;0.7815;-0.6088;-0.1362;0.009452;1.890209;0.189969;0.7815;-0.6088;-0.1362;-1.249474;3.200821;1.555349;-0.7815;-0.6088;-0.1362;0.009452;2.221032;-1.289192;-0.7815;-0.6088;-0.1362;0.009452;1.890209;0.189969;-0.7815;-0.6088;-0.1362;-1.249474;3.200821;1.555349;-0.7478;-0.6617;-0.0544;0.009452;1.890209;0.189969;-0.7478;-0.6617;-0.0544;-0.329295;2.112422;2.144948;-0.7478;-0.6617;-0.0544;0.723948;3.169492;3.383265;0.5644;0.5613;-0.6054;0.009452;4.678159;4.115885;0.5644;0.5613;-0.6054;1.327218;3.275693;4.044115;0.5644;0.5613;-0.6054;0.009452;2.257683;2.689314;0.599;-0.7262;0.3374;1.182502;3.200821;2.636683;0.599;-0.7262;0.3374;0.723948;3.169492;3.383265;0.599;-0.7262;0.3374;0.009452;2.257683;2.689314;-0.599;-0.7262;0.3374;-0.705044;3.169492;3.383264;-0.599;-0.7262;0.3374;-1.163598;3.200821;2.636683;-0.599;-0.7262;0.3374;0.009452;2.221032;-1.289192;0.4663;-0.8793;0.0965;1.650868;3.066851;-1.514024;0.4663;-0.8793;0.0965;1.268378;3.200821;1.555349;0.4663;-0.8793;0.0965;-1.249474;3.200821;1.555349;-0.4663;-0.8793;0.0965;-1.631965;3.066851;-1.514024;-0.4663;-0.8793;0.0965;0.009452;2.221032;-1.289192;-0.4663;-0.8793;0.0965;0.009452;1.890209;0.189969;0.1871;-0.9719;0.1429;0.009452;2.257683;2.689314;0.1871;-0.9719;0.1429;-0.329295;2.112422;2.144948;0.1871;-0.9719;0.1429;0.009452;2.257683;2.689314;-0.0;-0.6056;0.7958;0.723948;3.169492;3.383265;-0.0;-0.6056;0.7958;-0.705044;3.169492;3.383264;-0.0;-0.6056;0.7958;0.723948;3.169492;3.383265;-0.0;-0.9873;0.1587;-1.308314;3.275693;4.044115;-0.0;-0.9873;0.1587;-0.705044;3.169492;3.383264;-0.0;-0.9873;0.1587;0.009452;3.870148;4.627724;0.8572;0.4219;0.2954;0.152733;3.31954;4.998351;0.8572;0.4219;0.2954;0.368222;3.222843;4.511089;0.8572;0.4219;0.2954;1.327218;3.275693;4.044115;0.0;-0.9937;-0.1125;-0.349317;3.222843;4.511088;0.0;-0.9937;-0.1125;-1.308314;3.275693;4.044115;0.0;-0.9937;-0.1125;-0.703038;2.835013;-2.705346;0.0;-0.9175;-0.3978;0.721942;2.835013;-2.705345;0.0;-0.9175;-0.3978;0.009452;2.221032;-1.289192;0.0;-0.9175;-0.3978;-0.703038;2.835013;-2.705346;-0.0;-0.8911;0.4537;0.768299;1.139817;-6.034667;-0.0;-0.8911;0.4537;0.721942;2.835013;-2.705345;-0.0;-0.8911;0.4537;-0.703038;2.835013;-2.705346;-0.8561;0.4317;-0.284;0.157385;2.118243;-6.388976;-0.8561;0.4317;-0.284;-0.453528;1.139817;-6.034667;-0.8561;0.4317;-0.284;0.009452;3.870148;4.627724;-0.8757;0.4049;0.263;-0.133829;3.31954;4.998351;-0.8757;0.4049;0.263;0.009452;3.523644;5.161156;-0.8757;0.4049;0.263;0.368222;3.222843;4.511089;-0.0;-0.9809;0.1947;-0.133829;3.31954;4.998351;-0.0;-0.9809;0.1947;-0.349317;3.222843;4.511088;-0.0;-0.9809;0.1947;-0.329295;2.112422;2.144948;0.3377;-0.2953;0.8938;-1.408047;1.385035;2.312197;0.3377;-0.2953;0.8938;-0.855525;1.349675;2.091777;0.3377;-0.2953;0.8938;-0.329295;2.112422;2.144948;0.4311;-0.12;-0.8943;-1.40214;1.229419;1.746279;0.4311;-0.12;-0.8943;-1.249474;3.200821;1.555349;0.4311;-0.12;-0.8943;0.009452;2.257683;2.689314;-0.5502;-0.6555;0.5173;-1.163598;3.200821;2.636683;-0.5502;-0.6555;0.5173;-0.329295;2.112422;2.144948;-0.5502;-0.6555;0.5173;-0.855525;1.349675;2.091777;0.5529;-0.3747;-0.7443;-1.136743;0.06634;2.529015;0.5529;-0.3747;-0.7443;-1.40214;1.229419;1.746279;0.5529;-0.3747;-0.7443;-0.855525;1.349675;2.091777;0.4377;0.3464;0.8298;-1.030122;0.21412;2.657868;0.4377;0.3464;0.8298;-0.886154;0.163592;2.603021;0.4377;0.3464;0.8298;-0.705044;3.169492;3.383264;-0.5644;0.5613;-0.6054;-1.308314;3.275693;4.044115;-0.5644;0.5613;-0.6054;0.009452;4.678159;4.115885;-0.5644;0.5613;-0.6054;0.723948;3.169492;3.383265;-0.0;-0.9873;0.1587;1.327218;3.275693;4.044115;-0.0;-0.9873;0.1587;-1.308314;3.275693;4.044115;-0.0;-0.9873;0.1587;0.009452;3.870148;4.627724;0.8757;0.4049;0.263;0.009452;3.523644;5.161156;0.8757;0.4049;0.263;0.152733;3.31954;4.998351;0.8757;0.4049;0.263;1.327218;3.275693;4.044115;0.0;-0.9937;-0.1125;0.368222;3.222843;4.511089;0.0;-0.9937;-0.1125;-0.349317;3.222843;4.511088;0.0;-0.9937;-0.1125;-0.703038;2.835013;-2.705346;0.8502;-0.325;-0.4141;-1.219928;1.143808;-2.439259;0.8502;-0.325;-0.4141;-1.437459;1.150795;-2.891399;0.8502;-0.325;-0.4141;-0.703038;2.835013;-2.705346;-0.0;-0.8911;0.4537;-0.453528;1.139817;-6.034667;-0.0;-0.8911;0.4537;0.768299;1.139817;-6.034667;-0.0;-0.8911;0.4537;0.721942;2.835013;-2.705345;0.8612;0.4577;-0.221;0.768299;1.139817;-6.034667;0.8612;0.4577;-0.221;0.157385;2.118243;-6.388976;0.8612;0.4577;-0.221;0.009452;3.870148;4.627724;-0.8572;0.4219;0.2954;-0.349317;3.222843;4.511088;-0.8572;0.4219;0.2954;-0.133829;3.31954;4.998351;-0.8572;0.4219;0.2954;0.368222;3.222843;4.511089;-0.0;-0.9809;0.1947;0.152733;3.31954;4.998351;-0.0;-0.9809;0.1947;-0.133829;3.31954;4.998351;-0.0;-0.9809;0.1947;-0.329295;2.112422;2.144948;0.2838;-0.2056;0.9366;-1.163598;3.200821;2.636683;0.2838;-0.2056;0.9366;-1.408047;1.385035;2.312197;0.2838;-0.2056;0.9366;-0.329295;2.112422;2.144948;0.5552;-0.3298;-0.7636;-0.855525;1.349675;2.091777;0.5552;-0.3298;-0.7636;-1.40214;1.229419;1.746279;0.5552;-0.3298;-0.7636;-0.855525;1.349675;2.091777;0.3929;-0.3725;-0.8408;-0.886154;0.163592;2.603021;0.3929;-0.3725;-0.8408;-1.136743;0.06634;2.529015;0.3929;-0.3725;-0.8408;-0.855525;1.349675;2.091777;0.3646;0.3699;0.8545;-1.408047;1.385035;2.312197;0.3646;0.3699;0.8545;-1.030122;0.21412;2.657868;0.3646;0.3699;0.8545;-1.631965;3.066851;-1.514024;-0.3513;-0.466;0.812;-1.219928;1.143808;-2.439259;-0.3513;-0.466;0.812;0.009452;2.221032;-1.289192;-0.3513;-0.466;0.812;-1.219928;1.143808;-2.439259;0.7939;-0.4673;-0.3892;-1.738774;0.065617;-2.203019;0.7939;-0.4673;-0.3892;-1.437459;1.150795;-2.891399;0.7939;-0.4673;-0.3892;-0.703038;2.835013;-2.705346;0.7819;-0.3229;-0.5333;0.009452;2.221032;-1.289192;0.7819;-0.3229;-0.5333;-1.219928;1.143808;-2.439259;0.7819;-0.3229;-0.5333;-1.631965;3.066851;-1.514024;-0.5161;-0.4586;0.7234;-1.579879;1.23025;-2.641273;-0.5161;-0.4586;0.7234;-1.219928;1.143808;-2.439259;-0.5161;-0.4586;0.7234;-1.833145;0.065617;-1.944608;0.0;-1.0;0.0;-1.738774;0.065617;-2.203019;0.0;-1.0;0.0;-1.594631;0.065617;-1.735903;0.0;-1.0;0.0;-1.219928;1.143808;-2.439259;-0.5345;0.5842;0.6108;-1.833145;0.065617;-1.944608;-0.5345;0.5842;0.6108;-1.594631;0.065617;-1.735903;-0.5345;0.5842;0.6108;1.268378;3.200821;1.555349;0.7433;-0.6675;-0.0446;0.326355;2.112422;2.144948;0.7433;-0.6675;-0.0446;0.009452;1.890209;0.189969;0.7433;-0.6675;-0.0446;0.009452;1.890209;0.189969;-0.1995;-0.9695;0.1425;0.326355;2.112422;2.144948;-0.1995;-0.9695;0.1425;0.009452;2.257683;2.689314;-0.1995;-0.9695;0.1425;0.326355;2.112422;2.144948;-0.3377;-0.2953;0.8938;0.852585;1.349675;2.091777;-0.3377;-0.2953;0.8938;1.405107;1.385035;2.312196;-0.3377;-0.2953;0.8938;0.326355;2.112422;2.144948;-0.4279;-0.1152;-0.8964;1.268378;3.200821;1.555349;-0.4279;-0.1152;-0.8964;1.399199;1.229419;1.746278;-0.4279;-0.1152;-0.8964;0.009452;2.257683;2.689314;0.5559;-0.6635;0.5007;0.326355;2.112422;2.144948;0.5559;-0.6635;0.5007;1.182502;3.200821;2.636683;0.5559;-0.6635;0.5007;0.852585;1.349675;2.091777;-0.5529;-0.3747;-0.7443;1.399199;1.229419;1.746278;-0.5529;-0.3747;-0.7443;1.133804;0.06634;2.529015;-0.5529;-0.3747;-0.7443;0.852585;1.349675;2.091777;-0.4377;0.3463;0.8298;0.883214;0.163592;2.60302;-0.4377;0.3463;0.8298;1.027182;0.21412;2.657868;-0.4377;0.3463;0.8298;0.721942;2.835013;-2.705345;-0.8533;-0.3151;-0.4154;1.434516;1.150795;-2.8914;-0.8533;-0.3151;-0.4154;1.216985;1.143808;-2.43926;-0.8533;-0.3151;-0.4154;0.326355;2.112422;2.144948;-0.2817;-0.2022;0.938;1.405107;1.385035;2.312196;-0.2817;-0.2022;0.938;1.182502;3.200821;2.636683;-0.2817;-0.2022;0.938;0.326355;2.112422;2.144948;-0.5552;-0.3298;-0.7636;1.399199;1.229419;1.746278;-0.5552;-0.3298;-0.7636;0.852585;1.349675;2.091777;-0.5552;-0.3298;-0.7636;0.852585;1.349675;2.091777;-0.3929;-0.3725;-0.8408;1.133804;0.06634;2.529015;-0.3929;-0.3725;-0.8408;0.883214;0.163592;2.60302;-0.3929;-0.3725;-0.8408;0.852585;1.349675;2.091777;-0.3646;0.3699;0.8545;1.027182;0.21412;2.657868;-0.3646;0.3699;0.8545;1.405107;1.385035;2.312196;-0.3646;0.3699;0.8545;1.650868;3.066851;-1.514024;0.3526;-0.4691;0.8097;0.009452;2.221032;-1.289192;0.3526;-0.4691;0.8097;1.216985;1.143808;-2.43926;0.3526;-0.4691;0.8097;1.735831;0.065617;-2.20302;-0.7939;-0.4673;-0.3892;1.216985;1.143808;-2.43926;-0.7939;-0.4673;-0.3892;1.434516;1.150795;-2.8914;-0.7939;-0.4673;-0.3892;0.721942;2.835013;-2.705345;-0.7865;-0.3139;-0.5318;1.216985;1.143808;-2.43926;-0.7865;-0.3139;-0.5318;0.009452;2.221032;-1.289192;-0.7865;-0.3139;-0.5318;1.650868;3.066851;-1.514024;0.5157;-0.4631;0.7208;1.216985;1.143808;-2.43926;0.5157;-0.4631;0.7208;1.576936;1.23025;-2.641274;0.5157;-0.4631;0.7208;1.830202;0.065617;-1.944609;0.0;-1.0;0.0;1.591689;0.065617;-1.735904;0.0;-1.0;0.0;1.735831;0.065617;-2.20302;0.0;-1.0;0.0;1.216985;1.143808;-2.43926;0.3112;0.5368;0.7842;1.830202;0.065617;-1.944609;0.3112;0.5368;0.7842;1.576936;1.23025;-2.641274;0.3112;0.5368;0.7842;0.80322;4.889148;3.428788;0.265;0.3758;0.888;0.242729;4.872561;3.603039;0.265;0.3758;0.888;0.975822;4.355637;3.603039;0.265;0.3758;0.888;-0.80389;4.889148;3.428789;-0.265;0.3758;0.888;-0.976491;4.355637;3.603039;-0.265;0.3758;0.888;-0.243398;4.872561;3.603039;-0.265;0.3758;0.888;-1.219928;1.143808;-2.439259;0.8462;-0.4644;-0.2611;-1.594631;0.065617;-1.735903;0.8462;-0.4644;-0.2611;-1.738774;0.065617;-2.203019;0.8462;-0.4644;-0.2611;-1.219928;1.143808;-2.439259;-0.3112;0.5368;0.7842;-1.579879;1.23025;-2.641273;-0.3112;0.5368;0.7842;-1.833145;0.065617;-1.944608;-0.3112;0.5368;0.7842;1.735831;0.065617;-2.20302;-0.8462;-0.4644;-0.2611;1.591689;0.065617;-1.735904;-0.8462;-0.4644;-0.2611;1.216985;1.143808;-2.43926;-0.8462;-0.4644;-0.2611;1.216985;1.143808;-2.43926;0.5345;0.5842;0.6108;1.591689;0.065617;-1.735904;0.5345;0.5842;0.6108;1.830202;0.065617;-1.944609;0.5345;0.5842;0.6108
15;0.15853074;0.15853074;0.15853074
-0.133829;3.31954;4.998351;-0.0;-0.6236;0.7818;0.152733;3.31954;4.998351;-0.0;-0.6236;0.7818;0.009452;3.523644;5.161156;-0.0;-0.6236;0.7818;-1.030122;0.21412;2.657868;-0.8462;0.5235;0.0998;-1.136743;0.06634;2.529015;-0.8462;0.5235;0.0998;-1.027222;0.074315;3.416192;-0.8462;0.5235;0.0998;-0.886154;0.163592;2.603021;0.3823;0.909;0.1661;-1.030122;0.21412;2.657868;0.3823;0.909;0.1661;-1.027222;0.074315;3.416192;0.3823;0.909;0.1661;1.027182;0.21412;2.657868;0.8462;0.5235;0.0998;1.024283;0.074315;3.416191;0.8462;0.5235;0.0998;1.133804;0.06634;2.529015;0.8462;0.5235;0.0998;0.883214;0.163592;2.60302;-0.3823;0.909;0.1661;1.024283;0.074315;3.416191;-0.3823;0.909;0.1661;1.027182;0.21412;2.657868;-0.3823;0.909;0.1661
33;0.24902816;0.24902816;0.24902816
0.009452;4.678159;4.115885;0.3984;0.3306;0.8556;0.368222;3.222843;4.511089;0.3984;0.3306;0.8556;1.327218;3.275693;4.044115;0.3984;0.3306;0.8556;0.721942;2.835013;-2.705345;0.7588;0.6375;-0.1334;0.023932;3.283991;-4.529788;0.7588;0.6375;-0.1334;0.009452;3.624107;-2.987079;0.7588;0.6375;-0.1334;0.768299;1.139817;-6.034667;-0.0;-0.9511;-0.3089;-0.453528;1.139817;-6.034667;-0.0;-0.9511;-0.3089;0.157385;1.349804;-6.681207;-0.0;-0.9511;-0.3089;-0.453528;1.139817;-6.034667;-0.7434;0.2378;-0.6252;0.157385;2.118243;-6.388976;-0.7434;0.2378;-0.6252;0.157385;1.349804;-6.681207;-0.7434;0.2378;-0.6252;0.157385;2.118243;-6.388976;0.7434;0.2378;-0.6252;0.768299;1.139817;-6.034667;0.7434;0.2378;-0.6252;0.157385;1.349804;-6.681207;0.7434;0.2378;-0.6252;0.009452;4.678159;4.115885;-0.3984;0.3306;0.8556;-1.308314;3.275693;4.044115;-0.3984;0.3306;0.8556;-0.349317;3.222843;4.511088;-0.3984;0.3306;0.8556;-0.703038;2.835013;-2.705346;-0.7597;0.6335;-0.1468;0.009452;3.624107;-2.987079;-0.7597;0.6335;-0.1468;0.023932;3.283991;-4.529788;-0.7597;0.6335;-0.1468;0.242729;4.872561;3.603039;-0.2978;0.1313;-0.9455;0.80322;4.889148;3.428788;-0.2978;0.1313;-0.9455;0.124021;3.925918;3.509024;-0.2978;0.1313;-0.9455;-0.80389;4.889148;3.428789;-0.2237;-0.2365;-0.9455;-0.12469;3.925918;3.509024;-0.2237;-0.2365;-0.9455;-0.976491;4.355637;3.603039;-0.2237;-0.2365;-0.9455;0.80322;4.889148;3.428788;0.2237;-0.2365;-0.9455;0.975822;4.355637;3.603039;0.2237;-0.2365;-0.9455;0.124021;3.925918;3.509024;0.2237;-0.2365;-0.9455;-0.243398;4.872561;3.603039;0.2978;0.1313;-0.9455;-0.12469;3.925918;3.509024;0.2978;0.1313;-0.9455;-0.80389;4.889148;3.428789;0.2978;0.1313;-0.9455
12;0.66338825;0.5178601;0.47552243
0.009452;4.678159;4.115885;-0.7784;0.3359;0.5303;-0.349317;3.222843;4.511088;-0.7784;0.3359;0.5303;0.009452;3.870148;4.627724;-0.7784;0.3359;0.5303;0.721942;2.835013;-2.705345;0.8653;0.4503;-0.2202;0.157385;2.118243;-6.388976;0.8653;0.4503;-0.2202;0.023932;3.283991;-4.529788;0.8653;0.4503;-0.2202;0.009452;4.678159;4.115885;0.7784;0.3359;0.5303;0.009452;3.870148;4.627724;0.7784;0.3359;0.5303;0.368222;3.222843;4.511089;0.7784;0.3359;0.5303;-0.703038;2.835013;-2.705346;-0.9003;0.3368;-0.2758;0.023932;3.283991;-4.529788;-0.9003;0.3368;-0.2758;0.157385;2.118243;-6.388976;-0.9003;0.3368;-0.2758
102;0.51575947;0.51575947;0.51575947
-1.249474;3.200821;1.555349;-0.7693;0.6353;0.0681;0.009452;4.986257;-0.878141;-0.7693;0.6353;0.0681;-1.631965;3.066851;-1.514024;-0.7693;0.6353;0.0681;-1.631965;3.066851;-1.514024;-0.6837;0.3993;-0.6108;0.009452;3.624107;-2.987079;-0.6837;0.3993;-0.6108;-0.703038;2.835013;-2.705346;-0.6837;0.3993;-0.6108;0.009452;4.986257;-0.878141;0.7693;0.6353;0.0681;1.268378;3.200821;1.555349;0.7693;0.6353;0.0681;1.650868;3.066851;-1.514024;0.7693;0.6353;0.0681;0.009452;4.459747;2.660607;0.6635;0.61;0.4331;0.723948;3.169492;3.383265;0.6635;0.61;0.4331;1.182502;3.200821;2.636683;0.6635;0.61;0.4331;0.009452;4.459747;2.660607;0.7309;0.68;0.058;1.182502;3.200821;2.636683;0.7309;0.68;0.058;1.268378;3.200821;1.555349;0.7309;0.68;0.058;0.009452;4.459747;2.660607;-0.9002;0.3686;-0.2319;-0.705044;3.169492;3.383264;-0.9002;0.3686;-0.2319;0.009452;4.80887;3.215586;-0.9002;0.3686;-0.2319;-1.249474;3.200821;1.555349;-0.7454;0.6593;0.0981;0.009452;4.459747;2.660607;-0.7454;0.6593;0.0981;0.009452;4.986257;-0.878141;-0.7454;0.6593;0.0981;0.009452;4.986257;-0.878141;0.7454;0.6593;0.0981;0.009452;4.459747;2.660607;0.7454;0.6593;0.0981;1.268378;3.200821;1.555349;0.7454;0.6593;0.0981;0.009452;4.459747;2.660607;0.9002;0.3686;-0.2319;0.009452;4.80887;3.215586;0.9002;0.3686;-0.2319;0.723948;3.169492;3.383265;0.9002;0.3686;-0.2319;0.009452;4.459747;2.660607;-0.7309;0.68;0.058;-1.249474;3.200821;1.555349;-0.7309;0.68;0.058;-1.163598;3.200821;2.636683;-0.7309;0.68;0.058;0.009452;4.459747;2.660607;-0.6635;0.61;0.4331;-1.163598;3.200821;2.636683;-0.6635;0.61;0.4331;-0.705044;3.169492;3.383264;-0.6635;0.61;0.4331;-0.705044;3.169492;3.383264;-0.9129;0.4039;0.0586;0.009452;4.678159;4.115885;-0.9129;0.4039;0.0586;0.009452;4.80887;3.215586;-0.9129;0.4039;0.0586;1.650868;3.066851;-1.514024;0.6111;0.6649;-0.4295;0.009452;3.624107;-2.987079;0.6111;0.6649;-0.4295;0.009452;4.986257;-0.878141;0.6111;0.6649;-0.4295;-1.40214;1.229419;1.746279;-0.9552;-0.2879;0.0692;-1.030122;0.21412;2.657868;-0.9552;-0.2879;0.0692;-1.408047;1.385035;2.312197;-0.9552;-0.2879;0.0692;-1.249474;3.200821;1.555349;-0.9898;0.1192;0.0786;-1.408047;1.385035;2.312197;-0.9898;0.1192;0.0786;-1.163598;3.200821;2.636683;-0.9898;0.1192;0.0786;-1.631965;3.066851;-1.514024;-0.6111;0.6649;-0.4295;0.009452;4.986257;-0.878141;-0.6111;0.6649;-0.4295;0.009452;3.624107;-2.987079;-0.6111;0.6649;-0.4295;0.723948;3.169492;3.383265;0.9129;0.4039;0.0586;0.009452;4.80887;3.215586;0.9129;0.4039;0.0586;0.009452;4.678159;4.115885;0.9129;0.4039;0.0586;1.650868;3.066851;-1.514024;0.6837;0.3993;-0.6108;0.721942;2.835013;-2.705345;0.6837;0.3993;-0.6108;0.009452;3.624107;-2.987079;0.6837;0.3993;-0.6108;-1.40214;1.229419;1.746279;-0.8415;0.1561;0.5173;-1.136743;0.06634;2.529015;-0.8415;0.1561;0.5173;-1.030122;0.21412;2.657868;-0.8415;0.1561;0.5173;-1.249474;3.200821;1.555349;-0.9968;0.0742;-0.0308;-1.40214;1.229419;1.746279;-0.9968;0.0742;-0.0308;-1.408047;1.385035;2.312197;-0.9968;0.0742;-0.0308;-0.703038;2.835013;-2.705346;-0.7011;0.3585;-0.6164;-1.579879;1.23025;-2.641273;-0.7011;0.3585;-0.6164;-1.631965;3.066851;-1.514024;-0.7011;0.3585;-0.6164;-0.703038;2.835013;-2.705346;-0.7442;0.3848;-0.546;-1.437459;1.150795;-2.891399;-0.7442;0.3848;-0.546;-1.579879;1.23025;-2.641273;-0.7442;0.3848;-0.546;-1.579879;1.23025;-2.641273;-0.9393;-9.0E-4;-0.343;-1.738774;0.065617;-2.203019;-0.9393;-9.0E-4;-0.343;-1.833145;0.065617;-1.944608;-0.9393;-9.0E-4;-0.343;1.399199;1.229419;1.746278;0.9552;-0.2879;0.0692;1.405107;1.385035;2.312196;0.9552;-0.2879;0.0692;1.027182;0.21412;2.657868;0.9552;-0.2879;0.0692;1.268378;3.200821;1.555349;0.9911;0.1074;0.0787;1.182502;3.200821;2.636683;0.9911;0.1074;0.0787;1.405107;1.385035;2.312196;0.9911;0.1074;0.0787;1.399199;1.229419;1.746278;0.8415;0.1561;0.5173;1.027182;0.21412;2.657868;0.8415;0.1561;0.5173;1.133804;0.06634;2.529015;0.8415;0.1561;0.5173;1.268378;3.200821;1.555349;0.9976;0.0635;-0.0279;1.405107;1.385035;2.312196;0.9976;0.0635;-0.0279;1.399199;1.229419;1.746278;0.9976;0.0635;-0.0279;0.721942;2.835013;-2.705345;0.7043;0.3506;-0.6174;1.650868;3.066851;-1.514024;0.7043;0.3506;-0.6174;1.576936;1.23025;-2.641274;0.7043;0.3506;-0.6174;0.721942;2.835013;-2.705345;0.7483;0.3769;-0.5458;1.576936;1.23025;-2.641274;0.7483;0.3769;-0.5458;1.434516;1.150795;-2.8914;0.7483;0.3769;-0.5458;1.576936;1.23025;-2.641274;0.8756;-0.0609;-0.4792;1.735831;0.065617;-2.20302;0.8756;-0.0609;-0.4792;1.434516;1.150795;-2.8914;0.8756;-0.0609;-0.4792;0.975822;4.355637;3.603039;-0.0639;-0.0907;0.9938;0.242729;4.872561;3.603039;-0.0639;-0.0907;0.9938;0.124021;3.925918;3.509024;-0.0639;-0.0907;0.9938;-0.976491;4.355637;3.603039;0.0639;-0.0907;0.9938;-0.12469;3.925918;3.509024;0.0639;-0.0907;0.9938;-0.243398;4.872561;3.603039;0.0639;-0.0907;0.9938;-1.579879;1.23025;-2.641273;-0.8756;-0.0609;-0.4792;-1.437459;1.150795;-2.891399;-0.8756;-0.0609;-0.4792;-1.738774;0.065617;-2.203019;-0.8756;-0.0609;-0.4792;1.576936;1.23025;-2.641274;0.9393;-9.0E-4;-0.343;1.830202;0.065617;-1.944609;0.9393;-9.0E-4;-0.343;1.735831;0.065617;-2.20302;0.9393;-9.0E-4;-0.343
5
INFO;Raccoon;Sneaky, egg-stealing raccoon!;4510;14;2;noIcon.png;sheepBaa2
LIFE;4.2;8;0;FALL_DEATH;1.5;2.5;60;0;-1;0;5;2.135;2;2;0;1;0;0.15;5;1;pt;0.3
GROWTH;1;4;2
MOVEMENT;8;Speed;0.5;Rot Speed;180;Bounce Power;2;Bounce Rot;40;Standard Height;0.2
AI;PATROL
