0.5
ahm
0;1
2
-0.283926;0.017844;-0.944663;0.282909;1.753254;1.333236;1
192;5
24;0.90354544;0.90354544;0.90354544
0.031348;0.700969;-0.944663;0.3987;0.3761;-0.8364;-5.08E-4;1.069227;-0.794248;0.3987;0.3761;-0.8364;0.156024;0.817223;-0.83296;0.3987;0.3761;-0.8364;0.156024;0.817223;-0.83296;-0.0042;-0.1544;0.988;-5.08E-4;1.069227;-0.794248;-0.0042;-0.1544;0.988;-0.091948;0.820414;-0.83352;-0.0042;-0.1544;0.988;-0.091948;0.820414;-0.83352;-0.4608;0.3011;-0.8348;-5.08E-4;1.069227;-0.794248;-0.4608;0.3011;-0.8348;0.031348;0.700969;-0.944663;-0.4608;0.3011;-0.8348;0.031348;0.700969;-0.944663;-0.0105;-0.6869;0.7266;0.156024;0.817223;-0.83296;-0.0105;-0.6869;0.7266;-0.091948;0.820414;-0.83352;-0.0105;-0.6869;0.7266;0.282909;0.931531;-0.402577;0.7736;0.6335;0.0161;-5.08E-4;1.257362;0.394609;0.7736;0.6335;0.0161;0.23391;0.966791;0.563713;0.7736;0.6335;0.0161;0.282909;0.931531;-0.402577;0.8734;-0.4831;0.0619;0.23391;0.966791;0.563713;0.8734;-0.4831;0.0619;-5.08E-4;0.512726;0.327296;0.8734;-0.4831;0.0619;0.17728;1.296519;0.901002;0.0;-0.9363;-0.3513;-0.100409;1.149868;1.291897;0.0;-0.9363;-0.3513;-0.178297;1.296519;0.901002;0.0;-0.9363;-0.3513;0.17728;1.296519;0.901002;-0.0381;-0.9264;-0.3746;0.096171;1.143092;1.288642;-0.0381;-0.9264;-0.3746;-0.100409;1.149868;1.291897;-0.0381;-0.9264;-0.3746
75;-1;0;0
-5.08E-4;1.257362;0.394609;-0.7736;0.6335;0.0161;-0.283926;0.931531;-0.402577;-0.7736;0.6335;0.0161;-0.234926;0.966791;0.563713;-0.7736;0.6335;0.0161;-0.283926;0.931531;-0.402577;-0.7729;0.5074;-0.3809;-5.08E-4;1.344969;-0.426913;-0.7729;0.5074;-0.3809;-5.08E-4;1.069227;-0.794248;-0.7729;0.5074;-0.3809;-5.08E-4;1.257362;0.394609;-0.8644;0.3769;-0.3326;-0.178297;1.296519;0.901002;-0.8644;0.3769;-0.3326;-5.08E-4;1.606278;0.789997;-0.8644;0.3769;-0.3326;-5.08E-4;1.344969;-0.426913;0.7729;0.5074;-0.3809;0.282909;0.931531;-0.402577;0.7729;0.5074;-0.3809;-5.08E-4;1.069227;-0.794248;0.7729;0.5074;-0.3809;-5.08E-4;1.257362;0.394609;0.8195;0.4725;-0.3243;0.17728;1.296519;0.901002;0.8195;0.4725;-0.3243;0.23391;0.966791;0.563713;0.8195;0.4725;-0.3243;-5.08E-4;1.257362;0.394609;-0.8216;0.5668;0.0604;-5.08E-4;1.344969;-0.426913;-0.8216;0.5668;0.0604;-0.283926;0.931531;-0.402577;-0.8216;0.5668;0.0604;-5.08E-4;1.257362;0.394609;-0.8195;0.4725;-0.3243;-0.234926;0.966791;0.563713;-0.8195;0.4725;-0.3243;-0.178297;1.296519;0.901002;-0.8195;0.4725;-0.3243;0.282909;0.931531;-0.402577;0.8216;0.5668;0.0604;-5.08E-4;1.344969;-0.426913;0.8216;0.5668;0.0604;-5.08E-4;1.257362;0.394609;0.8216;0.5668;0.0604;-5.08E-4;1.257362;0.394609;0.8644;0.3769;-0.3326;-5.08E-4;1.606278;0.789997;0.8644;0.3769;-0.3326;0.17728;1.296519;0.901002;0.8644;0.3769;-0.3326;0.17728;1.296519;0.901002;0.8998;0.3071;0.3098;-5.08E-4;1.6746;1.042628;0.8998;0.3071;0.3098;0.096171;1.143092;1.288642;0.8998;0.3071;0.3098;-0.178297;1.296519;0.901002;-0.8792;0.46;-0.1244;-5.08E-4;1.6746;1.042628;-0.8792;0.46;-0.1244;-5.08E-4;1.606278;0.789997;-0.8792;0.46;-0.1244;-0.105611;0.017845;0.650106;0.866;0.0118;0.5;-0.120393;0.886043;0.655214;0.866;0.0118;0.5;-0.160896;0.017845;0.745861;0.866;0.0118;0.5;-0.178571;0.886043;0.500793;0.0;-0.1695;-0.9855;-0.105611;0.017845;0.650106;0.0;-0.1695;-0.9855;-0.21618;0.017844;0.650106;0.0;-0.1695;-0.9855;-0.201029;0.027549;-0.588066;-0.8573;-0.0856;0.5076;-0.22231;0.899271;-0.476948;-0.8573;-0.0856;0.5076;-0.248148;0.018468;-0.669172;-0.8573;-0.0856;0.5076;-0.120393;0.886043;0.655214;-0.8623;0.0922;0.4979;-0.21618;0.017844;0.650106;-0.8623;0.0922;0.4979;-0.160896;0.017845;0.745861;-0.8623;0.0922;0.4979;-0.22231;0.899271;-0.476948;0.0;0.2132;-0.977;-0.15391;0.018468;-0.669172;0.0;0.2132;-0.977;-0.248148;0.018468;-0.669172;0.0;0.2132;-0.977;-0.049505;0.899271;-0.476948;0.835;-0.21;0.5086;-0.201029;0.027549;-0.588066;0.835;-0.21;0.5086;-0.15391;0.018468;-0.669172;0.835;-0.21;0.5086;0.17728;1.296519;0.901002;0.8792;0.46;-0.1244;-5.08E-4;1.606278;0.789997;0.8792;0.46;-0.1244;-5.08E-4;1.6746;1.042628;0.8792;0.46;-0.1244;-0.178297;1.296519;0.901002;-0.9021;0.3129;0.2971;-0.100409;1.149868;1.291897;-0.9021;0.3129;0.2971;-5.08E-4;1.6746;1.042628;-0.9021;0.3129;0.2971;-0.105611;0.017845;0.650106;0.866;0.0118;0.5;-0.031238;0.886043;0.500793;0.866;0.0118;0.5;-0.120393;0.886043;0.655214;0.866;0.0118;0.5;-0.178571;0.886043;0.500793;0.0;-0.1695;-0.9855;-0.031238;0.886043;0.500793;0.0;-0.1695;-0.9855;-0.105611;0.017845;0.650106;0.0;-0.1695;-0.9855;-0.201029;0.027549;-0.588066;-0.8626;-0.0846;0.4988;-0.135907;0.848637;-0.336121;-0.8626;-0.0846;0.4988;-0.22231;0.899271;-0.476948;-0.8626;-0.0846;0.4988;-0.120393;0.886043;0.655214;-0.931;0.1007;0.3508;-0.178571;0.886043;0.500793;-0.931;0.1007;0.3508;-0.21618;0.017844;0.650106;-0.931;0.1007;0.3508;-0.22231;0.899271;-0.476948;0.0;0.2132;-0.977;-0.049505;0.899271;-0.476948;0.0;0.2132;-0.977;-0.15391;0.018468;-0.669172;0.0;0.2132;-0.977;-0.049505;0.899271;-0.476948;0.8653;-0.2085;0.4559;-0.135907;0.848637;-0.336121;0.8653;-0.2085;0.4559;-0.201029;0.027549;-0.588066;0.8653;-0.2085;0.4559
72;0.62073135;0.49802727;0.3798161
0.282909;0.931531;-0.402577;0.7861;-0.6162;-0.0483;-5.08E-4;0.512726;0.327296;0.7861;-0.6162;-0.0483;-5.08E-4;0.590525;-0.66507;0.7861;-0.6162;-0.0483;-0.283926;0.931531;-0.402577;-0.8734;-0.4831;0.0619;-5.08E-4;0.512726;0.327296;-0.8734;-0.4831;0.0619;-0.234926;0.966791;0.563713;-0.8734;-0.4831;0.0619;-0.234926;0.966791;0.563713;-0.7625;-0.394;0.5132;-5.08E-4;0.685662;0.69622;-0.7625;-0.394;0.5132;-0.178297;1.296519;0.901002;-0.7625;-0.394;0.5132;0.282909;0.931531;-0.402577;0.7702;-0.1662;-0.6158;-5.08E-4;0.590525;-0.66507;0.7702;-0.1662;-0.6158;-5.08E-4;1.069227;-0.794248;0.7702;-0.1662;-0.6158;-5.08E-4;0.590525;-0.66507;-0.7702;-0.1662;-0.6158;-0.283926;0.931531;-0.402577;-0.7702;-0.1662;-0.6158;-5.08E-4;1.069227;-0.794248;-0.7702;-0.1662;-0.6158;0.17728;1.296519;0.901002;0.0;-0.3179;0.9481;-0.178297;1.296519;0.901002;0.0;-0.3179;0.9481;-5.08E-4;0.685662;0.69622;0.0;-0.3179;0.9481;0.23391;0.966791;0.563713;0.7984;-0.5452;0.2556;-5.08E-4;0.685662;0.69622;0.7984;-0.5452;0.2556;-5.08E-4;0.512726;0.327296;0.7984;-0.5452;0.2556;-0.283926;0.931531;-0.402577;-0.7861;-0.6162;-0.0483;-5.08E-4;0.590525;-0.66507;-0.7861;-0.6162;-0.0483;-5.08E-4;0.512726;0.327296;-0.7861;-0.6162;-0.0483;-0.234926;0.966791;0.563713;-0.7984;-0.5452;0.2556;-5.08E-4;0.512726;0.327296;-0.7984;-0.5452;0.2556;-5.08E-4;0.685662;0.69622;-0.7984;-0.5452;0.2556;0.23391;0.966791;0.563713;0.7625;-0.394;0.5132;0.17728;1.296519;0.901002;0.7625;-0.394;0.5132;-5.08E-4;0.685662;0.69622;0.7625;-0.394;0.5132;0.096171;1.143092;1.288642;0.7566;0.3829;0.53;-5.08E-4;1.6746;1.042628;0.7566;0.3829;0.53;0.002713;1.266031;1.333236;0.7566;0.3829;0.53;-5.08E-4;1.6746;1.042628;-0.6982;0.4113;0.586;-0.100409;1.149868;1.291897;-0.6982;0.4113;0.586;0.002713;1.266031;1.333236;-0.6982;0.4113;0.586;0.138111;0.89811;0.64538;-0.8646;0.057;0.4992;0.082827;0.017844;0.650106;-0.8646;0.057;0.4992;0.138111;0.017845;0.745861;-0.8646;0.057;0.4992;0.057472;0.886043;0.50571;0.0;-0.1641;-0.9864;0.193395;0.017845;0.650106;0.0;-0.1641;-0.9864;0.082827;0.017844;0.650106;0.0;-0.1641;-0.9864;0.193395;0.017845;0.650106;0.8646;0.057;0.4992;0.138111;0.89811;0.64538;0.8646;0.057;0.4992;0.138111;0.017845;0.745861;0.8646;0.057;0.4992;0.197872;0.027549;-0.588066;-0.8364;-0.2042;0.5087;0.052656;0.899271;-0.476948;-0.8364;-0.2042;0.5087;0.150753;0.018468;-0.669172;-0.8364;-0.2042;0.5087;0.150753;0.018468;-0.669172;0.0;0.2132;-0.977;0.203577;0.899271;-0.476948;0.0;0.2132;-0.977;0.244991;0.018468;-0.669172;0.0;0.2132;-0.977;0.203577;0.899271;-0.476948;0.8591;-0.0702;0.507;0.197872;0.027549;-0.588066;0.8591;-0.0702;0.507;0.244991;0.018468;-0.669172;0.8591;-0.0702;0.507;0.138111;0.89811;0.64538;-0.8667;0.0571;0.4955;0.057472;0.886043;0.50571;-0.8667;0.0571;0.4955;0.082827;0.017844;0.650106;-0.8667;0.0571;0.4955;0.057472;0.886043;0.50571;0.0;-0.1641;-0.9864;0.183464;0.886043;0.50571;0.0;-0.1641;-0.9864;0.193395;0.017845;0.650106;0.0;-0.1641;-0.9864;0.193395;0.017845;0.650106;0.9509;0.0613;0.3035;0.183464;0.886043;0.50571;0.9509;0.0613;0.3035;0.138111;0.89811;0.64538;0.9509;0.0613;0.3035;0.197872;0.027549;-0.588066;-0.8655;-0.2026;0.4582;0.139059;0.848637;-0.336121;-0.8655;-0.2026;0.4582;0.052656;0.899271;-0.476948;-0.8655;-0.2026;0.4582;0.150753;0.018468;-0.669172;0.0;0.2132;-0.977;0.052656;0.899271;-0.476948;0.0;0.2132;-0.977;0.203577;0.899271;-0.476948;0.0;0.2132;-0.977;0.203577;0.899271;-0.476948;0.9152;-0.0568;0.3989;0.139059;0.848637;-0.336121;0.9152;-0.0568;0.3989;0.197872;0.027549;-0.588066;0.9152;-0.0568;0.3989
18;0.2923354;0.2547391;0.2215612
-0.028968;1.55002;0.938188;0.787;0.3661;-0.4967;-0.135553;1.753254;0.919097;0.787;0.3661;-0.4967;0.001162;1.569253;1.000101;0.787;0.3661;-0.4967;0.001162;1.569253;1.000101;-0.3329;0.1616;0.929;-0.135553;1.753254;0.919097;-0.3329;0.1616;0.929;-0.037333;1.489976;1.000101;-0.3329;0.1616;0.929;-0.037333;1.489976;1.000101;-0.735;-0.4344;-0.5206;-0.135553;1.753254;0.919097;-0.735;-0.4344;-0.5206;-0.028968;1.55002;0.938188;-0.735;-0.4344;-0.5206;0.042891;1.55002;0.938188;-0.787;0.3661;-0.4967;0.012761;1.569253;1.000101;-0.787;0.3661;-0.4967;0.149476;1.753254;0.919097;-0.787;0.3661;-0.4967;0.012761;1.569253;1.000101;0.3329;0.1616;0.929;0.051256;1.489976;1.000101;0.3329;0.1616;0.929;0.149476;1.753254;0.919097;0.3329;0.1616;0.929;0.051256;1.489976;1.000101;0.735;-0.4344;-0.5206;0.042891;1.55002;0.938188;0.735;-0.4344;-0.5206;0.149476;1.753254;0.919097;0.735;-0.4344;-0.5206
3;0.3995281;0.2736845;0.3073906
0.096171;1.143092;1.288642;0.0039;-0.3384;0.941;0.002713;1.266031;1.333236;0.0039;-0.3384;0.941;-0.100409;1.149868;1.291897;0.0039;-0.3384;0.941
-1.035532;0.002913;-2.43433;1.047761;4.977061;3.587069;2.5
351;5
87;0.90354544;0.90354544;0.90354544
-0.661231;2.352825;1.326554;-0.7809;0.6155;0.1069;0.006115;3.408367;0.12371;-0.7809;0.6155;0.1069;-0.861666;2.369982;-0.236519;-0.7809;0.6155;0.1069;-0.661231;2.352825;1.326554;-0.8539;-0.3715;-0.3645;0.006115;1.402126;0.732049;-0.8539;-0.3715;-0.3645;-0.193356;1.526121;1.072976;-0.8539;-0.3715;-0.3645;0.006115;3.408367;0.12371;0.7809;0.6155;0.1069;0.673461;2.352825;1.326554;0.7809;0.6155;0.1069;0.873895;2.369982;-0.236519;0.7809;0.6155;0.1069;0.873895;2.369982;-0.236519;0.7818;0.6121;0.1188;0.006115;3.65111;-1.126971;0.7818;0.6121;0.1188;0.006115;3.408367;0.12371;0.7818;0.6121;0.1188;-0.661231;2.352825;1.326554;-0.8512;0.5247;-0.0118;0.006115;3.433109;1.226873;-0.8512;0.5247;-0.0118;0.006115;3.408367;0.12371;-0.8512;0.5247;-0.0118;0.006115;1.402126;0.732049;0.7862;-0.6107;0.0941;0.873895;2.369982;-0.236519;0.7862;-0.6107;0.0941;0.673461;2.352825;1.326554;0.7862;-0.6107;0.0941;-0.661231;2.352825;1.326554;-0.7862;-0.6107;0.0941;-0.861666;2.369982;-0.236519;-0.7862;-0.6107;0.0941;0.006115;1.402126;0.732049;-0.7862;-0.6107;0.0941;0.006115;3.408367;0.12371;0.8512;0.5247;-0.0118;0.006115;3.433109;1.226873;0.8512;0.5247;-0.0118;0.673461;2.352825;1.326554;0.8512;0.5247;-0.0118;-0.861666;2.369982;-0.236519;-0.7818;0.6121;0.1188;0.006115;3.408367;0.12371;-0.7818;0.6121;0.1188;0.006115;3.65111;-1.126971;-0.7818;0.6121;0.1188;0.006115;3.576031;2.61766;-0.643;-0.7244;0.2486;-0.354848;4.088676;3.177877;-0.643;-0.7244;0.2486;-0.506133;4.08278;2.76943;-0.643;-0.7244;0.2486;0.006115;3.576031;2.61766;-0.6481;-0.725;0.2333;-0.506133;4.08278;2.76943;-0.6481;-0.725;0.2333;-0.441198;3.869348;2.28657;-0.6481;-0.725;0.2333;0.006115;3.576031;2.61766;-0.8179;-0.5754;-4.0E-4;-0.163539;3.816435;3.57878;-0.8179;-0.5754;-4.0E-4;-0.354848;4.088676;3.177877;-0.8179;-0.5754;-4.0E-4;0.006115;3.576031;2.61766;0.911;-0.4081;-0.0596;0.175769;3.813297;3.587069;0.911;-0.4081;-0.0596;0.006115;3.437643;3.565845;0.911;-0.4081;-0.0596;0.006115;3.576031;2.61766;0.6481;-0.725;0.2333;0.453427;3.869348;2.28657;0.6481;-0.725;0.2333;0.518363;4.08278;2.76943;0.6481;-0.725;0.2333;0.006115;3.576031;2.61766;0.643;-0.7244;0.2486;0.518363;4.08278;2.76943;0.643;-0.7244;0.2486;0.367078;4.089128;3.179189;0.643;-0.7244;0.2486;0.006115;3.576031;2.61766;-0.9118;-0.4064;-0.0593;0.006115;3.437643;3.565845;-0.9118;-0.4064;-0.0593;-0.163539;3.816435;3.57878;-0.9118;-0.4064;-0.0593;0.006115;3.576031;2.61766;0.8195;-0.5731;-0.0032;0.367078;4.089128;3.179189;0.8195;-0.5731;-0.0032;0.175769;3.813297;3.587069;0.8195;-0.5731;-0.0032;-0.193356;1.526121;1.072976;-0.6401;-0.13;-0.7572;-0.761991;0.002913;1.81509;-0.6401;-0.13;-0.7572;-0.661231;2.352825;1.326554;-0.6401;-0.13;-0.7572;-0.193356;1.526121;1.072976;-0.8585;0.0733;-0.5075;-0.611191;0.002913;1.55997;-0.8585;0.0733;-0.5075;-0.761991;0.002913;1.81509;-0.8585;0.0733;-0.5075;0.673461;2.352825;1.326554;0.8529;-0.3656;-0.3728;0.208276;1.526121;1.072976;0.8529;-0.3656;-0.3728;0.006115;1.402126;0.732049;0.8529;-0.3656;-0.3728;-0.193356;1.526121;1.072976;0.0;-0.9398;0.3418;0.006115;1.402126;0.732049;0.0;-0.9398;0.3418;0.208276;1.526121;1.072976;0.0;-0.9398;0.3418;0.001782;2.068874;-2.43433;0.504;0.2529;-0.8258;0.006114;2.98897;-2.149894;0.504;0.2529;-0.8258;0.318995;2.36466;-2.150125;0.504;0.2529;-0.8258;0.318995;2.36466;-2.150125;-0.0023;-0.0015;1.0;0.006114;2.98897;-2.149894;-0.0023;-0.0015;1.0;-0.31192;2.372779;-2.15155;-0.0023;-0.0015;1.0;-0.31192;2.372779;-2.15155;-0.4965;0.2585;-0.8286;0.006114;2.98897;-2.149894;-0.4965;0.2585;-0.8286;0.001782;2.068874;-2.43433;-0.4965;0.2585;-0.8286;0.001782;2.068874;-2.43433;-0.0105;-0.6869;0.7266;0.318995;2.36466;-2.150125;-0.0105;-0.6869;0.7266;-0.31192;2.372779;-2.15155;-0.0105;-0.6869;0.7266;0.572286;4.445625;2.670906;0.524;-0.6673;0.5292;0.129244;4.20667;2.808229;0.524;-0.6673;0.5292;0.52338;4.230875;2.448534;0.524;-0.6673;0.5292;0.731193;4.511512;2.381449;0.7963;-0.5131;0.3204;0.572286;4.445625;2.670906;0.7963;-0.5131;0.3204;0.52338;4.230875;2.448534;0.7963;-0.5131;0.3204;-0.605042;4.474832;2.673898;-0.5156;-0.6702;0.5339;-0.556136;4.260081;2.451526;-0.5156;-0.6702;0.5339;-0.117361;4.20667;2.808229;-0.5156;-0.6702;0.5339;-0.71931;4.511512;2.38145;-0.8404;-0.4703;0.2694;-0.556136;4.260081;2.451526;-0.8404;-0.4703;0.2694;-0.605042;4.474832;2.673898;-0.8404;-0.4703;0.2694
87;-1;0;0
0.006115;3.65111;-1.126971;0.695;0.6036;-0.3907;1.047761;2.365755;-1.259904;0.695;0.6036;-0.3907;0.006114;2.98897;-2.149894;0.695;0.6036;-0.3907;-0.861666;2.369982;-0.236519;-0.7769;0.6162;0.1294;0.006115;3.65111;-1.126971;-0.7769;0.6162;0.1294;-1.035532;2.365756;-1.259904;-0.7769;0.6162;0.1294;1.047761;2.365755;-1.259904;0.6096;-0.1035;-0.7859;0.008804;1.643099;-1.970507;0.6096;-0.1035;-0.7859;0.006114;2.98897;-2.149894;0.6096;-0.1035;-0.7859;-1.035532;2.365756;-1.259904;-0.695;0.6036;-0.3907;0.006115;3.65111;-1.126971;-0.695;0.6036;-0.3907;0.006114;2.98897;-2.149894;-0.695;0.6036;-0.3907;0.008804;1.643099;-1.970507;-0.6085;-0.106;-0.7864;-1.035532;2.365756;-1.259904;-0.6085;-0.106;-0.7864;0.006114;2.98897;-2.149894;-0.6085;-0.106;-0.7864;0.006114;1.264964;-0.839339;0.6588;-0.714;-0.2371;0.008804;1.643099;-1.970507;0.6588;-0.714;-0.2371;1.047761;2.365755;-1.259904;0.6588;-0.714;-0.2371;0.873895;2.369982;-0.236519;0.7769;0.6162;0.1294;1.047761;2.365755;-1.259904;0.7769;0.6162;0.1294;0.006115;3.65111;-1.126971;0.7769;0.6162;0.1294;0.006115;4.307994;2.034571;-0.7621;0.5326;-0.368;-0.506133;4.08278;2.76943;-0.7621;0.5326;-0.368;0.006115;4.622617;2.489938;-0.7621;0.5326;-0.368;0.006115;3.433109;1.226873;-0.7335;0.4611;-0.4994;-0.441198;3.869348;2.28657;-0.7335;0.4611;-0.4994;0.006115;4.307994;2.034571;-0.7335;0.4611;-0.4994;0.006115;3.433109;1.226873;0.7591;0.4233;-0.4947;0.453427;3.869348;2.28657;0.7591;0.4233;-0.4947;0.673461;2.352825;1.326554;0.7591;0.4233;-0.4947;0.006115;4.622617;2.489938;-0.7161;0.681;0.1528;-0.354848;4.088676;3.177877;-0.7161;0.681;0.1528;0.006115;4.519909;2.947605;-0.7161;0.681;0.1528;0.006115;4.307994;2.034571;0.7489;0.5629;-0.3495;0.518363;4.08278;2.76943;0.7489;0.5629;-0.3495;0.453427;3.869348;2.28657;0.7489;0.5629;-0.3495;0.006115;4.622617;2.489938;0.6451;0.7296;0.2269;0.367078;4.089128;3.179189;0.6451;0.7296;0.2269;0.518363;4.08278;2.76943;0.6451;0.7296;0.2269;0.006115;4.307994;2.034571;-0.7489;0.5629;-0.3495;-0.441198;3.869348;2.28657;-0.7489;0.5629;-0.3495;-0.506133;4.08278;2.76943;-0.7489;0.5629;-0.3495;0.006115;3.433109;1.226873;-0.7591;0.4233;-0.4947;-0.661231;2.352825;1.326554;-0.7591;0.4233;-0.4947;-0.441198;3.869348;2.28657;-0.7591;0.4233;-0.4947;0.006115;3.433109;1.226873;0.7335;0.4611;-0.4994;0.006115;4.307994;2.034571;0.7335;0.4611;-0.4994;0.453427;3.869348;2.28657;0.7335;0.4611;-0.4994;0.006115;4.622617;2.489938;-0.6445;0.7297;0.2282;-0.506133;4.08278;2.76943;-0.6445;0.7297;0.2282;-0.354848;4.088676;3.177877;-0.6445;0.7297;0.2282;0.006115;4.307994;2.034571;0.7621;0.5326;-0.368;0.006115;4.622617;2.489938;0.7621;0.5326;-0.368;0.518363;4.08278;2.76943;0.7621;0.5326;-0.368;0.006115;4.622617;2.489938;0.7154;0.6817;0.153;0.006115;4.519909;2.947605;0.7154;0.6817;0.153;0.367078;4.089128;3.179189;0.7154;0.6817;0.153;-0.168425;1.609821;1.502896;-0.4594;0.3299;0.8247;-0.761991;0.002913;1.81509;-0.4594;0.3299;0.8247;-0.633615;0.002913;1.886594;-0.4594;0.3299;0.8247;-0.168425;1.609821;1.502896;0.964;-0.2658;-0.0042;-0.611191;0.002913;1.55997;0.964;-0.2658;-0.0042;-0.193356;1.526121;1.072976;0.964;-0.2658;-0.0042;-0.168425;1.609821;1.502896;-0.0408;0.205;0.9779;-0.661231;2.352825;1.326554;-0.0408;0.205;0.9779;-0.761991;0.002913;1.81509;-0.0408;0.205;0.9779;-0.168425;1.609821;1.502896;0.9626;-0.2629;0.0661;-0.633615;0.002913;1.886594;0.9626;-0.2629;0.0661;-0.611191;0.002913;1.55997;0.9626;-0.2629;0.0661;-0.514851;1.312267;-1.072095;-0.593;-0.1653;0.788;-0.786116;0.002913;-1.550849;-0.593;-0.1653;0.788;-0.578122;0.002913;-1.394321;-0.593;-0.1653;0.788;-1.035532;2.365756;-1.259904;-0.4409;0.2188;-0.8705;0.008804;1.643099;-1.970507;-0.4409;0.2188;-0.8705;-0.535689;1.384547;-1.759728;-0.4409;0.2188;-0.8705;-0.535689;1.384547;-1.759728;-0.6911;0.016;-0.7226;-0.786116;0.002913;-1.550849;-0.6911;0.016;-0.7226;-1.035532;2.365756;-1.259904;-0.6911;0.016;-0.7226;-0.514851;1.312267;-1.072095;-0.6049;-0.1599;0.7801;-1.035532;2.365756;-1.259904;-0.6049;-0.1599;0.7801;-0.786116;0.002913;-1.550849;-0.6049;-0.1599;0.7801;1.047761;2.365755;-1.259904;0.4427;0.2187;-0.8696;0.550608;1.384547;-1.759728;0.4427;0.2187;-0.8696;0.008804;1.643099;-1.970507;0.4427;0.2187;-0.8696;-0.535689;1.384547;-1.759728;-0.6678;0.0085;-0.7443;-0.619641;0.002913;-1.700212;-0.6678;0.0085;-0.7443;-0.786116;0.002913;-1.550849;-0.6678;0.0085;-0.7443
120;0.62073135;0.49802727;0.3798161
0.006115;1.402126;0.732049;0.7703;-0.6352;0.0554;0.006114;1.264964;-0.839339;0.7703;-0.6352;0.0554;0.873895;2.369982;-0.236519;0.7703;-0.6352;0.0554;-0.661231;2.352825;1.326554;-0.6891;-0.3136;0.6533;0.006115;3.576031;2.61766;-0.6891;-0.3136;0.6533;-0.441198;3.869348;2.28657;-0.6891;-0.3136;0.6533;0.006114;1.264964;-0.839339;-0.4107;-0.0406;0.9109;-1.035532;2.365756;-1.259904;-0.4107;-0.0406;0.9109;-0.514851;1.312267;-1.072095;-0.4107;-0.0406;0.9109;0.673461;2.352825;1.326554;0.7454;-0.247;0.6192;0.006115;3.576031;2.61766;0.7454;-0.247;0.6192;0.006115;1.818791;1.916861;0.7454;-0.247;0.6192;0.006114;1.264964;-0.839339;-0.7703;-0.6352;0.0554;0.006115;1.402126;0.732049;-0.7703;-0.6352;0.0554;-0.861666;2.369982;-0.236519;-0.7703;-0.6352;0.0554;-0.861666;2.369982;-0.236519;-0.7444;-0.6551;0.1292;-1.035532;2.365756;-1.259904;-0.7444;-0.6551;0.1292;0.006114;1.264964;-0.839339;-0.7444;-0.6551;0.1292;-0.354848;4.088676;3.177877;-0.0015;0.8287;0.5597;0.175769;3.813297;3.587069;-0.0015;0.8287;0.5597;0.367078;4.089128;3.179189;-0.0015;0.8287;0.5597;0.006115;4.519909;2.947605;-0.0019;0.4723;0.8815;-0.354848;4.088676;3.177877;-0.0019;0.4723;0.8815;0.367078;4.089128;3.179189;-0.0019;0.4723;0.8815;-0.661231;2.352825;1.326554;-0.7454;-0.247;0.6192;0.006115;1.818791;1.916861;-0.7454;-0.247;0.6192;0.006115;3.576031;2.61766;-0.7454;-0.247;0.6192;0.673461;2.352825;1.326554;0.6891;-0.3136;0.6533;0.453427;3.869348;2.28657;0.6891;-0.3136;0.6533;0.006115;3.576031;2.61766;0.6891;-0.3136;0.6533;-0.354848;4.088676;3.177877;-0.0061;0.8259;0.5638;-0.163539;3.816435;3.57878;-0.0061;0.8259;0.5638;0.175769;3.813297;3.587069;-0.0061;0.8259;0.5638;0.006115;1.818791;1.916861;-0.7649;-0.3847;0.5167;-0.661231;2.352825;1.326554;-0.7649;-0.3847;0.5167;-0.168425;1.609821;1.502896;-0.7649;-0.3847;0.5167;-0.535689;1.384547;-1.759728;0.9986;-0.0398;-0.0344;-0.514851;1.312267;-1.072095;0.9986;-0.0398;-0.0344;-0.578122;0.002913;-1.394321;0.9986;-0.0398;-0.0344;-0.168425;1.609821;1.502896;0.0;-0.9816;0.1911;0.208276;1.526121;1.072976;0.0;-0.9816;0.1911;0.183346;1.609821;1.502896;0.0;-0.9816;0.1911;0.008804;1.643099;-1.970507;0.392;-0.9136;-0.1079;-0.514851;1.312267;-1.072095;0.392;-0.9136;-0.1079;-0.535689;1.384547;-1.759728;0.392;-0.9136;-0.1079;0.008804;1.643099;-1.970507;0.0554;-0.947;-0.3164;0.006114;1.264964;-0.839339;0.0554;-0.947;-0.3164;-0.514851;1.312267;-1.072095;0.0554;-0.947;-0.3164;-0.535689;1.384547;-1.759728;0.9888;-0.0659;-0.1342;-0.578122;0.002913;-1.394321;0.9888;-0.0659;-0.1342;-0.619641;0.002913;-1.700212;0.9888;-0.0659;-0.1342;0.006114;1.264964;-0.839339;0.4088;-0.0384;0.9118;0.529769;1.312267;-1.072096;0.4088;-0.0384;0.9118;1.047761;2.365755;-1.259904;0.4088;-0.0384;0.9118;0.208276;1.526121;1.072976;0.6304;-0.1195;-0.767;0.673461;2.352825;1.326554;0.6304;-0.1195;-0.767;0.82511;0.016758;1.815089;0.6304;-0.1195;-0.767;0.006115;1.818791;1.916861;0.7647;-0.381;0.5197;0.183346;1.609821;1.502896;0.7647;-0.381;0.5197;0.673461;2.352825;1.326554;0.7647;-0.381;0.5197;0.183346;1.609821;1.502896;0.3561;0.3158;0.8794;0.648536;0.016758;1.886593;0.3561;0.3158;0.8794;0.82511;0.016758;1.815089;0.3561;0.3158;0.8794;0.183346;1.609821;1.502896;-0.9634;-0.2679;-0.0037;0.208276;1.526121;1.072976;-0.9634;-0.2679;-0.0037;0.626112;0.016758;1.55997;-0.9634;-0.2679;-0.0037;0.208276;1.526121;1.072976;0.7883;0.0198;-0.6149;0.82511;0.016758;1.815089;0.7883;0.0198;-0.6149;0.626112;0.016758;1.55997;0.7883;0.0198;-0.6149;0.183346;1.609821;1.502896;0.0;-0.8927;0.4506;0.006115;1.818791;1.916861;0.0;-0.8927;0.4506;-0.168425;1.609821;1.502896;0.0;-0.8927;0.4506;0.183346;1.609821;1.502896;0.0381;0.2069;0.9776;0.82511;0.016758;1.815089;0.0381;0.2069;0.9776;0.673461;2.352825;1.326554;0.0381;0.2069;0.9776;0.183346;1.609821;1.502896;-0.962;-0.265;0.066;0.626112;0.016758;1.55997;-0.962;-0.265;0.066;0.648536;0.016758;1.886593;-0.962;-0.265;0.066;0.529769;1.312267;-1.072096;0.5471;-0.1214;0.8282;0.966911;0.016758;-1.550713;0.5471;-0.1214;0.8282;1.047761;2.365755;-1.259904;0.5471;-0.1214;0.8282;0.008804;1.643099;-1.970507;-0.0552;-0.9469;-0.3167;0.529769;1.312267;-1.072096;-0.0552;-0.9469;-0.3167;0.006114;1.264964;-0.839339;-0.0552;-0.9469;-0.3167;-0.168425;1.609821;1.502896;0.0;-0.9816;0.1911;-0.193356;1.526121;1.072976;0.0;-0.9816;0.1911;0.208276;1.526121;1.072976;0.0;-0.9816;0.1911;0.550608;1.384547;-1.759728;-0.9874;-0.1513;-0.0458;0.743703;0.016758;-1.403214;-0.9874;-0.1513;-0.0458;0.529769;1.312267;-1.072096;-0.9874;-0.1513;-0.0458;0.966911;0.016758;-1.550713;0.6307;0.0739;-0.7725;0.550608;1.384547;-1.759728;0.6307;0.0739;-0.7725;1.047761;2.365755;-1.259904;0.6307;0.0739;-0.7725;0.006114;1.264964;-0.839339;0.7444;-0.6551;0.1292;1.047761;2.365755;-1.259904;0.7444;-0.6551;0.1292;0.873895;2.369982;-0.236519;0.7444;-0.6551;0.1292;0.731193;4.511512;2.381449;-0.4906;0.8684;-0.0717;0.129244;4.20667;2.808229;-0.4906;0.8684;-0.0717;0.572286;4.445625;2.670906;-0.4906;0.8684;-0.0717;0.52338;4.230875;2.448534;-0.65;0.3162;-0.691;0.129244;4.20667;2.808229;-0.65;0.3162;-0.691;0.731193;4.511512;2.381449;-0.65;0.3162;-0.691;-0.71931;4.511512;2.38145;0.4982;0.8627;-0.0865;-0.605042;4.474832;2.673898;0.4982;0.8627;-0.0865;-0.117361;4.20667;2.808229;0.4982;0.8627;-0.0865;-0.556136;4.260081;2.451526;0.6325;0.2021;-0.7478;-0.71931;4.511512;2.38145;0.6325;0.2021;-0.7478;-0.117361;4.20667;2.808229;0.6325;0.2021;-0.7478;0.529769;1.312267;-1.072096;0.5472;-0.1213;0.8281;0.743703;0.016758;-1.403214;0.5472;-0.1213;0.8281;0.966911;0.016758;-1.550713;0.5472;-0.1213;0.8281;0.008804;1.643099;-1.970507;-0.3937;-0.9129;-0.1079;0.550608;1.384547;-1.759728;-0.3937;-0.9129;-0.1079;0.529769;1.312267;-1.072096;-0.3937;-0.9129;-0.1079;0.550608;1.384547;-1.759728;-0.9761;-0.1723;-0.1325;0.782835;0.016758;-1.691514;-0.9761;-0.1723;-0.1325;0.743703;0.016758;-1.403214;-0.9761;-0.1723;-0.1325;0.966911;0.016758;-1.550713;0.6063;0.0634;-0.7927;0.782835;0.016758;-1.691514;0.6063;0.0634;-0.7927;0.550608;1.384547;-1.759728;0.6063;0.0634;-0.7927
54;0.2923354;0.2547391;0.2215612
0.545702;4.757624;2.459161;-0.0966;-0.988;-0.1208;0.366114;4.788753;2.348065;-0.0966;-0.988;-0.1208;0.828348;4.80914;1.811632;-0.0966;-0.988;-0.1208;0.032918;4.428145;2.939973;-0.8411;0.5173;-0.1583;0.366114;4.788753;2.348065;-0.8411;0.5173;-0.1583;-0.018765;4.278842;2.726712;-0.8411;0.5173;-0.1583;0.366114;4.788753;2.348065;0.2837;-0.7004;-0.6549;0.204535;4.240137;2.864848;0.2837;-0.7004;-0.6549;-0.018765;4.278842;2.726712;0.2837;-0.7004;-0.6549;0.461569;4.953282;2.444921;0.8334;0.3871;0.3946;0.545702;4.757624;2.459161;0.8334;0.3871;0.3946;0.828348;4.80914;1.811632;0.8334;0.3871;0.3946;0.366114;4.788753;2.348065;-0.597;0.635;-0.4903;0.461569;4.953282;2.444921;-0.597;0.635;-0.4903;0.828348;4.80914;1.811632;-0.597;0.635;-0.4903;0.545702;4.757624;2.459161;0.5862;0.224;0.7786;0.032918;4.428145;2.939973;0.5862;0.224;0.7786;0.204535;4.240137;2.864848;0.5862;0.224;0.7786;-0.562933;4.781403;2.393205;0.0837;-0.9864;-0.1412;-0.852048;4.856698;1.695698;0.0837;-0.9864;-0.1412;-0.383345;4.812531;2.282109;0.0837;-0.9864;-0.1412;-0.039133;4.428145;2.939973;0.8289;0.5478;-0.1136;-0.383345;4.812531;2.282109;0.8289;0.5478;-0.1136;-0.4788;4.977061;2.378965;0.8289;0.5478;-0.1136;0.01255;4.278842;2.726712;-0.2664;-0.7259;-0.6341;-0.562933;4.781403;2.393205;-0.2664;-0.7259;-0.6341;-0.383345;4.812531;2.282109;-0.2664;-0.7259;-0.6341;-0.4788;4.977061;2.378965;-0.836;0.3877;0.3884;-0.852048;4.856698;1.695698;-0.836;0.3877;0.3884;-0.562933;4.781403;2.393205;-0.836;0.3877;0.3884;-0.383345;4.812531;2.282109;0.628;0.6318;-0.4544;-0.852048;4.856698;1.695698;0.628;0.6318;-0.4544;-0.4788;4.977061;2.378965;0.628;0.6318;-0.4544;-0.039133;4.428145;2.939973;-0.6096;0.2568;0.7499;-0.562933;4.781403;2.393205;-0.6096;0.2568;0.7499;-0.21075;4.240137;2.864848;-0.6096;0.2568;0.7499;0.032918;4.428145;2.939973;-0.8237;0.5526;-0.127;0.461569;4.953282;2.444921;-0.8237;0.5526;-0.127;0.366114;4.788753;2.348065;-0.8237;0.5526;-0.127;0.366114;4.788753;2.348065;0.2837;-0.7004;-0.6549;0.545702;4.757624;2.459161;0.2837;-0.7004;-0.6549;0.204535;4.240137;2.864848;0.2837;-0.7004;-0.6549;0.545702;4.757624;2.459161;0.5474;0.2924;0.7841;0.461569;4.953282;2.444921;0.5474;0.2924;0.7841;0.032918;4.428145;2.939973;0.5474;0.2924;0.7841;-0.039133;4.428145;2.939973;0.8494;0.5063;-0.1486;0.01255;4.278842;2.726712;0.8494;0.5063;-0.1486;-0.383345;4.812531;2.282109;0.8494;0.5063;-0.1486;0.01255;4.278842;2.726712;-0.2664;-0.7259;-0.6341;-0.21075;4.240137;2.864848;-0.2664;-0.7259;-0.6341;-0.562933;4.781403;2.393205;-0.2664;-0.7259;-0.6341;-0.039133;4.428145;2.939973;-0.5816;0.305;0.7542;-0.4788;4.977061;2.378965;-0.5816;0.305;0.7542;-0.562933;4.781403;2.393205;-0.5816;0.305;0.7542
3;0.3995281;0.2736845;0.3073906
0.175769;3.813297;3.587069;-0.0248;-0.0452;0.9987;-0.163539;3.816435;3.57878;-0.0248;-0.0452;0.9987;0.006115;3.437643;3.565845;-0.0248;-0.0452;0.9987
15
INFO;NameId;397;DescId;398;price;18000;dpPerMin;95;range;2;placeSound;goat0
MATERIAL;second;0;count;5;CUSTOM;0.6998539;0.4982465;0.43092754;1000;BEIGE;200000;DARK_BROWN;300000;BLACK;800000;WHITE;800000
LIFE;averagePop;4.1;averageLife;47.0;popFactors;0;breedMat;23.5;breedTime;17.002148;parentId;1;chance;400;reqCount;2;LIFE;type;2;enviroType;3;min;50;max;100;LIFE;type;2;enviroType;1;biome;SNOW;amount;0.35;FALL_DEATH;fallTime;1.5;totalTime;2.5;angle;60;particles;0;enviroReqCount;3;reqId;2;barren;0;goodBiomes;4;0;1;4;8;idealFactor;100;influence;0.65;reqId;5;likedSpecies;2;pt;erl;influence;0.5;reqId;1;minAltitude;25;maxAltitude;100;influence;0.7
GROWTH;dynamic;1;growthTime;15.666667;modelStages;2
MOVEMENT;8;Speed;0.5;Rot Speed;180;Bounce Power;2;Bounce Rot;35;Standard Height;0.2
AI;PATROL;minIdleTime;4;maxIdleTime;14
EATING;maxHunger;48;HungerPerHour;4.5;eatRadius;0.2;EatingAnims;1;0;DietOptionCount;3;ef;WHOLE;0;pbf;FRUIT;0;pn;WHOLE;0;
SLEEP;startMin;23.5;startMax;1;endMin;3.5;endMax;4.5
CHARGE
NAME
FLEE;safeRange;3;land;1;swim;0
FIGHT;power;8;revenge;1;anim;0;biteRange;0.4;pause;0.4
SOUND
RANDOM_SOUNDER;13;25;4;goat0;8;goat1;8;goat2;8;goat3;8;stageReq;0;volume;0.4
DROP;itemId;104
