0.65
ptt
0;1
5
-1.572449;-0.230028;-1.609632;1.904018;3.959062;1.153777;1
105;2
60;-1.0;0.0;0.0;0.15
-1.572449;1.92573;-0.650167;0.2348;-0.9611;0.1453;-0.472853;2.238932;-0.355537;0.2348;-0.9611;0.1453;-1.204647;2.142708;0.190818;0.2348;-0.9611;0.1453;-1.572449;1.92573;-0.650167;0.359;-0.7841;-0.5062;-1.054622;2.582279;-1.299966;0.359;-0.7841;-0.5062;-0.472853;2.238932;-0.355537;0.359;-0.7841;-0.5062;-0.472853;2.238932;-0.355537;0.4946;0.4524;0.7421;-1.509785;3.082003;-0.178395;0.4946;0.4524;0.7421;-1.204647;2.142708;0.190818;0.4946;0.4524;0.7421;-0.472853;2.238932;-0.355537;0.6179;0.7803;-0.0969;-1.054622;2.582279;-1.299966;0.6179;0.7803;-0.0969;-1.509785;3.082003;-0.178395;0.6179;0.7803;-0.0969;-1.509785;3.082003;-0.178395;-0.8612;0.2313;-0.4526;-1.054622;2.582279;-1.299966;-0.8612;0.2313;-0.4526;-1.572449;1.92573;-0.650167;-0.8612;0.2313;-0.4526;-1.509785;3.082003;-0.178395;-0.8969;-0.1245;0.4244;-1.572449;1.92573;-0.650167;-0.8969;-0.1245;0.4244;-1.204647;2.142708;0.190818;-0.8969;-0.1245;0.4244;-0.185719;2.592915;-0.119013;0.1685;-0.9823;0.0816;0.485017;2.813678;1.153777;0.1685;-0.9823;0.0816;-0.664085;2.589027;0.821647;0.1685;-0.9823;0.0816;-0.185719;2.592915;-0.119013;0.616;-0.7639;-0.1921;0.829047;3.4243;-0.170967;0.616;-0.7639;-0.1921;0.485017;2.813678;1.153777;0.616;-0.7639;-0.1921;0.485017;2.813678;1.153777;-0.3212;0.3314;0.8871;-0.986134;3.603335;0.326127;-0.3212;0.3314;0.8871;-0.664085;2.589027;0.821647;-0.3212;0.3314;0.8871;-0.986134;3.603335;0.326127;-0.2294;0.4674;0.8538;0.485017;2.813678;1.153777;-0.2294;0.4674;0.8538;0.483672;3.959062;0.526368;-0.2294;0.4674;0.8538;-0.986134;3.603335;0.326127;-0.236;0.2291;-0.9444;0.829047;3.4243;-0.170967;-0.236;0.2291;-0.9444;-0.185719;2.592915;-0.119013;-0.236;0.2291;-0.9444;-0.986134;3.603335;0.326127;-0.7949;-0.4508;-0.4061;-0.185719;2.592915;-0.119013;-0.7949;-0.4508;-0.4061;-0.664085;2.589027;0.821647;-0.7949;-0.4508;-0.4061;0.485017;2.813678;1.153777;0.9293;0.1783;0.3235;0.829047;3.4243;-0.170967;0.9293;0.1783;0.3235;0.483672;3.959062;0.526368;0.9293;0.1783;0.3235;0.829047;3.4243;-0.170967;-0.0986;0.7655;-0.6359;-0.986134;3.603335;0.326127;-0.0986;0.7655;-0.6359;0.483672;3.959062;0.526368;-0.0986;0.7655;-0.6359;1.315529;3.423228;-1.231259;0.0721;0.3458;-0.9355;1.323223;2.428349;-1.598402;0.0721;0.3458;-0.9355;0.359036;2.598913;-1.609632;0.0721;0.3458;-0.9355;1.323223;2.428349;-1.598402;-0.1705;-0.9454;0.2776;0.426378;2.932609;-0.431845;-0.1705;-0.9454;0.2776;0.359036;2.598913;-1.609632;-0.1705;-0.9454;0.2776;0.426378;2.932609;-0.431845;-0.1976;-0.946;0.257;1.323223;2.428349;-1.598402;-0.1976;-0.946;0.257;1.904018;2.560789;-0.664587;-0.1976;-0.946;0.257;0.426378;2.932609;-0.431845;-0.5979;0.7795;-0.1867;1.315529;3.423228;-1.231259;-0.5979;0.7795;-0.1867;0.359036;2.598913;-1.609632;-0.5979;0.7795;-0.1867;1.323223;2.428349;-1.598402;0.8179;0.2048;-0.5377;1.315529;3.423228;-1.231259;0.8179;0.2048;-0.5377;1.904018;2.560789;-0.664587;0.8179;0.2048;-0.5377;1.315529;3.423228;-1.231259;0.2753;0.652;0.7064;0.426378;2.932609;-0.431845;0.2753;0.652;0.7064;1.904018;2.560789;-0.664587;0.2753;0.652;0.7064
45;0.50272644;0.3543129;0.3099261;0.15
-0.00467;-0.230028;-0.137506;0.8655;0.0361;-0.4997;0.035482;1.626759;0.066311;0.8655;0.0361;-0.4997;0.130875;-0.230028;0.097264;0.8655;0.0361;-0.4997;0.035482;1.626759;0.066311;0.0;0.0167;0.9999;-0.140214;-0.230028;0.097264;0.0;0.0167;0.9999;0.130875;-0.230028;0.097264;0.0;0.0167;0.9999;-0.049125;1.663319;-0.0756;-0.8654;0.1614;-0.4744;-0.133733;1.626759;0.066311;-0.8654;0.1614;-0.4744;-0.049125;3.450078;0.532234;-0.8654;0.1614;-0.4744;-0.133733;1.626759;0.066311;-0.866;-0.0053;-0.5;-0.00467;-0.230028;-0.137506;-0.866;-0.0053;-0.5;-0.140214;-0.230028;0.097264;-0.866;-0.0053;-0.5;-0.133733;1.626759;0.066311;0.0;-0.2476;0.9689;0.035482;1.626759;0.066311;0.0;-0.2476;0.9689;-0.049125;3.450078;0.532234;0.0;-0.2476;0.9689;0.035482;1.626759;0.066311;0.8654;0.1614;-0.4744;-0.049125;1.663319;-0.0756;0.8654;0.1614;-0.4744;-0.049125;3.450078;0.532234;0.8654;0.1614;-0.4744;-0.089391;1.44294;0.027364;0.8256;-0.564;0.0148;1.155024;3.230249;-1.28674;0.8256;-0.564;0.0148;0.035482;1.626759;0.066311;0.8256;-0.564;0.0148;-0.046679;1.059367;0.083043;-0.7718;-0.6216;0.134;-1.418385;2.675381;-0.320335;-0.7718;-0.6216;0.134;-0.020415;0.997572;-0.052352;-0.7718;-0.6216;0.134;0.035482;1.626759;0.066311;0.0;0.6449;0.7643;1.155024;3.230249;-1.28674;0.0;0.6449;0.7643;-0.133733;1.626759;0.066311;0.0;0.6449;0.7643;0.012174;1.143144;-0.028123;0.4697;0.5675;0.6763;-1.418385;2.675381;-0.320335;0.4697;0.5675;0.6763;-0.046679;1.059367;0.083043;0.4697;0.5675;0.6763;-0.133733;1.626759;0.066311;-0.7105;-0.0224;-0.7033;1.155024;3.230249;-1.28674;-0.7105;-0.0224;-0.7033;-0.089391;1.44294;0.027364;-0.7105;-0.0224;-0.7033;-0.020415;0.997572;-0.052352;0.2936;0.0926;-0.9514;-1.418385;2.675381;-0.320335;0.2936;0.0926;-0.9514;0.012174;1.143144;-0.028123;0.2936;0.0926;-0.9514;-0.00467;-0.230028;-0.137506;0.8625;0.0368;-0.5047;-0.049125;1.663319;-0.0756;0.8625;0.0368;-0.5047;0.035482;1.626759;0.066311;0.8625;0.0368;-0.5047;0.035482;1.626759;0.066311;0.0;0.0167;0.9999;-0.133733;1.626759;0.066311;0.0;0.0167;0.9999;-0.140214;-0.230028;0.097264;0.0;0.0167;0.9999;-0.133733;1.626759;0.066311;-0.8585;-0.0034;-0.5127;-0.049125;1.663319;-0.0756;-0.8585;-0.0034;-0.5127;-0.00467;-0.230028;-0.137506;-0.8585;-0.0034;-0.5127
-6.716085;-0.307882;-6.430593;7.14814;11.73583;6.220346;3;0;extraBounds;2;-0.51924;-0.038589;-0.367063;0.543009;5.502835;0.625524;-5.902826;5.187448;-5.933829;6.688822;11.179635;5.742169
252;2
90;0.50272644;0.3543129;0.3099261;0.03
0.08391;-0.23774;0.244374;0.9908;-0.087;0.1032;0.617664;5.782287;0.193158;0.9908;-0.087;0.1032;0.57421;5.806318;0.630583;0.9908;-0.087;0.1032;0.57421;5.806318;0.630583;0.6967;-0.7092;0.1082;0.617664;5.782287;0.193158;0.6967;-0.7092;0.1082;4.725987;10.068264;1.831093;0.6967;-0.7092;0.1082;0.08391;-0.23774;0.244374;-0.6239;0.0086;0.7815;0.296713;5.972609;0.345546;-0.6239;0.0086;0.7815;-0.283864;-0.307882;-0.048461;-0.6239;0.0086;0.7815;0.22371;-0.273218;-0.207584;-0.3853;0.0859;-0.9188;0.296713;5.972609;0.345546;-0.3853;0.0859;-0.9188;0.617664;5.782287;0.193158;-0.3853;0.0859;-0.9188;0.296713;5.972609;0.345546;-0.5666;0.3406;0.7503;0.57421;5.806318;0.630583;-0.5666;0.3406;0.7503;4.725987;10.068264;1.831093;-0.5666;0.3406;0.7503;0.617664;5.782287;0.193158;-0.1383;0.4664;-0.8737;0.296713;5.972609;0.345546;-0.1383;0.4664;-0.8737;4.725987;10.068264;1.831093;-0.1383;0.4664;-0.8737;-2.185059;4.424742;-0.4385;-0.5355;0.2366;-0.8108;-2.395287;4.131528;-0.385209;-0.5355;0.2366;-0.8108;-4.4002;9.086837;2.384671;-0.5355;0.2366;-0.8108;-2.395287;4.131528;-0.385209;0.3405;0.2924;-0.8936;0.281002;2.551582;0.117598;0.3405;0.2924;-0.8936;0.220746;2.305328;0.014064;0.3405;0.2924;-0.8936;-2.293509;4.288568;-0.118024;0.9014;0.1937;0.3873;-2.185059;4.424742;-0.4385;0.9014;0.1937;0.3873;-4.4002;9.086837;2.384671;0.9014;0.1937;0.3873;-2.395287;4.131528;-0.385209;-0.6092;-0.5602;0.5613;-2.293509;4.288568;-0.118024;-0.6092;-0.5602;0.5613;-4.4002;9.086837;2.384671;-0.6092;-0.5602;0.5613;0.281002;2.551582;0.117598;0.2252;0.4509;0.8637;-2.293509;4.288568;-0.118024;0.2252;0.4509;0.8637;0.191463;2.430245;0.204299;0.2252;0.4509;0.8637;-2.293509;4.288568;-0.118024;-0.585;-0.7163;0.3803;0.220746;2.305328;0.014064;-0.585;-0.7163;0.3803;0.191463;2.430245;0.204299;-0.585;-0.7163;0.3803;0.190548;3.630895;0.028623;-0.2429;-0.7789;-0.5782;2.269128;4.713511;-2.302782;-0.2429;-0.7789;-0.5782;0.320843;3.442138;0.228169;-0.2429;-0.7789;-0.5782;2.269128;4.713511;-2.302782;0.8121;-0.1002;0.5748;0.383827;3.819651;0.205013;0.8121;-0.1002;0.5748;0.320843;3.442138;0.228169;0.8121;-0.1002;0.5748;1.983348;4.848916;-2.426295;-0.7415;0.6675;0.0686;2.13061;4.984319;-2.151997;-0.7415;0.6675;0.0686;6.361907;9.837016;-3.631731;-0.7415;0.6675;0.0686;2.13061;4.984319;-2.151997;-0.6449;0.7572;-0.1037;0.190548;3.630895;0.028623;-0.6449;0.7572;-0.1037;0.383827;3.819651;0.205013;-0.6449;0.7572;-0.1037;2.13061;4.984319;-2.151997;0.5182;-0.1982;0.832;2.269128;4.713511;-2.302782;0.5182;-0.1982;0.832;6.361907;9.837016;-3.631731;0.5182;-0.1982;0.832;2.269128;4.713511;-2.302782;0.2013;-0.3935;-0.897;1.983348;4.848916;-2.426295;0.2013;-0.3935;-0.897;6.361907;9.837016;-3.631731;0.2013;-0.3935;-0.897;-2.395287;4.131528;-0.385209;0.9103;-0.3983;-0.1127;-0.976849;7.958099;-2.450046;0.9103;-0.3983;-0.1127;-2.293509;4.288568;-0.118024;0.9103;-0.3983;-0.1127;-2.293509;4.288568;-0.118024;-0.0203;0.5414;0.8405;-0.976849;7.958099;-2.450046;-0.0203;0.5414;0.8405;-2.490862;4.40906;-0.200398;-0.0203;0.5414;0.8405;-2.490862;4.40906;-0.200398;-0.8593;0.0435;-0.5097;-0.976849;7.958099;-2.450046;-0.8593;0.0435;-0.5097;-2.395287;4.131528;-0.385209;-0.8593;0.0435;-0.5097;0.08391;-0.23774;0.244374;0.9503;-0.0817;0.3004;0.22371;-0.273218;-0.207584;0.9503;-0.0817;0.3004;0.617664;5.782287;0.193158;0.9503;-0.0817;0.3004;0.08391;-0.23774;0.244374;-0.7127;0.013;0.7014;0.57421;5.806318;0.630583;-0.7127;0.013;0.7014;0.296713;5.972609;0.345546;-0.7127;0.013;0.7014;0.22371;-0.273218;-0.207584;-0.3034;0.0876;-0.9488;-0.283864;-0.307882;-0.048461;-0.3034;0.0876;-0.9488;0.296713;5.972609;0.345546;-0.3034;0.0876;-0.9488;-2.395287;4.131528;-0.385209;0.0552;-0.2167;-0.9747;-2.185059;4.424742;-0.4385;0.0552;-0.2167;-0.9747;0.281002;2.551582;0.117598;0.0552;-0.2167;-0.9747;0.281002;2.551582;0.117598;0.462;0.7492;0.4747;-2.185059;4.424742;-0.4385;0.462;0.7492;0.4747;-2.293509;4.288568;-0.118024;0.462;0.7492;0.4747;-2.293509;4.288568;-0.118024;-0.5268;-0.6298;0.5708;-2.395287;4.131528;-0.385209;-0.5268;-0.6298;0.5708;0.220746;2.305328;0.014064;-0.5268;-0.6298;0.5708;0.190548;3.630895;0.028623;-0.1638;-0.8308;-0.5318;1.983348;4.848916;-2.426295;-0.1638;-0.8308;-0.5318;2.269128;4.713511;-2.302782;-0.1638;-0.8308;-0.5318;2.269128;4.713511;-2.302782;0.7873;0.061;0.6136;2.13061;4.984319;-2.151997;0.7873;0.061;0.6136;0.383827;3.819651;0.205013;0.7873;0.061;0.6136;2.13061;4.984319;-2.151997;-0.6145;0.7867;-0.0584;1.983348;4.848916;-2.426295;-0.6145;0.7867;-0.0584;0.190548;3.630895;0.028623;-0.6145;0.7867;-0.0584
162;-1.0;0.0;0.0;0.06
6.69409;6.717611;-1.360148;0.3094;0.1375;0.9409;7.14814;10.481952;-2.059417;0.3094;0.1375;0.9409;2.769305;8.732663;-0.364095;0.3094;0.1375;0.9409;7.14814;10.481952;-2.059417;0.9492;-0.1643;-0.2683;6.69409;6.717611;-1.360148;0.9492;-0.1643;-0.2683;5.987932;8.864893;-5.173407;0.9492;-0.1643;-0.2683;6.69409;6.717611;-1.360148;-0.382;-0.8814;0.2778;2.769305;8.732663;-0.364095;-0.382;-0.8814;0.2778;-0.640175;9.048499;-4.050415;-0.382;-0.8814;0.2778;-4.766148;5.518075;2.636547;-0.2501;-0.541;-0.803;-6.716085;7.651273;1.806821;-0.2501;-0.541;-0.803;-2.571492;8.20635;0.14202;-0.2501;-0.541;-0.803;-4.766148;5.518075;2.636547;0.304;-0.7694;-0.5617;-2.571492;8.20635;0.14202;0.304;-0.7694;-0.5617;0.104861;6.670057;3.69486;0.304;-0.7694;-0.5617;-6.716085;7.651273;1.806821;-0.7074;-0.4278;0.5626;-4.766148;5.518075;2.636547;-0.7074;-0.4278;0.5626;-3.954502;8.551146;5.963606;-0.7074;-0.4278;0.5626;-2.571492;8.20635;0.14202;-0.3816;0.4794;-0.7903;-6.716085;7.651273;1.806821;-0.3816;0.4794;-0.7903;-3.775541;11.209396;2.545004;-0.3816;0.4794;-0.7903;-2.571492;8.20635;0.14202;0.5069;-0.5837;-0.6343;0.523642;9.595787;1.337129;0.5069;-0.5837;-0.6343;0.104861;6.670057;3.69486;0.5069;-0.5837;-0.6343;-4.766148;5.518075;2.636547;0.0533;-0.7884;0.6128;0.104861;6.670057;3.69486;0.0533;-0.7884;0.6128;-1.393035;8.531673;6.220346;0.0533;-0.7884;0.6128;-4.766148;5.518075;2.636547;-0.0739;-0.7279;0.6816;-1.393035;8.531673;6.220346;-0.0739;-0.7279;0.6816;-3.954502;8.551146;5.963606;-0.0739;-0.7279;0.6816;-6.716085;7.651273;1.806821;-0.7499;0.5407;0.3812;-3.954502;8.551146;5.963606;-0.7499;0.5407;0.3812;-3.775541;11.209396;2.545004;-0.7499;0.5407;0.3812;-2.571492;8.20635;0.14202;0.0177;0.629;-0.7772;-3.775541;11.209396;2.545004;0.0177;0.629;-0.7772;0.523642;9.595787;1.337129;0.0177;0.629;-0.7772;0.523642;9.595787;1.337129;0.2039;0.8738;-0.4416;-3.775541;11.209396;2.545004;0.2039;0.8738;-0.4416;-0.817768;11.34932;4.187535;0.2039;0.8738;-0.4416;0.104861;6.670057;3.69486;0.8994;0.1889;0.3942;0.523642;9.595787;1.337129;0.8994;0.1889;0.3942;-1.393035;8.531673;6.220346;0.8994;0.1889;0.3942;-3.775541;11.209396;2.545004;-0.3486;0.7487;0.5639;-3.954502;8.551146;5.963606;-0.3486;0.7487;0.5639;-0.817768;11.34932;4.187535;-0.3486;0.7487;0.5639;0.523642;9.595787;1.337129;0.9208;0.0863;0.3802;-0.817768;11.34932;4.187535;0.9208;0.0863;0.3802;-1.393035;8.531673;6.220346;0.9208;0.0863;0.3802;-3.954502;8.551146;5.963606;-0.0758;0.5935;0.8012;-1.393035;8.531673;6.220346;-0.0758;0.5935;0.8012;-0.817768;11.34932;4.187535;-0.0758;0.5935;0.8012;3.321511;10.992539;0.959957;0.3139;0.5293;-0.7882;5.151382;9.558905;0.725862;0.3139;0.5293;-0.7882;4.076559;8.582794;-0.357693;0.3139;0.5293;-0.7882;5.151382;9.558905;0.725862;0.5567;0.7639;-0.3265;3.321511;10.992539;0.959957;0.5567;0.7639;-0.3265;5.32552;10.317694;2.797698;0.5567;0.7639;-0.3265;5.151382;9.558905;0.725862;0.9455;0.272;-0.1791;5.32552;10.317694;2.797698;0.9455;0.272;-0.1791;5.947758;7.539475;1.863722;0.9455;0.272;-0.1791;5.151382;9.558905;0.725862;0.7432;-0.0811;-0.6641;5.947758;7.539475;1.863722;0.7432;-0.0811;-0.6641;4.076559;8.582794;-0.357693;0.7432;-0.0811;-0.6641;3.321511;10.992539;0.959957;-0.2869;0.3888;-0.8755;4.076559;8.582794;-0.357693;-0.2869;0.3888;-0.8755;1.448914;9.032848;0.703158;-0.2869;0.3888;-0.8755;5.32552;10.317694;2.797698;0.2938;0.9554;0.0304;3.321511;10.992539;0.959957;0.2938;0.9554;0.0304;3.047883;11.025903;2.553334;0.2938;0.9554;0.0304;4.076559;8.582794;-0.357693;-0.2063;-0.941;-0.2682;5.947758;7.539475;1.863722;-0.2063;-0.941;-0.2682;4.600663;7.418046;3.326402;-0.2063;-0.941;-0.2682;5.947758;7.539475;1.863722;0.7367;-0.0614;0.6734;5.32552;10.317694;2.797698;0.7367;-0.0614;0.6734;4.600663;7.418046;3.326402;0.7367;-0.0614;0.6734;4.076559;8.582794;-0.357693;-0.2629;-0.9301;-0.2566;4.600663;7.418046;3.326402;-0.2629;-0.9301;-0.2566;1.448914;9.032848;0.703158;-0.2629;-0.9301;-0.2566;3.321511;10.992539;0.959957;-0.7136;0.6942;-0.0942;1.448914;9.032848;0.703158;-0.7136;0.6942;-0.0942;1.940362;9.926013;3.563356;-0.7136;0.6942;-0.0942;3.047883;11.025903;2.553334;-0.7603;0.6335;-0.1438;3.321511;10.992539;0.959957;-0.7603;0.6335;-0.1438;1.940362;9.926013;3.563356;-0.7603;0.6335;-0.1438;5.32552;10.317694;2.797698;0.1063;0.6123;0.7834;3.047883;11.025903;2.553334;0.1063;0.6123;0.7834;1.940362;9.926013;3.563356;0.1063;0.6123;0.7834;4.600663;7.418046;3.326402;0.205;0.1257;0.9707;5.32552;10.317694;2.797698;0.205;0.1257;0.9707;1.940362;9.926013;3.563356;0.205;0.1257;0.9707;1.448914;9.032848;0.703158;-0.6324;-0.7018;0.3278;4.600663;7.418046;3.326402;-0.6324;-0.7018;0.3278;1.940362;9.926013;3.563356;-0.6324;-0.7018;0.3278;0.913482;5.820483;-2.178771;0.5224;-0.4118;0.7466;0.712454;8.291388;-0.675364;0.5224;-0.4118;0.7466;-2.045645;7.384968;0.75464;0.5224;-0.4118;0.7466;0.913482;5.820483;-2.178771;-0.077;-0.9099;0.4076;-2.045645;7.384968;0.75464;-0.077;-0.9099;0.4076;-4.160058;6.880309;-0.77169;-0.077;-0.9099;0.4076;0.712454;8.291388;-0.675364;0.799;0.3587;-0.4826;0.913482;5.820483;-2.178771;0.799;0.3587;-0.4826;-1.475016;8.125754;-4.420133;0.799;0.3587;-0.4826;-2.045645;7.384968;0.75464;0.0686;0.7775;0.6251;0.712454;8.291388;-0.675364;0.0686;0.7775;0.6251;-2.398641;9.013452;-1.232065;0.0686;0.7775;0.6251;0.913482;5.820483;-2.178771;-0.1571;-0.9734;0.1667;-4.160058;6.880309;-0.77169;-0.1571;-0.9734;0.1667;-3.420457;6.242742;-3.797731;-0.1571;-0.9734;0.1667;0.913482;5.820483;-2.178771;0.2516;-0.528;-0.8111;-3.420457;6.242742;-3.797731;0.2516;-0.528;-0.8111;-1.475016;8.125754;-4.420133;0.2516;-0.528;-0.8111;-2.045645;7.384968;0.75464;-0.5608;0.5887;0.5822;-2.398641;9.013452;-1.232065;-0.5608;0.5887;0.5822;-4.160058;6.880309;-0.77169;-0.5608;0.5887;0.5822;-3.420457;6.242742;-3.797731;-0.9543;0.1417;-0.2631;-4.160058;6.880309;-0.77169;-0.9543;0.1417;-0.2631;-3.279424;8.715548;-2.977413;-0.9543;0.1417;-0.2631;-1.475016;8.125754;-4.420133;-0.5368;0.2931;-0.7912;-3.420457;6.242742;-3.797731;-0.5368;0.2931;-0.7912;-3.279424;8.715548;-2.977413;-0.5368;0.2931;-0.7912;0.712454;8.291388;-0.675364;0.1925;0.9689;-0.1553;-1.475016;8.125754;-4.420133;0.1925;0.9689;-0.1553;-3.279424;8.715548;-2.977413;0.1925;0.9689;-0.1553;-4.160058;6.880309;-0.77169;-0.7188;0.6479;0.2521;-2.398641;9.013452;-1.232065;-0.7188;0.6479;0.2521;-3.279424;8.715548;-2.977413;-0.7188;0.6479;0.2521;0.712454;8.291388;-0.675364;0.2654;0.9192;-0.2908;-3.279424;8.715548;-2.977413;0.2654;0.9192;-0.2908;-2.398641;9.013452;-1.232065;0.2654;0.9192;-0.2908;2.769305;8.732663;-0.364095;0.4046;-0.1364;0.9043;7.14814;10.481952;-2.059417;0.4046;-0.1364;0.9043;3.922586;10.947505;-0.546068;0.4046;-0.1364;0.9043;6.69409;6.717611;-1.360148;-0.3537;-0.9203;0.167;-0.640175;9.048499;-4.050415;-0.3537;-0.9203;0.167;2.814914;7.432084;-5.640316;-0.3537;-0.9203;0.167;6.69409;6.717611;-1.360148;0.416;-0.7573;-0.5035;2.814914;7.432084;-5.640316;0.416;-0.7573;-0.5035;5.987932;8.864893;-5.173407;0.416;-0.7573;-0.5035;2.769305;8.732663;-0.364095;-0.6573;0.395;0.6418;3.922586;10.947505;-0.546068;-0.6573;0.395;0.6418;-0.640175;9.048499;-4.050415;-0.6573;0.395;0.6418;2.814914;7.432084;-5.640316;-0.5327;-0.411;-0.7398;-0.640175;9.048499;-4.050415;-0.5327;-0.411;-0.7398;1.378583;10.716262;-6.430593;-0.5327;-0.411;-0.7398;5.987932;8.864893;-5.173407;0.2068;-0.1425;-0.968;2.814914;7.432084;-5.640316;0.2068;-0.1425;-0.968;1.378583;10.716262;-6.430593;0.2068;-0.1425;-0.968;7.14814;10.481952;-2.059417;0.4364;0.7217;-0.5374;5.987932;8.864893;-5.173407;0.4364;0.7217;-0.5374;1.378583;10.716262;-6.430593;0.4364;0.7217;-0.5374;7.14814;10.481952;-2.059417;0.2133;0.9641;0.1579;2.238976;11.73583;-3.085155;0.2133;0.9641;0.1579;3.922586;10.947505;-0.546068;0.2133;0.9641;0.1579;-0.640175;9.048499;-4.050415;-0.672;0.7387;-0.0523;2.238976;11.73583;-3.085155;-0.672;0.7387;-0.0523;1.378583;10.716262;-6.430593;-0.672;0.7387;-0.0523;7.14814;10.481952;-2.059417;0.2996;0.8884;-0.3478;1.378583;10.716262;-6.430593;0.2996;0.8884;-0.3478;2.238976;11.73583;-3.085155;0.2996;0.8884;-0.3478;-0.640175;9.048499;-4.050415;-0.6503;0.4875;0.5826;3.922586;10.947505;-0.546068;-0.6503;0.4875;0.5826;2.238976;11.73583;-3.085155;-0.6503;0.4875;0.5826
-11.533061;-0.083986;-11.878707;14.59585;20.407803;10.480206;1.6666666;0;extraBounds;2;-9.834233;8.085473;-11.060825;13.180697;19.111317;9.370186;-0.883309;-0.164928;-0.938618;1.116691;9.681238;1.061382
384;2
138;0.50272644;0.3543129;0.3099261;0.01
0.030432;1.53008;0.615652;0.9889;-0.106;0.1041;0.921149;9.622662;0.395044;0.9889;-0.106;0.1041;0.839919;9.667584;1.212745;0.9889;-0.106;0.1041;-0.048568;-0.083986;-1.274351;0.6388;0.3292;-0.6954;0.709671;1.021024;-0.054617;0.6388;0.3292;-0.6954;1.255373;-0.083986;-0.076496;0.6388;0.3292;-0.6954;0.709671;1.021024;-0.054617;0.695;0.3306;0.6385;0.057517;-0.083986;1.227444;0.695;0.3306;0.6385;1.255373;-0.083986;-0.076496;0.695;0.3306;0.6385;0.057517;-0.083986;1.227444;-0.6436;0.3082;0.7006;-0.700721;1.105369;0.00771;-0.6436;0.3082;0.7006;-1.246423;-0.083986;0.029589;-0.6436;0.3082;0.7006;-0.048568;-0.083986;-1.274351;-0.7698;0.2226;-0.5981;-0.700721;1.105369;0.00771;-0.7698;0.2226;-0.5981;-0.109297;1.606509;-0.566967;-0.7698;0.2226;-0.5981;0.839919;9.667584;1.212745;0.6983;-0.7075;0.1082;0.921149;9.622662;0.395044;0.6983;-0.7075;0.1082;7.743735;16.78044;3.164784;0.6983;-0.7075;0.1082;0.709671;1.021024;-0.054617;0.5456;0.0304;-0.8375;-0.109297;1.606509;-0.566967;0.5456;0.0304;-0.8375;0.921149;9.622662;0.395044;0.5456;0.0304;-0.8375;0.030432;1.53008;0.615652;-0.6449;0.0164;0.7641;0.32118;9.978441;0.679911;-0.6449;0.0164;0.7641;-0.700721;1.105369;0.00771;-0.6449;0.0164;0.7641;-0.109297;1.606509;-0.566967;-0.3469;0.1556;-0.9249;0.32118;9.978441;0.679911;-0.3469;0.1556;-0.9249;0.921149;9.622662;0.395044;-0.3469;0.1556;-0.9249;0.32118;9.978441;0.679911;-0.5653;0.3428;0.7503;0.839919;9.667584;1.212745;-0.5653;0.3428;0.7503;7.743735;16.78044;3.164784;-0.5653;0.3428;0.7503;0.921149;9.622662;0.395044;-0.1368;0.4682;-0.873;0.32118;9.978441;0.679911;-0.1368;0.4682;-0.873;7.743735;16.78044;3.164784;-0.1368;0.4682;-0.873;-3.774675;7.374569;-0.61787;-0.5355;0.2366;-0.8108;-4.125054;6.88588;-0.529051;-0.5355;0.2366;-0.8108;-7.466575;15.144728;4.087415;-0.5355;0.2366;-0.8108;-4.125054;6.88588;-0.529051;-0.0586;-0.2656;-0.9623;0.418741;4.211431;-0.067422;-0.0586;-0.2656;-0.9623;0.200587;3.786111;0.063237;-0.0586;-0.2656;-0.9623;-3.955424;7.147612;-0.083743;0.9014;0.1937;0.3873;-3.774675;7.374569;-0.61787;0.9014;0.1937;0.3873;-7.466575;15.144728;4.087415;0.9014;0.1937;0.3873;0.418741;4.211431;-0.067422;0.5856;0.7075;-0.3956;-3.774675;7.374569;-0.61787;0.5856;0.7075;-0.3956;0.369582;4.447568;0.282101;0.5856;0.7075;-0.3956;-4.125054;6.88588;-0.529051;-0.6092;-0.5602;0.5613;-3.955424;7.147612;-0.083743;-0.6092;-0.5602;0.5613;-7.466575;15.144728;4.087415;-0.6092;-0.5602;0.5613;0.369582;4.447568;0.282101;0.1968;0.4343;0.879;-3.955424;7.147612;-0.083743;0.1968;0.4343;0.879;0.151428;4.022247;0.541115;0.1968;0.4343;0.879;-3.955424;7.147612;-0.083743;-0.606;-0.7361;0.3014;0.200587;3.786111;0.063237;-0.606;-0.7361;0.3014;0.151428;4.022247;0.541115;-0.606;-0.7361;0.3014;0.184671;6.051491;0.160669;-0.2429;-0.7789;-0.5782;3.648969;7.855852;-3.725007;-0.2429;-0.7789;-0.5782;0.401828;5.736897;0.493244;-0.2429;-0.7789;-0.5782;3.648969;7.855852;-3.725007;0.8121;-0.1002;0.5748;0.506801;6.366086;0.454651;0.8121;-0.1002;0.5748;0.401828;5.736897;0.493244;0.8121;-0.1002;0.5748;3.17267;8.081526;-3.930862;-0.7415;0.6675;0.0686;3.418107;8.307199;-3.473698;-0.7415;0.6675;0.0686;10.470268;16.395025;-5.939921;-0.7415;0.6675;0.0686;3.418107;8.307199;-3.473698;-0.6449;0.7572;-0.1037;0.184671;6.051491;0.160669;-0.6449;0.7572;-0.1037;0.506801;6.366086;0.454651;-0.6449;0.7572;-0.1037;3.418107;8.307199;-3.473698;0.5182;-0.1982;0.832;3.648969;7.855852;-3.725007;0.5182;-0.1982;0.832;10.470268;16.395025;-5.939921;0.5182;-0.1982;0.832;3.648969;7.855852;-3.725007;0.2013;-0.3935;-0.897;3.17267;8.081526;-3.930862;0.2013;-0.3935;-0.897;10.470268;16.395025;-5.939921;0.2013;-0.3935;-0.897;0.57323;8.63832;0.871646;-0.85;-0.4491;0.2753;-1.094541;14.912276;5.956758;-0.85;-0.4491;0.2753;0.266636;9.033157;0.569141;-0.85;-0.4491;0.2753;0.266636;9.033157;0.569141;-0.0561;0.6675;-0.7425;-1.094541;14.912276;5.956758;-0.0561;0.6675;-0.7425;0.786157;9.105847;0.595237;-0.0561;0.6675;-0.7425;0.786157;9.105847;0.595237;0.8813;-0.1333;0.4535;-1.094541;14.912276;5.956758;0.8813;-0.1333;0.4535;0.57323;8.63832;0.871646;0.8813;-0.1333;0.4535;3.186692;8.0279;-3.311026;0.7815;0.5036;0.3683;-0.153862;16.090612;-7.246992;0.7815;0.5036;0.3683;3.007465;8.03477;-2.940143;0.7815;0.5036;0.3683;3.007465;8.03477;-2.940143;-0.9287;-0.1962;0.3147;-0.153862;16.090612;-7.246992;-0.9287;-0.1962;0.3147;2.98276;7.702624;-3.22015;-0.9287;-0.1962;0.3147;2.98276;7.702624;-3.22015;0.1827;-0.3691;-0.9112;-0.153862;16.090612;-7.246992;0.1827;-0.3691;-0.9112;3.186692;8.0279;-3.311026;0.1827;-0.3691;-0.9112;-4.125054;6.88588;-0.529051;0.9248;-0.3515;-0.1457;-1.760992;14.530663;-3.970446;0.9248;-0.3515;-0.1457;-3.955424;7.147612;-0.083743;0.9248;-0.3515;-0.1457;-3.955424;7.147612;-0.083743;-0.071;0.4811;0.8738;-1.760992;14.530663;-3.970446;-0.071;0.4811;0.8738;-4.284347;7.348434;-0.221033;-0.071;0.4811;0.8738;-4.284347;7.348434;-0.221033;-0.8622;0.0393;-0.505;-1.760992;14.530663;-3.970446;-0.8622;0.0393;-0.505;-4.125054;6.88588;-0.529051;-0.8622;0.0393;-0.505;0.030432;1.53008;0.615652;0.6802;-0.0549;0.731;0.709671;1.021024;-0.054617;0.6802;-0.0549;0.731;0.921149;9.622662;0.395044;0.6802;-0.0549;0.731;-0.048568;-0.083986;-1.274351;0.6541;0.3119;-0.6891;-0.109297;1.606509;-0.566967;0.6541;0.3119;-0.6891;0.709671;1.021024;-0.054617;0.6541;0.3119;-0.6891;0.709671;1.021024;-0.054617;0.7668;0.2387;0.5958;0.030432;1.53008;0.615652;0.7668;0.2387;0.5958;0.057517;-0.083986;1.227444;0.7668;0.2387;0.5958;0.057517;-0.083986;1.227444;-0.6997;0.2429;0.6718;0.030432;1.53008;0.615652;-0.6997;0.2429;0.6718;-0.700721;1.105369;0.00771;-0.6997;0.2429;0.6718;-0.048568;-0.083986;-1.274351;-0.7003;0.3095;-0.6433;-1.246423;-0.083986;0.029589;-0.7003;0.3095;-0.6433;-0.700721;1.105369;0.00771;-0.7003;0.3095;-0.6433;0.030432;1.53008;0.615652;-0.7108;0.0191;0.7031;0.839919;9.667584;1.212745;-0.7108;0.0191;0.7031;0.32118;9.978441;0.679911;-0.7108;0.0191;0.7031;-0.109297;1.606509;-0.566967;-0.7471;0.1353;-0.6508;-0.700721;1.105369;0.00771;-0.7471;0.1353;-0.6508;0.32118;9.978441;0.679911;-0.7471;0.1353;-0.6508;-4.125054;6.88588;-0.529051;-0.0037;-0.1762;-0.9843;-3.774675;7.374569;-0.61787;-0.0037;-0.1762;-0.9843;0.418741;4.211431;-0.067422;-0.0037;-0.1762;-0.9843;0.369582;4.447568;0.282101;0.4374;0.7648;0.473;-3.774675;7.374569;-0.61787;0.4374;0.7648;0.473;-3.955424;7.147612;-0.083743;0.4374;0.7648;0.473;-3.955424;7.147612;-0.083743;-0.5285;-0.6285;0.5707;-4.125054;6.88588;-0.529051;-0.5285;-0.6285;0.5707;0.200587;3.786111;0.063237;-0.5285;-0.6285;0.5707;0.184671;6.051491;0.160669;-0.1638;-0.8308;-0.5318;3.17267;8.081526;-3.930862;-0.1638;-0.8308;-0.5318;3.648969;7.855852;-3.725007;-0.1638;-0.8308;-0.5318;3.648969;7.855852;-3.725007;0.7873;0.061;0.6136;3.418107;8.307199;-3.473698;0.7873;0.061;0.6136;0.506801;6.366086;0.454651;0.7873;0.061;0.6136;3.418107;8.307199;-3.473698;-0.6145;0.7867;-0.0584;3.17267;8.081526;-3.930862;-0.6145;0.7867;-0.0584;0.184671;6.051491;0.160669;-0.6145;0.7867;-0.0584
246;-1.0;0.0;0.0;0.03
-9.631847;10.007149;1.408802;0.2096;-0.7664;-0.6072;-3.886824;11.79027;1.141366;0.2096;-0.7664;-0.6072;-5.85077;7.056351;6.438219;0.2096;-0.7664;-0.6072;-3.886824;11.79027;1.141366;0.0713;-0.3687;-0.9268;-9.631847;10.007149;1.408802;0.0713;-0.3687;-0.9268;-4.950636;15.564229;-0.442038;0.0713;-0.3687;-0.9268;-9.631847;10.007149;1.408802;-0.6075;-0.7943;-0.0093;-5.85077;7.056351;6.438219;-0.6075;-0.7943;-0.0093;-8.677774;9.192717;8.638593;-0.6075;-0.7943;-0.0093;-9.631847;10.007149;1.408802;-0.8773;-0.4759;0.0622;-8.677774;9.192717;8.638593;-0.8773;-0.4759;0.0622;-11.533061;13.824379;3.799985;-0.8773;-0.4759;0.0622;-9.631847;10.007149;1.408802;-0.5685;0.2144;-0.7942;-11.533061;13.824379;3.799985;-0.5685;0.2144;-0.7942;-4.950636;15.564229;-0.442038;-0.5685;0.2144;-0.7942;-3.886824;11.79027;1.141366;0.4412;-0.2386;-0.8651;-4.950636;15.564229;-0.442038;0.4412;-0.2386;-0.8651;0.739827;15.992977;2.341511;0.4412;-0.2386;-0.8651;-5.85077;7.056351;6.438219;0.491;-0.7321;-0.4722;-3.886824;11.79027;1.141366;0.491;-0.7321;-0.4722;0.041858;11.11676;6.271064;0.491;-0.7321;-0.4722;-8.677774;9.192717;8.638593;0.2088;-0.5538;0.806;-5.85077;7.056351;6.438219;0.2088;-0.5538;0.806;-2.454635;14.219454;10.480206;0.2088;-0.5538;0.806;-11.533061;13.824379;3.799985;-0.7896;0.1379;0.5979;-8.677774;9.192717;8.638593;-0.7896;0.1379;0.5979;-6.723745;14.251907;10.052307;-0.7896;0.1379;0.5979;-4.950636;15.564229;-0.442038;-0.5328;0.6253;-0.5703;-11.533061;13.824379;3.799985;-0.5328;0.6253;-0.5703;-6.425478;18.682325;4.354636;-0.5328;0.6253;-0.5703;-3.886824;11.79027;1.141366;0.6333;-0.5385;-0.5558;0.739827;15.992977;2.341511;0.6333;-0.5385;-0.5558;0.041858;11.11676;6.271064;0.6333;-0.5385;-0.5558;-5.85077;7.056351;6.438219;0.4255;-0.5893;0.6868;0.041858;11.11676;6.271064;0.4255;-0.5893;0.6868;-2.454635;14.219454;10.480206;0.4255;-0.5893;0.6868;-8.677774;9.192717;8.638593;-0.0988;-0.2322;0.9676;-2.454635;14.219454;10.480206;-0.0988;-0.2322;0.9676;-6.723745;14.251907;10.052307;-0.0988;-0.2322;0.9676;-11.533061;13.824379;3.799985;-0.6406;0.6221;0.4502;-6.723745;14.251907;10.052307;-0.6406;0.6221;0.4502;-6.425478;18.682325;4.354636;-0.6406;0.6221;0.4502;-4.950636;15.564229;-0.442038;0.1791;0.8491;-0.4969;-6.425478;18.682325;4.354636;0.1791;0.8491;-0.4969;0.739827;15.992977;2.341511;0.1791;0.8491;-0.4969;0.739827;15.992977;2.341511;0.0302;0.6494;-0.7599;-6.425478;18.682325;4.354636;0.0302;0.6494;-0.7599;0.044628;19.58792;5.386077;0.0302;0.6494;-0.7599;0.041858;11.11676;6.271064;0.8994;0.1889;0.3942;0.739827;15.992977;2.341511;0.8994;0.1889;0.3942;-2.454635;14.219454;10.480206;0.8994;0.1889;0.3942;-6.425478;18.682325;4.354636;-0.5574;0.6693;0.4913;-6.723745;14.251907;10.052307;-0.5574;0.6693;0.4913;-3.03634;18.243147;8.798298;-0.5574;0.6693;0.4913;6.603281;20.303814;0.153205;-0.343;0.1776;0.9224;-0.843802;19.913385;-2.540722;-0.343;0.1776;0.9224;1.854983;12.57943;-0.125049;-0.343;0.1776;0.9224;0.739827;15.992977;2.341511;0.9331;-0.1095;0.3424;0.044628;19.58792;5.386077;0.9331;-0.1095;0.3424;-2.454635;14.219454;10.480206;0.9331;-0.1095;0.3424;-6.425478;18.682325;4.354636;-0.1701;0.9595;0.2246;-3.03634;18.243147;8.798298;-0.1701;0.9595;0.2246;0.044628;19.58792;5.386077;-0.1701;0.9595;0.2246;-6.723745;14.251907;10.052307;-0.0897;0.373;0.9235;-2.454635;14.219454;10.480206;-0.0897;0.373;0.9235;-3.03634;18.243147;8.798298;-0.0897;0.373;0.9235;6.603281;20.303814;0.153205;0.1114;-0.1041;0.9883;1.854983;12.57943;-0.125049;0.1114;-0.1041;0.9883;6.951015;12.488977;-0.709227;0.1114;-0.1041;0.9883;12.091619;16.934423;1.636011;-0.3259;-0.118;0.938;6.603281;20.303814;0.153205;-0.3259;-0.118;0.938;6.951015;12.488977;-0.709227;-0.3259;-0.118;0.938;0.044628;19.58792;5.386077;0.6073;0.3795;0.6979;-3.03634;18.243147;8.798298;0.6073;0.3795;0.6979;-2.454635;14.219454;10.480206;0.6073;0.3795;0.6979;12.091619;16.934423;1.636011;0.1925;-0.6227;0.7584;6.951015;12.488977;-0.709227;0.1925;-0.6227;0.7584;13.536182;12.401035;-2.452702;0.1925;-0.6227;0.7584;12.091619;16.934423;1.636011;0.9271;-0.0408;0.3727;13.536182;12.401035;-2.452702;0.9271;-0.0408;0.3727;14.59585;18.299553;-4.443454;0.9271;-0.0408;0.3727;12.091619;16.934423;1.636011;0.416;0.8355;0.359;14.59585;18.299553;-4.443454;0.416;0.8355;0.359;6.603281;20.303814;0.153205;0.416;0.8355;0.359;13.536182;12.401035;-2.452702;0.0808;-0.9325;0.3521;6.951015;12.488977;-0.709227;0.0808;-0.9325;0.3521;7.601841;11.406024;-3.726188;0.0808;-0.9325;0.3521;14.59585;18.299553;-4.443454;0.8568;-0.2963;-0.4219;13.536182;12.401035;-2.452702;0.8568;-0.2963;-0.4219;9.429476;13.834573;-11.799409;0.8568;-0.2963;-0.4219;6.603281;20.303814;0.153205;0.2067;0.9762;-0.0662;14.59585;18.299553;-4.443454;0.2067;0.9762;-0.0662;8.419129;19.271826;-9.39366;0.2067;0.9762;-0.0662;6.951015;12.488977;-0.709227;0.0225;-0.9394;0.3421;1.854983;12.57943;-0.125049;0.0225;-0.9394;0.3421;7.601841;11.406024;-3.726188;0.0225;-0.9394;0.3421;13.536182;12.401035;-2.452702;0.21;-0.9484;-0.2377;7.601841;11.406024;-3.726188;0.21;-0.9484;-0.2377;9.429476;13.834573;-11.799409;0.21;-0.9484;-0.2377;14.59585;18.299553;-4.443454;0.6083;0.4129;-0.6779;9.429476;13.834573;-11.799409;0.6083;0.4129;-0.6779;8.419129;19.271826;-9.39366;0.6083;0.4129;-0.6779;6.603281;20.303814;0.153205;-0.0124;0.9939;-0.1098;8.419129;19.271826;-9.39366;-0.0124;0.9939;-0.1098;-0.843802;19.913385;-2.540722;-0.0124;0.9939;-0.1098;-0.843802;19.913385;-2.540722;-0.1245;0.9581;-0.258;8.419129;19.271826;-9.39366;-0.1245;0.9581;-0.258;0.082044;17.916368;-10.404088;-0.1245;0.9581;-0.258;1.854983;12.57943;-0.125049;-0.8615;-0.1581;0.4824;-0.843802;19.913385;-2.540722;-0.8615;-0.1581;0.4824;-3.50219;14.184237;-9.165944;-0.8615;-0.1581;0.4824;8.419129;19.271826;-9.39366;-0.0649;0.3937;-0.917;9.429476;13.834573;-11.799409;-0.0649;0.3937;-0.917;3.212922;12.624355;-11.878707;-0.0649;0.3937;-0.917;9.429476;13.834573;-11.799409;0.4009;-0.8984;-0.1795;7.601841;11.406024;-3.726188;0.4009;-0.8984;-0.1795;1.361917;9.72998;-9.276252;0.4009;-0.8984;-0.1795;7.601841;11.406024;-3.726188;-0.1306;-0.985;0.1126;1.854983;12.57943;-0.125049;-0.1306;-0.985;0.1126;-1.169291;12.221894;-6.761236;-0.1306;-0.985;0.1126;1.361917;9.72998;-9.276252;-0.2599;-0.8039;0.535;7.601841;11.406024;-3.726188;-0.2599;-0.8039;0.535;-1.169291;12.221894;-6.761236;-0.2599;-0.8039;0.535;1.854983;12.57943;-0.125049;-0.7937;-0.4693;0.387;-3.50219;14.184237;-9.165944;-0.7937;-0.4693;0.387;-1.169291;12.221894;-6.761236;-0.7937;-0.4693;0.387;-0.843802;19.913385;-2.540722;-0.7386;0.6276;-0.2463;0.082044;17.916368;-10.404088;-0.7386;0.6276;-0.2463;-3.50219;14.184237;-9.165944;-0.7386;0.6276;-0.2463;8.419129;19.271826;-9.39366;0.0658;0.3038;-0.9505;3.212922;12.624355;-11.878707;0.0658;0.3038;-0.9505;0.082044;17.916368;-10.404088;0.0658;0.3038;-0.9505;9.429476;13.834573;-11.799409;0.1473;-0.7118;-0.6868;1.361917;9.72998;-9.276252;0.1473;-0.7118;-0.6868;3.212922;12.624355;-11.878707;0.1473;-0.7118;-0.6868;3.212922;12.624355;-11.878707;-0.4224;-0.4416;-0.7916;1.361917;9.72998;-9.276252;-0.4224;-0.4416;-0.7916;-3.50219;14.184237;-9.165944;-0.4224;-0.4416;-0.7916;1.361917;9.72998;-9.276252;-0.6738;-0.7371;0.0522;-1.169291;12.221894;-6.761236;-0.6738;-0.7371;0.0522;-3.50219;14.184237;-9.165944;-0.6738;-0.7371;0.0522;0.082044;17.916368;-10.404088;-0.3657;0.0427;-0.9298;3.212922;12.624355;-11.878707;-0.3657;0.0427;-0.9298;-3.50219;14.184237;-9.165944;-0.3657;0.0427;-0.9298;1.427599;20.407803;2.682949;0.2479;0.9467;-0.2056;6.085525;19.396242;3.641845;0.2479;0.9467;-0.2056;6.808392;18.427986;0.055917;0.2479;0.9467;-0.2056;6.085525;19.396242;3.641845;0.0789;0.8527;0.5164;1.427599;20.407803;2.682949;0.0789;0.8527;0.5164;6.285073;16.565483;8.28576;0.0789;0.8527;0.5164;6.085525;19.396242;3.641845;0.5359;0.7309;0.4225;6.285073;16.565483;8.28576;0.5359;0.7309;0.4225;11.497742;15.064884;4.26966;0.5359;0.7309;0.4225;6.085525;19.396242;3.641845;0.6285;0.7734;-0.0821;11.497742;15.064884;4.26966;0.6285;0.7734;-0.0821;6.808392;18.427986;0.055917;0.6285;0.7734;-0.0821;1.427599;20.407803;2.682949;-0.302;0.3537;-0.8852;6.808392;18.427986;0.055917;-0.302;0.3537;-0.8852;2.355181;13.820234;-0.26591;-0.302;0.3537;-0.8852;6.285073;16.565483;8.28576;-0.1279;0.7627;0.6339;1.427599;20.407803;2.682949;-0.1279;0.7627;0.6339;0.977394;16.750664;6.992461;-0.1279;0.7627;0.6339;6.808392;18.427986;0.055917;0.1758;-0.6647;-0.7261;11.497742;15.064884;4.26966;0.1758;-0.6647;-0.7261;8.697321;12.254942;6.164003;0.1758;-0.6647;-0.7261;1.427599;20.407803;2.682949;-0.1891;0.3789;-0.9059;2.355181;13.820234;-0.26591;-0.1891;0.3789;-0.9059;-0.205099;18.65978;2.292605;-0.1891;0.3789;-0.9059;1.427599;20.407803;2.682949;-0.7102;0.5716;0.4109;-0.205099;18.65978;2.292605;-0.7102;0.5716;0.4109;0.977394;16.750664;6.992461;-0.7102;0.5716;0.4109;11.497742;15.064884;4.26966;0.5987;-0.0582;0.7988;6.285073;16.565483;8.28576;0.5987;-0.0582;0.7988;8.697321;12.254942;6.164003;0.5987;-0.0582;0.7988;6.808392;18.427986;0.055917;0.5571;-0.4917;-0.6692;8.697321;12.254942;6.164003;0.5571;-0.4917;-0.6692;2.355181;13.820234;-0.26591;0.5571;-0.4917;-0.6692;-0.205099;18.65978;2.292605;-0.9021;-0.3307;-0.2772;2.355181;13.820234;-0.26591;-0.9021;-0.3307;-0.2772;1.202329;12.725785;4.790709;-0.9021;-0.3307;-0.2772;0.977394;16.750664;6.992461;-0.9712;-0.1538;0.1819;-0.205099;18.65978;2.292605;-0.9712;-0.1538;0.1819;1.202329;12.725785;4.790709;-0.9712;-0.1538;0.1819;6.285073;16.565483;8.28576;-0.2237;-0.4774;0.8498;0.977394;16.750664;6.992461;-0.2237;-0.4774;0.8498;1.202329;12.725785;4.790709;-0.2237;-0.4774;0.8498;8.697321;12.254942;6.164003;-0.1857;-0.5156;0.8365;6.285073;16.565483;8.28576;-0.1857;-0.5156;0.8365;1.202329;12.725785;4.790709;-0.1857;-0.5156;0.8365;2.355181;13.820234;-0.26591;-0.0217;-0.9761;-0.2162;8.697321;12.254942;6.164003;-0.0217;-0.9761;-0.2162;1.202329;12.725785;4.790709;-0.0217;-0.9761;-0.2162;1.38956;9.700804;-3.518322;-0.2165;-0.9352;0.2804;3.761381;10.105021;-0.338551;-0.2165;-0.9352;0.2804;-3.542319;12.308279;1.370697;-0.2165;-0.9352;0.2804;3.761381;10.105021;-0.338551;0.7974;0.0512;-0.6013;1.38956;9.700804;-3.518322;0.7974;0.0512;-0.6013;1.053768;14.801721;-3.52939;0.7974;0.0512;-0.6013;3.761381;10.105021;-0.338551;0.7858;0.5864;0.1964;1.053768;14.801721;-3.52939;0.7858;0.5864;0.1964;0.73721;13.794216;0.745768;0.7858;0.5864;0.1964;3.761381;10.105021;-0.338551;0.188;-0.132;0.9733;0.73721;13.794216;0.745768;0.188;-0.132;0.9733;-3.542319;12.308279;1.370697;0.188;-0.132;0.9733;1.38956;9.700804;-3.518322;-0.2197;-0.9353;0.2772;-3.542319;12.308279;1.370697;-0.2197;-0.9353;0.2772;-9.160547;12.744967;-1.608102;-0.2197;-0.9353;0.2772;1.053768;14.801721;-3.52939;0.7582;0.0485;-0.6502;1.38956;9.700804;-3.518322;0.7582;0.0485;-0.6502;-2.610142;13.819495;-7.874896;0.7582;0.0485;-0.6502;-3.542319;12.308279;1.370697;-0.1428;0.704;0.6957;0.73721;13.794216;0.745768;-0.1428;0.704;0.6957;-1.85652;15.456559;-1.468774;-0.1428;0.704;0.6957;1.38956;9.700804;-3.518322;-0.2091;-0.9245;0.3186;-9.160547;12.744967;-1.608102;-0.2091;-0.9245;0.3186;-5.833671;10.40457;-6.216588;-0.2091;-0.9245;0.3186;1.38956;9.700804;-3.518322;0.2306;-0.5925;-0.7719;-5.833671;10.40457;-6.216588;0.2306;-0.5925;-0.7719;-2.610142;13.819495;-7.874896;0.2306;-0.5925;-0.7719;0.73721;13.794216;0.745768;0.3711;0.8973;0.2389;1.053768;14.801721;-3.52939;0.3711;0.8973;0.2389;-1.85652;15.456559;-1.468774;0.3711;0.8973;0.2389;-3.542319;12.308279;1.370697;-0.2799;0.7213;0.6336;-1.85652;15.456559;-1.468774;-0.2799;0.7213;0.6336;-9.160547;12.744967;-1.608102;-0.2799;0.7213;0.6336;-5.833671;10.40457;-6.216588;-0.8252;-0.4119;-0.3865;-9.160547;12.744967;-1.608102;-0.8252;-0.4119;-0.3865;-8.207344;14.677312;-5.702209;-0.8252;-0.4119;-0.3865;-2.610142;13.819495;-7.874896;-0.373;-0.0961;-0.9229;-5.833671;10.40457;-6.216588;-0.373;-0.0961;-0.9229;-8.207344;14.677312;-5.702209;-0.373;-0.0961;-0.9229;1.053768;14.801721;-3.52939;0.0476;0.9649;-0.2583;-2.610142;13.819495;-7.874896;0.0476;0.9649;-0.2583;-8.207344;14.677312;-5.702209;0.0476;0.9649;-0.2583;1.053768;14.801721;-3.52939;0.2154;0.9765;-0.0061;-5.459803;16.238768;-3.474963;0.2154;0.9765;-0.0061;-1.85652;15.456559;-1.468774;0.2154;0.9765;-0.0061;-9.160547;12.744967;-1.608102;-0.6097;0.7621;0.2178;-5.459803;16.238768;-3.474963;-0.6097;0.7621;0.2178;-8.207344;14.677312;-5.702209;-0.6097;0.7621;0.2178;1.053768;14.801721;-3.52939;0.1513;0.7119;-0.6858;-8.207344;14.677312;-5.702209;0.1513;0.7119;-0.6858;-5.459803;16.238768;-3.474963;0.1513;0.7119;-0.6858;-9.160547;12.744967;-1.608102;-0.2557;0.6522;0.7136;-1.85652;15.456559;-1.468774;-0.2557;0.6522;0.7136;-5.459803;16.238768;-3.474963;-0.2557;0.6522;0.7136
-5.358986;9.336123;-3.932079;12.845519;12.484499;1.4E-45;1;1
60;1
60;0.5855657;0.454212;0.5629646;0.03
-4.548417;10.719288;-2.990417;-0.4415;0.86;0.256;-4.187603;11.131371;-3.752406;-0.4415;0.86;0.256;-5.358986;10.583502;-3.932079;-0.4415;0.86;0.256;-5.358986;10.583502;-3.932079;0.0508;0.2115;-0.9761;-4.187603;11.131371;-3.752406;0.0508;0.2115;-0.9761;-4.050086;10.323364;-3.920371;0.0508;0.2115;-0.9761;-4.050086;10.323364;-3.920371;0.8899;0.0574;0.4524;-4.187603;11.131371;-3.752406;0.8899;0.0574;0.4524;-4.548417;10.719288;-2.990417;0.8899;0.0574;0.4524;-4.050086;10.323364;-3.920371;0.8666;0.0194;0.4986;-4.598845;9.936629;-2.951602;0.8666;0.0194;0.4986;-4.034908;9.336123;-3.908266;0.8666;0.0194;0.4986;-4.050086;10.323364;-3.920371;5.0E-4;-0.0424;-0.9991;-5.169937;9.68524;-3.893883;5.0E-4;-0.0424;-0.9991;-5.358986;10.583502;-3.932079;5.0E-4;-0.0424;-0.9991;-5.358986;10.583502;-3.932079;-0.7611;0.081;0.6435;-4.598845;9.936629;-2.951602;-0.7611;0.081;0.6435;-4.548417;10.719288;-2.990417;-0.7611;0.081;0.6435;-5.169937;9.68524;-3.893883;-0.0165;-0.0125;-0.9998;-4.050086;10.323364;-3.920371;-0.0165;-0.0125;-0.9998;-4.034908;9.336123;-3.908266;-0.0165;-0.0125;-0.9998;-4.598845;9.936629;-2.951602;-0.2654;-0.8793;0.3955;-5.169937;9.68524;-3.893883;-0.2654;-0.8793;0.3955;-4.034908;9.336123;-3.908266;-0.2654;-0.8793;0.3955;-4.548417;10.719288;-2.990417;0.8751;-0.0324;0.4828;-4.598845;9.936629;-2.951602;0.8751;-0.0324;0.4828;-4.050086;10.323364;-3.920371;0.8751;-0.0324;0.4828;-5.358986;10.583502;-3.932079;-0.827;-0.151;0.5415;-5.169937;9.68524;-3.893883;-0.827;-0.151;0.5415;-4.598845;9.936629;-2.951602;-0.827;-0.151;0.5415;12.819294;12.017676;-2.823817;0.1222;0.86;0.4955;12.104992;12.484499;-3.457824;0.1222;0.86;0.4955;11.53818;11.863853;-2.240847;0.1222;0.86;0.4955;11.53818;11.863853;-2.240847;-0.9228;0.2115;-0.3219;12.104992;12.484499;-3.457824;-0.9228;0.2115;-0.3219;11.965921;11.569161;-3.660638;-0.9228;0.2115;-0.3219;11.965921;11.569161;-3.660638;0.6834;0.0574;-0.7277;12.104992;12.484499;-3.457824;0.6834;0.0574;-0.7277;12.819294;12.017676;-2.823817;0.6834;0.0574;-0.7277;11.965921;11.569161;-3.660638;0.7213;0.0194;-0.6924;12.845519;11.131055;-2.756669;0.7213;0.0194;-0.6924;11.983899;10.450783;-3.673306;0.7213;0.0194;-0.6924;11.965921;11.569161;-3.660638;-0.959;-0.0424;-0.2801;11.639662;10.846274;-2.434338;-0.959;-0.0424;-0.2801;11.53818;11.863853;-2.240847;-0.959;-0.0424;-0.2801;11.53818;11.863853;-2.240847;0.4048;0.081;0.9108;12.845519;11.131055;-2.756669;0.4048;0.081;0.9108;12.819294;12.017676;-2.823817;0.4048;0.081;0.9108;11.639662;10.846274;-2.434338;-0.9644;-0.0125;-0.264;11.965921;11.569161;-3.660638;-0.9644;-0.0125;-0.264;11.983899;10.450783;-3.673306;-0.9644;-0.0125;-0.264;12.845519;11.131055;-2.756669;0.3054;-0.8793;0.3655;11.639662;10.846274;-2.434338;0.3054;-0.8793;0.3655;11.983899;10.450783;-3.673306;0.3054;-0.8793;0.3655;12.819294;12.017676;-2.823817;0.7084;-0.0324;-0.705;12.845519;11.131055;-2.756669;0.7084;-0.0324;-0.705;11.965921;11.569161;-3.660638;0.7084;-0.0324;-0.705;11.53818;11.863853;-2.240847;0.2884;-0.151;0.9455;11.639662;10.846274;-2.434338;0.2884;-0.151;0.9455;12.845519;11.131055;-2.756669;0.2884;-0.151;0.9455
-11.776196;5.875159;-11.770359;5.380796;13.143209;7.111311;1;1
120;1
120;0.5855657;0.454212;0.5629646;0.03
-4.742142;7.234362;6.052576;0.3882;0.86;0.3313;-5.566197;7.639307;5.966955;0.3882;0.86;0.3313;-5.350255;7.100928;7.111311;0.3882;0.86;0.3313;-5.350255;7.100928;7.111311;-0.9375;0.2115;0.2764;-5.566197;7.639307;5.966955;-0.9375;0.2115;0.2764;-5.766776;6.845297;5.894341;-0.9375;0.2115;0.2764;-5.766776;6.845297;5.894341;0.131;0.0574;-0.9897;-5.566197;7.639307;5.966955;0.131;0.0574;-0.9897;-4.742142;7.234362;6.052576;0.131;0.0574;-0.9897;-5.766776;6.845297;5.894341;0.1824;0.0194;-0.983;-4.689702;6.465261;6.086641;0.1824;0.0194;-0.983;-5.760512;5.875159;5.87632;0.1824;0.0194;-0.983;-5.766776;6.845297;5.894341;-0.9425;-0.0424;0.3315;-5.376581;6.218228;6.923621;-0.9425;-0.0424;0.3315;-5.350255;7.100928;7.111311;-0.9425;-0.0424;0.3315;-5.350255;7.100928;7.111311;0.8599;0.081;0.5041;-4.689702;6.465261;6.086641;0.8599;0.081;0.5041;-4.742142;7.234362;6.052576;0.8599;0.081;0.5041;-5.376581;6.218228;6.923621;-0.9375;-0.0125;0.3478;-5.766776;6.845297;5.894341;-0.9375;-0.0125;0.3478;-5.760512;5.875159;5.87632;-0.9375;-0.0125;0.3478;-4.689702;6.465261;6.086641;0.4612;-0.8793;0.119;-5.376581;6.218228;6.923621;0.4612;-0.8793;0.119;-5.760512;5.875159;5.87632;0.4612;-0.8793;0.119;-4.742142;7.234362;6.052576;0.1646;-0.0324;-0.9858;-4.689702;6.465261;6.086641;0.1646;-0.0324;-0.9858;-5.766776;6.845297;5.894341;0.1646;-0.0324;-0.9858;-5.350255;7.100928;7.111311;0.7855;-0.151;0.6001;-5.376581;6.218228;6.923621;0.7855;-0.151;0.6001;-4.689702;6.465261;6.086641;0.7855;-0.151;0.6001;4.775183;12.901914;6.67795;-0.1846;0.9731;0.1378;5.380796;13.143209;5.784986;-0.1846;0.9731;0.1378;3.888436;12.900187;5.502316;-0.1846;0.9731;0.1378;3.888436;12.900187;5.502316;0.1731;0.0789;-0.9817;5.380796;13.143209;5.784986;0.1731;0.0789;-0.9817;5.26807;12.168888;5.686758;0.1731;0.0789;-0.9817;5.26807;12.168888;5.686758;0.8366;-0.1499;0.5269;5.380796;13.143209;5.784986;0.8366;-0.1499;0.5269;4.775183;12.901914;6.67795;0.8366;-0.1499;0.5269;5.26807;12.168888;5.686758;0.8002;-0.1743;0.5738;4.444477;12.046283;6.798062;0.8002;-0.1743;0.5738;4.942221;11.058251;5.803873;0.8002;-0.1743;0.5738;5.26807;12.168888;5.686758;0.052;-0.1509;-0.9872;3.786799;11.834137;5.659925;0.052;-0.1509;-0.9872;3.888436;12.900187;5.502316;0.052;-0.1509;-0.9872;3.888436;12.900187;5.502316;-0.7433;0.3659;0.5601;4.444477;12.046283;6.798062;-0.7433;0.3659;0.5601;4.775183;12.901914;6.67795;-0.7433;0.3659;0.5601;3.786799;11.834137;5.659925;0.0446;-0.1177;-0.9921;5.26807;12.168888;5.686758;0.0446;-0.1177;-0.9921;4.942221;11.058251;5.803873;0.0446;-0.1177;-0.9921;4.444477;12.046283;6.798062;-0.537;-0.7173;0.444;3.786799;11.834137;5.659925;-0.537;-0.7173;0.444;4.942221;11.058251;5.803873;-0.537;-0.7173;0.444;4.775183;12.901914;6.67795;0.7941;-0.2279;0.5634;4.444477;12.046283;6.798062;0.7941;-0.2279;0.5634;5.26807;12.168888;5.686758;0.7941;-0.2279;0.5634;3.888436;12.900187;5.502316;-0.8677;0.1527;0.473;3.786799;11.834137;5.659925;-0.8677;0.1527;0.473;4.444477;12.046283;6.798062;-0.8677;0.1527;0.473;-11.717793;12.274003;3.661263;-0.4058;0.86;-0.3095;-10.826704;12.710057;3.704487;-0.4058;0.86;-0.3095;-11.126699;12.130318;2.486884;-0.4058;0.86;-0.3095;-11.126699;12.130318;2.486884;0.9208;0.2115;-0.3276;-10.826704;12.710057;3.704487;0.9208;0.2115;-0.3276;-10.60674;11.85505;3.770673;0.9208;0.2115;-0.3276;-10.60674;11.85505;3.770673;-0.0764;0.0574;0.9954;-10.826704;12.710057;3.704487;-0.0764;0.0574;0.9954;-11.717793;12.274003;3.661263;-0.0764;0.0574;0.9954;-10.60674;11.85505;3.770673;-0.128;0.0194;0.9916;-11.776196;11.44582;3.627746;-0.128;0.0194;0.9916;-10.612407;10.810385;3.79042;-0.128;0.0194;0.9916;-10.60674;11.85505;3.770673;0.9228;-0.0424;-0.3829;-11.087272;11.179809;2.687127;0.9228;-0.0424;-0.3829;-11.126699;12.130318;2.486884;0.9228;-0.0424;-0.3829;-11.126699;12.130318;2.486884;-0.8863;0.081;-0.456;-11.776196;11.44582;3.627746;-0.8863;0.081;-0.456;-11.717793;12.274003;3.661263;-0.8863;0.081;-0.456;-11.087272;11.179809;2.687127;0.9169;-0.0125;-0.3988;-10.60674;11.85505;3.770673;0.9169;-0.0125;-0.3988;-10.612407;10.810385;3.79042;0.9169;-0.0125;-0.3988;-11.776196;11.44582;3.627746;-0.467;-0.8793;-0.0934;-11.087272;11.179809;2.687127;-0.467;-0.8793;-0.0934;-10.612407;10.810385;3.79042;-0.467;-0.8793;-0.0934;-11.717793;12.274003;3.661263;-0.1101;-0.0324;0.9934;-11.776196;11.44582;3.627746;-0.1101;-0.0324;0.9934;-10.60674;11.85505;3.770673;-0.1101;-0.0324;0.9934;-11.126699;12.130318;2.486884;-0.8174;-0.151;-0.5559;-11.087272;11.179809;2.687127;-0.8174;-0.151;-0.5559;-11.776196;11.44582;3.627746;-0.8174;-0.151;-0.5559;1.917259;11.345351;-10.970949;-0.2387;0.86;-0.4511;2.689832;11.771326;-10.567632;-0.2387;0.86;-0.4511;2.922498;11.204988;-11.770359;-0.2387;0.86;-0.4511;2.922498;11.204988;-11.770359;0.9733;0.2115;0.0887;2.689832;11.771326;-10.567632;0.9733;0.2115;0.0887;2.857802;10.936084;-10.418838;0.9733;0.2115;0.0887;2.857802;10.936084;-10.418838;-0.4867;0.0574;0.8717;2.689832;11.771326;-10.567632;-0.4867;0.0574;0.8717;1.917259;11.345351;-10.970949;-0.4867;0.0574;0.8717;2.857802;10.936084;-10.418838;-0.532;0.0194;0.8466;1.879193;10.536315;-11.024596;-0.532;0.0194;0.8466;2.844688;9.915571;-10.403645;-0.532;0.0194;0.8466;2.857802;10.936084;-10.418838;0.9983;-0.0424;0.0394;2.875448;10.276455;-11.57662;0.9983;-0.0424;0.0394;2.922498;11.204988;-11.770359;0.9983;-0.0424;0.0394;2.922498;11.204988;-11.770359;-0.6134;0.081;-0.7856;1.879193;10.536315;-11.024596;-0.6134;0.081;-0.7856;1.917259;11.345351;-10.970949;-0.6134;0.081;-0.7856;2.875448;10.276455;-11.57662;0.9997;-0.0125;0.0224;2.857802;10.936084;-10.418838;0.9997;-0.0125;0.0224;2.844688;9.915571;-10.403645;0.9997;-0.0125;0.0224;1.879193;10.536315;-11.024596;-0.3848;-0.8793;-0.2806;2.875448;10.276455;-11.57662;-0.3848;-0.8793;-0.2806;2.844688;9.915571;-10.403645;-0.3848;-0.8793;-0.2806;1.917259;11.345351;-10.970949;-0.5164;-0.0324;0.8557;1.879193;10.536315;-11.024596;-0.5164;-0.0324;0.8557;2.857802;10.936084;-10.418838;-0.5164;-0.0324;0.8557;2.922498;11.204988;-11.770359;-0.509;-0.151;-0.8474;2.875448;10.276455;-11.57662;-0.509;-0.151;-0.8474;1.879193;10.536315;-11.024596;-0.509;-0.151;-0.8474
8
MATERIAL;second;0;count;6;CUSTOM;0.39355332;0.5910716;0.3639606;1000;DARK_PURPLE;500000;DARK_GREEN;600000;MUD_GREEN;700000;LIGHT_GREEN;800000;PINK;1000000
INFO;NameId;497;DescId;498;price;71000;dpPerMin;0;range;3;placeSound;thud
LIFE;averagePop;6.2;averageLife;75.0;popFactors;2;0;0.15;breedMat;37.5;breedTime;27.146374;parentId;109;count;650;reqs;1;LIFE;type;2;enviroType;0;classification;es57;count;1;FALL_DEATH;fallTime;3;totalTime;5;fallenAngle;60;particleEffect;1;ExplodeTime;0.975;UseMaterial;0;Colour;1;Spawn;2;5;0;1;0;PPS;30;Speed;1.5;Gravity;0.3;Life;3;Scale;0.1;Colour;0.294;0.322;0.212;Additive;0;Alpha;1;FadeIn;0.1;FadeOut;0.8;HasDir;1;Dir;0;1;0;Varience;0.25;Offset;0;5;0;LifeError;0.4;ScaleError;0.3;SpeedError;0.4;RandRot;1;HasXRot;1;XRotSpeed;180;Stages;1;2;enviroReqCount;3;reqId;1;minAltitude;15;maxAltitude;100;influence;0.6;reqId;2;barren;0;goodBiomes;2;9;5;idealFactor;78;influence;0.6;reqId;5;likedSpecies;2;er;pnf;influence;0.6
GROWTH;dynamic;0;growthTime;25.0;modelStages;3;subStages;2
FRUITER;modelStage;3;stageCount;2;time;25
FRUIT_FALL;fruitID;141;spawnTime;0.45;spawnHeight;7;spawnRadius;1
WOOD;cut time;6.5;bark factor;0.55;colour;0.50272644;0.3543129;0.3099261
PERCH;2;-1.3455;3.988;-0.161;1.157;4.687;-0.858
