0.8
ahm
0;1
2
-0.406749;0.009038;-1.651874;0.460104;2.869357;2.269817;1
312;5
24;0.825149;0.74299026;0.84057564
0.02832;1.297595;0.73234;-0.936;-0.2626;0.2345;0.182812;0.993323;1.008294;-0.936;-0.2626;0.2345;0.02832;1.576758;1.044973;-0.936;-0.2626;0.2345;0.139562;0.994998;0.847076;-0.9658;0.0041;0.2591;0.168311;0.024704;0.969681;-0.9658;0.0041;0.2591;0.182812;0.993323;1.008294;-0.9658;0.0041;0.2591;-0.217283;0.922291;1.087846;0.9032;-0.3202;0.2859;0.02832;1.297595;0.73234;0.9032;-0.3202;0.2859;0.02832;1.576758;1.044973;0.9032;-0.3202;0.2859;-0.217283;0.922291;1.087846;0.9653;0.0317;0.2593;-0.157095;0.031473;0.97263;0.9653;0.0317;0.2593;-0.177088;0.923848;0.938015;0.9653;0.0317;0.2593;0.02832;1.297595;0.73234;-0.9359;-0.2498;0.2485;0.139562;0.994998;0.847076;-0.9359;-0.2498;0.2485;0.182812;0.993323;1.008294;-0.9359;-0.2498;0.2485;0.139562;0.994998;0.847076;-0.9694;0.0023;0.2456;0.133435;0.031473;0.831984;-0.9694;0.0023;0.2456;0.168311;0.024704;0.969681;-0.9694;0.0023;0.2456;-0.217283;0.922291;1.087846;0.9005;-0.3641;0.2378;-0.177088;0.923848;0.938015;0.9005;-0.3641;0.2378;0.02832;1.297595;0.73234;0.9005;-0.3641;0.2378;-0.217283;0.922291;1.087846;0.9685;0.0335;0.2469;-0.191972;0.024704;1.110327;0.9685;0.0335;0.2469;-0.157095;0.031473;0.97263;0.9685;0.0335;0.2469
6;0.90354544;0.90354544;0.90354544
0.097653;2.591396;1.823083;0.8411;-0.3951;0.3693;0.218487;2.869357;1.845205;0.8411;-0.3951;0.3693;0.059578;2.630353;1.951467;0.8411;-0.3951;0.3693;-0.043461;2.591396;1.823083;-0.8411;-0.3951;0.3693;-0.005386;2.630353;1.951467;-0.8411;-0.3951;0.3693;-0.164295;2.869357;1.845205;-0.8411;-0.3951;0.3693
141;0.6312961;0.50676143;0.3966714
0.460104;1.866448;-0.91899;0.7176;-0.6876;0.1105;0.339571;1.830521;-0.359709;0.7176;-0.6876;0.1105;0.02832;1.45459;-0.677667;0.7176;-0.6876;0.1105;0.026678;2.799405;1.930954;-0.2761;0.3496;0.8953;-0.108315;1.991702;2.204682;-0.2761;0.3496;0.8953;0.026677;1.931518;2.269817;-0.2761;0.3496;0.8953;0.026677;2.426927;0.6896;-0.8759;0.4419;-0.1937;-0.135137;2.533159;1.663657;-0.8759;0.4419;-0.1937;0.026677;2.787118;1.511347;-0.8759;0.4419;-0.1937;0.339571;1.830521;-0.359709;0.8539;0.5123;0.0915;0.026678;2.442545;-0.865982;0.8539;0.5123;0.0915;0.026678;2.260562;0.152943;0.8539;0.5123;0.0915;0.026678;2.260562;0.152943;-0.8762;0.4603;-0.1427;-0.308184;1.824235;0.801786;-0.8762;0.4603;-0.1427;0.026677;2.426927;0.6896;-0.8762;0.4603;-0.1427;-0.308184;1.824235;0.801786;-0.8018;0.5975;-0.012;0.026678;2.260562;0.152943;-0.8018;0.5975;-0.012;-0.286216;1.830521;-0.356885;-0.8018;0.5975;-0.012;0.026678;2.442545;-0.865982;0.7908;0.5759;0.2074;0.339571;1.830521;-0.359709;0.7908;0.5759;0.2074;0.460104;1.866448;-0.91899;0.7908;0.5759;0.2074;-0.286216;1.830521;-0.356885;-0.7868;0.5793;0.2129;0.026678;2.442545;-0.865982;-0.7868;0.5793;0.2129;-0.406749;1.866448;-0.900212;-0.7868;0.5793;0.2129;0.026678;2.442545;-0.865982;0.6654;0.5473;-0.5077;0.460104;1.866448;-0.91899;0.6654;0.5473;-0.5077;0.026678;1.975675;-1.369287;0.6654;0.5473;-0.5077;0.364825;1.824235;0.801786;0.8742;0.4637;-0.1438;0.026678;2.260562;0.152943;0.8742;0.4637;-0.1438;0.026677;2.426927;0.6896;0.8742;0.4637;-0.1438;0.244754;2.392318;1.835797;0.7763;0.2844;0.5626;0.026678;2.799405;1.930954;0.7763;0.2844;0.5626;0.175354;1.972368;2.143834;0.7763;0.2844;0.5626;0.026677;2.426927;0.6896;0.8705;0.4523;-0.1939;0.188492;2.533159;1.663657;0.8705;0.4523;-0.1939;0.364825;1.824235;0.801786;0.8705;0.4523;-0.1939;0.364825;1.824235;0.801786;0.8004;0.5993;-0.0142;0.339571;1.830521;-0.359709;0.8004;0.5993;-0.0142;0.026678;2.260562;0.152943;0.8004;0.5993;-0.0142;0.026678;2.260562;0.152943;-0.8537;0.5126;0.0916;0.026678;2.442545;-0.865982;-0.8537;0.5126;0.0916;-0.286216;1.830521;-0.356885;-0.8537;0.5126;0.0916;0.175354;1.972368;2.143834;0.5676;0.2994;0.7669;0.026678;2.799405;1.930954;0.5676;0.2994;0.7669;0.026677;1.931518;2.269817;0.5676;0.2994;0.7669;0.026678;2.799405;1.930954;-0.8864;0.4555;0.0829;-0.135137;2.533159;1.663657;-0.8864;0.4555;0.0829;-0.191399;2.392318;1.835797;-0.8864;0.4555;0.0829;-0.406749;1.866448;-0.900212;-0.6774;0.5393;-0.5003;0.026678;2.442545;-0.865982;-0.6774;0.5393;-0.5003;0.026678;1.975675;-1.369287;-0.6774;0.5393;-0.5003;0.188492;2.533159;1.663657;0.8474;0.5306;-0.0155;0.026677;2.787118;1.511347;0.8474;0.5306;-0.0155;0.026678;2.799405;1.930954;0.8474;0.5306;-0.0155;0.026677;2.787118;1.511347;-0.8474;0.5306;-0.0155;-0.135137;2.533159;1.663657;-0.8474;0.5306;-0.0155;0.026678;2.799405;1.930954;-0.8474;0.5306;-0.0155;0.188492;2.533159;1.663657;0.8864;0.4555;0.0829;0.026678;2.799405;1.930954;0.8864;0.4555;0.0829;0.244754;2.392318;1.835797;0.8864;0.4555;0.0829;0.026678;1.975675;-1.369287;0.7218;0.0112;-0.692;0.460104;1.866448;-0.91899;0.7218;0.0112;-0.692;0.205046;1.457979;-1.191624;0.7218;0.0112;-0.692;0.026677;2.426927;0.6896;-0.8724;0.4486;-0.1939;-0.308184;1.824235;0.801786;-0.8724;0.4486;-0.1939;-0.135137;2.533159;1.663657;-0.8724;0.4486;-0.1939;0.026677;2.426927;0.6896;0.8759;0.4419;-0.1937;0.026677;2.787118;1.511347;0.8759;0.4419;-0.1937;0.188492;2.533159;1.663657;0.8759;0.4419;-0.1937;-0.191399;2.392318;1.835797;-0.8;0.3082;0.5149;-0.108315;1.991702;2.204682;-0.8;0.3082;0.5149;0.026678;2.799405;1.930954;-0.8;0.3082;0.5149;-0.406749;1.866448;-0.900212;-0.7128;-0.6923;0.1124;0.02832;1.45459;-0.677667;-0.7128;-0.6923;0.1124;-0.286216;1.830521;-0.356885;-0.7128;-0.6923;0.1124;0.026678;1.975675;-1.369287;0.0;-0.3246;-0.9459;0.205046;1.457979;-1.191624;0.0;-0.3246;-0.9459;-0.152353;1.457979;-1.191624;0.0;-0.3246;-0.9459;0.026678;1.975675;-1.369287;-0.7369;0.023;-0.6756;-0.152353;1.457979;-1.191624;-0.7369;0.023;-0.6756;-0.406749;1.866448;-0.900212;-0.7369;0.023;-0.6756;0.460104;1.866448;-0.91899;0.7817;-0.316;0.5377;0.203024;0.936994;-1.091564;0.7817;-0.316;0.5377;0.269712;0.927943;-1.193842;0.7817;-0.316;0.5377;0.205046;1.457979;-1.191624;0.7504;0.0943;-0.6542;0.269712;0.927943;-1.193842;0.7504;0.0943;-0.6542;0.212265;0.91074;-1.262221;0.7504;0.0943;-0.6542;0.203024;0.936994;-1.091564;0.8198;0.2567;0.5118;0.36911;0.024628;-0.899993;0.8198;0.2567;0.5118;0.269712;0.927943;-1.193842;0.8198;0.2567;0.5118;0.269712;0.927943;-1.193842;0.7752;-0.1374;-0.6167;0.291352;0.009038;-0.961957;0.7752;-0.1374;-0.6167;0.212265;0.91074;-1.262221;0.7752;-0.1374;-0.6167;-0.406749;1.866448;-0.900212;-0.6313;-0.2751;0.7251;-0.146383;0.936994;-1.026172;-0.6313;-0.2751;0.7251;0.02832;1.45459;-0.677667;-0.6313;-0.2751;0.7251;-0.152353;1.457979;-1.191624;-0.7486;0.0067;-0.663;-0.213071;0.927943;-1.12845;-0.7486;0.0067;-0.663;-0.406749;1.866448;-0.900212;-0.7486;0.0067;-0.663;-0.312469;0.024628;-0.899993;-0.8256;0.222;0.5187;-0.146383;0.936994;-1.026172;-0.8256;0.222;0.5187;-0.213071;0.927943;-1.12845;-0.8256;0.222;0.5187;-0.234711;0.009038;-0.961957;-0.7738;-0.0952;-0.6262;-0.213071;0.927943;-1.12845;-0.7738;-0.0952;-0.6262;-0.155624;0.91074;-1.196829;-0.7738;-0.0952;-0.6262;0.043833;2.641608;1.867454;-0.454;0.2651;-0.8507;0.218487;2.869357;1.845205;-0.454;0.2651;-0.8507;0.097653;2.591396;1.823083;-0.454;0.2651;-0.8507;-0.005386;2.630353;1.951467;0.7626;0.6067;0.2242;0.010358;2.641608;1.867454;0.7626;0.6067;0.2242;-0.164295;2.869357;1.845205;0.7626;0.6067;0.2242;0.059578;2.630353;1.951467;-0.7626;0.6067;0.2242;0.218487;2.869357;1.845205;-0.7626;0.6067;0.2242;0.043833;2.641608;1.867454;-0.7626;0.6067;0.2242;0.010358;2.641608;1.867454;0.454;0.2651;-0.8507;-0.043461;2.591396;1.823083;0.454;0.2651;-0.8507;-0.164295;2.869357;1.845205;0.454;0.2651;-0.8507;0.460104;1.866448;-0.91899;0.672;-0.3107;0.6722;0.02832;1.45459;-0.677667;0.672;-0.3107;0.6722;0.203024;0.936994;-1.091564;0.672;-0.3107;0.6722;0.205046;1.457979;-1.191624;0.6619;0.0839;-0.7449;0.460104;1.866448;-0.91899;0.6619;0.0839;-0.7449;0.269712;0.927943;-1.193842;0.6619;0.0839;-0.7449;0.203024;0.936994;-1.091564;0.7197;0.2657;0.6414;0.283488;0.03283;-0.807309;0.7197;0.2657;0.6414;0.36911;0.024628;-0.899993;0.7197;0.2657;0.6414;0.269712;0.927943;-1.193842;0.6348;-0.175;-0.7526;0.36911;0.024628;-0.899993;0.6348;-0.175;-0.7526;0.291352;0.009038;-0.961957;0.6348;-0.175;-0.7526;-0.406749;1.866448;-0.900212;-0.7885;-0.2941;0.5402;-0.213071;0.927943;-1.12845;-0.7885;-0.2941;0.5402;-0.146383;0.936994;-1.026172;-0.7885;-0.2941;0.5402;-0.152353;1.457979;-1.191624;-0.7643;0.0107;-0.6448;-0.155624;0.91074;-1.196829;-0.7643;0.0107;-0.6448;-0.213071;0.927943;-1.12845;-0.7643;0.0107;-0.6448;-0.312469;0.024628;-0.899993;-0.7259;0.2222;0.6509;-0.226847;0.03283;-0.807309;-0.7259;0.2222;0.6509;-0.146383;0.936994;-1.026172;-0.7259;0.2222;0.6509;-0.234711;0.009038;-0.961957;-0.6335;-0.1235;-0.7639;-0.312469;0.024628;-0.899993;-0.6335;-0.1235;-0.7639;-0.213071;0.927943;-1.12845;-0.6335;-0.1235;-0.7639
123;0.90354544;0.90354544;0.90354544
0.02832;1.297595;0.73234;-0.7928;-0.6058;-0.0674;-0.286216;1.830521;-0.356885;-0.7928;-0.6058;-0.0674;0.02832;1.45459;-0.677667;-0.7928;-0.6058;-0.0674;0.026678;2.257654;1.65146;-0.7231;-0.3997;-0.5634;-0.191399;2.392318;1.835797;-0.7231;-0.3997;-0.5634;-0.135137;2.533159;1.663657;-0.7231;-0.3997;-0.5634;0.339571;1.830521;-0.359709;0.7956;-0.6021;-0.067;0.02832;1.297595;0.73234;0.7956;-0.6021;-0.067;0.02832;1.45459;-0.677667;0.7956;-0.6021;-0.067;0.364825;1.824235;0.801786;0.8437;-0.5363;-0.0212;0.02832;1.297595;0.73234;0.8437;-0.5363;-0.0212;0.339571;1.830521;-0.359709;0.8437;-0.5363;-0.0212;-0.108315;1.991702;2.204682;-0.7699;-0.6144;-0.1727;0.026678;1.86239;2.062905;-0.7699;-0.6144;-0.1727;0.026678;1.823484;2.201341;-0.7699;-0.6144;-0.1727;0.364825;1.824235;0.801786;0.717;-0.4627;0.5214;0.026678;2.257654;1.65146;0.717;-0.4627;0.5214;0.02832;1.576758;1.044973;0.717;-0.4627;0.5214;0.026678;2.257654;1.65146;0.7178;-0.5021;-0.4824;0.244754;2.392318;1.835797;0.7178;-0.5021;-0.4824;0.026678;1.86239;2.062905;0.7178;-0.5021;-0.4824;0.02832;1.576758;1.044973;0.5638;0.0438;0.8247;0.273102;1.021983;0.907116;0.5638;0.0438;0.8247;0.364825;1.824235;0.801786;0.5638;0.0438;0.8247;0.026678;1.86239;2.062905;0.6702;-0.5078;-0.5413;0.244754;2.392318;1.835797;0.6702;-0.5078;-0.5413;0.175354;1.972368;2.143834;0.6702;-0.5078;-0.5413;-0.308184;1.824235;0.801786;-0.728;-0.4505;0.5167;0.026678;2.257654;1.65146;-0.728;-0.4505;0.5167;-0.135137;2.533159;1.663657;-0.728;-0.4505;0.5167;-0.191399;2.392318;1.835797;-0.8113;-0.4781;-0.3365;0.026678;1.86239;2.062905;-0.8113;-0.4781;-0.3365;-0.108315;1.991702;2.204682;-0.8113;-0.4781;-0.3365;-0.152353;1.457979;-1.191624;0.0;-1.0;-0.0066;0.205046;1.457979;-1.191624;0.0;-1.0;-0.0066;0.02832;1.45459;-0.677667;0.0;-1.0;-0.0066;0.026678;2.257654;1.65146;-0.7178;-0.5021;-0.4824;0.026678;1.86239;2.062905;-0.7178;-0.5021;-0.4824;-0.191399;2.392318;1.835797;-0.7178;-0.5021;-0.4824;0.026678;1.86239;2.062905;0.6518;-0.7301;-0.2052;0.175354;1.972368;2.143834;0.6518;-0.7301;-0.2052;0.026678;1.823484;2.201341;0.6518;-0.7301;-0.2052;0.364825;1.824235;0.801786;0.7269;-0.4499;0.5188;0.188492;2.533159;1.663657;0.7269;-0.4499;0.5188;0.026678;2.257654;1.65146;0.7269;-0.4499;0.5188;0.026678;2.257654;1.65146;0.7231;-0.3997;-0.5634;0.188492;2.533159;1.663657;0.7231;-0.3997;-0.5634;0.244754;2.392318;1.835797;0.7231;-0.3997;-0.5634;-0.308184;1.824235;0.801786;-0.7171;-0.4645;0.5196;0.02832;1.576758;1.044973;-0.7171;-0.4645;0.5196;0.026678;2.257654;1.65146;-0.7171;-0.4645;0.5196;-0.286216;1.830521;-0.356885;-0.8436;-0.5366;-0.0189;0.02832;1.297595;0.73234;-0.8436;-0.5366;-0.0189;-0.308184;1.824235;0.801786;-0.8436;-0.5366;-0.0189;0.02832;1.297595;0.73234;0.433;-0.176;-0.884;0.273102;1.021983;0.907116;0.433;-0.176;-0.884;0.139562;0.994998;0.847076;0.433;-0.176;-0.884;0.139562;0.994998;0.847076;0.4211;0.0115;-0.907;0.243717;0.037841;0.883265;0.4211;0.0115;-0.907;0.133435;0.031473;0.831984;0.4211;0.0115;-0.907;0.182812;0.993323;1.008294;0.7509;-0.0384;0.6593;0.243717;0.037841;0.883265;0.7509;-0.0384;0.6593;0.273102;1.021983;0.907116;0.7509;-0.0384;0.6593;0.205046;1.457979;-1.191624;-0.9439;-0.0587;-0.325;0.203024;0.936994;-1.091564;-0.9439;-0.0587;-0.325;0.02832;1.45459;-0.677667;-0.9439;-0.0587;-0.325;0.203024;0.936994;-1.091564;-0.9944;-0.0996;-0.0352;0.291352;0.009038;-0.961957;-0.9944;-0.0996;-0.0352;0.283488;0.03283;-0.807309;-0.9944;-0.0996;-0.0352;-0.301196;0.948927;0.993815;-0.4833;0.1839;0.8559;0.02832;1.576758;1.044973;-0.4833;0.1839;0.8559;-0.308184;1.824235;0.801786;-0.4833;0.1839;0.8559;0.02832;1.297595;0.73234;-0.4773;-0.1919;-0.8575;-0.301196;0.948927;0.993815;-0.4773;-0.1919;-0.8575;-0.308184;1.824235;0.801786;-0.4773;-0.1919;-0.8575;-0.177088;0.923848;0.938015;-0.4173;-0.0455;-0.9076;-0.267377;0.037841;1.023911;-0.4173;-0.0455;-0.9076;-0.301196;0.948927;0.993815;-0.4173;-0.0455;-0.9076;-0.267377;0.037841;1.023911;-0.7469;-0.0058;0.6649;-0.217283;0.922291;1.087846;-0.7469;-0.0058;0.6649;-0.301196;0.948927;0.993815;-0.7469;-0.0058;0.6649;-0.146383;0.936994;-1.026172;0.939;-0.0943;-0.3307;-0.152353;1.457979;-1.191624;0.939;-0.0943;-0.3307;0.02832;1.45459;-0.677667;0.939;-0.0943;-0.3307;-0.146383;0.936994;-1.026172;0.9945;-0.0974;-0.0389;-0.234711;0.009038;-0.961957;0.9945;-0.0974;-0.0389;-0.155624;0.91074;-1.196829;0.9945;-0.0974;-0.0389;0.02832;1.576758;1.044973;0.717;0.147;0.6814;0.182812;0.993323;1.008294;0.717;0.147;0.6814;0.273102;1.021983;0.907116;0.717;0.147;0.6814;0.02832;1.297595;0.73234;0.4421;-0.1663;-0.8814;0.364825;1.824235;0.801786;0.4421;-0.1663;-0.8814;0.273102;1.021983;0.907116;0.4421;-0.1663;-0.8814;0.139562;0.994998;0.847076;0.4084;0.0099;-0.9128;0.273102;1.021983;0.907116;0.4084;0.0099;-0.9128;0.243717;0.037841;0.883265;0.4084;0.0099;-0.9128;0.182812;0.993323;1.008294;0.7558;-0.0374;0.6538;0.168311;0.024704;0.969681;0.7558;-0.0374;0.6538;0.243717;0.037841;0.883265;0.7558;-0.0374;0.6538;0.205046;1.457979;-1.191624;-0.9986;-0.0063;-0.0531;0.212265;0.91074;-1.262221;-0.9986;-0.0063;-0.0531;0.203024;0.936994;-1.091564;-0.9986;-0.0063;-0.0531;0.203024;0.936994;-1.091564;-0.9942;-0.1;-0.0385;0.212265;0.91074;-1.262221;-0.9942;-0.1;-0.0385;0.291352;0.009038;-0.961957;-0.9942;-0.1;-0.0385;-0.301196;0.948927;0.993815;-0.6695;0.2959;0.6813;-0.217283;0.922291;1.087846;-0.6695;0.2959;0.6813;0.02832;1.576758;1.044973;-0.6695;0.2959;0.6813;0.02832;1.297595;0.73234;-0.4378;-0.2367;-0.8674;-0.177088;0.923848;0.938015;-0.4378;-0.2367;-0.8674;-0.301196;0.948927;0.993815;-0.4378;-0.2367;-0.8674;-0.177088;0.923848;0.938015;-0.4233;-0.0446;-0.9049;-0.157095;0.031473;0.97263;-0.4233;-0.0446;-0.9049;-0.267377;0.037841;1.023911;-0.4233;-0.0446;-0.9049;-0.267377;0.037841;1.023911;-0.7538;-0.0048;0.6571;-0.191972;0.024704;1.110327;-0.7538;-0.0048;0.6571;-0.217283;0.922291;1.087846;-0.7538;-0.0048;0.6571;-0.146383;0.936994;-1.026172;0.9986;-0.0055;-0.0532;-0.155624;0.91074;-1.196829;0.9986;-0.0055;-0.0532;-0.152353;1.457979;-1.191624;0.9986;-0.0055;-0.0532;-0.146383;0.936994;-1.026172;0.9946;-0.0971;-0.0356;-0.226847;0.03283;-0.807309;0.9946;-0.0971;-0.0356;-0.234711;0.009038;-0.961957;0.9946;-0.0971;-0.0356
18;0.3814574;0.27908063;0.25319475
0.026678;1.975675;-1.369287;0.6233;0.1657;-0.7642;0.149404;1.207589;-1.435689;0.6233;0.1657;-0.7642;-0.03637;0.909303;-1.651874;0.6233;0.1657;-0.7642;0.026678;1.975675;-1.369287;-0.542;0.2451;-0.8039;-0.03637;0.909303;-1.651874;-0.542;0.2451;-0.8039;-0.222142;1.207589;-1.435689;-0.542;0.2451;-0.8039;-0.108315;1.991702;2.204682;-0.5428;-0.4496;0.7094;0.026678;1.823484;2.201341;-0.5428;-0.4496;0.7094;0.026677;1.931518;2.269817;-0.5428;-0.4496;0.7094;0.175354;1.972368;2.143834;0.6533;-0.4053;0.6395;0.026677;1.931518;2.269817;0.6533;-0.4053;0.6395;0.026678;1.823484;2.201341;0.6533;-0.4053;0.6395;-0.03637;0.909303;-1.651874;0.0;-0.5868;0.8097;0.149404;1.207589;-1.435689;0.0;-0.5868;0.8097;-0.222142;1.207589;-1.435689;0.0;-0.5868;0.8097;0.026678;1.975675;-1.369287;0.0;-0.0861;0.9963;-0.222142;1.207589;-1.435689;0.0;-0.0861;0.9963;0.149404;1.207589;-1.435689;0.0;-0.0861;0.9963
-0.895068;0.016226;-3.346664;0.897113;5.927249;4.680541;2
618;3
210;0.6312961;0.50676143;0.3966714
-0.360325;2.893661;-2.312363;-0.6453;0.1863;-0.7409;-0.526113;1.790319;-2.445407;-0.6453;0.1863;-0.7409;-0.780077;1.793145;-2.22349;-0.6453;0.1863;-0.7409;0.872487;3.7106;-1.767095;0.975;-0.1467;0.1667;0.699198;3.638744;-0.816688;0.975;-0.1467;0.1667;0.689088;2.937599;-1.374649;0.975;-0.1467;0.1667;-0.264351;3.961107;4.343404;-0.7657;0.0688;0.6395;0.005633;3.831988;4.680541;-0.7657;0.0688;0.6395;0.005634;4.03711;4.658489;-0.7657;0.0688;0.6395;0.275619;3.961107;4.343404;0.7166;0.2253;0.6601;0.005633;3.831988;4.680541;0.7166;0.2253;0.6601;0.302988;3.829654;4.358554;0.7166;0.2253;0.6601;-0.861219;3.7106;-1.729538;-0.6961;-0.1997;-0.6897;0.005634;3.929053;-2.667688;-0.6961;-0.1997;-0.6897;0.005634;3.048335;-2.412654;-0.6961;-0.1997;-0.6897;-0.687043;2.937599;-1.374649;-0.9636;-0.1042;0.2461;-0.861219;3.7106;-1.729538;-0.9636;-0.1042;0.2461;-0.780077;1.793145;-2.22349;-0.9636;-0.1042;0.2461;0.005634;3.929053;-2.667688;0.6802;-0.2039;-0.7041;0.872487;3.7106;-1.767095;0.6802;-0.2039;-0.7041;0.005634;3.048335;-2.412654;0.6802;-0.2039;-0.7041;0.005634;5.170103;4.389324;-0.7684;0.1479;0.6227;-0.264351;3.961107;4.343404;-0.7684;0.1479;0.6227;0.005634;4.03711;4.658489;-0.7684;0.1479;0.6227;0.005634;4.865533;1.528492;-0.8759;0.4419;-0.1938;-0.317996;5.044022;3.398201;-0.8759;0.4419;-0.1938;0.005634;5.55194;3.093581;-0.8759;0.4419;-0.1938;0.699198;3.638744;-0.816688;0.8515;0.5144;0.1016;0.005634;4.894099;-1.35926;0.8515;0.5144;0.1016;0.005634;4.556325;0.350637;0.8515;0.5144;0.1016;0.005634;4.556325;0.350637;-0.8372;0.5289;-0.1388;-0.849795;3.432753;1.228774;-0.8372;0.5289;-0.1388;0.005634;4.865533;1.528492;-0.8372;0.5289;-0.1388;-0.849795;3.432753;1.228774;-0.7964;0.6047;-0.0021;0.005634;4.556325;0.350637;-0.7964;0.6047;-0.0021;-0.68793;3.638744;-0.810429;-0.7964;0.6047;-0.0021;0.005634;4.894099;-1.35926;0.8221;0.5365;0.1905;0.699198;3.638744;-0.816688;0.8221;0.5365;0.1905;0.872487;3.7106;-1.767095;0.8221;0.5365;0.1905;-0.68793;3.638744;-0.810429;-0.8193;0.5386;0.1966;0.005634;4.894099;-1.35926;-0.8193;0.5386;0.1966;-0.861219;3.7106;-1.729538;-0.8193;0.5386;0.1966;0.005634;4.685075;-2.322298;0.724;0.2866;-0.6274;0.872487;3.7106;-1.767095;0.724;0.2866;-0.6274;0.005634;3.929053;-2.667688;0.724;0.2866;-0.6274;0.861063;3.432753;1.228774;0.8372;0.5289;-0.1388;0.005634;4.556325;0.350637;0.8372;0.5289;-0.1388;0.005634;4.865533;1.528492;0.8372;0.5289;-0.1388;0.441787;4.762339;3.74248;0.8639;0.175;0.4722;0.005634;5.170103;4.389324;0.8639;0.175;0.4722;0.275619;3.961107;4.343404;0.8639;0.175;0.4722;0.005634;4.865533;1.528492;0.924;0.3309;-0.1915;0.329264;5.044022;3.3982;0.924;0.3309;-0.1915;0.502796;3.819593;2.120144;0.924;0.3309;-0.1915;0.861063;3.432753;1.228774;0.7964;0.6047;-0.0021;0.699198;3.638744;-0.816688;0.7964;0.6047;-0.0021;0.005634;4.556325;0.350637;0.7964;0.6047;-0.0021;-0.849795;3.432753;1.228774;-0.8629;0.4868;0.1355;-0.491528;3.819593;2.120143;-0.8629;0.4868;0.1355;0.005634;4.865533;1.528492;-0.8629;0.4868;0.1355;0.005634;4.556325;0.350637;-0.8513;0.5148;0.1017;0.005634;4.894099;-1.35926;-0.8513;0.5148;0.1017;-0.68793;3.638744;-0.810429;-0.8513;0.5148;0.1017;0.005634;4.685075;-2.322298;0.777;0.6151;-0.1335;0.005634;4.894099;-1.35926;0.777;0.6151;-0.1335;0.872487;3.7106;-1.767095;0.777;0.6151;-0.1335;0.005634;4.894099;-1.35926;-0.7793;0.6124;-0.1329;0.005634;4.685075;-2.322298;-0.7793;0.6124;-0.1329;-0.861219;3.7106;-1.729538;-0.7793;0.6124;-0.1329;0.502796;3.819593;2.120144;0.8629;0.4868;0.1355;0.861063;3.432753;1.228774;0.8629;0.4868;0.1355;0.005634;4.865533;1.528492;0.8629;0.4868;0.1355;0.275619;3.961107;4.343404;0.7684;0.1479;0.6227;0.005634;5.170103;4.389324;0.7684;0.1479;0.6227;0.005634;4.03711;4.658489;0.7684;0.1479;0.6227;-0.430519;4.762339;3.74248;-0.8608;0.3754;0.3437;0.005634;5.170103;4.389324;-0.8608;0.3754;0.3437;0.005634;5.645835;3.869775;-0.8608;0.3754;0.3437;0.005634;5.645835;3.869775;-0.8985;0.4346;0.0619;-0.317996;5.044022;3.398201;-0.8985;0.4346;0.0619;-0.430519;4.762339;3.74248;-0.8985;0.4346;0.0619;-0.861219;3.7106;-1.729538;-0.7366;0.281;-0.6152;0.005634;4.685075;-2.322298;-0.7366;0.281;-0.6152;0.005634;3.929053;-2.667688;-0.7366;0.281;-0.6152;0.329264;5.044022;3.3982;0.8581;0.5098;-0.0617;0.005634;5.55194;3.093581;0.8581;0.5098;-0.0617;0.005634;5.645835;3.869775;0.8581;0.5098;-0.0617;0.005634;5.55194;3.093581;-0.8581;0.5098;-0.0617;-0.317996;5.044022;3.398201;-0.8581;0.5098;-0.0617;0.005634;5.645835;3.869775;-0.8581;0.5098;-0.0617;0.329264;5.044022;3.3982;0.8985;0.4346;0.0619;0.005634;5.645835;3.869775;0.8985;0.4346;0.0619;0.441787;4.762339;3.74248;0.8985;0.4346;0.0619;-0.416887;5.601216;3.731503;0.2164;0.1029;-0.9709;-0.357407;5.927249;3.779324;0.2164;0.1029;-0.9709;-0.026528;5.098931;3.765263;0.2164;0.1029;-0.9709;0.406204;5.926017;3.776798;-0.9228;0.3621;-0.1313;0.075448;5.078909;3.765263;-0.9228;0.3621;-0.1313;0.275845;5.654213;3.94346;-0.9228;0.3621;-0.1313;-0.357407;5.927249;3.779324;0.917;0.3689;-0.1518;-0.225752;5.668798;3.946635;0.917;0.3689;-0.1518;-0.026528;5.098931;3.765263;0.917;0.3689;-0.1518;0.461337;5.588625;3.734679;-0.1961;0.0899;-0.9765;0.075448;5.078909;3.765263;-0.1961;0.0899;-0.9765;0.406204;5.926017;3.776798;-0.1961;0.0899;-0.9765;0.689088;2.937599;-1.374649;0.9638;-0.1039;0.2457;0.782122;1.793145;-2.22349;0.9638;-0.1039;0.2457;0.872487;3.7106;-1.767095;0.9638;-0.1039;0.2457;0.36237;2.893661;-2.312363;0.6453;0.1863;-0.7409;0.782122;1.793145;-2.22349;0.6453;0.1863;-0.7409;0.528157;1.790319;-2.445407;0.6453;0.1863;-0.7409;0.005634;3.048335;-2.412654;0.3862;0.333;-0.8602;0.872487;3.7106;-1.767095;0.3862;0.333;-0.8602;0.36237;2.893661;-2.312363;0.3862;0.333;-0.8602;0.782122;1.793145;-2.22349;0.6484;-0.1802;-0.7397;0.64083;0.173975;-1.952878;0.6484;-0.1802;-0.7397;0.528157;1.790319;-2.445407;0.6484;-0.1802;-0.7397;0.68887;1.774628;-1.983906;0.9203;0.1316;0.3684;0.834103;0.248757;-1.801437;0.9203;0.1316;0.3684;0.782122;1.793145;-2.22349;0.9203;0.1316;0.3684;-0.264351;3.961107;4.343404;-0.7166;0.2253;0.6601;-0.29172;3.829655;4.358554;-0.7166;0.2253;0.6601;0.005633;3.831988;4.680541;-0.7166;0.2253;0.6601;0.275619;3.961107;4.343404;0.7657;0.0687;0.6395;0.005634;4.03711;4.658489;0.7657;0.0687;0.6395;0.005633;3.831988;4.680541;0.7657;0.0687;0.6395;0.005634;4.865533;1.528492;-0.924;0.3309;-0.1915;-0.491528;3.819593;2.120143;-0.924;0.3309;-0.1915;-0.317996;5.044022;3.398201;-0.924;0.3309;-0.1915;0.441787;4.762339;3.74248;0.8608;0.3754;0.3437;0.005634;5.645835;3.869775;0.8608;0.3754;0.3437;0.005634;5.170103;4.389324;0.8608;0.3754;0.3437;0.005634;4.865533;1.528492;0.8759;0.4419;-0.1938;0.005634;5.55194;3.093581;0.8759;0.4419;-0.1938;0.329264;5.044022;3.3982;0.8759;0.4419;-0.1938;-0.430519;4.762339;3.74248;-0.8639;0.175;0.4722;-0.264351;3.961107;4.343404;-0.8639;0.175;0.4722;0.005634;5.170103;4.389324;-0.8639;0.175;0.4722;0.689088;2.937599;-1.374649;0.9212;-0.1807;0.3446;0.68887;1.774628;-1.983906;0.9212;-0.1807;0.3446;0.782122;1.793145;-2.22349;0.9212;-0.1807;0.3446;0.36237;2.893661;-2.312363;0.5891;0.1607;-0.7919;0.872487;3.7106;-1.767095;0.5891;0.1607;-0.7919;0.782122;1.793145;-2.22349;0.5891;0.1607;-0.7919;0.782122;1.793145;-2.22349;0.6489;-0.1802;-0.7392;0.834103;0.248757;-1.801437;0.6489;-0.1802;-0.7392;0.64083;0.173975;-1.952878;0.6489;-0.1802;-0.7392;0.68887;1.774628;-1.983906;0.9323;0.1291;0.3379;0.763136;0.314683;-1.630861;0.9323;0.1291;0.3379;0.834103;0.248757;-1.801437;0.9323;0.1291;0.3379;0.861063;3.432753;1.228774;0.9704;-0.2412;-0.0097;0.652016;2.559989;2.021126;0.9704;-0.2412;-0.0097;0.62733;2.476994;1.615738;0.9704;-0.2412;-0.0097;-0.861219;3.7106;-1.729538;-0.9749;-0.1403;0.1728;-0.687043;2.937599;-1.374649;-0.9749;-0.1403;0.1728;-0.68793;3.638744;-0.810429;-0.9749;-0.1403;0.1728;0.708387;0.675434;1.628146;0.9981;-0.006;-0.0619;0.69744;0.20939;1.49673;0.9981;-0.006;-0.0619;0.694029;0.587389;1.405006;0.9981;-0.006;-0.0619;0.62733;2.476994;1.615738;0.9957;0.0442;-0.0815;0.708387;0.675434;1.628146;0.9957;0.0442;-0.0815;0.694029;0.587389;1.405006;0.9957;0.0442;-0.0815;0.861063;3.432753;1.228774;0.9367;0.0842;0.3399;0.502796;3.819593;2.120144;0.9367;0.0842;0.3399;0.652016;2.559989;2.021126;0.9367;0.0842;0.3399;0.708387;0.675434;1.628146;0.9981;-0.0063;-0.0608;0.709443;0.257267;1.688966;0.9981;-0.0063;-0.0608;0.69744;0.20939;1.49673;0.9981;-0.0063;-0.0608;0.62733;2.476994;1.615738;0.9966;0.0444;-0.0698;0.652016;2.559989;2.021126;0.9966;0.0444;-0.0698;0.708387;0.675434;1.628146;0.9966;0.0444;-0.0698;0.005634;3.048335;-2.412654;-0.3868;0.3665;-0.8462;-0.360325;2.893661;-2.312363;-0.3868;0.3665;-0.8462;-0.861219;3.7106;-1.729538;-0.3868;0.3665;-0.8462;-0.780077;1.793145;-2.22349;-0.6484;-0.1802;-0.7397;-0.526113;1.790319;-2.445407;-0.6484;-0.1802;-0.7397;-0.638785;0.173975;-1.952878;-0.6484;-0.1802;-0.7397;-0.686825;1.774628;-1.983906;-0.9203;0.1316;0.3684;-0.780077;1.793145;-2.22349;-0.9203;0.1316;0.3684;-0.832058;0.248757;-1.801438;-0.9203;0.1316;0.3684;-0.687043;2.937599;-1.374649;-0.9212;-0.1807;0.3446;-0.780077;1.793145;-2.22349;-0.9212;-0.1807;0.3446;-0.686825;1.774628;-1.983906;-0.9212;-0.1807;0.3446;-0.360325;2.893661;-2.312363;-0.6147;0.1723;-0.7697;-0.780077;1.793145;-2.22349;-0.6147;0.1723;-0.7697;-0.861219;3.7106;-1.729538;-0.6147;0.1723;-0.7697;-0.780077;1.793145;-2.22349;-0.6489;-0.1802;-0.7392;-0.638785;0.173975;-1.952878;-0.6489;-0.1802;-0.7392;-0.832058;0.248757;-1.801438;-0.6489;-0.1802;-0.7392;-0.686825;1.774628;-1.983906;-0.9323;0.1291;0.3379;-0.832058;0.248757;-1.801438;-0.9323;0.1291;0.3379;-0.761091;0.314683;-1.630861;-0.9323;0.1291;0.3379;-0.849795;3.432753;1.228774;-0.971;-0.2389;-0.0102;-0.618666;2.476994;1.615738;-0.971;-0.2389;-0.0102;-0.643352;2.559989;2.021127;-0.971;-0.2389;-0.0102;-0.699725;0.675434;1.628146;-0.9981;-0.006;-0.0619;-0.685366;0.587389;1.405006;-0.9981;-0.006;-0.0619;-0.688776;0.20939;1.49673;-0.9981;-0.006;-0.0619;-0.618666;2.476994;1.615738;-0.9957;0.0442;-0.0815;-0.685366;0.587389;1.405006;-0.9957;0.0442;-0.0815;-0.699725;0.675434;1.628146;-0.9957;0.0442;-0.0815;-0.849795;3.432753;1.228774;-0.9368;0.0863;0.3391;-0.643352;2.559989;2.021127;-0.9368;0.0863;0.3391;-0.491528;3.819593;2.120143;-0.9368;0.0863;0.3391;-0.699725;0.675434;1.628146;-0.9981;-0.0063;-0.0608;-0.688776;0.20939;1.49673;-0.9981;-0.0063;-0.0608;-0.70078;0.257266;1.688966;-0.9981;-0.0063;-0.0608;-0.618666;2.476994;1.615738;-0.9966;0.0444;-0.0698;-0.699725;0.675434;1.628146;-0.9966;0.0444;-0.0698;-0.643352;2.559989;2.021127;-0.9966;0.0444;-0.0698
252;0.90354544;0.90354544;0.90354544
0.005634;2.289272;0.083119;-0.7376;-0.593;-0.323;-0.68793;3.638744;-0.810429;-0.7376;-0.593;-0.323;0.005634;3.06983;-1.349786;-0.7376;-0.593;-0.323;0.005634;3.06983;-1.349786;-0.0914;-0.6193;0.7798;0.689088;2.937599;-1.374649;-0.0914;-0.6193;0.7798;0.699198;3.638744;-0.816688;-0.0914;-0.6193;0.7798;0.699198;3.638744;-0.816688;0.9053;-0.4191;0.0693;0.005634;2.496123;1.334149;0.9053;-0.4191;0.0693;0.005634;2.289272;0.083119;0.9053;-0.4191;0.0693;0.275619;3.961107;4.343404;0.7156;-0.1893;-0.6724;0.005634;3.772504;4.109169;0.7156;-0.1893;-0.6724;0.005634;3.960944;4.056106;0.7156;-0.1893;-0.6724;0.005634;4.493012;3.373806;-0.7231;-0.3997;-0.5634;-0.430519;4.762339;3.74248;-0.7231;-0.3997;-0.5634;-0.317996;5.044022;3.398201;-0.7231;-0.3997;-0.5634;0.005634;3.470541;2.605538;0.7506;-0.1886;0.6332;0.005634;2.765762;2.395638;0.7506;-0.1886;0.6332;0.502796;3.819593;2.120144;0.7506;-0.1886;0.6332;0.699198;3.638744;-0.816688;0.7363;-0.5942;-0.3237;0.005634;2.289272;0.083119;0.7363;-0.5942;-0.3237;0.005634;3.06983;-1.349786;0.7363;-0.5942;-0.3237;0.005634;3.470541;2.605538;-0.7506;-0.1886;0.6332;-0.491528;3.819593;2.120143;-0.7506;-0.1886;0.6332;0.005634;2.765762;2.395638;-0.7506;-0.1886;0.6332;0.861063;3.432753;1.228774;0.7255;-0.6767;-0.1256;0.005634;2.496123;1.334149;0.7255;-0.6767;-0.1256;0.699198;3.638744;-0.816688;0.7255;-0.6767;-0.1256;-0.29172;3.829655;4.358554;-0.4261;-0.8486;-0.3136;0.005634;3.772504;4.109169;-0.4261;-0.8486;-0.3136;0.005634;3.658321;4.418174;-0.4261;-0.8486;-0.3136;-0.264351;3.961107;4.343404;-0.637;0.0439;-0.7696;0.005634;3.772504;4.109169;-0.637;0.0439;-0.7696;-0.29172;3.829655;4.358554;-0.637;0.0439;-0.7696;0.502796;3.819593;2.120144;0.7688;-0.3841;0.5112;0.005634;4.493012;3.373806;0.7688;-0.3841;0.5112;0.005634;3.470541;2.605538;0.7688;-0.3841;0.5112;0.005634;4.493012;3.373806;0.7095;-0.5557;-0.4334;0.441787;4.762339;3.74248;0.7095;-0.5557;-0.4334;0.005634;3.960944;4.056106;0.7095;-0.5557;-0.4334;0.005634;3.960944;4.056106;0.6071;-0.5535;-0.5702;0.441787;4.762339;3.74248;0.6071;-0.5535;-0.5702;0.275619;3.961107;4.343404;0.6071;-0.5535;-0.5702;-0.491528;3.819593;2.120143;-0.7224;-0.4476;0.527;0.005634;4.493012;3.373806;-0.7224;-0.4476;0.527;-0.317996;5.044022;3.398201;-0.7224;-0.4476;0.527;-0.430519;4.762339;3.74248;-0.6071;-0.5535;-0.5702;0.005634;3.960944;4.056106;-0.6071;-0.5535;-0.5702;-0.264351;3.961107;4.343404;-0.6071;-0.5535;-0.5702;0.005634;3.048335;-2.412654;-0.558;-0.8296;0.0168;0.266594;2.886301;-1.745407;-0.558;-0.8296;0.0168;0.005634;3.06983;-1.349786;-0.558;-0.8296;0.0168;0.43752;1.757314;-2.101907;-0.9824;-0.138;-0.1261;0.64083;0.173975;-1.952878;-0.9824;-0.138;-0.1261;0.604977;0.247187;-1.753647;-0.9824;-0.138;-0.1261;0.68887;1.774628;-1.983906;-0.6452;0.1484;0.7495;0.604977;0.247187;-1.753647;-0.6452;0.1484;0.7495;0.763136;0.314683;-1.630861;-0.6452;0.1484;0.7495;0.266594;2.886301;-1.745407;-0.5849;-0.3763;0.7185;0.68887;1.774628;-1.983906;-0.5849;-0.3763;0.7185;0.689088;2.937599;-1.374649;-0.5849;-0.3763;0.7185;0.36237;2.893661;-2.312363;-0.9813;-0.0958;-0.167;0.43752;1.757314;-2.101907;-0.9813;-0.0958;-0.167;0.266594;2.886301;-1.745407;-0.9813;-0.0958;-0.167;0.005634;3.06983;-1.349786;-0.1686;-0.9319;0.3211;0.266594;2.886301;-1.745407;-0.1686;-0.9319;0.3211;0.689088;2.937599;-1.374649;-0.1686;-0.9319;0.3211;0.275619;3.961107;4.343404;0.637;0.0439;-0.7696;0.302988;3.829654;4.358554;0.637;0.0439;-0.7696;0.005634;3.772504;4.109169;0.637;0.0439;-0.7696;0.005634;4.493012;3.373806;-0.7095;-0.5557;-0.4334;0.005634;3.960944;4.056106;-0.7095;-0.5557;-0.4334;-0.430519;4.762339;3.74248;-0.7095;-0.5557;-0.4334;-0.264351;3.961107;4.343404;-0.7156;-0.1893;-0.6724;0.005634;3.960944;4.056106;-0.7156;-0.1893;-0.6724;0.005634;3.772504;4.109169;-0.7156;-0.1893;-0.6724;0.005634;3.772504;4.109169;0.4261;-0.8486;-0.3136;0.302988;3.829654;4.358554;0.4261;-0.8486;-0.3136;0.005634;3.658321;4.418174;0.4261;-0.8486;-0.3136;0.502796;3.819593;2.120144;0.7224;-0.4476;0.527;0.329264;5.044022;3.3982;0.7224;-0.4476;0.527;0.005634;4.493012;3.373806;0.7224;-0.4476;0.527;0.005634;4.493012;3.373806;0.7231;-0.3997;-0.5634;0.329264;5.044022;3.3982;0.7231;-0.3997;-0.5634;0.441787;4.762339;3.74248;0.7231;-0.3997;-0.5634;-0.491528;3.819593;2.120143;-0.7688;-0.3841;0.5112;0.005634;3.470541;2.605538;-0.7688;-0.3841;0.5112;0.005634;4.493012;3.373806;-0.7688;-0.3841;0.5112;0.005634;3.048335;-2.412654;-0.3786;-0.9224;-0.0759;0.36237;2.893661;-2.312363;-0.3786;-0.9224;-0.0759;0.266594;2.886301;-1.745407;-0.3786;-0.9224;-0.0759;0.43752;1.757314;-2.101907;-0.9528;-0.1473;-0.2656;0.528157;1.790319;-2.445407;-0.9528;-0.1473;-0.2656;0.64083;0.173975;-1.952878;-0.9528;-0.1473;-0.2656;0.68887;1.774628;-1.983906;-0.4285;0.1577;0.8897;0.43752;1.757314;-2.101907;-0.4285;0.1577;0.8897;0.604977;0.247187;-1.753647;-0.4285;0.1577;0.8897;0.266594;2.886301;-1.745407;-0.3824;-0.3304;0.8629;0.43752;1.757314;-2.101907;-0.3824;-0.3304;0.8629;0.68887;1.774628;-1.983906;-0.3824;-0.3304;0.8629;0.36237;2.893661;-2.312363;-0.9581;-0.1122;-0.2636;0.528157;1.790319;-2.445407;-0.9581;-0.1122;-0.2636;0.43752;1.757314;-2.101907;-0.9581;-0.1122;-0.2636;-0.68793;3.638744;-0.810429;-0.8487;-0.5152;-0.1194;0.005634;2.289272;0.083119;-0.8487;-0.5152;-0.1194;-0.849795;3.432753;1.228774;-0.8487;-0.5152;-0.1194;0.005634;2.496123;1.334149;-0.74;-0.6635;0.1097;-0.849795;3.432753;1.228774;-0.74;-0.6635;0.1097;0.005634;2.289272;0.083119;-0.74;-0.6635;0.1097;0.005634;2.765762;2.395638;-0.6235;-0.7704;0.1331;0.193737;2.482631;1.638225;-0.6235;-0.7704;0.1331;0.256327;2.514921;2.118251;-0.6235;-0.7704;0.1331;0.005634;3.06983;-1.349786;0.0913;-0.6242;0.7759;-0.68793;3.638744;-0.810429;0.0913;-0.6242;0.7759;-0.687043;2.937599;-1.374649;0.0913;-0.6242;0.7759;0.652016;2.559989;2.021126;0.2599;-0.1897;0.9468;0.478222;0.659442;1.688121;0.2599;-0.1897;0.9468;0.708387;0.675434;1.628146;0.2599;-0.1897;0.9468;0.193737;2.482631;1.638225;-0.9792;-0.149;0.1377;0.478222;0.659442;1.688121;-0.9792;-0.149;0.1377;0.256327;2.514921;2.118251;-0.9792;-0.149;0.1377;0.005634;2.496123;1.334149;-0.0148;-0.9993;-0.0352;0.62733;2.476994;1.615738;-0.0148;-0.9993;-0.0352;0.193737;2.482631;1.638225;-0.0148;-0.9993;-0.0352;0.005634;2.765762;2.395638;0.4992;-0.009;0.8665;0.652016;2.559989;2.021126;0.4992;-0.009;0.8665;0.502796;3.819593;2.120144;0.4992;-0.009;0.8665;0.694029;0.587389;1.405006;-0.381;-0.0414;-0.9236;0.486598;0.214106;1.507304;-0.381;-0.0414;-0.9236;0.464501;0.618859;1.498282;-0.381;-0.0414;-0.9236;0.62733;2.476994;1.615738;-0.0508;0.0674;-0.9964;0.464501;0.618859;1.498282;-0.0508;0.0674;-0.9964;0.193737;2.482631;1.638225;-0.0508;0.0674;-0.9964;0.478222;0.659442;1.688121;-0.9876;-0.0747;0.1382;0.486598;0.214106;1.507304;-0.9876;-0.0747;0.1382;0.517033;0.243489;1.740635;-0.9876;-0.0747;0.1382;0.478222;0.659442;1.688121;0.2405;0.1403;0.9605;0.709443;0.257267;1.688966;0.2405;0.1403;0.9605;0.708387;0.675434;1.628146;0.2405;0.1403;0.9605;0.005634;2.765762;2.395638;-0.4235;-0.878;0.223;0.005634;2.496123;1.334149;-0.4235;-0.878;0.223;0.193737;2.482631;1.638225;-0.4235;-0.878;0.223;0.652016;2.559989;2.021126;0.2544;-0.1894;0.9484;0.256327;2.514921;2.118251;0.2544;-0.1894;0.9484;0.478222;0.659442;1.688121;0.2544;-0.1894;0.9484;0.193737;2.482631;1.638225;-0.9832;-0.1506;0.1033;0.464501;0.618859;1.498282;-0.9832;-0.1506;0.1033;0.478222;0.659442;1.688121;-0.9832;-0.1506;0.1033;0.005634;2.496123;1.334149;0.3627;-0.4246;-0.8296;0.861063;3.432753;1.228774;0.3627;-0.4246;-0.8296;0.62733;2.476994;1.615738;0.3627;-0.4246;-0.8296;0.005634;2.765762;2.395638;0.2551;-0.5911;0.7652;0.256327;2.514921;2.118251;0.2551;-0.5911;0.7652;0.652016;2.559989;2.021126;0.2551;-0.5911;0.7652;0.694029;0.587389;1.405006;-0.0539;-0.2359;-0.9703;0.69744;0.20939;1.49673;-0.0539;-0.2359;-0.9703;0.486598;0.214106;1.507304;-0.0539;-0.2359;-0.9703;0.62733;2.476994;1.615738;-0.3643;0.0905;-0.9269;0.694029;0.587389;1.405006;-0.3643;0.0905;-0.9269;0.464501;0.618859;1.498282;-0.3643;0.0905;-0.9269;0.478222;0.659442;1.688121;-0.9952;-0.0525;0.0831;0.464501;0.618859;1.498282;-0.9952;-0.0525;0.0831;0.486598;0.214106;1.507304;-0.9952;-0.0525;0.0831;0.478222;0.659442;1.688121;0.247;0.144;0.9582;0.517033;0.243489;1.740635;0.247;0.144;0.9582;0.709443;0.257267;1.688966;0.247;0.144;0.9582;0.005634;3.048335;-2.412654;0.5447;-0.8385;0.017;0.005634;3.06983;-1.349786;0.5447;-0.8385;0.017;-0.264549;2.886301;-1.745407;0.5447;-0.8385;0.017;-0.435475;1.757314;-2.101907;0.9824;-0.138;-0.1261;-0.602932;0.247187;-1.753647;0.9824;-0.138;-0.1261;-0.638785;0.173975;-1.952878;0.9824;-0.138;-0.1261;-0.686825;1.774628;-1.983906;0.6452;0.1484;0.7495;-0.761091;0.314683;-1.630861;0.6452;0.1484;0.7495;-0.602932;0.247187;-1.753647;0.6452;0.1484;0.7495;-0.264549;2.886301;-1.745407;0.5849;-0.3763;0.7185;-0.687043;2.937599;-1.374649;0.5849;-0.3763;0.7185;-0.686825;1.774628;-1.983906;0.5849;-0.3763;0.7185;-0.360325;2.893661;-2.312363;0.9813;-0.0958;-0.167;-0.264549;2.886301;-1.745407;0.9813;-0.0958;-0.167;-0.435475;1.757314;-2.101907;0.9813;-0.0958;-0.167;0.005634;3.06983;-1.349786;0.1667;-0.933;0.319;-0.687043;2.937599;-1.374649;0.1667;-0.933;0.319;-0.264549;2.886301;-1.745407;0.1667;-0.933;0.319;0.005634;3.048335;-2.412654;0.3708;-0.9257;-0.0747;-0.264549;2.886301;-1.745407;0.3708;-0.9257;-0.0747;-0.360325;2.893661;-2.312363;0.3708;-0.9257;-0.0747;-0.435475;1.757314;-2.101907;0.9528;-0.1473;-0.2656;-0.638785;0.173975;-1.952878;0.9528;-0.1473;-0.2656;-0.526113;1.790319;-2.445407;0.9528;-0.1473;-0.2656;-0.686825;1.774628;-1.983906;0.4285;0.1577;0.8897;-0.602932;0.247187;-1.753647;0.4285;0.1577;0.8897;-0.435475;1.757314;-2.101907;0.4285;0.1577;0.8897;-0.264549;2.886301;-1.745407;0.3824;-0.3304;0.8629;-0.686825;1.774628;-1.983906;0.3824;-0.3304;0.8629;-0.435475;1.757314;-2.101907;0.3824;-0.3304;0.8629;-0.360325;2.893661;-2.312363;0.9581;-0.1122;-0.2636;-0.435475;1.757314;-2.101907;0.9581;-0.1122;-0.2636;-0.526113;1.790319;-2.445407;0.9581;-0.1122;-0.2636;0.005634;2.765762;2.395638;0.6201;-0.7732;0.1329;-0.247663;2.514921;2.118251;0.6201;-0.7732;0.1329;-0.185073;2.482631;1.638225;0.6201;-0.7732;0.1329;-0.643352;2.559989;2.021127;-0.2599;-0.1897;0.9468;-0.699725;0.675434;1.628146;-0.2599;-0.1897;0.9468;-0.469559;0.659442;1.688121;-0.2599;-0.1897;0.9468;-0.185073;2.482631;1.638225;0.9792;-0.149;0.1377;-0.247663;2.514921;2.118251;0.9792;-0.149;0.1377;-0.469559;0.659442;1.688121;0.9792;-0.149;0.1377;0.005634;2.496123;1.334149;0.0148;-0.9993;-0.035;-0.185073;2.482631;1.638225;0.0148;-0.9993;-0.035;-0.618666;2.476994;1.615738;0.0148;-0.9993;-0.035;0.005634;2.765762;2.395638;-0.4979;-0.0082;0.8672;-0.491528;3.819593;2.120143;-0.4979;-0.0082;0.8672;-0.643352;2.559989;2.021127;-0.4979;-0.0082;0.8672;-0.685366;0.587389;1.405006;0.381;-0.0414;-0.9236;-0.455837;0.618858;1.498282;0.381;-0.0414;-0.9236;-0.477935;0.214106;1.507304;0.381;-0.0414;-0.9236;-0.618666;2.476994;1.615738;0.0508;0.0674;-0.9964;-0.185073;2.482631;1.638225;0.0508;0.0674;-0.9964;-0.455837;0.618858;1.498282;0.0508;0.0674;-0.9964;-0.469559;0.659442;1.688121;0.9876;-0.0747;0.1382;-0.50837;0.243489;1.740635;0.9876;-0.0747;0.1382;-0.477935;0.214106;1.507304;0.9876;-0.0747;0.1382;-0.469559;0.659442;1.688121;-0.2405;0.1403;0.9605;-0.699725;0.675434;1.628146;-0.2405;0.1403;0.9605;-0.70078;0.257266;1.688966;-0.2405;0.1403;0.9605;0.005634;2.765762;2.395638;0.4187;-0.8802;0.2236;-0.185073;2.482631;1.638225;0.4187;-0.8802;0.2236;0.005634;2.496123;1.334149;0.4187;-0.8802;0.2236;-0.643352;2.559989;2.021127;-0.2544;-0.1894;0.9484;-0.469559;0.659442;1.688121;-0.2544;-0.1894;0.9484;-0.247663;2.514921;2.118251;-0.2544;-0.1894;0.9484;-0.185073;2.482631;1.638225;0.9832;-0.1506;0.1033;-0.469559;0.659442;1.688121;0.9832;-0.1506;0.1033;-0.455837;0.618858;1.498282;0.9832;-0.1506;0.1033;0.005634;2.496123;1.334149;-0.3616;-0.4237;-0.8305;-0.618666;2.476994;1.615738;-0.3616;-0.4237;-0.8305;-0.849795;3.432753;1.228774;-0.3616;-0.4237;-0.8305;0.005634;2.765762;2.395638;-0.2552;-0.5896;0.7663;-0.643352;2.559989;2.021127;-0.2552;-0.5896;0.7663;-0.247663;2.514921;2.118251;-0.2552;-0.5896;0.7663;-0.685366;0.587389;1.405006;0.0539;-0.2359;-0.9703;-0.477935;0.214106;1.507304;0.0539;-0.2359;-0.9703;-0.688776;0.20939;1.49673;0.0539;-0.2359;-0.9703;-0.618666;2.476994;1.615738;0.3643;0.0905;-0.9269;-0.455837;0.618858;1.498282;0.3643;0.0905;-0.9269;-0.685366;0.587389;1.405006;0.3643;0.0905;-0.9269;-0.469559;0.659442;1.688121;0.9952;-0.0525;0.0831;-0.477935;0.214106;1.507304;0.9952;-0.0525;0.0831;-0.455837;0.618858;1.498282;0.9952;-0.0525;0.0831;-0.469559;0.659442;1.688121;-0.247;0.144;0.9582;-0.70078;0.257266;1.688966;-0.247;0.144;0.9582;-0.50837;0.243489;1.740635;-0.247;0.144;0.9582
156;0.3814574;0.27908063;0.25319475
-0.003346;5.579477;2.93733;0.6106;0.7895;-0.0621;0.005634;5.645835;3.869775;0.6106;0.7895;-0.0621;0.2122;5.420586;3.036453;0.6106;0.7895;-0.0621;-0.218892;5.420586;3.036453;-0.6076;0.7927;-0.0506;0.005634;5.645835;3.869775;-0.6076;0.7927;-0.0506;-0.003346;5.579477;2.93733;-0.6076;0.7927;-0.0506;-0.003346;5.579477;2.93733;-0.6512;0.6988;-0.2959;-0.374893;4.633615;1.521214;-0.6512;0.6988;-0.2959;-0.218892;5.420586;3.036453;-0.6512;0.6988;-0.2959;-0.003346;5.579477;2.93733;0.6561;0.6957;-0.2925;0.368199;4.633615;1.521214;0.6561;0.6957;-0.2925;-0.003347;4.750482;0.965778;0.6561;0.6957;-0.2925;-0.003346;5.579477;2.93733;-0.6561;0.6957;-0.2925;-0.003347;4.750482;0.965778;-0.6561;0.6957;-0.2925;-0.374893;4.633615;1.521214;-0.6561;0.6957;-0.2925;-0.003346;5.579477;2.93733;0.6512;0.6988;-0.2959;0.2122;5.420586;3.036453;0.6512;0.6988;-0.2959;0.368199;4.633615;1.521214;0.6512;0.6988;-0.2959;0.006588;3.654396;-3.042682;0.3521;0.5364;-0.767;0.005634;4.685075;-2.322298;0.3521;0.5364;-0.767;0.222135;3.851016;-2.806224;0.3521;0.5364;-0.767;0.222135;3.851016;-2.806224;0.0;-0.5019;0.865;0.005634;4.685075;-2.322298;0.0;-0.5019;0.865;-0.208957;3.851016;-2.806224;0.0;-0.5019;0.865;-0.208957;3.851016;-2.806224;-0.3527;0.5358;-0.7671;0.005634;4.685075;-2.322298;-0.3527;0.5358;-0.7671;0.006588;3.654396;-3.042682;-0.3527;0.5358;-0.7671;0.006588;3.654396;-3.042682;-0.6593;0.1605;-0.7345;-0.364957;1.819224;-3.110205;-0.6593;0.1605;-0.7345;-0.208957;3.851016;-2.806224;-0.6593;0.1605;-0.7345;-0.29172;3.829655;4.358554;-0.5089;-0.7178;0.4751;0.005634;3.658321;4.418174;-0.5089;-0.7178;0.4751;0.005633;3.831988;4.680541;-0.5089;-0.7178;0.4751;0.006588;1.341944;-3.346664;-0.0;-0.4439;0.8961;0.378134;1.819224;-3.110205;-0.0;-0.4439;0.8961;-0.364957;1.819224;-3.110205;-0.0;-0.4439;0.8961;-0.208957;3.851016;-2.806224;-0.0;-0.148;0.989;0.378134;1.819224;-3.110205;-0.0;-0.148;0.989;0.222135;3.851016;-2.806224;-0.0;-0.148;0.989;0.006588;3.654396;-3.042682;0.4206;0.1182;-0.8995;0.378134;1.819224;-3.110205;0.4206;0.1182;-0.8995;0.006588;1.341944;-3.346664;0.4206;0.1182;-0.8995;-0.225752;5.668798;3.946635;-0.6059;-0.4257;0.6721;-0.416887;5.601216;3.731503;-0.6059;-0.4257;0.6721;-0.026528;5.098931;3.765263;-0.6059;-0.4257;0.6721;0.275845;5.654213;3.94346;0.6087;-0.4204;0.6729;0.075448;5.078909;3.765263;0.6087;-0.4204;0.6729;0.461337;5.588625;3.734679;0.6087;-0.4204;0.6729;-0.357407;5.927249;3.779324;-0.7533;0.0412;0.6564;-0.416887;5.601216;3.731503;-0.7533;0.0412;0.6564;-0.225752;5.668798;3.946635;-0.7533;0.0412;0.6564;0.406204;5.926017;3.776798;0.7533;0.0412;0.6564;0.275845;5.654213;3.94346;0.7533;0.0412;0.6564;0.461337;5.588625;3.734679;0.7533;0.0412;0.6564;0.763136;0.314683;-1.630861;0.8835;0.4212;0.2048;0.897113;0.039351;-1.642559;0.8835;0.4212;0.2048;0.834103;0.248757;-1.801437;0.8835;0.4212;0.2048;0.834103;0.248757;-1.801437;0.6559;-0.4051;-0.637;0.591268;0.042965;-1.9206;0.6559;-0.4051;-0.637;0.64083;0.173975;-1.952878;0.6559;-0.4051;-0.637;0.763136;0.314683;-1.630861;-0.4663;0.5352;0.7043;0.584583;0.031472;-1.533859;-0.4663;0.5352;0.7043;0.83571;0.03733;-1.372057;-0.4663;0.5352;0.7043;0.604977;0.247187;-1.753647;-0.9968;0.0791;-0.0149;0.591268;0.042965;-1.9206;-0.9968;0.0791;-0.0149;0.584583;0.031472;-1.533859;-0.9968;0.0791;-0.0149;0.006588;3.654396;-3.042682;-0.4206;0.1182;-0.8995;0.006588;1.341944;-3.346664;-0.4206;0.1182;-0.8995;-0.364957;1.819224;-3.110205;-0.4206;0.1182;-0.8995;0.302988;3.829654;4.358554;0.5089;-0.7178;0.4751;0.005633;3.831988;4.680541;0.5089;-0.7178;0.4751;0.005634;3.658321;4.418174;0.5089;-0.7178;0.4751;-0.208957;3.851016;-2.806224;-0.0;-0.148;0.989;-0.364957;1.819224;-3.110205;-0.0;-0.148;0.989;0.378134;1.819224;-3.110205;-0.0;-0.148;0.989;0.006588;3.654396;-3.042682;0.6593;0.1605;-0.7345;0.222135;3.851016;-2.806224;0.6593;0.1605;-0.7345;0.378134;1.819224;-3.110205;0.6593;0.1605;-0.7345;0.763136;0.314683;-1.630861;0.8837;0.4214;0.2037;0.83571;0.03733;-1.372057;0.8837;0.4214;0.2037;0.897113;0.039351;-1.642559;0.8837;0.4214;0.2037;0.834103;0.248757;-1.801437;0.6304;-0.3398;-0.6979;0.897113;0.039351;-1.642559;0.6304;-0.3398;-0.6979;0.591268;0.042965;-1.9206;0.6304;-0.3398;-0.6979;0.763136;0.314683;-1.630861;-0.64;0.5772;0.5071;0.604977;0.247187;-1.753647;-0.64;0.5772;0.5071;0.584583;0.031472;-1.533859;-0.64;0.5772;0.5071;0.604977;0.247187;-1.753647;-0.9208;0.282;-0.2693;0.64083;0.173975;-1.952878;-0.9208;0.282;-0.2693;0.591268;0.042965;-1.9206;-0.9208;0.282;-0.2693;0.709443;0.257267;1.688966;0.1328;0.7159;0.6855;0.517033;0.243489;1.740635;0.1328;0.7159;0.6855;0.625185;0.016226;1.957006;0.1328;0.7159;0.6855;0.517033;0.243489;1.740635;-0.9263;-0.0932;0.3651;0.444622;0.029568;1.502357;-0.9263;-0.0932;0.3651;0.625185;0.016226;1.957006;-0.9263;-0.0932;0.3651;0.69744;0.20939;1.49673;-0.0492;0.0379;-0.9981;0.444622;0.029568;1.502357;-0.0492;0.0379;-0.9981;0.486598;0.214106;1.507304;-0.0492;0.0379;-0.9981;0.709443;0.257267;1.688966;0.9599;0.2519;-0.1227;0.745239;0.024852;1.491783;0.9599;0.2519;-0.1227;0.69744;0.20939;1.49673;0.9599;0.2519;-0.1227;0.517033;0.243489;1.740635;-0.9709;0.2182;0.0992;0.486598;0.214106;1.507304;-0.9709;0.2182;0.0992;0.444622;0.029568;1.502357;-0.9709;0.2182;0.0992;0.69744;0.20939;1.49673;-0.0349;0.0178;-0.9992;0.745239;0.024852;1.491783;-0.0349;0.0178;-0.9992;0.444622;0.029568;1.502357;-0.0349;0.0178;-0.9992;0.709443;0.257267;1.688966;0.9667;-0.0618;0.2483;0.625185;0.016226;1.957006;0.9667;-0.0618;0.2483;0.745239;0.024852;1.491783;0.9667;-0.0618;0.2483;-0.761091;0.314683;-1.630861;-0.8835;0.4212;0.2048;-0.832058;0.248757;-1.801438;-0.8835;0.4212;0.2048;-0.895068;0.039351;-1.642559;-0.8835;0.4212;0.2048;-0.832058;0.248757;-1.801438;-0.6559;-0.4051;-0.637;-0.638785;0.173975;-1.952878;-0.6559;-0.4051;-0.637;-0.589223;0.042965;-1.920601;-0.6559;-0.4051;-0.637;-0.761091;0.314683;-1.630861;0.4663;0.5352;0.7043;-0.833664;0.037331;-1.372057;0.4663;0.5352;0.7043;-0.582538;0.031472;-1.533859;0.4663;0.5352;0.7043;-0.602932;0.247187;-1.753647;0.9968;0.0791;-0.0149;-0.582538;0.031472;-1.533859;0.9968;0.0791;-0.0149;-0.589223;0.042965;-1.920601;0.9968;0.0791;-0.0149;-0.761091;0.314683;-1.630861;-0.8837;0.4214;0.2037;-0.895068;0.039351;-1.642559;-0.8837;0.4214;0.2037;-0.833664;0.037331;-1.372057;-0.8837;0.4214;0.2037;-0.832058;0.248757;-1.801438;-0.6304;-0.3398;-0.6979;-0.589223;0.042965;-1.920601;-0.6304;-0.3398;-0.6979;-0.895068;0.039351;-1.642559;-0.6304;-0.3398;-0.6979;-0.761091;0.314683;-1.630861;0.64;0.5772;0.5071;-0.582538;0.031472;-1.533859;0.64;0.5772;0.5071;-0.602932;0.247187;-1.753647;0.64;0.5772;0.5071;-0.602932;0.247187;-1.753647;0.9208;0.282;-0.2693;-0.589223;0.042965;-1.920601;0.9208;0.282;-0.2693;-0.638785;0.173975;-1.952878;0.9208;0.282;-0.2693;-0.70078;0.257266;1.688966;-0.1328;0.7159;0.6855;-0.616522;0.016226;1.957006;-0.1328;0.7159;0.6855;-0.50837;0.243489;1.740635;-0.1328;0.7159;0.6855;-0.50837;0.243489;1.740635;0.9263;-0.0932;0.3651;-0.616522;0.016226;1.957006;0.9263;-0.0932;0.3651;-0.435959;0.029568;1.502357;0.9263;-0.0932;0.3651;-0.688776;0.20939;1.49673;0.0492;0.038;-0.9981;-0.477935;0.214106;1.507304;0.0492;0.038;-0.9981;-0.435959;0.029568;1.502357;0.0492;0.038;-0.9981;-0.70078;0.257266;1.688966;-0.9599;0.2519;-0.1227;-0.688776;0.20939;1.49673;-0.9599;0.2519;-0.1227;-0.736576;0.024852;1.491783;-0.9599;0.2519;-0.1227;-0.50837;0.243489;1.740635;0.9709;0.2182;0.0992;-0.435959;0.029568;1.502357;0.9709;0.2182;0.0992;-0.477935;0.214106;1.507304;0.9709;0.2182;0.0992;-0.688776;0.20939;1.49673;0.0349;0.0178;-0.9992;-0.435959;0.029568;1.502357;0.0349;0.0178;-0.9992;-0.736576;0.024852;1.491783;0.0349;0.0178;-0.9992;-0.70078;0.257266;1.688966;-0.9667;-0.0618;0.2483;-0.736576;0.024852;1.491783;-0.9667;-0.0618;0.2483;-0.616522;0.016226;1.957006;-0.9667;-0.0618;0.2483
6
INFO;Horse;A beautiful horse.;12410;20;2;noIcon.png;sheepBaa2
LIFE;4.2;8;0;FALL_DEATH;1.5;2.5;60;0;-1;0;5;2.135;2;2;0;1;0;0.15;5;1;pt;0.3
GROWTH;1;4;2
MOVEMENT;13;speed;1.7;bounce;2.16;upRot;300;gravFactor;0.9;frontZ;2;0.8;1.32;backZ;2;-0.72;-1.4;
AI;PATROL
NAME;1
