0.7
pt
0;1
2
-0.859998;-0.346157;-0.616932;0.955496;3.54875;0.743583;1
66;1
66;0.92335445;0.681801;0.513252
0.094377;0.774698;-0.616932;0.8502;-0.1902;-0.4909;0.299781;-0.346157;0.173079;0.8502;-0.1902;-0.4909;0.0;-0.346157;-0.346157;0.8502;-0.1902;-0.4909;0.48709;0.774698;0.390199;0.0;-0.1902;0.9818;-0.299781;-0.346157;0.173079;0.0;-0.1902;0.9818;0.299781;-0.346157;0.173079;0.0;-0.1902;0.9818;-0.581467;0.774698;0.226733;-0.7736;0.1321;-0.6197;0.033488;1.883428;-0.304588;-0.7736;0.1321;-0.6197;0.094377;0.774698;-0.616932;-0.7736;0.1321;-0.6197;-0.581467;0.774698;0.226733;-0.8502;-0.1902;-0.4909;0.0;-0.346157;-0.346157;-0.8502;-0.1902;-0.4909;-0.299781;-0.346157;0.173079;-0.8502;-0.1902;-0.4909;0.0;-0.346157;-0.346157;0.0;-1.0;0.0;0.299781;-0.346157;0.173079;0.0;-1.0;0.0;-0.299781;-0.346157;0.173079;0.0;-1.0;0.0;0.033488;1.883428;-0.304588;-0.7352;-0.4572;-0.5005;-0.253818;1.93089;0.074071;-0.7352;-0.4572;-0.5005;-0.859998;3.54875;-0.513318;-0.7352;-0.4572;-0.5005;0.48709;0.774698;0.390199;-0.149;0.1708;0.974;-0.253818;1.93089;0.074071;-0.149;0.1708;0.974;-0.581467;0.774698;0.226733;-0.149;0.1708;0.974;0.48709;0.774698;0.390199;0.9073;0.1184;-0.4035;0.033488;1.883428;-0.304588;0.9073;0.1184;-0.4035;0.220329;1.938104;0.131624;0.9073;0.1184;-0.4035;-0.253818;1.93089;0.074071;-0.5816;0.6258;-0.5197;0.734386;3.405417;0.743583;-0.5816;0.6258;-0.5197;0.033488;1.883428;-0.304588;-0.5816;0.6258;-0.5197;-0.253818;1.93089;0.074071;-0.1195;0.299;0.9468;0.220329;1.938104;0.131624;-0.1195;0.299;0.9468;-0.859998;3.54875;-0.513318;-0.1195;0.299;0.9468;0.220329;1.938104;0.131624;0.8265;0.3929;-0.4032;0.033488;1.883428;-0.304588;0.8265;0.3929;-0.4032;-0.859998;3.54875;-0.513318;0.8265;0.3929;-0.4032;0.220329;1.938104;0.131624;-0.1076;-0.3503;0.9304;0.734386;3.405417;0.743583;-0.1076;-0.3503;0.9304;-0.253818;1.93089;0.074071;-0.1076;-0.3503;0.9304;0.033488;1.883428;-0.304588;0.9139;-0.1656;-0.3707;0.734386;3.405417;0.743583;0.9139;-0.1656;-0.3707;0.220329;1.938104;0.131624;0.9139;-0.1656;-0.3707;0.133804;2.000554;0.034553;0.8276;-0.5372;0.1629;0.955496;3.108913;-0.484484;0.8276;-0.5372;0.1629;0.203583;2.148597;0.168325;0.8276;-0.5372;0.1629;0.203583;2.148597;0.168325;-0.1355;0.6274;0.7668;0.955496;3.108913;-0.484484;-0.1355;0.6274;0.7668;-0.015178;2.162093;0.118632;-0.1355;0.6274;0.7668;-0.015178;2.162093;0.118632;-0.5108;-0.0238;-0.8594;0.955496;3.108913;-0.484484;-0.5108;-0.0238;-0.8594;0.133804;2.000554;0.034553;-0.5108;-0.0238;-0.8594;0.094377;0.774698;-0.616932;0.9283;-0.085;-0.362;0.48709;0.774698;0.390199;0.9283;-0.085;-0.362;0.299781;-0.346157;0.173079;0.9283;-0.085;-0.362;0.48709;0.774698;0.390199;-0.1507;-0.085;0.9849;-0.581467;0.774698;0.226733;-0.1507;-0.085;0.9849;-0.299781;-0.346157;0.173079;-0.1507;-0.085;0.9849;-0.581467;0.774698;0.226733;-0.7802;0.1406;-0.6096;-0.253818;1.93089;0.074071;-0.7802;0.1406;-0.6096;0.033488;1.883428;-0.304588;-0.7802;0.1406;-0.6096;-0.581467;0.774698;0.226733;-0.7776;-0.085;-0.6229;0.094377;0.774698;-0.616932;-0.7776;-0.085;-0.6229;0.0;-0.346157;-0.346157;-0.7776;-0.085;-0.6229;0.48709;0.774698;0.390199;-0.1212;0.1888;0.9745;0.220329;1.938104;0.131624;-0.1212;0.1888;0.9745;-0.253818;1.93089;0.074071;-0.1212;0.1888;0.9745;0.48709;0.774698;0.390199;0.9209;0.1517;-0.3591;0.094377;0.774698;-0.616932;0.9209;0.1517;-0.3591;0.033488;1.883428;-0.304588;0.9209;0.1517;-0.3591
-8.21366;-0.741367;-7.611294;8.142378;22.5387;10.333949;5
345;2
174;0.62370336;0.59066224;0.35165337;0.04
-2.975361;14.568062;-1.167409;0.4253;-0.2397;-0.8727;-3.73134;19.430113;-2.871182;0.4253;-0.2397;-0.8727;1.263303;18.88471;-0.287289;0.4253;-0.2397;-0.8727;-3.508392;22.125433;1.039151;0.5875;0.7854;0.1946;-0.850863;19.223866;4.726957;0.5875;0.7854;0.1946;1.263303;18.88471;-0.287289;0.5875;0.7854;0.1946;-3.73134;19.430113;-2.871182;0.3634;0.7572;-0.5427;-3.508392;22.125433;1.039151;0.3634;0.7572;-0.5427;1.263303;18.88471;-0.287289;0.3634;0.7572;-0.5427;0.635514;15.157509;1.839861;0.6094;-0.4679;-0.64;-2.975361;14.568062;-1.167409;0.6094;-0.4679;-0.64;1.263303;18.88471;-0.287289;0.6094;-0.4679;-0.64;-7.144294;20.430836;1.254229;-0.3884;0.7689;-0.5079;-3.508392;22.125433;1.039151;-0.3884;0.7689;-0.5079;-3.73134;19.430113;-2.871182;-0.3884;0.7689;-0.5079;-4.551607;15.174103;5.04807;0.4854;-0.3812;0.7868;0.635514;15.157509;1.839861;0.4854;-0.3812;0.7868;-0.850863;19.223866;4.726957;0.4854;-0.3812;0.7868;-0.850863;19.223866;4.726957;0.9211;0.064;0.384;0.635514;15.157509;1.839861;0.9211;0.064;0.384;1.263303;18.88471;-0.287289;0.9211;0.064;0.384;-7.22311;16.5922;-2.297244;0.1009;-0.315;-0.9437;-3.73134;19.430113;-2.871182;0.1009;-0.315;-0.9437;-2.975361;14.568062;-1.167409;0.1009;-0.315;-0.9437;-7.144294;20.430836;1.254229;-0.2641;0.6563;0.7067;-0.850863;19.223866;4.726957;-0.2641;0.6563;0.7067;-3.508392;22.125433;1.039151;-0.2641;0.6563;0.7067;-7.22311;16.5922;-2.297244;-0.5609;0.5684;-0.6019;-7.144294;20.430836;1.254229;-0.5609;0.5684;-0.6019;-3.73134;19.430113;-2.871182;-0.5609;0.5684;-0.6019;-7.144294;20.430836;1.254229;-0.3785;0.4116;0.829;-4.551607;15.174103;5.04807;-0.3785;0.4116;0.829;-0.850863;19.223866;4.726957;-0.3785;0.4116;0.829;-4.551607;15.174103;5.04807;0.0671;-0.9912;0.1137;-2.975361;14.568062;-1.167409;0.0671;-0.9912;0.1137;0.635514;15.157509;1.839861;0.0671;-0.9912;0.1137;-8.21366;16.519829;1.336249;-0.9353;0.2505;-0.25;-7.144294;20.430836;1.254229;-0.9353;0.2505;-0.25;-7.22311;16.5922;-2.297244;-0.9353;0.2505;-0.25;-8.21366;16.519829;1.336249;-0.6616;0.1961;0.7238;-4.551607;15.174103;5.04807;-0.6616;0.1961;0.7238;-7.144294;20.430836;1.254229;-0.6616;0.1961;0.7238;-2.975361;14.568062;-1.167409;-0.399;-0.9081;-0.1269;-8.21366;16.519829;1.336249;-0.399;-0.9081;-0.1269;-7.22311;16.5922;-2.297244;-0.399;-0.9081;-0.1269;-8.21366;16.519829;1.336249;-0.3478;-0.9376;0.0032;-2.975361;14.568062;-1.167409;-0.3478;-0.9376;0.0032;-4.551607;15.174103;5.04807;-0.3478;-0.9376;0.0032;1.63057;16.740852;1.838828;0.1603;-0.972;0.1718;-2.515428;15.067238;-3.761844;0.1603;-0.972;0.1718;5.251949;16.351934;-3.740863;0.1603;-0.972;0.1718;-2.515428;15.067238;-3.761844;-0.0307;-0.9512;0.3069;1.63057;16.740852;1.838828;-0.0307;-0.9512;0.3069;-3.419283;16.653427;1.063461;-0.0307;-0.9512;0.3069;1.63057;16.740852;1.838828;0.8385;-0.0091;0.5448;5.251949;16.351934;-3.740863;0.8385;-0.0091;0.5448;2.691236;21.285389;0.282427;0.8385;-0.0091;0.5448;1.63057;16.740852;1.838828;-0.148;0.3512;0.9245;2.691236;21.285389;0.282427;-0.148;0.3512;0.9245;-3.419283;16.653427;1.063461;-0.148;0.3512;0.9245;5.251949;16.351934;-3.740863;0.1579;-0.9501;-0.269;-2.515428;15.067238;-3.761844;0.1579;-0.9501;-0.269;0.322324;16.62857;-7.611294;0.1579;-0.9501;-0.269;2.691236;21.285389;0.282427;0.728;0.6187;-0.2953;5.251949;16.351934;-3.740863;0.728;0.6187;-0.2953;0.159389;20.726416;-7.129869;0.728;0.6187;-0.2953;-3.419283;16.653427;1.063461;-0.3572;0.5929;0.7217;2.691236;21.285389;0.282427;-0.3572;0.5929;0.7217;-4.706433;20.541985;-2.767976;-0.3572;0.5929;0.7217;5.251949;16.351934;-3.740863;0.6174;0.116;-0.7781;0.322324;16.62857;-7.611294;0.6174;0.116;-0.7781;0.159389;20.726416;-7.129869;0.6174;0.116;-0.7781;2.691236;21.285389;0.282427;0.7693;0.5613;-0.3051;0.159389;20.726416;-7.129869;0.7693;0.5613;-0.3051;0.35319;22.5387;-3.306882;0.7693;0.5613;-0.3051;2.691236;21.285389;0.282427;-0.2792;0.8353;0.4736;0.35319;22.5387;-3.306882;-0.2792;0.8353;0.4736;-4.706433;20.541985;-2.767976;-0.2792;0.8353;0.4736;-3.419283;16.653427;1.063461;-0.9304;-0.3623;-0.0552;-4.706433;20.541985;-2.767976;-0.9304;-0.3623;-0.0552;-2.515428;15.067238;-3.761844;-0.9304;-0.3623;-0.0552;0.322324;16.62857;-7.611294;-0.8114;0.0363;-0.5834;-2.515428;15.067238;-3.761844;-0.8114;0.0363;-0.5834;0.159389;20.726416;-7.129869;-0.8114;0.0363;-0.5834;-4.706433;20.541985;-2.767976;-0.3742;0.8452;-0.3817;0.35319;22.5387;-3.306882;-0.3742;0.8452;-0.3817;0.159389;20.726416;-7.129869;-0.3742;0.8452;-0.3817;-2.515428;15.067238;-3.761844;-0.6592;-0.1293;-0.7408;-4.706433;20.541985;-2.767976;-0.6592;-0.1293;-0.7408;0.159389;20.726416;-7.129869;-0.6592;-0.1293;-0.7408;-2.155598;13.455086;7.586295;0.4519;-0.8885;-0.0795;1.826365;16.066814;1.0278;0.4519;-0.8885;-0.0795;1.918264;15.281197;10.333949;0.4519;-0.8885;-0.0795;1.826365;16.066814;1.0278;0.1845;-0.9465;-0.2649;-2.155598;13.455086;7.586295;0.1845;-0.9465;-0.2649;-3.062618;14.493568;3.243894;0.1845;-0.9465;-0.2649;-2.155598;13.455086;7.586295;-0.3927;-0.3825;0.8364;1.918264;15.281197;10.333949;-0.3927;-0.3825;0.8364;-4.134911;18.159739;8.808408;-0.3927;-0.3825;0.8364;-2.155598;13.455086;7.586295;-0.909;-0.4065;0.0926;-4.134911;18.159739;8.808408;-0.909;-0.4065;0.0926;-3.062618;14.493568;3.243894;-0.909;-0.4065;0.0926;1.918264;15.281197;10.333949;0.4791;-0.8743;-0.0785;1.826365;16.066814;1.0278;0.4791;-0.8743;-0.0785;5.493196;17.676577;5.475314;0.4791;-0.8743;-0.0785;-4.134911;18.159739;8.808408;-0.0078;0.4554;0.8902;1.918264;15.281197;10.333949;-0.0078;0.4554;0.8902;2.532682;21.242771;7.289674;-0.0078;0.4554;0.8902;-3.062618;14.493568;3.243894;-0.8725;0.3135;-0.3747;-4.134911;18.159739;8.808408;-0.8725;0.3135;-0.3747;-0.908842;21.125837;3.778362;-0.8725;0.3135;-0.3747;1.918264;15.281197;10.333949;0.7123;0.2596;0.6521;5.493196;17.676577;5.475314;0.7123;0.2596;0.6521;2.532682;21.242771;7.289674;0.7123;0.2596;0.6521;-4.134911;18.159739;8.808408;0.1437;0.1695;0.975;2.532682;21.242771;7.289674;0.1437;0.1695;0.975;-1.619022;21.057825;7.933744;0.1437;0.1695;0.975;-4.134911;18.159739;8.808408;-0.7674;0.6297;-0.1208;-1.619022;21.057825;7.933744;-0.7674;0.6297;-0.1208;-0.908842;21.125837;3.778362;-0.7674;0.6297;-0.1208;-3.062618;14.493568;3.243894;-0.4604;0.2188;-0.8603;-0.908842;21.125837;3.778362;-0.4604;0.2188;-0.8603;1.826365;16.066814;1.0278;-0.4604;0.2188;-0.8603;5.493196;17.676577;5.475314;0.4365;0.6687;-0.6019;1.826365;16.066814;1.0278;0.4365;0.6687;-0.6019;2.532682;21.242771;7.289674;0.4365;0.6687;-0.6019;-0.908842;21.125837;3.778362;-0.0431;0.999;0.009;-1.619022;21.057825;7.933744;-0.0431;0.999;0.009;2.532682;21.242771;7.289674;-0.0431;0.999;0.009;1.826365;16.066814;1.0278;0.5565;0.6085;-0.5657;-0.908842;21.125837;3.778362;0.5565;0.6085;-0.5657;2.532682;21.242771;7.289674;0.5565;0.6085;-0.5657;6.41609;17.414246;4.394463;0.87;-0.362;0.3349;5.778538;13.393866;1.704996;0.87;-0.362;0.3349;8.142378;17.90932;0.445151;0.87;-0.362;0.3349;5.778538;13.393866;1.704996;0.6907;-0.4746;0.5457;6.41609;17.414246;4.394463;0.6907;-0.4746;0.5457;4.39094;14.789579;4.675229;0.6907;-0.4746;0.5457;6.41609;17.414246;4.394463;0.53;0.7813;0.3296;8.142378;17.90932;0.445151;0.53;0.7813;0.3296;4.568614;19.390705;2.679875;0.53;0.7813;0.3296;6.41609;17.414246;4.394463;-0.3764;0.3808;0.8446;4.568614;19.390705;2.679875;-0.3764;0.3808;0.8446;4.39094;14.789579;4.675229;-0.3764;0.3808;0.8446;8.142378;17.90932;0.445151;0.8807;-0.4721;-0.0396;5.778538;13.393866;1.704996;0.8807;-0.4721;-0.0396;6.080387;14.220114;-1.430581;0.8807;-0.4721;-0.0396;4.568614;19.390705;2.679875;-0.017;0.8206;-0.5712;8.142378;17.90932;0.445151;-0.017;0.8206;-0.5712;3.865993;16.487625;-1.469881;-0.017;0.8206;-0.5712;4.39094;14.789579;4.675229;-0.6936;0.309;0.6508;4.568614;19.390705;2.679875;-0.6936;0.309;0.6508;1.926991;14.927973;1.98342;-0.6936;0.309;0.6508;8.142378;17.90932;0.445151;0.3103;0.2873;-0.9062;6.080387;14.220114;-1.430581;0.3103;0.2873;-0.9062;3.865993;16.487625;-1.469881;0.3103;0.2873;-0.9062;4.568614;19.390705;2.679875;0.0536;0.8139;-0.5785;3.865993;16.487625;-1.469881;0.0536;0.8139;-0.5785;3.001807;18.04228;0.637361;0.0536;0.8139;-0.5785;4.568614;19.390705;2.679875;-0.8295;0.4367;0.348;3.001807;18.04228;0.637361;-0.8295;0.4367;0.348;1.926991;14.927973;1.98342;-0.8295;0.4367;0.348;4.39094;14.789579;4.675229;-0.3402;-0.9022;0.265;1.926991;14.927973;1.98342;-0.3402;-0.9022;0.265;5.778538;13.393866;1.704996;-0.3402;-0.9022;0.265;6.080387;14.220114;-1.430581;-0.6914;-0.6795;-0.2456;5.778538;13.393866;1.704996;-0.6914;-0.6795;-0.2456;3.865993;16.487625;-1.469881;-0.6914;-0.6795;-0.2456;1.926991;14.927973;1.98342;-0.8873;0.1129;-0.4472;3.001807;18.04228;0.637361;-0.8873;0.1129;-0.4472;3.865993;16.487625;-1.469881;-0.8873;0.1129;-0.4472;5.778538;13.393866;1.704996;-0.3448;-0.7676;-0.5403;1.926991;14.927973;1.98342;-0.3448;-0.7676;-0.5403;3.865993;16.487625;-1.469881;-0.3448;-0.7676;-0.5403
171;0.92335445;0.681801;0.513252
1.438501;5.268225;2.219047;-0.1832;-0.0983;0.9781;-1.163356;7.852364;1.99154;-0.1832;-0.0983;0.9781;-1.858155;4.234508;1.497657;-0.1832;-0.0983;0.9781;1.926587;4.708746;-1.294457;0.9831;-0.1829;0.0;0.912829;-0.741367;0.932614;0.9831;-0.1829;0.0;0.912829;-0.741367;-0.893044;0.9831;-0.1829;0.0;1.438501;5.268225;2.219047;-0.0;-0.2093;0.9778;-0.91283;-0.741367;0.932614;-0.0;-0.2093;0.9778;0.912829;-0.741367;0.932614;-0.0;-0.2093;0.9778;-1.858155;4.234508;1.497657;-0.9824;-0.1866;-0.0;-0.912829;-0.741367;-0.893045;-0.9824;-0.1866;-0.0;-0.91283;-0.741367;0.932614;-0.9824;-0.1866;-0.0;0.912829;-0.741367;-0.893044;0.1892;-0.1071;-0.9761;-1.369489;4.880964;-1.952106;0.1892;-0.1071;-0.9761;1.926587;4.708746;-1.294457;0.1892;-0.1071;-0.9761;-1.163356;7.852364;1.99154;0.1616;0.3132;0.9359;1.128544;10.382116;0.749283;0.1616;0.3132;0.9359;-1.028148;11.41888;0.774712;0.1616;0.3132;0.9359;1.926587;4.708746;-1.294457;0.9767;-0.1443;0.1587;2.183115;8.606514;0.670562;0.9767;-0.1443;0.1587;1.438501;5.268225;2.219047;0.9767;-0.1443;0.1587;-1.858155;4.234508;1.497657;-0.9885;-0.0367;-0.1469;-1.638763;7.821366;-0.87427;-0.9885;-0.0367;-0.1469;-1.369489;4.880964;-1.952106;-0.9885;-0.0367;-0.1469;-1.369489;4.880964;-1.952106;0.1951;-0.012;-0.9807;0.986317;8.913589;-1.532934;0.1951;-0.012;-0.9807;1.926587;4.708746;-1.294457;0.1951;-0.012;-0.9807;-1.028148;11.41888;0.774712;-0.7306;0.5345;-0.4249;-0.0;16.532753;5.44027;-0.7306;0.5345;-0.4249;-0.807633;10.403485;-0.881861;-0.7306;0.5345;-0.4249;0.986317;8.913589;-1.532934;0.7939;0.4876;-0.3632;1.128544;10.382116;0.749283;0.7939;0.4876;-0.3632;2.183115;8.606514;0.670562;0.7939;0.4876;-0.3632;-1.638763;7.821366;-0.87427;-0.9084;0.2915;-0.2996;-1.028148;11.41888;0.774712;-0.9084;0.2915;-0.2996;-0.807633;10.403485;-0.881861;-0.9084;0.2915;-0.2996;0.986317;8.913589;-1.532934;-0.31;0.0418;-0.9498;-0.807633;10.403485;-0.881861;-0.31;0.0418;-0.9498;0.325535;11.136826;-1.219472;-0.31;0.0418;-0.9498;1.128544;10.382116;0.749283;-0.3143;-0.6704;0.6722;-0.325883;16.409384;6.080253;-0.3143;-0.6704;0.6722;-1.028148;11.41888;0.774712;-0.3143;-0.6704;0.6722;1.128544;10.382116;0.749283;0.8394;0.4185;-0.3468;-0.0;16.532753;5.44027;0.8394;0.4185;-0.3468;0.325882;16.409384;6.080253;0.8394;0.4185;-0.3468;-0.0;16.56011;-3.314455;-0.9836;0.0622;-0.1691;-0.807633;10.403485;-0.881861;-0.9836;0.0622;-0.1691;-1.028148;11.41888;0.774712;-0.9836;0.0622;-0.1691;-0.320759;16.384634;-3.931507;0.0301;-0.456;-0.8895;0.325535;11.136826;-1.219472;0.0301;-0.456;-0.8895;-0.807633;10.403485;-0.881861;0.0301;-0.456;-0.8895;-0.0;16.56011;-3.314455;0.2797;0.5628;0.7779;-1.028148;11.41888;0.774712;0.2797;0.5628;0.7779;1.128544;10.382116;0.749283;0.2797;0.5628;0.7779;0.325535;11.136826;-1.219472;0.9064;-0.1038;-0.4095;-0.0;16.56011;-3.314455;0.9064;-0.1038;-0.4095;1.128544;10.382116;0.749283;0.9064;-0.1038;-0.4095;-0.807633;10.403485;-0.881861;-0.9528;-0.2983;-0.0575;-2.999264;17.127607;0.553429;-0.9528;-0.2983;-0.0575;-2.999264;17.169168;0.33783;-0.9528;-0.2983;-0.0575;-1.028148;11.41888;0.774712;-0.0;0.0387;0.9992;-2.779696;17.127607;0.553429;-0.0;0.0387;0.9992;-2.999264;17.127607;0.553429;-0.0;0.0387;0.9992;-2.779696;17.127607;0.553429;0.691;0.3389;-0.6384;-0.807633;10.403485;-0.881861;0.691;0.3389;-0.6384;-2.999264;17.169168;0.33783;0.691;0.3389;-0.6384;1.438501;5.268225;2.219047;0.2733;0.3539;0.8944;2.183115;8.606514;0.670562;0.2733;0.3539;0.8944;-1.163356;7.852364;1.99154;0.2733;0.3539;0.8944;1.926587;4.708746;-1.294457;0.9807;-0.119;0.1552;1.438501;5.268225;2.219047;0.9807;-0.119;0.1552;0.912829;-0.741367;0.932614;0.9807;-0.119;0.1552;1.438501;5.268225;2.219047;-0.1686;-0.1428;0.9753;-1.858155;4.234508;1.497657;-0.1686;-0.1428;0.9753;-0.91283;-0.741367;0.932614;-0.1686;-0.1428;0.9753;-1.858155;4.234508;1.497657;-0.9811;-0.1097;-0.1595;-1.369489;4.880964;-1.952106;-0.9811;-0.1097;-0.1595;-0.912829;-0.741367;-0.893045;-0.9811;-0.1097;-0.1595;0.912829;-0.741367;-0.893044;0.0;-0.1851;-0.9827;-0.912829;-0.741367;-0.893045;0.0;-0.1851;-0.9827;-1.369489;4.880964;-1.952106;0.0;-0.1851;-0.9827;-1.163356;7.852364;1.99154;0.3321;0.156;0.9303;2.183115;8.606514;0.670562;0.3321;0.156;0.9303;1.128544;10.382116;0.749283;0.3321;0.156;0.9303;1.926587;4.708746;-1.294457;0.8757;0.1702;-0.4519;0.986317;8.913589;-1.532934;0.8757;0.1702;-0.4519;2.183115;8.606514;0.670562;0.8757;0.1702;-0.4519;-1.858155;4.234508;1.497657;-0.9733;0.1651;0.1597;-1.163356;7.852364;1.99154;-0.9733;0.1651;0.1597;-1.638763;7.821366;-0.87427;-0.9733;0.1651;0.1597;-1.369489;4.880964;-1.952106;-0.3461;0.2948;-0.8907;-1.638763;7.821366;-0.87427;-0.3461;0.2948;-0.8907;0.986317;8.913589;-1.532934;-0.3461;0.2948;-0.8907;-1.028148;11.41888;0.774712;-0.8219;0.4652;-0.3288;-0.325883;16.409384;6.080253;-0.8219;0.4652;-0.3288;-0.0;16.532753;5.44027;-0.8219;0.4652;-0.3288;0.986317;8.913589;-1.532934;0.9163;0.3084;-0.2555;0.325535;11.136826;-1.219472;0.9163;0.3084;-0.2555;1.128544;10.382116;0.749283;0.9163;0.3084;-0.2555;-1.638763;7.821366;-0.87427;-0.9824;0.0925;0.162;-1.163356;7.852364;1.99154;-0.9824;0.0925;0.162;-1.028148;11.41888;0.774712;-0.9824;0.0925;0.162;0.986317;8.913589;-1.532934;-0.276;0.086;-0.9573;-1.638763;7.821366;-0.87427;-0.276;0.086;-0.9573;-0.807633;10.403485;-0.881861;-0.276;0.086;-0.9573;-0.0;16.532753;5.44027;0.0;0.9819;0.1893;-0.325883;16.409384;6.080253;0.0;0.9819;0.1893;0.325882;16.409384;6.080253;0.0;0.9819;0.1893;0.325535;11.136826;-1.219472;-0.5654;0.6271;-0.5357;-0.807633;10.403485;-0.881861;-0.5654;0.6271;-0.5357;-0.0;16.532753;5.44027;-0.5654;0.6271;-0.5357;1.128544;10.382116;0.749283;0.0;-0.6625;0.749;0.325882;16.409384;6.080253;0.0;-0.6625;0.749;-0.325883;16.409384;6.080253;0.0;-0.6625;0.749;1.128544;10.382116;0.749283;0.9073;0.3472;-0.237;0.325535;11.136826;-1.219472;0.9073;0.3472;-0.237;-0.0;16.532753;5.44027;0.9073;0.3472;-0.237;-0.0;16.56011;-3.314455;-0.884;0.2675;0.3835;-0.320759;16.384634;-3.931507;-0.884;0.2675;0.3835;-0.807633;10.403485;-0.881861;-0.884;0.2675;0.3835;-0.320759;16.384634;-3.931507;0.0;-0.4591;-0.8884;0.320759;16.384634;-3.931507;0.0;-0.4591;-0.8884;0.325535;11.136826;-1.219472;0.0;-0.4591;-0.8884;0.325535;11.136826;-1.219472;0.8907;0.2093;0.4035;0.320759;16.384634;-3.931507;0.8907;0.2093;0.4035;-0.0;16.56011;-3.314455;0.8907;0.2093;0.4035;-0.807633;10.403485;-0.881861;-0.9436;-0.323;0.0724;-1.028148;11.41888;0.774712;-0.9436;-0.323;0.0724;-2.999264;17.127607;0.553429;-0.9436;-0.323;0.0724;-1.028148;11.41888;0.774712;0.0356;0.0496;0.9981;1.128544;10.382116;0.749283;0.0356;0.0496;0.9981;-2.779696;17.127607;0.553429;0.0356;0.0496;0.9981;-2.779696;17.127607;0.553429;0.6098;0.3324;-0.7195;1.128544;10.382116;0.749283;0.6098;0.3324;-0.7195;-0.807633;10.403485;-0.881861;0.6098;0.3324;-0.7195;0.054968;12.607176;1.363529;0.3847;0.5648;-0.7301;-6.035984;16.779554;1.381705;0.3847;0.5648;-0.7301;0.267901;13.197718;1.932609;0.3847;0.5648;-0.7301;0.267901;13.197718;1.932609;0.0537;0.2434;0.9684;-6.035984;16.779554;1.381705;0.0537;0.2434;0.9684;-0.352452;12.647043;2.105386;0.0537;0.2434;0.9684;-0.352452;12.647043;2.105386;-0.5466;-0.7968;-0.2574;-6.035984;16.779554;1.381705;-0.5466;-0.7968;-0.2574;0.054968;12.607176;1.363529;-0.5466;-0.7968;-0.2574;0.054968;12.607176;1.363529;0.6681;-0.627;0.4006;0.267901;13.197718;1.932609;0.6681;-0.627;0.4006;-0.352452;12.647043;2.105386;0.6681;-0.627;0.4006;0.449517;13.211151;-1.607942;0.8934;-0.4045;0.1954;3.178372;19.299717;-1.479606;0.8934;-0.4045;0.1954;-0.087628;12.425802;-0.777923;0.8934;-0.4045;0.1954;-0.087628;12.425802;-0.777923;-0.2944;0.2344;0.9265;3.178372;19.299717;-1.479606;-0.2944;0.2344;0.9265;-0.519396;13.188707;-1.108141;-0.2944;0.2344;0.9265;-0.519396;13.188707;-1.108141;-0.4512;0.2204;-0.8648;3.178372;19.299717;-1.479606;-0.4512;0.2204;-0.8648;0.449517;13.211151;-1.607942;-0.4512;0.2204;-0.8648;0.449517;13.211151;-1.607942;-0.3762;-0.5391;-0.7535;-0.087628;12.425802;-0.777923;-0.3762;-0.5391;-0.7535;-0.519396;13.188707;-1.108141;-0.3762;-0.5391;-0.7535;0.325535;11.136826;-1.219472;0.8145;-0.3467;-0.4651;5.098194;17.242722;2.586107;0.8145;-0.3467;-0.4651;1.128544;10.382116;0.749283;0.8145;-0.3467;-0.4651;1.128544;10.382116;0.749283;-0.3803;-0.0275;0.9245;5.098194;17.242722;2.586107;-0.3803;-0.0275;0.9245;-0.0292;11.784748;0.31465;-0.3803;-0.0275;0.9245;-0.0292;11.784748;0.31465;-0.5626;0.7069;-0.4287;5.098194;17.242722;2.586107;-0.5626;0.7069;-0.4287;0.325535;11.136826;-1.219472;-0.5626;0.7069;-0.4287;0.325535;11.136826;-1.219472;-0.7809;-0.6194;0.081;1.128544;10.382116;0.749283;-0.7809;-0.6194;0.081;-0.0292;11.784748;0.31465;-0.7809;-0.6194;0.081
4
SPREADER;0;0;0;0;25;5
INFO;Desert Tree2;A tall tree with an attitude.;475;15;3;noIcon.png;thud
LIFE;4.5;28.88;1;0.6;FALL_DEATH;3;5;60;1;0.975;1;1;2;9;0;1;0;25;1.5;0.4;2.8;0.15;0.565;0.776;0.4588;0;1;0.1;0.8;1;0;1;0;0.3;0;8;0;0.3;0.3;0.3;1;1;140;1;2;-1;0;15.0;10.0;1;1;0;40;0.8
GROWTH;0;10.0;2;3
