0.7;name;-1;id;4;randomize;1
ers
1;1
9
-1.760617;-0.348026;-1.217118;1.446556;0.749754;1.448225;1
72;1
72;0.8514279;0.6919588;0.53405255
-0.495665;0.367339;1.077374;-0.0876;0.4901;-0.8673;0.0074;-0.117452;0.752635;-0.0876;0.4901;-0.8673;-0.876278;-0.149952;0.823526;-0.0876;0.4901;-0.8673;-0.876278;-0.149952;0.823526;0.0197;-0.979;-0.2028;0.0074;-0.117452;0.752635;0.0197;-0.979;-0.2028;-0.133942;-0.264371;1.448225;0.0197;-0.979;-0.2028;-0.133942;-0.264371;1.448225;0.7536;0.5952;0.2789;0.0074;-0.117452;0.752635;0.7536;0.5952;0.2789;-0.495665;0.367339;1.077374;0.7536;0.5952;0.2789;-0.876278;-0.149952;0.823526;-0.2179;-0.9726;0.0808;-0.133942;-0.264371;1.448225;-0.2179;-0.9726;0.0808;-0.957649;-0.084844;1.388184;-0.2179;-0.9726;0.0808;-0.133942;-0.264371;1.448225;0.0533;0.5281;0.8475;-0.495665;0.367339;1.077374;0.0533;0.5281;0.8475;-0.957649;-0.084844;1.388184;0.0533;0.5281;0.8475;-0.495665;0.367339;1.077374;-0.7475;0.639;-0.1814;-0.876278;-0.149952;0.823526;-0.7475;0.639;-0.1814;-0.957649;-0.084844;1.388184;-0.7475;0.639;-0.1814;1.388854;-0.145922;0.360855;0.9928;-0.1103;-0.0473;1.291173;-0.348026;-1.217118;0.9928;-0.1103;-0.0473;1.446556;0.48263;0.106991;0.9928;-0.1103;-0.0473;0.127018;-0.145922;-0.023688;-0.2911;0.0503;0.9554;1.388854;-0.145922;0.360855;-0.2911;0.0503;0.9554;0.354561;0.581182;0.007396;-0.2911;0.0503;0.9554;1.388854;-0.145922;0.360855;-0.0502;0.378;0.9245;1.446556;0.48263;0.106991;-0.0502;0.378;0.9245;0.354561;0.581182;0.007396;-0.0502;0.378;0.9245;0.127018;-0.145922;-0.023688;-0.9121;0.2975;-0.2819;0.354561;0.581182;0.007396;-0.9121;0.2975;-0.2819;0.363692;-0.15025;-0.793944;-0.9121;0.2975;-0.2819;0.354561;0.581182;0.007396;0.0571;0.9482;0.3124;1.446556;0.48263;0.106991;0.0571;0.9482;0.3124;1.296125;0.749754;-0.676232;0.0571;0.9482;0.3124;0.363692;-0.15025;-0.793944;-0.5293;0.6236;-0.5753;0.354561;0.581182;0.007396;-0.5293;0.6236;-0.5753;1.296125;0.749754;-0.676232;-0.5293;0.6236;-0.5753;1.291173;-0.348026;-1.217118;-0.3;0.4227;-0.8552;0.363692;-0.15025;-0.793944;-0.3;0.4227;-0.8552;1.296125;0.749754;-0.676232;-0.3;0.4227;-0.8552;1.446556;0.48263;0.106991;0.9837;0.0759;-0.163;1.291173;-0.348026;-1.217118;0.9837;0.0759;-0.163;1.296125;0.749754;-0.676232;0.9837;0.0759;-0.163;0.060527;-0.145318;0.330582;0.8991;-0.2468;-0.3617;-0.505597;-0.314721;-0.961096;0.8991;-0.2468;-0.3617;-0.043169;0.500003;-0.367461;0.8991;-0.2468;-0.3617;-0.505597;-0.314721;-0.961096;-0.5139;-0.4238;-0.7459;-1.760617;-0.14073;-0.195217;-0.5139;-0.4238;-0.7459;-1.064991;0.077219;-0.798344;-0.5139;-0.4238;-0.7459;-0.505597;-0.314721;-0.961096;0.1312;0.5341;-0.8352;-1.064991;0.077219;-0.798344;0.1312;0.5341;-0.8352;-0.043169;0.500003;-0.367461;0.1312;0.5341;-0.8352;-1.064991;-0.023398;0.560959;0.2011;0.0051;0.9796;0.060527;-0.145318;0.330582;0.2011;0.0051;0.9796;-0.676806;0.530774;0.478402;0.2011;0.0051;0.9796;-1.760617;-0.14073;-0.195217;-0.6596;0.5399;0.523;-1.064991;-0.023398;0.560959;-0.6596;0.5399;0.523;-0.676806;0.530774;0.478402;-0.6596;0.5399;0.523;-1.064991;0.077219;-0.798344;-0.6755;0.1717;-0.7171;-1.760617;-0.14073;-0.195217;-0.6755;0.1717;-0.7171;-1.366046;0.66599;-0.373707;-0.6755;0.1717;-0.7171;0.060527;-0.145318;0.330582;0.6476;0.605;0.4631;-0.043169;0.500003;-0.367461;0.6476;0.605;0.4631;-0.676806;0.530774;0.478402;0.6476;0.605;0.4631;-1.760617;-0.14073;-0.195217;-0.656;0.4542;0.6027;-0.676806;0.530774;0.478402;-0.656;0.4542;0.6027;-1.366046;0.66599;-0.373707;-0.656;0.4542;0.6027;-1.064991;0.077219;-0.798344;0.0802;0.6097;-0.7885;-1.366046;0.66599;-0.373707;0.0802;0.6097;-0.7885;-0.043169;0.500003;-0.367461;0.0802;0.6097;-0.7885;-0.043169;0.500003;-0.367461;0.124;0.9906;0.0569;-1.366046;0.66599;-0.373707;0.124;0.9906;0.0569;-0.676806;0.530774;0.478402;0.124;0.9906;0.0569
-1.456761;-0.343272;-1.225269;1.427539;0.674643;1.615545;1
45;1
45;0.8514279;0.6919588;0.53405255
-0.300816;-0.271038;1.615545;-0.7821;0.397;0.4804;-0.458534;0.603868;0.635737;-0.7821;0.397;0.4804;-1.209132;-0.271038;0.136756;-0.7821;0.397;0.4804;-1.209132;-0.271038;0.136756;-0.0732;0.5408;-0.838;-0.458534;0.603868;0.635737;-0.0732;0.5408;-0.838;0.337225;-0.271038;0.001618;-0.0732;0.5408;-0.838;0.337225;-0.271038;0.001618;0.8047;0.5013;0.3181;-0.458534;0.603868;0.635737;0.8047;0.5013;0.3181;-0.300816;-0.271038;1.615545;0.8047;0.5013;0.3181;-0.171332;-0.343272;-0.192049;-0.5206;0.5091;0.6854;0.837599;-0.238888;0.496679;-0.5206;0.5091;0.6854;0.521136;0.674643;-0.422266;-0.5206;0.5091;0.6854;0.521136;0.674643;-0.422266;0.6678;0.63;0.3964;0.837599;-0.238888;0.496679;0.6678;0.63;0.3964;1.427539;-0.241112;-0.493691;0.6678;0.63;0.3964;0.410867;0.097611;-0.921511;-0.2558;0.66;-0.7064;0.521136;0.674643;-0.422266;-0.2558;0.66;-0.7064;0.837701;0.368375;-0.823065;-0.2558;0.66;-0.7064;-0.171332;-0.343272;-0.192049;-0.8069;0.4671;-0.3617;0.521136;0.674643;-0.422266;-0.8069;0.4671;-0.3617;0.410867;0.097611;-0.921511;-0.8069;0.4671;-0.3617;1.427539;-0.241112;-0.493691;-0.0494;-0.8368;-0.5452;-0.171332;-0.343272;-0.192049;-0.0494;-0.8368;-0.5452;0.410867;0.097611;-0.921511;-0.0494;-0.8368;-0.5452;1.427539;-0.241112;-0.493691;0.3292;-0.1821;-0.9265;0.410867;0.097611;-0.921511;0.3292;-0.1821;-0.9265;0.837701;0.368375;-0.823065;0.3292;-0.1821;-0.9265;0.521136;0.674643;-0.422266;0.7115;0.7022;0.0253;1.427539;-0.241112;-0.493691;0.7115;0.7022;0.0253;0.837701;0.368375;-0.823065;0.7115;0.7022;0.0253;-0.344853;0.493995;-0.31499;-0.5251;0.5887;0.6146;-1.456761;-0.237888;-0.563859;-0.5251;0.5887;0.6146;-0.75833;-0.307985;0.099919;-0.5251;0.5887;0.6146;-0.75833;-0.307985;0.099919;-0.0892;-0.996;-0.0114;-1.456761;-0.237888;-0.563859;-0.0892;-0.996;-0.0114;-0.293894;-0.334463;-1.225269;-0.0892;-0.996;-0.0114;-0.293894;-0.334463;-1.225269;-0.3115;0.694;-0.6491;-1.456761;-0.237888;-0.563859;-0.3115;0.694;-0.6491;-0.344853;0.493995;-0.31499;-0.3115;0.694;-0.6491;-0.293894;-0.334463;-1.225269;0.8402;0.4236;-0.3385;-0.344853;0.493995;-0.31499;0.8402;0.4236;-0.3385;0.208051;-0.310628;0.050553;0.8402;0.4236;-0.3385;-0.344853;0.493995;-0.31499;0.047;0.4398;0.8969;-0.75833;-0.307985;0.099919;0.047;0.4398;0.8969;0.208051;-0.310628;0.050553;0.047;0.4398;0.8969
-1.192953;-0.35734;-1.052977;1.592748;0.603868;1.511685;1
45;1
45;0.8514279;0.6919588;0.53405255
-0.533738;0.367339;-0.720947;-0.0879;0.4383;-0.8945;-0.020323;-0.207365;-1.052977;-0.0879;0.4383;-0.8945;-0.922383;-0.240541;-0.980611;-0.0879;0.4383;-0.8945;-0.164605;-0.35734;-0.342918;0.7905;0.5467;0.2761;-0.020323;-0.207365;-1.052977;0.7905;0.5467;0.2761;-0.533738;0.367339;-0.720947;0.7905;0.5467;0.2761;-0.164605;-0.35734;-0.342918;0.0403;0.4782;0.8773;-0.533738;0.367339;-0.720947;0.0403;0.4782;0.8773;-1.005447;-0.174079;-0.404208;0.0403;0.4782;0.8773;-0.533738;0.367339;-0.720947;-0.7916;0.5836;-0.1814;-0.922383;-0.240541;-0.980611;-0.7916;0.5836;-0.1814;-1.005447;-0.174079;-0.404208;-0.7916;0.5836;-0.1814;-0.199583;0.493995;0.192334;-0.5393;0.5622;0.6269;-1.192953;-0.204555;-0.035801;-0.5393;0.5622;0.6269;-0.588439;-0.265227;0.53872;-0.5393;0.5622;0.6269;-0.186455;-0.288144;-0.746034;-0.3638;0.713;-0.5994;-1.192953;-0.204555;-0.035801;-0.3638;0.713;-0.5994;-0.199583;0.493995;0.192334;-0.3638;0.713;-0.5994;-0.186455;-0.288144;-0.746034;0.9009;0.3395;-0.2704;-0.199583;0.493995;0.192334;0.9009;0.3395;-0.2704;0.136119;-0.223795;0.409623;0.9009;0.3395;-0.2704;-0.199583;0.493995;0.192334;0.1451;0.3482;0.9261;-0.588439;-0.265227;0.53872;0.1451;0.3482;0.9261;0.136119;-0.223795;0.409623;0.1451;0.3482;0.9261;0.730437;-0.185219;-0.889408;0.5736;0.5847;-0.5736;0.782672;0.34991;-0.291691;0.5736;0.5847;-0.5736;1.592748;-0.185219;-0.027097;0.5736;0.5847;-0.5736;1.592748;-0.185219;-0.027097;0.4071;0.8176;0.4071;0.782672;0.34991;-0.291691;0.4071;0.8176;0.4071;0.730437;-0.185219;0.835213;0.4071;0.8176;0.4071;0.730437;-0.185219;0.835213;-0.3819;0.8416;0.3819;0.782672;0.34991;-0.291691;-0.3819;0.8416;0.3819;-0.131874;-0.185219;-0.027097;-0.3819;0.8416;0.3819;-0.131874;-0.185219;-0.027097;-0.5364;0.6515;-0.5364;0.782672;0.34991;-0.291691;-0.5364;0.6515;-0.5364;0.730437;-0.185219;-0.889408;-0.5364;0.6515;-0.5364;0.390087;-0.105069;0.276514;0.8895;0.3476;0.2965;-0.076264;0.603868;0.844431;0.8895;0.3476;0.2965;-0.021637;-0.105069;1.511685;0.8895;0.3476;0.2965;-0.021637;-0.105069;1.511685;-0.6034;0.5214;0.6034;-0.076264;0.603868;0.844431;-0.6034;0.5214;0.6034;-0.845084;-0.105069;0.688238;-0.6034;0.5214;0.6034;-0.845084;-0.105069;0.688238;-0.2769;0.4832;-0.8306;-0.076264;0.603868;0.844431;-0.2769;0.4832;-0.8306;0.390087;-0.105069;0.276514;-0.2769;0.4832;-0.8306
-1.701995;-0.491672;-1.374119;1.423038;0.629895;1.147141;1
66;1
66;0.8514279;0.6919588;0.53405255
-1.701995;-0.260039;0.12028;-0.1289;0.6743;0.7271;-0.304609;-0.263086;0.370768;-0.1289;0.6743;0.7271;-0.92615;0.073075;-0.051119;-0.1289;0.6743;0.7271;-0.753303;-0.260039;-1.374119;-0.8013;0.315;-0.5087;-1.701995;-0.260039;0.12028;-0.8013;0.315;-0.5087;-0.968256;0.218007;-0.739529;-0.8013;0.315;-0.5087;-1.701995;-0.260039;0.12028;-0.3452;0.9139;0.2135;-0.92615;0.073075;-0.051119;-0.3452;0.9139;0.2135;-0.968256;0.218007;-0.739529;-0.3452;0.9139;0.2135;-0.753303;-0.260039;-1.374119;0.3644;0.7989;-0.4784;-0.968256;0.218007;-0.739529;0.3644;0.7989;-0.4784;0.34002;-0.272825;-0.562732;0.3644;0.7989;-0.4784;-0.968256;0.218007;-0.739529;-0.3805;0.9;0.2127;-0.92615;0.073075;-0.051119;-0.3805;0.9;0.2127;-0.354944;0.386079;-0.353665;-0.3805;0.9;0.2127;0.34002;-0.272825;-0.562732;0.3174;0.5742;-0.7546;-0.968256;0.218007;-0.739529;0.3174;0.5742;-0.7546;-0.354944;0.386079;-0.353665;0.3174;0.5742;-0.7546;-0.304609;-0.263086;0.370768;0.6792;0.5694;0.4631;0.34002;-0.272825;-0.562732;0.6792;0.5694;0.4631;-0.354944;0.386079;-0.353665;0.6792;0.5694;0.4631;-0.92615;0.073075;-0.051119;-0.0525;0.7419;0.6685;-0.304609;-0.263086;0.370768;-0.0525;0.7419;0.6685;-0.354944;0.386079;-0.353665;-0.0525;0.7419;0.6685;0.989141;-0.407185;0.301479;0.766;0.5068;0.3956;1.423038;-0.317556;-0.65348;0.766;0.5068;0.3956;0.602935;0.562909;-0.193426;0.766;0.5068;0.3956;0.602935;0.562909;-0.193426;0.2748;0.6338;-0.7231;1.423038;-0.317556;-0.65348;0.2748;0.6338;-0.7231;0.49834;-0.319466;-1.006548;0.2748;0.6338;-0.7231;-9.86E-4;-0.191463;0.071655;-0.6553;0.6561;0.3743;0.602935;0.562909;-0.193426;-0.6553;0.6561;0.3743;0.2647;0.46154;-0.607851;-0.6553;0.6561;0.3743;0.989141;-0.407185;0.301479;-0.1196;0.413;0.9028;0.602935;0.562909;-0.193426;-0.1196;0.413;0.9028;-9.86E-4;-0.191463;0.071655;-0.1196;0.413;0.9028;0.49834;-0.319466;-1.006548;-0.9085;-0.0607;-0.4135;-9.86E-4;-0.191463;0.071655;-0.9085;-0.0607;-0.4135;0.2647;0.46154;-0.607851;-0.9085;-0.0607;-0.4135;0.602935;0.562909;-0.193426;0.6084;0.4976;-0.6183;0.49834;-0.319466;-1.006548;0.6084;0.4976;-0.6183;0.2647;0.46154;-0.607851;0.6084;0.4976;-0.6183;1.126061;-0.491672;0.456601;0.4109;0.4719;-0.7801;-0.134598;-0.204394;-0.033604;0.4109;0.4719;-0.7801;0.044082;0.469689;0.468233;0.4109;0.4719;-0.7801;0.044082;0.469689;0.468233;-0.3697;0.8746;0.3137;0.439904;0.393462;1.147141;-0.3697;0.8746;0.3137;0.59324;0.629895;0.668676;-0.3697;0.8746;0.3137;0.044082;0.469689;0.468233;-0.6536;0.6089;0.4494;-0.264887;-0.141689;0.847225;-0.6536;0.6089;0.4494;0.439904;0.393462;1.147141;-0.6536;0.6089;0.4494;0.044082;0.469689;0.468233;-0.9175;0.3635;-0.1616;-0.134598;-0.204394;-0.033604;-0.9175;0.3635;-0.1616;-0.264887;-0.141689;0.847225;-0.9175;0.3635;-0.1616;-0.264887;-0.141689;0.847225;0.336;0.3677;0.8671;1.126061;-0.491672;0.456601;0.336;0.3677;0.8671;0.044082;0.469689;0.468233;0.336;0.3677;0.8671;0.439904;0.393462;1.147141;0.0858;-0.5707;0.8167;-0.264887;-0.141689;0.847225;0.0858;-0.5707;0.8167;1.126061;-0.491672;0.456601;0.0858;-0.5707;0.8167;0.439904;0.393462;1.147141;0.8447;0.3202;0.4289;1.126061;-0.491672;0.456601;0.8447;0.3202;0.4289;0.59324;0.629895;0.668676;0.8447;0.3202;0.4289;1.126061;-0.491672;0.456601;0.251;0.2937;-0.9224;0.044082;0.469689;0.468233;0.251;0.2937;-0.9224;0.59324;0.629895;0.668676;0.251;0.2937;-0.9224
-1.044652;-0.438379;-1.296556;1.482371;0.633707;0.993577;1
51;1
51;0.8514279;0.6919588;0.53405255
0.450067;0.516781;-0.687524;0.6452;0.381;-0.6623;1.482371;-0.438379;-0.23128;0.6452;0.381;-0.6623;0.388919;-0.438379;-1.296556;0.6452;0.381;-0.6623;0.987374;0.416781;0.08726;0.6997;0.1444;0.6997;0.451864;-0.438379;0.799228;0.6997;0.1444;0.6997;1.482371;-0.438379;-0.23128;0.6997;0.1444;0.6997;0.450067;0.516781;-0.687524;0.1199;0.9918;0.0448;0.054462;0.516781;0.370885;0.1199;0.9918;0.0448;0.987374;0.416781;0.08726;0.1199;0.9918;0.0448;0.054462;0.516781;0.370885;-0.6488;0.0699;0.7578;-0.711128;-0.438379;-0.19651;-0.6488;0.0699;0.7578;0.451864;-0.438379;0.799228;-0.6488;0.0699;0.7578;-0.039103;0.633707;-0.357911;-0.6701;0.3192;-0.6701;0.388919;-0.438379;-1.296556;-0.6701;0.3192;-0.6701;-0.711128;-0.438379;-0.19651;-0.6701;0.3192;-0.6701;0.450067;0.516781;-0.687524;0.7095;0.5667;-0.4189;0.987374;0.416781;0.08726;0.7095;0.5667;-0.4189;1.482371;-0.438379;-0.23128;0.7095;0.5667;-0.4189;0.987374;0.416781;0.08726;0.3011;0.4917;0.8171;0.054462;0.516781;0.370885;0.3011;0.4917;0.8171;0.451864;-0.438379;0.799228;0.3011;0.4917;0.8171;0.450067;0.516781;-0.687524;0.3024;0.9465;0.113;-0.039103;0.633707;-0.357911;0.3024;0.9465;0.113;0.054462;0.516781;0.370885;0.3024;0.9465;0.113;0.054462;0.516781;0.370885;-0.8183;0.5418;0.192;-0.039103;0.633707;-0.357911;-0.8183;0.5418;0.192;-0.711128;-0.438379;-0.19651;-0.8183;0.5418;0.192;-0.039103;0.633707;-0.357911;-0.3923;0.5122;-0.764;0.450067;0.516781;-0.687524;-0.3923;0.5122;-0.764;0.388919;-0.438379;-1.296556;-0.3923;0.5122;-0.764;-0.300667;-0.317234;0.993577;0.7665;0.5058;0.3958;0.025366;-0.249886;0.276016;0.7665;0.5058;0.3958;-0.592134;0.41444;0.623013;0.7665;0.5058;0.3958;-0.592134;0.41444;0.623013;0.2749;0.6334;-0.7234;0.025366;-0.249886;0.276016;0.2749;0.6334;-0.7234;-0.669457;-0.251321;0.010719;0.2749;0.6334;-0.7234;-1.044652;-0.155139;0.820887;-0.6571;0.6529;0.3766;-0.592134;0.41444;0.623013;-0.6571;0.6529;0.3766;-0.849739;0.337235;0.307381;-0.6571;0.6529;0.3766;-0.300667;-0.317234;0.993577;-0.1206;0.4099;0.9041;-0.592134;0.41444;0.623013;-0.1206;0.4099;0.9041;-1.044652;-0.155139;0.820887;-0.1206;0.4099;0.9041;-0.669457;-0.251321;0.010719;-0.2163;-0.9762;0.0157;-0.300667;-0.317234;0.993577;-0.2163;-0.9762;0.0157;-1.044652;-0.155139;0.820887;-0.2163;-0.9762;0.0157;-0.669457;-0.251321;0.010719;-0.9083;-0.0704;-0.4123;-1.044652;-0.155139;0.820887;-0.9083;-0.0704;-0.4123;-0.849739;0.337235;0.307381;-0.9083;-0.0704;-0.4123;-0.592134;0.41444;0.623013;0.6082;0.4979;-0.6182;-0.669457;-0.251321;0.010719;0.6082;0.4979;-0.6182;-0.849739;0.337235;0.307381;0.6082;0.4979;-0.6182
-1.680841;-0.403069;-1.443576;1.423146;0.674643;1.928394;1
66;1
66;0.8514279;0.6919588;0.53405255
0.385228;-0.380406;0.117462;0.8711;0.3962;0.2904;-0.337017;0.603868;0.941273;0.8711;0.3962;0.2904;-0.218417;-0.380406;1.928394;0.8711;0.3962;0.2904;-0.218417;-0.380406;1.928394;-0.5999;0.5294;0.5999;-0.337017;0.603868;0.941273;-0.5999;0.5294;0.5999;-1.425705;-0.380406;0.721107;-0.5999;0.5294;0.5999;-1.425705;-0.380406;0.721107;-0.2757;0.4899;-0.827;-0.337017;0.603868;0.941273;-0.2757;0.4899;-0.827;0.385228;-0.380406;0.117462;-0.2757;0.4899;-0.827;0.143903;0.367339;-1.070961;-0.0878;0.4619;-0.8826;0.714926;-0.236084;-1.443576;-0.0878;0.4619;-0.8826;-0.289455;-0.273022;-1.363002;-0.0878;0.4619;-0.8826;0.554277;-0.403069;-0.652974;0.7775;0.5645;0.2772;0.714926;-0.236084;-1.443576;0.7775;0.5645;0.2772;0.143903;0.367339;-1.070961;0.7775;0.5645;0.2772;0.554277;-0.403069;-0.652974;0.0445;0.4946;0.868;0.143903;0.367339;-1.070961;0.0445;0.4946;0.868;-0.381942;-0.199022;-0.721216;0.0445;0.4946;0.868;0.143903;0.367339;-1.070961;-0.774;0.6066;-0.1815;-0.289455;-0.273022;-1.363002;-0.774;0.6066;-0.1815;-0.381942;-0.199022;-0.721216;-0.774;0.6066;-0.1815;0.963112;-0.334538;0.458921;0.7769;0.4874;0.3987;1.423146;-0.23951;-0.553559;0.7769;0.4874;0.3987;0.619435;0.674643;-0.105006;0.7769;0.4874;0.3987;0.619435;0.674643;-0.105006;0.2814;0.6106;-0.7403;1.423146;-0.23951;-0.553559;0.2814;0.6106;-0.7403;0.442749;-0.241535;-0.927894;0.2814;0.6106;-0.7403;0.146526;0.097611;0.089319;-0.6529;0.6602;0.3714;0.619435;0.674643;-0.105006;-0.6529;0.6602;0.3714;0.2812;0.573274;-0.519431;-0.6529;0.6602;0.3714;0.963112;-0.334538;0.458921;-0.1691;0.4363;0.8838;0.619435;0.674643;-0.105006;-0.1691;0.4363;0.8838;0.146526;0.097611;0.089319;-0.1691;0.4363;0.8838;0.442749;-0.241535;-0.927894;-0.5104;-0.8494;0.1345;0.963112;-0.334538;0.458921;-0.5104;-0.8494;0.1345;0.146526;0.097611;0.089319;-0.5104;-0.8494;0.1345;0.442749;-0.241535;-0.927894;-0.9636;-0.0605;-0.2604;0.146526;0.097611;0.089319;-0.9636;-0.0605;-0.2604;0.2812;0.573274;-0.519431;-0.9636;-0.0605;-0.2604;0.619435;0.674643;-0.105006;0.6388;0.4422;-0.6295;0.442749;-0.241535;-0.927894;0.6388;0.4422;-0.6295;0.2812;0.573274;-0.519431;0.6388;0.4422;-0.6295;0.076487;-0.277516;0.553339;0.8106;0.5806;-0.0764;-0.059551;-0.280678;-0.91378;0.8106;0.5806;-0.0764;-0.324179;0.184809;-0.183915;0.8106;0.5806;-0.0764;-1.680841;-0.277516;0.017796;-0.2781;0.2997;0.9126;0.076487;-0.277516;0.553339;-0.2781;0.2997;0.9126;-0.976455;0.307962;0.040175;-0.2781;0.2997;0.9126;0.076487;-0.277516;0.553339;0.2975;0.8732;0.3859;-0.324179;0.184809;-0.183915;0.2975;0.8732;0.3859;-0.976455;0.307962;0.040175;0.2975;0.8732;0.3859;-1.680841;-0.277516;0.017796;-0.6151;0.7494;-0.2451;-0.976455;0.307962;0.040175;-0.6151;0.7494;-0.2451;-1.171683;-0.290786;-1.300344;-0.6151;0.7494;-0.2451;-0.976455;0.307962;0.040175;0.2765;0.9117;0.3038;-0.324179;0.184809;-0.183915;0.2765;0.9117;0.3038;-0.768043;0.476034;-0.653804;0.2765;0.9117;0.3038;-1.171683;-0.290786;-1.300344;-0.8334;0.5395;-0.1196;-0.976455;0.307962;0.040175;-0.8334;0.5395;-0.1196;-0.768043;0.476034;-0.653804;-0.8334;0.5395;-0.1196;-0.059551;-0.280678;-0.91378;0.2738;0.5317;-0.8015;-1.171683;-0.290786;-1.300344;0.2738;0.5317;-0.8015;-0.768043;0.476034;-0.653804;0.2738;0.5317;-0.8015;-0.324179;0.184809;-0.183915;0.6787;0.7055;-0.2039;-0.059551;-0.280678;-0.91378;0.6787;0.7055;-0.2039;-0.768043;0.476034;-0.653804;0.6787;0.7055;-0.2039
-1.633711;-0.317632;-1.439478;1.018995;0.66599;1.522849;1
66;1
66;0.8514279;0.6919588;0.53405255
-0.110071;0.367339;1.105317;-0.0873;0.5159;-0.8522;0.460297;-0.15084;0.733162;-0.0873;0.5159;-0.8522;-0.542922;-0.187736;0.813644;-0.0873;0.5159;-0.8522;0.299834;-0.317632;1.522849;0.7391;0.6128;0.2796;0.460297;-0.15084;0.733162;0.7391;0.6128;0.2796;-0.110071;0.367339;1.105317;0.7391;0.6128;0.2796;0.299834;-0.317632;1.522849;0.0577;0.5446;0.8367;-0.110071;0.367339;1.105317;0.0577;0.5446;0.8367;-0.635301;-0.11382;1.454686;0.0577;0.5446;0.8367;-0.110071;0.367339;1.105317;-0.7271;0.6622;-0.1811;-0.542922;-0.187736;0.813644;-0.7271;0.6622;-0.1811;-0.635301;-0.11382;1.454686;-0.7271;0.6622;-0.1811;0.461479;0.042909;-1.439478;0.6184;0.4848;-0.6184;0.513715;0.34991;-1.146557;0.6184;0.4848;-0.6184;1.018995;0.042909;-0.881962;0.6184;0.4848;-0.6184;1.018995;0.042909;-0.881962;0.3473;0.871;0.3473;0.513715;0.34991;-1.146557;0.3473;0.871;0.3473;0.461479;0.042909;-0.324447;0.3473;0.871;0.3473;0.461479;0.042909;-0.324447;-0.3145;0.8957;0.3145;0.513715;0.34991;-1.146557;-0.3145;0.8957;0.3145;-0.096036;0.042909;-0.881962;-0.3145;0.8957;0.3145;-0.096036;0.042909;-0.881962;-0.5535;0.6223;-0.5535;0.513715;0.34991;-1.146557;-0.5535;0.6223;-0.5535;0.461479;0.042909;-1.439478;-0.5535;0.6223;-0.5535;0.443526;-0.170904;0.5717;0.9216;-0.1175;-0.3699;-0.153338;-0.313041;-0.870416;0.9216;-0.1175;-0.3699;0.253054;0.500003;-0.116091;0.9216;-0.1175;-0.3699;-0.153338;-0.313041;-0.870416;-0.5244;-0.1295;-0.8415;-1.633711;-0.188883;0.032985;-0.5244;-0.1295;-0.8415;-0.768768;0.077219;-0.546974;-0.5244;-0.1295;-0.8415;-0.153338;-0.313041;-0.870416;0.0353;0.6702;-0.7414;-0.768768;0.077219;-0.546974;0.0353;0.6702;-0.7414;0.253054;0.500003;-0.116091;0.0353;0.6702;-0.7414;-0.813178;-0.188883;0.924941;0.268;0.0988;0.9583;0.443526;-0.170904;0.5717;0.268;0.0988;0.9583;-0.380583;0.530774;0.729772;0.268;0.0988;0.9583;-1.633711;-0.188883;0.032985;-0.6238;0.5306;0.5739;-0.813178;-0.188883;0.924941;-0.6238;0.5306;0.5739;-0.380583;0.530774;0.729772;-0.6238;0.5306;0.5739;-0.768768;0.077219;-0.546974;-0.5911;0.2506;-0.7666;-1.633711;-0.188883;0.032985;-0.5911;0.2506;-0.7666;-1.069823;0.66599;-0.122337;-0.5911;0.2506;-0.7666;0.443526;-0.170904;0.5717;0.628;0.6368;0.4473;0.253054;0.500003;-0.116091;0.628;0.6368;0.4473;-0.380583;0.530774;0.729772;0.628;0.6368;0.4473;-1.633711;-0.188883;0.032985;-0.6232;0.5176;0.5862;-0.380583;0.530774;0.729772;-0.6232;0.5176;0.5862;-1.069823;0.66599;-0.122337;-0.6232;0.5176;0.5862;-0.768768;0.077219;-0.546974;0.0802;0.6097;-0.7885;-1.069823;0.66599;-0.122337;0.0802;0.6097;-0.7885;0.253054;0.500003;-0.116091;0.0802;0.6097;-0.7885;0.253054;0.500003;-0.116091;0.124;0.9906;0.0569;-1.069823;0.66599;-0.122337;0.124;0.9906;0.0569;-0.380583;0.530774;0.729772;0.124;0.9906;0.0569;0.461479;0.042909;-0.324447;-0.4328;-0.7908;0.4328;-0.096036;0.042909;-0.881962;-0.4328;-0.7908;0.4328;0.446476;-0.292397;-0.952032;-0.4328;-0.7908;0.4328;1.018995;0.042909;-0.881962;0.4199;-0.8046;0.4199;0.461479;0.042909;-0.324447;0.4199;-0.8046;0.4199;0.446476;-0.292397;-0.952032;0.4199;-0.8046;0.4199;-0.096036;0.042909;-0.881962;-0.5009;-0.7058;-0.5009;0.461479;0.042909;-1.439478;-0.5009;-0.7058;-0.5009;0.446476;-0.292397;-0.952032;-0.5009;-0.7058;-0.5009;0.461479;0.042909;-1.439478;0.4853;-0.7273;-0.4853;1.018995;0.042909;-0.881962;0.4853;-0.7273;-0.4853;0.446476;-0.292397;-0.952032;0.4853;-0.7273;-0.4853
-1.492952;-0.332401;-1.429227;1.06194;0.493995;1.38505;1
66;1
66;0.8514279;0.6919588;0.53405255
0.444667;0.367339;-1.045732;-0.0873;0.52;-0.8497;1.031131;-0.160855;-1.429227;-0.0873;0.52;-0.8497;-6.78E-4;-0.198803;-1.346452;-0.0873;0.52;-0.8497;0.866095;-0.332401;-0.617035;0.737;0.6153;0.2797;1.031131;-0.160855;-1.429227;0.737;0.6153;0.2797;0.444667;0.367339;-1.045732;0.737;0.6153;0.2797;0.866095;-0.332401;-0.617035;0.0583;0.5468;0.8352;0.444667;0.367339;-1.045732;0.0583;0.5468;0.8352;-0.095689;-0.122781;-0.687141;0.0583;0.5468;0.8352;0.444667;0.367339;-1.045732;-0.7239;0.6657;-0.1811;-6.78E-4;-0.198803;-1.346452;-0.7239;0.6657;-0.1811;-0.095689;-0.122781;-0.687141;-0.7239;0.6657;-0.1811;0.600079;0.493995;1.029371;-0.5876;0.6058;0.5364;-0.263715;-0.139372;0.798424;-0.5876;0.6058;0.5364;0.207884;-0.201322;1.38505;-0.5876;0.6058;0.5364;0.618337;-0.224722;0.21389;-0.3462;0.7;-0.6247;-0.263715;-0.139372;0.798424;-0.3462;0.7;-0.6247;0.600079;0.493995;1.029371;-0.3462;0.7;-0.6247;0.618337;-0.224722;0.21389;0.8469;0.4082;-0.3408;0.600079;0.493995;1.029371;0.8469;0.4082;-0.3408;1.06194;-0.203657;1.341422;0.8469;0.4082;-0.3408;0.600079;0.493995;1.029371;0.0472;0.4337;0.8998;0.207884;-0.201322;1.38505;0.0472;0.4337;0.8998;1.06194;-0.203657;1.341422;0.0472;0.4337;0.8998;-0.736992;0.39401;0.602726;-0.6767;0.7098;0.1956;-0.987484;0.395866;-0.270804;-0.6767;0.7098;0.1956;-1.313015;-0.286227;1.078188;-0.6767;0.7098;0.1956;-0.121938;0.395866;-0.270804;0.6746;0.564;0.4762;-0.736992;0.39401;0.602726;0.6746;0.564;0.4762;0.44138;-0.286227;-0.261011;0.6746;0.564;0.4762;-0.736992;0.39401;0.602726;0.0;0.5729;0.8196;-1.313015;-0.286227;1.078188;0.0;0.5729;0.8196;0.026186;-0.286227;1.078188;0.0;0.5729;0.8196;-0.731141;0.215305;-0.626964;0.0;0.7278;-0.6858;-0.090034;-0.286227;-1.159185;0.0;0.7278;-0.6858;-1.196796;-0.286227;-1.159185;0.0;0.7278;-0.6858;-1.492952;-0.286227;-0.261011;-0.6038;0.7719;-0.1991;-0.731141;0.215305;-0.626964;-0.6038;0.7719;-0.1991;-1.196796;-0.286227;-1.159185;-0.6038;0.7719;-0.1991;-0.987484;0.395866;-0.270804;0.0;1.0;0.0021;-0.736992;0.39401;0.602726;0.0;1.0;0.0021;-0.121938;0.395866;-0.270804;0.0;1.0;0.0021;-0.987484;0.395866;-0.270804;0.0;0.8919;-0.4522;-0.37828;0.215305;-0.626964;0.0;0.8919;-0.4522;-0.731141;0.215305;-0.626964;0.0;0.8919;-0.4522;0.44138;-0.286227;-0.261011;0.5839;0.4728;-0.6599;-0.37828;0.215305;-0.626964;0.5839;0.4728;-0.6599;-0.121938;0.395866;-0.270804;0.5839;0.4728;-0.6599;-1.492952;-0.286227;-0.261011;-0.7981;0.593;0.1072;-1.313015;-0.286227;1.078188;-0.7981;0.593;0.1072;-0.987484;0.395866;-0.270804;-0.7981;0.593;0.1072;0.026186;-0.286227;1.078188;0.5884;0.7877;0.1824;0.44138;-0.286227;-0.261011;0.5884;0.7877;0.1824;-0.736992;0.39401;0.602726;0.5884;0.7877;0.1824;-0.731141;0.215305;-0.626964;0.0;0.7278;-0.6858;-0.37828;0.215305;-0.626964;0.0;0.7278;-0.6858;-0.090034;-0.286227;-1.159185;0.0;0.7278;-0.6858;-1.492952;-0.286227;-0.261011;-0.6076;0.4408;-0.6607;-0.987484;0.395866;-0.270804;-0.6076;0.4408;-0.6607;-0.731141;0.215305;-0.626964;-0.6076;0.4408;-0.6607;-0.987484;0.395866;-0.270804;0.0;0.8919;-0.4522;-0.121938;0.395866;-0.270804;0.0;0.8919;-0.4522;-0.37828;0.215305;-0.626964;0.0;0.8919;-0.4522;0.44138;-0.286227;-0.261011;0.598;0.7192;-0.3538;-0.090034;-0.286227;-1.159185;0.598;0.7192;-0.3538;-0.37828;0.215305;-0.626964;0.598;0.7192;-0.3538
-1.344592;-0.426641;-1.460188;1.104872;0.34991;1.6058;1
54;1
54;0.8514279;0.6919588;0.53405255
-0.123789;0.319901;-0.259354;0.5136;0.4542;-0.7279;1.104872;-0.388247;0.165603;0.5136;0.4542;-0.7279;-0.331333;-0.388247;-0.847655;0.5136;0.4542;-0.7279;0.555866;0.214409;0.421061;0.7432;0.479;0.4672;0.224178;-0.426641;1.6058;0.7432;0.479;0.4672;1.104872;-0.388247;0.165603;0.7432;0.479;0.4672;-0.123789;0.319901;-0.259354;0.1188;0.9923;0.0351;-0.150462;0.286091;0.785695;0.1188;0.9923;0.0351;0.555866;0.214409;0.421061;0.1188;0.9923;0.0351;-0.150462;0.286091;0.785695;-0.285;0.6552;0.6996;-1.344592;-0.388247;0.93071;-0.285;0.6552;0.6996;0.224178;-0.426641;1.6058;-0.285;0.6552;0.6996;-0.571787;0.298385;0.463485;-0.7315;0.5397;-0.4168;-0.331333;-0.388247;-0.847655;-0.7315;0.5397;-0.4168;-1.344592;-0.388247;0.93071;-0.7315;0.5397;-0.4168;-0.123789;0.319901;-0.259354;0.5577;0.6983;-0.4488;0.555866;0.214409;0.421061;0.5577;0.6983;-0.4488;1.104872;-0.388247;0.165603;0.5577;0.6983;-0.4488;0.555866;0.214409;0.421061;0.3475;0.7805;0.5196;-0.150462;0.286091;0.785695;0.3475;0.7805;0.5196;0.224178;-0.426641;1.6058;0.3475;0.7805;0.5196;-0.123789;0.319901;-0.259354;0.0044;0.9995;0.0324;-0.571787;0.298385;0.463485;0.0044;0.9995;0.0324;-0.150462;0.286091;0.785695;0.0044;0.9995;0.0324;-0.150462;0.286091;0.785695;-0.3726;0.7709;0.5166;-0.571787;0.298385;0.463485;-0.3726;0.7709;0.5166;-1.344592;-0.388247;0.93071;-0.3726;0.7709;0.5166;-0.571787;0.298385;0.463485;-0.7112;0.5607;-0.4241;-0.123789;0.319901;-0.259354;-0.7112;0.5607;-0.4241;-0.331333;-0.388247;-0.847655;-0.7112;0.5607;-0.4241;0.154678;0.04291;-1.460188;0.6184;0.4848;-0.6184;0.206913;0.34991;-1.167267;0.6184;0.4848;-0.6184;0.712193;0.04291;-0.902673;0.6184;0.4848;-0.6184;0.712193;0.04291;-0.902673;0.3473;0.871;0.3473;0.206913;0.34991;-1.167267;0.3473;0.871;0.3473;0.154678;0.04291;-0.345157;0.3473;0.871;0.3473;0.154678;0.04291;-0.345157;-0.3145;0.8957;0.3145;0.206913;0.34991;-1.167267;-0.3145;0.8957;0.3145;-0.402838;0.04291;-0.902673;-0.3145;0.8957;0.3145;-0.402838;0.04291;-0.902673;-0.5535;0.6223;-0.5535;0.206913;0.34991;-1.167267;-0.5535;0.6223;-0.5535;0.154678;0.04291;-1.460188;-0.5535;0.6223;-0.5535;0.154678;0.04291;-1.460188;0.356;-0.864;-0.356;0.712193;0.04291;-0.902673;0.356;-0.864;-0.356;0.088372;-0.197948;-0.94188;0.356;-0.864;-0.356;0.712193;0.04291;-0.902673;0.3231;-0.8895;0.3231;0.154678;0.04291;-0.345157;0.3231;-0.8895;0.3231;0.088372;-0.197948;-0.94188;0.3231;-0.8895;0.3231;0.154678;0.04291;-0.345157;-0.3821;-0.8414;0.3821;-0.402838;0.04291;-0.902673;-0.3821;-0.8414;0.3821;0.088372;-0.197948;-0.94188;-0.3821;-0.8414;0.3821;-0.402838;0.04291;-0.902673;-0.4256;-0.7986;-0.4256;0.154678;0.04291;-1.460188;-0.4256;-0.7986;-0.4256;0.088372;-0.197948;-0.94188;-0.4256;-0.7986;-0.4256
1
INFO;NameId;1056;DescId;1058;price;170;dpPerMin;0;range;1;placeSound;thud
